15.1158  -3.1173  
15.1157  -3.11696  
15.1156  -3.11678  
13.8526  -2.51582  
12.9784  -2.10567  
12.9005  -2.07283  
12.1868  -1.81819  
12.1035  -1.78634  
10.3092  -1.0147  
8.92532  -0.422353  
8.80373  -0.371828  
3.29323  2.98736  
3.21014  2.98163  
2.12339  2.37607  
1.41593  2.46135  
1.30531  2.11286  
0.691668  2.43319  
0.748266  2.36691  
2.01378  0.928544  
2.44728  0.660323  
2.90929  0.0888663  
3.33807  -0.054806  
3.6616  -0.133026  
4.31584  -0.648452  
4.48507  -0.599171  
4.77492  -0.725103  
4.36532  -0.437666  
4.49288  -0.488898  
3.98252  -0.282289  
3.00657  0.373797  
2.91321  0.423405  
1.61963  0.934964  
1.54912  0.969274  
0.539229  1.39726  
-0.782209  2.03107  
-0.860917  2.04293  
-1.60246  1.9846  
-1.63576  1.97859  
-2.03019  2.00002  
-2.19134  1.991  
-2.08688  1.88221  
-1.63713  1.66039  
-1.42867  1.58731  
-0.949652  1.48535  
-0.535999  1.3324  
-0.506071  1.32352  
-0.0951878  1.15647  
0.0702082  1.16374  
-0.0282033  1.26542  
0.105141  1.19909  
0.0762263  1.21709  
-0.173651  1.26802  
-0.201615  1.27272  
-0.642041  1.36504  
-0.797786  1.30524  
-0.864836  1.28915  
-1.1693  1.33563  
-1.19393  1.3411  
-1.27405  1.25914  
-1.14367  1.18184  
-1.12998  1.17596  
-0.961812  1.1759  
-0.930301  1.17018  
-0.440249  1.05447  
-0.387013  1.03646  
-0.0746284  1.02422  
0.221663  1.00205  
0.256418  0.990881  
0.62524  0.913382  
0.644032  0.903746  
0.838709  0.89815  
0.959894  0.861898  
1.01658  0.854295  
1.12906  0.852381  
1.1086  0.868825  
1.23844  0.805652  
1.26316  0.7917  
1.371  0.73278  
1.38889  0.776799  
1.39523  0.775898  
1.53226  0.756506  
1.6194  0.761623  
1.62521  0.757217  
1.8028  0.727322  
1.83563  0.741051  
2.01066  0.712199  
2.08825  0.769984  
2.09143  0.778519  
2.36053  0.726447  
2.37326  0.722509  
2.53698  0.676406  
2.5537  0.670708  
2.67031  0.639492  
2.68674  0.633638  
2.75543  0.60925  
2.75051  0.618621  
2.75086  0.657099  
2.74925  0.676977  
2.76707  0.669736  
2.70596  0.757656  
2.70303  0.764594  
2.64265  0.874418  
2.63146  0.927942  
2.63061  0.922137  
2.62432  0.973635  
2.60876  1.00714  
2.62514  1.01991  
2.60436  1.06827  
2.6113  1.07151  
2.60615  1.07255  
2.59877  1.07629  
2.60297  1.04769  
2.57011  1.03929  
2.55295  1.06657  
2.48136  1.06475  
2.48705  1.06153  
2.38969  1.0849  
2.32254  1.09765  
2.30933  1.10122  
2.23378  1.11251  
2.2287  1.11657  
2.15551  1.13518  
2.15086  1.13915  
2.11434  1.1208  
2.11684  1.12357  
2.08772  1.10716  
2.07541  1.11144  
2.06595  1.07757  
2.06883  1.04692  
2.07107  1.05083  
2.0484  1.04089  
2.05102  1.03045  
2.02426  1.00424  
1.99271  1.00545  
1.99675  0.988291  
1.944  1.00111  
1.95721  0.986427  
1.93383  0.988433  
1.94183  0.948416  
1.95222  0.939657  
1.98514  0.855103  
2.00499  0.816811  
2.04747  0.745628  
2.11088  0.64373  
2.11996  0.637781  
2.1189  0.62576  
2.11987  0.634455  
2.1056  0.696339  
2.12924  0.741485  
2.12234  0.748556  
2.168  0.832489  
2.17638  0.824265  
2.2461  0.888121  
2.24628  0.893034  
2.31826  0.907892  
2.32587  0.898178  
2.4072  0.805004  
2.48996  0.694653  
2.50408  0.672512  
2.57805  0.511298  
2.64398  0.412719  
2.64999  0.407236  
2.70825  0.346878  
2.71122  0.324498  
2.8116  0.240572  
2.81013  0.25071  
2.8703  0.252436  
2.87584  0.247547  
2.95767  0.240819  
3.00129  0.266453  
3.01199  0.254951  
3.03891  0.241515  
3.1337  0.215693  
3.21764  0.157783  
3.22256  0.152155  
3.34159  0.0641776  
3.35352  0.0599548  
3.48504  -0.0698681  
3.57739  -0.12852  
3.5815  -0.132596  
3.69566  -0.203235  
3.70403  -0.217054  
3.8077  -0.256734  
3.81239  -0.244775  
3.86682  -0.224394  
3.87802  -0.227789  
3.91861  -0.213747  
3.96005  -0.2049  
3.94389  -0.196382  
4.01834  -0.236009  
4.00958  -0.226344  
4.07557  -0.280989  
4.06713  -0.271329  
4.13593  -0.383328  
4.17306  -0.446588  
4.18819  -0.465485  
4.18499  -0.48803  
4.20004  -0.506914  
4.25363  -0.559239  
4.26575  -0.572026  
4.26144  -0.570146  
4.26793  -0.56024  
4.2524  -0.487319  
4.25255  -0.468681  
4.27177  -0.486933  
4.29174  -0.524574  
4.3109  -0.542316  
4.29686  -0.558052  
4.29602  -0.561813  
4.31962  -0.609496  
4.31897  -0.612759  
4.31132  -0.686582  
4.29867  -0.73813  
4.29832  -0.740247  
4.31032  -0.802587  
4.31012  -0.804133  
4.29179  -0.842988  
4.29188  -0.844179  
4.26007  -0.839268  
4.26033  -0.840476  
4.16523  -0.790994  
4.12525  -0.769816  
4.1262  -0.771539  
4.05673  -0.720035  
4.05799  -0.722211  
4.04804  -0.746578  
4.03943  -0.761472  
4.01462  -0.738235  
4.02484  -0.792373  
4.02631  -0.7938  
4.02152  -0.845447  
4.02052  -0.840647  
4.02365  -0.869104  
4.0296  -0.909214  
4.01663  -0.915868  
3.97983  -0.884354  
3.95944  -0.880733  
3.95777  -0.869731  
3.88985  -0.810893  
3.87428  -0.783952  
3.84209  -0.7803  
3.79385  -0.733096  
3.79548  -0.734465  
3.7738  -0.713094  
3.76205  -0.700334  
3.80393  -0.760107  
3.82898  -0.790851  
3.82215  -0.792769  
3.81359  -0.813305  
3.8273  -0.840686  
3.81297  -0.85897  
3.7999  -0.841779  
3.8105  -0.866312  
3.79446  -0.879785  
3.81279  -0.877115  
3.75146  -0.843194  
3.74424  -0.849028  
3.73668  -0.829099  
3.70764  -0.835942  
3.70976  -0.842028  
3.68409  -0.820513  
3.67997  -0.806675  
3.68914  -0.845444  
3.68491  -0.831495  
3.68339  -0.83138  
3.69223  -0.83293  
3.72105  -0.866988  
3.75997  -0.882218  
3.75516  -0.868432  
3.81887  -0.945403  
3.81202  -0.945793  
3.83808  -0.971313  
3.85076  -0.98517  
3.85675  -0.998231  
3.86246  -0.998532  
3.85515  -0.998593  
3.83664  -0.964414  
3.84453  -0.965118  
3.84444  -0.960417  
3.85067  -0.957052  
3.86111  -0.950248  
3.87384  -0.964851  
3.94247  -1.03717  
3.9548  -1.05097  
3.99966  -1.0801  
4.02145  -1.1106  
4.03338  -1.12386  
4.07524  -1.16226  
4.06929  -1.14678  
4.08595  -1.17791  
4.11714  -1.16628  
4.10435  -1.15251  
4.10365  -1.12801  
4.11549  -1.14184  
4.11393  -1.13662  
4.11835  -1.14807  
4.10163  -1.12155  
4.12484  -1.14474  
4.12136  -1.13753  
4.14521  -1.19663  
4.12534  -1.18601  
4.11603  -1.19133  
4.13695  -1.23053  
4.13476  -1.22749  
4.16648  -1.27331  
4.1858  -1.30426  
4.20148  -1.32701  
4.19226  -1.34156  
4.20443  -1.35389  
4.21191  -1.34846  
4.23493  -1.3722  
4.24123  -1.37461  
4.23358  -1.37336  
4.21786  -1.37129  
4.23647  -1.38172  
4.23937  -1.39457  
4.25295  -1.43214  
4.25212  -1.4289  
4.2441  -1.45553  
4.24764  -1.465  
4.24789  -1.47454  
4.22626  -1.52715  
4.22587  -1.52287  
4.18588  -1.53056  
4.15844  -1.56113  
4.16257  -1.56921  
4.11924  -1.58268  
4.1132  -1.57945  
4.07604  -1.60576  
4.07033  -1.60223  
4.04623  -1.63659  
4.0386  -1.67636  
4.03313  -1.67189  
4.02541  -1.74735  
4.00717  -1.72698  
3.98749  -1.74256  
3.9926  -1.74832  
3.99021  -1.79803  
3.96651  -1.8002  
3.9716  -1.80524  
3.93881  -1.86336  
3.93774  -1.8694  
3.88751  -1.8693  
3.835  -1.83136  
3.83364  -1.8282  
3.77171  -1.80579  
3.77754  -1.81011  
3.74059  -1.81782  
3.73412  -1.82813  
3.72679  -1.84912  
3.7053  -1.85137  
3.69222  -1.8382  
3.69613  -1.88346  
3.68982  -1.93189  
3.69837  -1.94534  
3.65181  -1.93483  
3.6566  -1.96417  
3.59747  -1.95719  
3.54556  -1.96519  
3.5457  -1.96851  
3.5029  -1.99674  
3.51631  -2.00758  
3.46874  -1.99591  
3.47514  -1.99679  
3.43153  -1.9929  
3.4229  -1.99269  
3.41313  -2.08713  
3.41532  -2.11009  
3.40662  -2.10835  
3.39027  -2.11923  
3.40005  -2.13069  
3.36311  -2.14815  
3.31329  -2.15426  
3.29552  -2.14085  
3.28098  -2.15678  
3.26713  -2.17276  
3.27698  -2.21369  
3.26284  -2.21193  
3.23787  -2.19184  
3.22622  -2.17607  
3.23901  -2.20809  
3.24878  -2.21776  
3.25364  -2.25379  
3.25675  -2.29983  
3.24302  -2.28889  
3.207  -2.28042  
3.19841  -2.27558  
3.11802  -2.21776  
3.09038  -2.21368  
3.10273  -2.27163  
3.06556  -2.23385  
3.05815  -2.23711  
3.03841  -2.2633  
3.03355  -2.28337  
3.03144  -2.29453  
3.04659  -2.32107  
3.05052  -2.34038  
3.04258  -2.33436  
3.07455  -2.38641  
3.07195  -2.39842  
3.02511  -2.37682  
3.02848  -2.40461  
2.98536  -2.36019  
2.97964  -2.3126  
2.97048  -2.29949  
2.93248  -2.28236  
2.90012  -2.26933  
2.89568  -2.26519  
2.87619  -2.2331  
2.89157  -2.23999  
2.91456  -2.30307  
2.90055  -2.30463  
2.90193  -2.30214  
2.87621  -2.311  
2.87406  -2.30186  
2.85474  -2.30469  
2.84115  -2.3148  
2.84553  -2.32384  
2.83153  -2.31795  
2.81837  -2.3132  
2.81353  -2.32466  
2.8234  -2.33359  
2.79337  -2.31758  
2.80683  -2.3338  
2.80941  -2.346  
2.80772  -2.3524  
2.81106  -2.35539  
2.80378  -2.37169  
2.80799  -2.38011  
2.76564  -2.35844  
2.73551  -2.34261  
2.73886  -2.34567  
2.71086  -2.35945  
2.71282  -2.35603  
2.69595  -2.36448  
2.70135  -2.3566  
2.68626  -2.3397  
2.67179  -2.36701  
2.67251  -2.35836  
2.69849  -2.37625  
2.703  -2.38456  
2.70988  -2.37706  
2.69468  -2.36027  
2.69549  -2.37096  
2.69985  -2.37936  
2.67682  -2.36751  
2.64707  -2.31914  
2.63208  -2.30274  
2.61419  -2.29634  
2.6188  -2.30547  
2.60274  -2.30462  
2.59743  -2.28648  
2.58525  -2.282  
2.5748  -2.25569  
2.56715  -2.24723  
2.59599  -2.27375  
2.59927  -2.2976  
2.60822  -2.31529  
2.60669  -2.30306  
2.61017  -2.30643  
2.60277  -2.31507  
2.60702  -2.32414  
2.5865  -2.3249  
2.5718  -2.30881  
2.56947  -2.32563  
2.5713  -2.32312  
2.54223  -2.33934  
2.54642  -2.35892  
2.53212  -2.34247  
2.51493  -2.32376  
2.50329  -2.31901  
2.52005  -2.36957  
2.52221  -2.36729  
2.53104  -2.3847  
2.54258  -2.39255  
2.52635  -2.37943  
2.55015  -2.40718  
2.52601  -2.39209  
2.51621  -2.38437  
2.48473  -2.36277  
2.49916  -2.3831  
2.47954  -2.37958  
2.48053  -2.4085  
2.48185  -2.40068  
2.47975  -2.40998  
2.45949  -2.39347  
2.43179  -2.35131  
2.43878  -2.34183  
2.45904  -2.38925  
2.46856  -2.41684  
2.46996  -2.40916  
2.47802  -2.43259  
2.4807  -2.44602  
2.48791  -2.43213  
2.47193  -2.41473  
2.47855  -2.42063  
2.45573  -2.4073  
2.45601  -2.40795  
2.45326  -2.41304  
2.46128  -2.42952  
2.46365  -2.44126  
2.46263  -2.42668  
2.45566  -2.40839  
2.4558  -2.38242  
2.44453  -2.37798  
2.47186  -2.45551  
2.48479  -2.46832  
2.48906  -2.47659  
2.50129  -2.47151  
2.50344  -2.46906  
2.49478  -2.45952  
2.49152  -2.47463  
2.47834  -2.45918  
2.46483  -2.46585  
2.45905  -2.46115  
2.46369  -2.47189  
2.47125  -2.49826  
2.46717  -2.4975  
2.44035  -2.4578  
2.44263  -2.46947  
2.44634  -2.45851  
2.44996  -2.46234  
2.478  -2.52313  
2.50336  -2.56617  
2.50446  -2.57263  
2.51919  -2.57462  
2.52612  -2.57441  
2.56096  -2.60377  
2.55058  -2.65259  
2.55281  -2.64946  
2.53695  -2.6117  
2.53829  -2.62158  
2.53043  -2.62591  
2.52642  -2.64126  
2.52899  -2.63856  
2.53481  -2.70006  
2.5375  -2.69694  
2.52631  -2.69989  
2.52864  -2.68622  
2.53571  -2.68612  
2.56178  -2.75985  
2.58064  -2.77136  
2.58316  -2.7683  
2.58886  -2.75692  
2.59169  -2.74326  
2.60892  -2.71676  
2.60447  -2.70182  
2.6017  -2.71053  
2.58384  -2.67921  
2.58597  -2.69043  
2.57485  -2.67808  
2.57495  -2.63413  
2.57504  -2.6431  
2.57757  -2.64185  
2.59033  -2.68846  
2.59287  -2.68693  
2.60425  -2.6813  
2.61655  -2.68796  
2.6148  -2.69029  
2.64693  -2.75873  
2.65437  -2.78181  
2.65653  -2.77995  
2.65586  -2.79458  
2.65771  -2.79481  
2.65311  -2.78996  
2.63901  -2.79523  
2.63744  -2.79701  
2.62476  -2.80413  
2.624  -2.79235  
2.61157  -2.78305  
2.61102  -2.75747  
2.60934  -2.75216  
2.61051  -2.77112  
2.60631  -2.76847  
2.62416  -2.7817  
2.64971  -2.78382  
2.64824  -2.77422  
2.64153  -2.74807  
2.63984  -2.75106  
2.6674  -2.79819  
2.67224  -2.81791  
2.68695  -2.83139  
2.68349  -2.82515  
2.68762  -2.82179  
2.66969  -2.80222  
2.65111  -2.81699  
2.65379  -2.81309  
2.63283  -2.8219  
2.63638  -2.83148  
2.60272  -2.80852  
2.59742  -2.79004  
2.59626  -2.79309  
2.59719  -2.81266  
2.59449  -2.8144  
2.5856  -2.85278  
2.58892  -2.87263  
2.58804  -2.87508  
2.59588  -2.8902  
2.58064  -2.87974  
2.5996  -2.90457  
2.60378  -2.95391  
2.60288  -2.9558  
2.60032  -2.95818  
2.61363  -3.00781  
2.62147  -3.00451  
2.62066  -3.00626  
2.61357  -3.00368  
2.61679  -3.00142  
2.60492  -3.05382  
2.60436  -3.05521  
2.59194  -3.06413  
2.59003  -3.06663  
2.58965  -3.06803  
2.60317  -3.08061  
2.6028  -3.08213  
2.61075  -3.13646  
2.64386  -3.17107  
2.63634  -3.18037  
2.67496  -3.19882  
2.67438  -3.19987  
2.66419  -3.20376  
2.68617  -3.22942  
2.68671  -3.23942  
2.69984  -3.23695  
2.70267  -3.23952  
2.70653  -3.23166  
2.70004  -3.20432  
2.69066  -3.20955  
2.66991  -3.18085  
2.66312  -3.17889  
2.66228  -3.18389  
2.65643  -3.18205  
2.65567  -3.17356  
2.63467  -3.18001  
2.63468  -3.1821  
2.65058  -3.24369  
2.65065  -3.24538  
2.67035  -3.29246  
2.66929  -3.28464  
2.69642  -3.32202  
2.69558  -3.33398  
2.69547  -3.33521  
2.70603  -3.38275  
2.71002  -3.37925  
2.72642  -3.40393  
2.72307  -3.40118  
2.72112  -3.3799  
2.71132  -3.36593  
2.71125  -3.36738  
2.69377  -3.34536  
2.68062  -3.33376  
2.67045  -3.34339  
2.65574  -3.33305  
2.65614  -3.33487  
2.64915  -3.3452  
2.64957  -3.34618  
2.65485  -3.38796  
2.65173  -3.41035  
2.65908  -3.4231  
2.67436  -3.44205  
2.67063  -3.43517  
2.65805  -3.4241  
2.67738  -3.4619  
2.67785  -3.463  
2.68996  -3.49052  
2.685  -3.48384  
2.68549  -3.48495  
2.64652  -3.45667  
2.64728  -3.45796  
2.59706  -3.47673  
2.59834  -3.47774  
2.5881  -3.49281  
2.56886  -3.49047  
2.56455  -3.48197  
2.55368  -3.49993  
2.55542  -3.50081  
2.56702  -3.56176  
2.58619  -3.58206  
2.58803  -3.5962  
2.59152  -3.61126  
2.59199  -3.6123  
2.61201  -3.67699  
2.61842  -3.68158  
2.63  -3.69802  
2.62073  -3.66539  
2.62214  -3.66537  
2.6018  -3.62598  
2.60228  -3.62706  
2.56856  -3.62732  
2.55145  -3.61674  
2.5534  -3.61715  
2.53374  -3.57319  
2.53423  -3.5743  
2.52396  -3.57445  
2.51092  -3.59524  
2.51317  -3.59595  
2.50058  -3.58895  
2.50212  -3.58119  
2.52299  -3.57748  
2.54894  -3.61408  
2.55143  -3.62327  
2.55615  -3.67993  
2.55801  -3.6802  
2.54197  -3.65731  
2.52866  -3.66346  
2.51824  -3.64736  
2.49878  -3.65993  
2.48852  -3.64791  
2.46079  -3.66899  
2.43951  -3.66497  
2.42951  -3.65591  
2.42168  -3.65802  
2.41951  -3.64119  
2.4075  -3.66042  
2.40112  -3.66608  
2.40105  -3.68255  
2.42677  -3.68348  
2.43083  -3.69523  
2.43605  -3.67702  
2.44014  -3.67017  
2.44259  -3.67062  
2.43208  -3.65888  
2.43985  -3.66393  
2.40972  -3.64502  
2.39515  -3.60865  
2.3977  -3.60957  
2.3638  -3.63226  
2.36258  -3.63815  
2.36366  -3.67609  
2.34696  -3.68261  
2.34161  -3.68859  
2.33649  -3.70791  
2.33283  -3.71461  
2.35398  -3.7697  
2.36149  -3.78794  
2.37048  -3.80591  
2.38022  -3.82989  
2.38605  -3.82112  
2.37978  -3.84797  
2.35685  -3.83512  
2.35245  -3.85137  
2.32872  -3.84128  
2.32669  -3.85276  
2.31142  -3.84504  
2.29067  -3.82215  
2.29388  -3.81415  
2.28324  -3.80269  
2.28695  -3.80286  
2.30161  -3.81184  
2.2974  -3.79866  
2.2982  -3.80111  
2.30457  -3.80143  
2.32062  -3.82277  
2.3197  -3.82855  
2.30629  -3.84063  
2.30491  -3.83869  
2.30119  -3.84149  
2.30026  -3.84741  
2.26222  -3.82614  
2.26113  -3.82445  
2.26371  -3.79342  
2.25113  -3.78007  
2.23796  -3.75559  
2.23164  -3.73691  
2.2309  -3.7438  
2.22154  -3.76496  
2.22438  -3.76582  
2.21242  -3.76068  
2.20814  -3.74947  
2.20701  -3.74885  
2.20958  -3.77486  
2.21173  -3.77309  
2.21095  -3.77983  
2.20189  -3.81325  
2.18916  -3.82971  
2.17778  -3.82429  
2.15112  -3.81252  
2.15023  -3.81759  
2.1211  -3.80425  
2.10323  -3.81  
2.10322  -3.81653  
2.0747  -3.84551  
2.05913  -3.83012  
2.06361  -3.83098  
2.05995  -3.82674  
2.0414  -3.82062  
2.04177  -3.82728  
2.03557  -3.85656  
2.03599  -3.86301  
2.03659  -3.87509  
2.02814  -3.88357  
2.02813  -3.88275  
2.00294  -3.86216  
2.0078  -3.86295  
1.9765  -3.83593  
1.96356  -3.83916  
1.96651  -3.84091  
1.95738  -3.81706  
1.96239  -3.81829  
1.953  -3.80909  
1.94264  -3.79542  
1.94165  -3.79012  
1.9241  -3.79466  
1.93292  -3.79392  
1.93219  -3.81179  
1.93271  -3.80697  
1.92137  -3.80097  
1.9047  -3.79661  
1.9013  -3.79957  
1.87487  -3.79565  
1.86491  -3.81001  
1.83808  -3.80293  
1.82886  -3.79869  
1.8242  -3.78667  
1.83358  -3.7656  
1.82261  -3.7532  
1.83296  -3.76672  
1.82805  -3.75686  
1.84497  -3.74256  
1.86727  -3.75556  
1.86367  -3.76458  
1.85193  -3.75874  
1.86629  -3.76332  
1.83287  -3.73592  
1.80211  -3.70686  
1.80231  -3.70857  
1.76476  -3.70336  
1.75691  -3.68547  
1.73365  -3.69196  
1.72715  -3.68225  
1.6974  -3.65247  
1.68849  -3.65524  
1.67968  -3.64569  
1.65371  -3.66701  
1.66025  -3.67034  
1.64956  -3.69462  
1.64008  -3.66092  
1.64592  -3.66341  
1.64324  -3.6498  
1.64415  -3.65199  
1.60923  -3.64059  
1.58697  -3.6088  
1.59055  -3.61566  
1.57356  -3.57987  
1.57353  -3.58152  
1.53442  -3.56194  
1.50422  -3.53706  
1.49378  -3.55352  
1.47409  -3.54932  
1.45504  -3.55565  
1.44669  -3.57579  
1.4443  -3.56684  
1.41095  -3.57068  
1.39577  -3.56529  
1.39585  -3.56726  
1.36146  -3.5752  
1.3642  -3.58426  
1.35303  -3.61638  
1.34267  -3.64505  
1.3406  -3.64209  
1.31658  -3.65339  
1.31947  -3.65532  
1.31841  -3.6769  
1.32597  -3.6786  
1.32333  -3.7157  
1.31741  -3.7127  
1.31059  -3.68763  
1.3134  -3.6962  
1.28734  -3.64958  
1.27322  -3.61097  
1.26734  -3.60238  
1.25371  -3.59472  
1.2567  -3.60421  
1.23514  -3.59814  
1.22347  -3.57436  
1.2272  -3.57193  
1.20903  -3.56687  
1.21709  -3.56916  
1.19578  -3.57342  
1.17545  -3.54321  
1.17866  -3.55322  
1.15146  -3.51171  
1.14211  -3.50594  
1.12356  -3.47525  
1.1091  -3.45747  
1.10424  -3.45684  
1.07533  -3.42358  
1.07071  -3.42318  
1.0694  -3.45232  
1.05629  -3.45563  
1.05319  -3.46526  
1.05686  -3.47586  
1.0454  -3.46336  
1.02652  -3.46694  
1.0242  -3.46221  
1.00054  -3.46668  
0.99638  -3.4597  
0.993584  -3.49171  
0.984608  -3.49205  
0.951395  -3.46606  
0.941167  -3.46669  
0.942598  -3.46731  
0.920485  -3.45773  
0.916925  -3.45113  
0.902021  -3.4391  
0.883553  -3.41638  
0.878448  -3.42937  
0.842084  -3.42245  
0.851151  -3.40828  
0.823858  -3.40771  
0.793046  -3.41467  
0.79052  -3.40856  
0.780675  -3.40989  
0.759827  -3.40135  
0.764755  -3.40634  
0.739852  -3.44855  
0.737714  -3.44238  
0.719816  -3.46915  
0.712676  -3.47077  
0.70283  -3.47484  
0.692889  -3.49448  
0.697811  -3.50076  
0.678703  -3.54067  
0.672462  -3.5794  
0.664522  -3.59114  
0.663044  -3.63777  
0.664816  -3.64273  
0.693056  -3.68471  
0.707144  -3.68326  
0.720074  -3.76672  
0.73629  -3.83143  
0.743938  -3.83598  
0.756857  -3.89284  
0.764393  -3.89976  
0.804471  -3.92473  
0.825693  -3.91197  
0.823838  -3.91887  
0.803472  -3.9257  
0.788276  -3.92505  
0.784863  -3.90826  
0.783168  -3.85661  
0.787027  -3.85084  
0.7623  -3.78205  
0.758891  -3.7727  
0.717011  -3.73018  
0.686787  -3.72815  
0.685614  -3.73815  
0.692636  -3.70147  
0.684204  -3.69548  
0.690712  -3.69729  
0.685177  -3.6845  
0.671741  -3.66299  
0.668767  -3.6554  
0.644729  -3.67262  
0.640552  -3.66273  
0.63895  -3.67391  
0.628337  -3.65032  
0.632483  -3.64738  
0.619444  -3.63335  
0.606487  -3.62751  
0.60482  -3.6392  
0.592394  -3.6497  
0.588559  -3.66603  
0.582186  -3.6686  
0.575821  -3.64409  
0.567236  -3.63998  
0.547851  -3.60438  
0.546037  -3.61695  
0.528358  -3.58527  
0.485404  -3.59412  
0.484099  -3.60078  
0.454146  -3.58774  
0.459042  -3.58594  
0.433967  -3.5456  
0.442442  -3.54184  
0.440105  -3.53113  
0.448775  -3.50378  
0.455489  -3.48611  
0.42749  -3.47392  
0.420912  -3.45636  
0.428614  -3.43586  
0.412235  -3.41808  
0.426254  -3.41307  
0.424203  -3.41922  
0.414727  -3.42157  
0.41233  -3.4176  
0.360593  -3.45187  
0.341522  -3.46755  
0.32853  -3.5046  
0.321864  -3.53935  
0.326651  -3.54732  
0.325569  -3.53851  
0.323631  -3.55298  
0.334486  -3.50049  
0.315279  -3.49066  
0.310679  -3.50182  
0.317481  -3.49834  
0.317067  -3.49098  
0.30686  -3.48851  
0.301262  -3.46603  
0.298278  -3.47605  
0.290545  -3.44832  
0.294847  -3.4511  
0.25552  -3.46824  
0.252509  -3.4691  
0.256876  -3.47005  
0.256649  -3.44594  
0.259098  -3.43675  
0.273033  -3.43422  
0.283968  -3.44676  
0.274771  -3.45422  
0.295858  -3.47368  
0.293055  -3.47185  
0.282411  -3.50627  
0.280137  -3.5295  
0.29781  -3.53703  
0.294814  -3.55341  
0.29361  -3.54907  
0.270184  -3.54599  
0.27322  -3.54792  
0.244643  -3.5182  
0.237455  -3.51733  
0.240373  -3.52575  
0.239813  -3.53521  
0.242571  -3.54383  
0.231904  -3.53081  
0.239275  -3.53504  
0.236144  -3.53479  
0.251567  -3.5586  
0.264168  -3.55536  
0.260896  -3.54951  
0.263253  -3.56917  
0.259751  -3.56329  
0.262344  -3.55143  
0.271826  -3.52765  
0.268187  -3.52259  
0.279731  -3.52035  
0.275437  -3.52144  
0.276337  -3.54387  
0.253081  -3.54705  
0.252148  -3.54411  
0.251662  -3.56444  
0.253179  -3.56902  
0.243786  -3.55758  
0.244938  -3.56829  
0.2014  -3.55792  
0.203562  -3.54124  
0.191062  -3.50532  
0.186485  -3.48584  
0.188233  -3.49141  
0.211194  -3.46288  
0.212511  -3.46877  
0.217417  -3.4496  
0.218605  -3.48007  
0.220412  -3.47695  
0.237348  -3.51369  
0.232342  -3.51687  
0.233529  -3.55141  
0.225754  -3.55156  
0.225699  -3.56685  
0.213452  -3.57747  
0.188295  -3.58579  
0.190374  -3.59569  
0.181002  -3.62677  
0.177571  -3.62969  
0.179324  -3.62716  
0.180959  -3.6275  
0.168799  -3.65149  
0.17261  -3.63509  
0.177422  -3.64052  
0.197945  -3.63191  
0.192224  -3.63563  
0.201348  -3.59192  
0.20231  -3.59625  
0.201009  -3.55481  
0.19555  -3.55393  
0.201241  -3.5407  
0.192089  -3.54226  
0.189099  -3.55496  
0.164684  -3.54825  
0.151434  -3.5497  
0.152715  -3.56102  
0.131378  -3.5762  
0.126255  -3.57593  
0.125594  -3.58395  
0.135395  -3.5758  
0.120845  -3.57855  
0.100975  -3.59124  
0.0950832  -3.58838  
0.0912375  -3.59958  
0.0954173  -3.608  
0.0634257  -3.61091  
0.0744093  -3.61317  
0.0741786  -3.62199  
0.0650357  -3.63598  
0.0616754  -3.64936  
0.0817098  -3.63596  
0.0908755  -3.61892  
0.0950125  -3.62772  
0.088636  -3.62318  
0.0876648  -3.61588  
0.0809325  -3.63046  
0.0805474  -3.63082  
0.0793494  -3.63056  
0.0684856  -3.6298  
0.0673424  -3.63111  
0.0610659  -3.63703  
0.0599064  -3.64695  
0.0513966  -3.64975  
0.0553059  -3.65893  
0.0547796  -3.65502  
0.049115  -3.65127  
0.0133879  -3.66702  
0.00171848  -3.67886  
0.000862121  -3.68027  
-0.00824357  -3.69065  
-0.0167469  -3.69685  
-0.0339325  -3.6882  
-0.0347779  -3.71005  
-0.043989  -3.71498  
-0.04071  -3.72805  
-0.0447981  -3.73452  
-0.0256079  -3.72856  
-0.0316469  -3.7315  
-0.0682739  -3.74684  
-0.0726591  -3.75006  
-0.0783466  -3.75324  
-0.0675398  -3.75717  
-0.0733855  -3.7605  
-0.0839302  -3.77344  
-0.0810715  -3.76618  
-0.0786  -3.77718  
-0.0846286  -3.78087  
-0.0880812  -3.80489  
-0.0830206  -3.81315  
-0.0804906  -3.80617  
-0.105824  -3.82366  
-0.112074  -3.82772  
-0.129299  -3.85696  
-0.13107  -3.86869  
-0.153999  -3.87341  
-0.159158  -3.88427  
-0.160407  -3.88732  
-0.152682  -3.89636  
-0.149948  -3.88987  
-0.14279  -3.90375  
-0.137462  -3.88454  
-0.12781  -3.88153  
-0.130525  -3.87018  
-0.127501  -3.87422  
-0.153187  -3.90928  
-0.152636  -3.92135  
-0.150522  -3.91572  
-0.174864  -3.93042  
-0.181547  -3.93034  
-0.187359  -3.9569  
-0.179412  -3.96035  
-0.17737  -3.95496  
-0.177232  -3.96431  
-0.179463  -3.94107  
-0.182755  -3.95426  
-0.160869  -3.92362  
-0.164922  -3.92109  
-0.170068  -3.92635  
-0.182948  -3.92709  
-0.190742  -3.9338  
-0.204245  -3.96036  
-0.210245  -3.95914  
-0.220548  -3.98595  
-0.215792  -3.99398  
-0.224072  -4.00087  
-0.249888  -3.99674  
-0.248167  -3.99259  
-0.257215  -4.01292  
-0.262225  -4.01055  
-0.251207  -3.99827  
-0.27519  -3.9916  
-0.271104  -3.99688  
-0.306085  -4.0269  
-0.304339  -4.02338  
-0.341172  -4.04534  
-0.352649  -4.06402  
-0.382262  -4.07811  
-0.395888  -4.08574  
-0.393664  -4.08243  
-0.402402  -4.09888  
-0.413928  -4.11805  
-0.429951  -4.13938  
-0.427815  -4.13616  
-0.414065  -4.15567  
-0.40831  -4.15946  
-0.402711  -4.17856  
-0.422999  -4.19506  
-0.427617  -4.21009  
-0.456037  -4.23032  
-0.461876  -4.23572  
-0.474756  -4.25464  
-0.475246  -4.25367  
-0.496571  -4.26098  
-0.513997  -4.26496  
-0.512403  -4.26254  
-0.520733  -4.26706  
-0.513176  -4.26212  
-0.514932  -4.24878  
-0.502313  -4.22683  
-0.500962  -4.21978  
-0.496653  -4.20269  
-0.506157  -4.2073  
-0.526527  -4.21544  
-0.551282  -4.23075  
-0.55519  -4.22425  
-0.579904  -4.25031  
-0.578549  -4.24392  
-0.584191  -4.26811  
-0.599479  -4.27618  
-0.611181  -4.28799  
-0.60741  -4.282  
-0.618889  -4.29454  
-0.618405  -4.29375  
-0.610602  -4.29939  
-0.601741  -4.3061  
-0.623794  -4.30346  
-0.620441  -4.31689  
-0.620668  -4.31653  
-0.647962  -4.34564  
-0.651307  -4.35534  
-0.66675  -4.35896  
-0.678331  -4.35655  
-0.705555  -4.36467  
-0.724505  -4.37314  
-0.721857  -4.36884  
-0.726122  -4.37356  
-0.738951  -4.39106  
-0.740007  -4.36865  
-0.75832  -4.38355  
-0.749326  -4.38497  
-0.74037  -4.37122  
-0.740736  -4.36871  
-0.743206  -4.35924  
-0.743957  -4.35472  
-0.780861  -4.3468  
-0.798368  -4.34629  
-0.799356  -4.34752  
-0.824003  -4.33262  
-0.824573  -4.32875  
-0.851542  -4.33067  
-0.852083  -4.32698  
-0.8879  -4.32989  
-0.887773  -4.32376  
-0.888361  -4.32027  
-0.897927  -4.32438  
-0.898727  -4.32103  
-0.918341  -4.31793  
-0.930885  -4.32606  
-0.93577  -4.31588  
-0.956088  -4.30936  
-0.956927  -4.30771  
-0.980713  -4.34233  
-0.98555  -4.35361  
-1.01722  -4.38622  
-1.021  -4.39561  
-1.03405  -4.40815  
-1.04706  -4.41871  
-1.03958  -4.42046  
-1.0516  -4.42419  
-1.06062  -4.43598  
-1.0542  -4.44327  
-1.05966  -4.42454  
-1.04828  -4.41662  
-1.06482  -4.41798  
-1.06444  -4.40718  
-1.05733  -4.40243  
-1.06835  -4.39437  
-1.07468  -4.39047  
-1.09262  -4.37122  
-1.09403  -4.37033  
-1.13719  -4.37084  
-1.16143  -4.37724  
-1.16437  -4.37546  
-1.17272  -4.36433  
-1.17558  -4.35747  
-1.21412  -4.36119  
-1.21271  -4.36003  
-1.20858  -4.3563  
-1.21176  -4.34964  
-1.20848  -4.34775  
-1.18365  -4.31509  
-1.18786  -4.31398  
-1.16826  -4.26684  
-1.17285  -4.26606  
-1.18071  -4.26119  
-1.15954  -4.22435  
-1.16118  -4.22899  
-1.14173  -4.17466  
-1.14253  -4.17156  
-1.16599  -4.15425  
-1.18301  -4.16982  
-1.18583  -4.17821  
-1.21153  -4.17592  
-1.21021  -4.18807  
-1.23467  -4.20801  
-1.26629  -4.21353  
-1.26744  -4.21316  
-1.3021  -4.22261  
-1.31426  -4.22911  
-1.32315  -4.2269  
-1.33397  -4.20568  
-1.33525  -4.2053  
-1.35352  -4.1949  
-1.35492  -4.19461  
-1.3631  -4.15618  
-1.38403  -4.16413  
-1.37774  -4.16732  
-1.40273  -4.16086  
-1.40456  -4.16092  
-1.4242  -4.18115  
-1.44502  -4.17044  
-1.44675  -4.18179  
-1.48228  -4.19023  
-1.50309  -4.20095  
-1.54306  -4.21169  
-1.56646  -4.22726  
-1.56911  -4.22511  
-1.58462  -4.22503  
-1.58944  -4.22917  
-1.62612  -4.24731  
-1.626  -4.25847  
-1.62846  -4.2582  
-1.63899  -4.23971  
-1.63734  -4.23804  
-1.61569  -4.20869  
-1.59112  -4.19244  
-1.59357  -4.19272  
-1.62188  -4.19179  
-1.62438  -4.19211  
-1.61367  -4.15207  
-1.61484  -4.1347  
-1.61781  -4.12579  
-1.64104  -4.12997  
-1.64367  -4.1304  
-1.69625  -4.13636  
-1.74504  -4.14432  
-1.74911  -4.13949  
-1.77906  -4.1538  
-1.77691  -4.14852  
-1.79216  -4.1597  
-1.84974  -4.1869  
-1.8491  -4.19766  
-1.87527  -4.22484  
-1.87969  -4.22496  
-1.89256  -4.22982  
-1.89036  -4.23194  
-1.87757  -4.2376  
-1.86824  -4.2465  
-1.87391  -4.24644  
-1.88563  -4.23972  
-1.89513  -4.23298  
-1.88853  -4.22793  
-1.88781  -4.2137  
-1.88084  -4.21552  
-1.88253  -4.18684  
-1.89571  -4.15959  
-1.8876  -4.16804  
-1.9183  -4.15411  
-1.91181  -4.13717  
-1.94298  -4.13038  
-1.94217  -4.11939  
-1.94947  -4.12016  
-1.97314  -4.10719  
-1.97661  -4.1097  
-1.99755  -4.09649  
-1.97891  -4.07347  
-1.98661  -4.07433  
-1.97475  -4.07429  
-1.96346  -4.06881  
-1.94975  -4.05738  
-1.94405  -4.04414  
-1.9473  -4.0715  
-1.94803  -4.06125  
-1.93726  -4.05283  
-1.94  -4.04949  
-1.93516  -4.03895  
-1.93652  -4.02625  
-1.94116  -4.03141  
-1.95351  -4.02175  
-1.95822  -4.02683  
-1.96788  -4.00545  
-1.98138  -3.98993  
-1.99124  -3.99042  
-1.99387  -3.96862  
-2.00394  -3.96918  
-2.02033  -3.98405  
-2.03487  -3.99379  
-2.03989  -3.99872  
-2.06662  -4.01033  
-2.07181  -4.0094  
-2.10666  -4.04824  
-2.11171  -4.05272  
-2.13611  -4.04745  
-2.14326  -4.05841  
-2.16051  -4.06914  
-2.17775  -4.07275  
-2.18168  -4.07548  
-2.20281  -4.08628  
-2.19117  -4.07573  
-2.20512  -4.10264  
-2.21959  -4.10226  
-2.21745  -4.10594  
-2.23918  -4.1164  
-2.23242  -4.12735  
-2.24365  -4.12682  
-2.25936  -4.12866  
-2.26343  -4.13145  
-2.28811  -4.14135  
-2.29445  -4.14511  
-2.31059  -4.14546  
-2.31783  -4.12917  
-2.32197  -4.13198  
-2.3361  -4.12472  
-2.32554  -4.11057  
-2.3474  -4.11811  
-2.36292  -4.12145  
-2.34971  -4.12286  
-2.37226  -4.12103  
-2.3672  -4.12043  
-2.3915  -4.11904  
-2.41146  -4.12172  
-2.40076  -4.11359  
-2.40972  -4.11977  
-2.42126  -4.11  
-2.41468  -4.08868  
-2.42219  -4.09257  
-2.41877  -4.07087  
-2.41857  -4.05571  
-2.42637  -4.05971  
-2.41779  -4.04185  
-2.41082  -4.03494  
-2.43761  -4.02241  
-2.43776  -4.00603  
-2.43097  -3.99929  
-2.45422  -3.99233  
-2.44313  -3.99034  
-2.45584  -3.97612  
-2.47319  -3.98576  
-2.46629  -3.97884  
-2.49158  -3.98281  
-2.48342  -3.97381  
-2.50061  -3.98323  
-2.52429  -3.98247  
-2.51743  -3.97536  
-2.5339  -3.99203  
-2.54243  -3.99572  
-2.55553  -3.98909  
-2.58  -3.99675  
-2.57639  -3.98731  
-2.59732  -3.98518  
-2.59021  -3.98399  
-2.61709  -3.97751  
-2.6367  -3.97566  
-2.6457  -3.9864  
-2.66444  -3.98621  
-2.66283  -3.97382  
-2.68482  -3.99336  
-2.70471  -3.99618  
-2.7012  -3.99678  
-2.72092  -4.00748  
-2.73578  -4.01366  
-2.75937  -4.01091  
-2.75754  -4.01018  
-2.74729  -4.0138  
-2.73967  -3.97738  
-2.74841  -3.9838  
-2.74902  -3.95926  
-2.73426  -3.94318  
-2.74873  -3.94527  
-2.7655  -3.93416  
-2.75934  -3.92683  
-2.7648  -3.92589  
-2.77441  -3.92824  
-2.77329  -3.91932  
-2.76627  -3.91448  
-2.7761  -3.91795  
-2.78375  -3.90354  
-2.77795  -3.89602  
-2.78977  -3.87729  
-2.80514  -3.87083  
-2.79901  -3.86977  
-2.80498  -3.86412  
-2.81497  -3.86763  
-2.82787  -3.845  
-2.83255  -3.82854  
-2.83967  -3.83776  
-2.84713  -3.81993  
-2.8582  -3.8249  
-2.8682  -3.80711  
-2.883  -3.8012  
-2.89642  -3.80465  
-2.90382  -3.79584  
-2.89935  -3.78182  
-2.90573  -3.77729  
-2.92056  -3.78542  
-2.92864  -3.79789  
-2.93181  -3.78769  
-2.93283  -3.79821  
-2.95629  -3.79555  
-2.96515  -3.80015  
-2.95444  -3.79241  
-2.98499  -3.78792  
-2.97691  -3.78512  
-3.00946  -3.78311  
-3.00207  -3.78057  
-3.00658  -3.76245  
-3.01502  -3.75649  
-3.0203  -3.75975  
-3.02327  -3.75084  
-3.03283  -3.74081  
-3.01481  -3.73534  
-3.02221  -3.72522  
-3.01918  -3.72025  
-3.00784  -3.70318  
-3.0204  -3.69319  
-3.03065  -3.70291  
-3.02358  -3.68886  
-3.04226  -3.69423  
-3.03653  -3.67923  
-3.02472  -3.66698  
-3.03546  -3.67684  
-3.02344  -3.64408  
-3.03463  -3.64745  
-3.02695  -3.61748  
-3.03558  -3.60602  
-3.02625  -3.59715  
-3.03854  -3.58469  
-3.0337  -3.57727  
-3.04174  -3.5672  
-3.0598  -3.55563  
-3.06696  -3.5566  
-3.07836  -3.55307  
-3.06796  -3.548  
-3.08105  -3.54388  
-3.07885  -3.51514  
-3.07339  -3.51658  
-3.06944  -3.49414  
-3.08149  -3.50269  
-3.07556  -3.48398  
-3.08388  -3.48812  
-3.07912  -3.48064  
-3.0986  -3.48705  
-3.09867  -3.48178  
-3.12691  -3.4803  
-3.13974  -3.49731  
-3.15492  -3.49921  
-3.17225  -3.491  
-3.17752  -3.50119  
-3.20264  -3.50094  
-3.21984  -3.49859  
-3.21553  -3.4966  
-3.2359  -3.49653  
-3.23435  -3.49418  
-3.25245  -3.50536  
-3.26463  -3.50313  
-3.25908  -3.50185  
-3.26275  -3.4906  
-3.27431  -3.50852  
-3.27835  -3.49436  
-3.28917  -3.49007  
-3.28381  -3.48878  
-3.30947  -3.47483  
-3.30406  -3.47366  
-3.33158  -3.47652  
-3.33818  -3.46589  
-3.33703  -3.45686  
-3.35638  -3.46221  
-3.35105  -3.4611  
-3.35139  -3.45802  
-3.37814  -3.46163  
-3.3891  -3.4647  
-3.39429  -3.47523  
-3.38903  -3.466  
-3.38431  -3.45807  
-3.39488  -3.43014  
-3.39001  -3.42897  
-3.38721  -3.39392  
-3.38944  -3.37643  
-3.38534  -3.368  
-3.38221  -3.36315  
-3.37238  -3.35243  
-3.36534  -3.34673  
-3.37078  -3.34763  
-3.36579  -3.34005  
-3.38398  -3.36981  
-3.38029  -3.38079  
-3.37626  -3.37294  
-3.38431  -3.37655  
-3.37453  -3.37507  
-3.38454  -3.35886  
-3.3955  -3.34316  
-3.39112  -3.34193  
-3.40891  -3.32357  
-3.42246  -3.33014  
-3.40655  -3.29765  
-3.42696  -3.28998  
-3.42338  -3.29246  
-3.43912  -3.27635  
-3.45204  -3.29208  
-3.44786  -3.28447  
-3.47251  -3.28961  
-3.48294  -3.28189  
-3.47837  -3.28085  
-3.50887  -3.29149  
-3.50453  -3.28383  
-3.54147  -3.29495  
-3.55352  -3.2979  
-3.58386  -3.31679  
-3.62315  -3.33997  
-3.61792  -3.33863  
-3.64724  -3.35042  
-3.64238  -3.34216  
-3.65563  -3.37376  
-3.67256  -3.37362  
-3.66839  -3.37234  
-3.67554  -3.36209  
-3.67174  -3.35623  
-3.67062  -3.33256  
-3.68276  -3.30907  
-3.67344  -3.30217  
-3.6835  -3.27164  
-3.69516  -3.27743  
-3.69865  -3.24417  
-3.70294  -3.21477  
-3.70034  -3.21247  
-3.68354  -3.19468  
-3.69668  -3.19623  
-3.67906  -3.17682  
-3.67449  -3.16714  
-3.67733  -3.14796  
-3.67872  -3.1374  
-3.66826  -3.13796  
-3.6926  -3.13727  
-3.68792  -3.12704  
-3.69061  -3.10535  
-3.70282  -3.11628  
-3.71244  -3.0897  
-3.71464  -3.09207  
-3.711  -3.09505  
-3.71616  -3.0859  
-3.7283  -3.09673  
-3.72676  -3.07786  
-3.72894  -3.07389  
-3.72572  -3.06992  
-3.73222  -3.05911  
-3.74317  -3.07212  
-3.73882  -3.06602  
-3.74643  -3.07511  
-3.77511  -3.07705  
-3.77623  -3.05965  
-3.79373  -3.0735  
-3.79482  -3.07032  
-3.78674  -3.06962  
-3.78538  -3.05971  
-3.79346  -3.04474  
-3.78715  -3.03891  
-3.80157  -3.03179  
-3.8002  -3.02097  
-3.80596  -3.01687  
-3.80522  -3.0083  
-3.8128  -3.02429  
-3.82743  -3.03079  
-3.82217  -3.0201  
-3.84761  -3.04431  
-3.83681  -3.04464  
-3.8473  -3.07182  
-3.86159  -3.07905  
-3.85686  -3.07824  
-3.86355  -3.07573  
-3.87654  -3.07864  
-3.89051  -3.05388  
-3.89217  -3.03932  
-3.90506  -3.04257  
-3.91405  -3.02173  
-3.90959  -3.01431  
-3.92485  -2.98761  
-3.93741  -2.98159  
-3.93643  -2.97016  
-3.96905  -2.95598  
-3.95095  -2.95979  
-3.9782  -2.95742  
-3.97696  -2.94842  
-3.992  -2.96163  
-3.97964  -2.96512  
-3.97988  -2.96788  
-3.99259  -2.97163  
-3.98002  -2.97444  
-3.97566  -2.96748  
-3.98093  -2.97015  
-3.97331  -2.97207  
-3.98641  -2.97554  
-3.97054  -2.95179  
-3.96596  -2.9517  
-3.98172  -2.9203  
-3.97761  -2.91506  
-3.97943  -2.90267  
-3.97547  -2.88703  
-3.97121  -2.8802  
-3.97008  -2.87962  
-3.97261  -2.87851  
-3.96802  -2.86664  
-3.96224  -2.88478  
-3.95036  -2.88814  
-3.92956  -2.87584  
-3.94429  -2.86416  
-3.93533  -2.85963  
-3.94611  -2.85323  
-3.93946  -2.84328  
-3.94691  -2.84331  
-3.95069  -2.83945  
-3.9596  -2.84587  
-3.96103  -2.83466  
-3.95196  -2.82392  
-3.9637  -2.82005  
-3.94441  -2.81235  
-3.94008  -2.8125  
-3.94629  -2.80568  
-3.93484  -2.80166  
-3.92468  -2.7698  
-3.9205  -2.77013  
-3.92502  -2.76807  
-3.92119  -2.76113  
-3.92154  -2.75949  
-3.91773  -2.75258  
-3.9421  -2.77157  
-3.95728  -2.76156  
-3.95289  -2.76177  
-3.94844  -2.7747  
-3.94411  -2.77311  
-3.96822  -2.7913  
-3.96407  -2.78659  
-3.96061  -2.78334  
-3.98178  -2.78587  
-3.97343  -2.78328  
-3.9884  -2.78677  
-3.98217  -2.7856  
-3.97568  -2.78486  
-3.99537  -2.79183  
-3.98548  -2.7909  
-3.99598  -2.78642  
-3.99691  -2.78224  
-3.9818  -2.78808  
-3.99368  -2.7874  
-3.98335  -2.78675  
-3.97977  -2.77082  
-3.97143  -2.75426  
-3.98555  -2.75741  
-3.97733  -2.75293  
-3.98627  -2.75897  
-3.98446  -2.7636  
-3.98067  -2.75586  
-3.99009  -2.73823  
-4.00161  -2.74368  
-4.00279  -2.74336  
-4.00758  -2.74667  
-4.01469  -2.75855  
-4.01798  -2.74973  
-4.01508  -2.73292  
-4.02248  -2.73739  
-4.03204  -2.73896  
-4.02504  -2.73305  
-4.02408  -2.73322  
-4.02901  -2.73922  
-4.0257  -2.7309  
-4.0316  -2.71423  
-4.02675  -2.71024  
-4.03029  -2.70006  
-4.01305  -2.69299  
-4.01584  -2.69887  
-4.0041  -2.68139  
-4.01846  -2.67964  
-3.99023  -2.68928  
-4.00315  -2.69292  
-3.9885  -2.68355  
-3.98728  -2.69939  
-3.98398  -2.69776  
-3.9834  -2.69792  
-3.95857  -2.68102  
-3.97318  -2.6839  
-3.96151  -2.66832  
-3.95571  -2.66781  
-3.95374  -2.63055  
-3.95471  -2.59665  
-3.94265  -2.59993  
-3.9429  -2.56988  
-3.95712  -2.58116  
-3.95123  -2.57598  
-3.94698  -2.5768  
-3.96999  -2.57917  
-3.96053  -2.58141  
-3.95648  -2.57427  
-3.9714  -2.59715  
-3.96861  -2.58856  
-3.96283  -2.58379  
-3.97497  -2.57425  
-3.97691  -2.57174  
-3.99294  -2.57455  
-4.00574  -2.58467  
-4.0042  -2.57352  
-4.0149  -2.5864  
-4.01555  -2.57682  
-4.00806  -2.5652  
-4.03064  -2.57586  
-4.01499  -2.5776  
-4.02537  -2.5829  
-4.02224  -2.57823  
-4.03984  -2.56699  
-4.0275  -2.55125  
-4.02761  -2.5421  
-4.05052  -2.55059  
-4.04845  -2.53132  
-4.07038  -2.54888  
-4.06145  -2.53658  
-4.08298  -2.53174  
-4.08308  -2.54066  
-4.07805  -2.53388  
-4.10434  -2.55748  
-4.09913  -2.55826  
-4.13095  -2.55536  
-4.11853  -2.54412  
-4.15421  -2.55037  
-4.16051  -2.53392  
-4.17502  -2.54941  
-4.16477  -2.54165  
-4.18137  -2.55082  
-4.18694  -2.52495  
-4.17342  -2.52872  
-4.17147  -2.51964  
-4.1746  -2.52958  
-4.16622  -2.53059  
-4.16306  -2.51763  
-4.15351  -2.51129  
-4.14054  -2.50165  
-4.15265  -2.52293  
-4.15008  -2.50948  
-4.14186  -2.50138  
-4.14471  -2.51606  
-4.13152  -2.50693  
-4.11797  -2.49812  
-4.11285  -2.49187  
-4.10722  -2.50571  
-4.10214  -2.4993  
-4.07335  -2.47577  
-4.06549  -2.46438  
-4.06054  -2.46604  
-4.04634  -2.4418  
-4.06017  -2.44626  
-4.03698  -2.43514  
-4.03211  -2.43694  
-4.03841  -2.42214  
-4.04482  -2.40654  
-4.04055  -2.4039  
-4.03783  -2.40841  
-4.03902  -2.40897  
-4.03893  -2.39657  
-4.03597  -2.39175  
-4.05026  -2.39301  
-4.06204  -2.40529  
-4.06469  -2.39703  
-4.07156  -2.40278  
-4.08284  -2.41564  
-4.08306  -2.41583  
-4.08984  -2.41178  
-4.10594  -2.42864  
-4.11112  -2.42991  
-4.12174  -2.43545  
-4.11376  -2.43683  
-4.11145  -2.42935  
-4.1189  -2.44233  
-4.12134  -2.44268  
-4.15675  -2.4487  
-4.15056  -2.45065  
-4.16367  -2.46672  
-4.15853  -2.46247  
-4.17495  -2.4739  
-4.18597  -2.49031  
-4.17956  -2.48402  
-4.20464  -2.48544  
-4.2171  -2.48954  
-4.21497  -2.47629  
-4.22014  -2.48119  
-4.2288  -2.49073  
-4.23162  -2.48066  
-4.2249  -2.47471  
-4.24999  -2.4767  
-4.26074  -2.48647  
-4.25113  -2.47625  
-4.27559  -2.48219  
-4.26239  -2.48441  
-4.2737  -2.46882  
-4.30867  -2.44208  
-4.318  -2.43957  
-4.34462  -2.43984  
-4.35901  -2.44743  
-4.36227  -2.436  
-4.37665  -2.44357  
-4.39496  -2.46397  
-4.40631  -2.46916  
-4.42494  -2.49055  
-4.42827  -2.49492  
-4.42039  -2.48977  
-4.41801  -2.51633  
-4.42986  -2.5293  
-4.439  -2.53017  
-4.45578  -2.53968  
-4.44359  -2.53363  
-4.46586  -2.51668  
-4.47756  -2.52997  
-4.48677  -2.5467  
-4.49545  -2.55088  
-4.49038  -2.54819  
-4.50333  -2.52744  
-4.51448  -2.53262  
-4.52712  -2.54236  
-4.51888  -2.53735  
-4.53122  -2.53933  
-4.52301  -2.53443  
-4.52715  -2.54703  
-4.519  -2.5421  
-4.52766  -2.56878  
-4.5051  -2.58017  
-4.5165  -2.58495  
-4.50206  -2.56646  
-4.49459  -2.56964  
-4.48354  -2.54313  
-4.48642  -2.52947  
-4.48105  -2.5267  
-4.49589  -2.51693  
-4.48384  -2.51462  
-4.50201  -2.50244  
-4.50831  -2.50604  
-4.50875  -2.49199  
-4.50004  -2.49016  
-4.50055  -2.49267  
-4.49214  -2.48842  
-4.48928  -2.50477  
-4.49516  -2.50934  
-4.48809  -2.5069  
-4.49252  -2.527  
-4.50343  -2.52497  
-4.52399  -2.53743  
-4.51442  -2.535  
-4.53154  -2.54294  
-4.52436  -2.54923  
-4.54764  -2.55436  
-4.56251  -2.56226  
-4.55593  -2.56932  
-4.57068  -2.58289  
-4.56545  -2.57559  
-4.58446  -2.58514  
-4.5868  -2.59092  
-4.58092  -2.58797  
-4.58012  -2.5965  
-4.57217  -2.57931  
-4.59036  -2.58323  
-4.58931  -2.57575  
-4.59599  -2.56576  
-4.58642  -2.56111  
-4.59256  -2.55159  
-4.59003  -2.54495  
-4.60841  -2.54785  
-4.59401  -2.5533  
-4.58444  -2.54887  
-4.56392  -2.5279  
-4.5534  -2.51832  
-4.54457  -2.51675  
-4.52708  -2.48774  
-4.52574  -2.47739  
-4.51603  -2.47353  
-4.4911  -2.43778  
-4.50287  -2.44878  
-4.48722  -2.42458  
-4.48683  -2.39419  
-4.47682  -2.39102  
-4.47961  -2.38078  
-4.48932  -2.39282  
-4.4859  -2.41525  
-4.49153  -2.45205  
-4.48961  -2.44551  
-4.49007  -2.46339  
-4.49941  -2.46917  
-4.48884  -2.48063  
-4.4716  -2.47394  
-4.47465  -2.49145  
-4.46664  -2.48834  
-4.45257  -2.48165  
-4.46927  -2.46693  
-4.45849  -2.4627  
-4.46894  -2.45874  
-4.47792  -2.46433  
-4.46363  -2.44976  
-4.46361  -2.45788  
-4.46101  -2.45104  
-4.44831  -2.45231  
-4.45717  -2.45781  
-4.45852  -2.45657  
-4.44603  -2.45312  
-4.45481  -2.45859  
-4.47819  -2.45909  
-4.46927  -2.45057  
-4.48349  -2.46318  
-4.50653  -2.45378  
-4.50312  -2.44688  
-4.50663  -2.44651  
-4.50161  -2.43044  
-4.48237  -2.4429  
-4.47668  -2.42703  
-4.49108  -2.43581  
-4.46361  -2.41165  
-4.47169  -2.41742  
-4.45898  -2.41035  
-4.44178  -2.39574  
-4.44809  -2.39902  
-4.4208  -2.39256  
-4.40643  -2.38653  
-4.4097  -2.38496  
-4.38578  -2.38124  
-4.39293  -2.39279  
-4.36575  -2.36874  
-4.35699  -2.36731  
-4.34811  -2.37455  
-4.31755  -2.35065  
-4.30623  -2.35521  
-4.29691  -2.34687  
-4.27826  -2.34863  
-4.29039  -2.35755  
-4.26743  -2.36048  
-4.27482  -2.35185  
-4.25102  -2.35228  
-4.23591  -2.3573  
-4.22541  -2.34584  
-4.21455  -2.34612  
-4.2006  -2.33206  
-4.19256  -2.35246  
-4.20077  -2.35723  
-4.17217  -2.35845  
-4.18473  -2.36426  
-4.18798  -2.35124  
-4.19094  -2.33939  
-4.20346  -2.34516  
-4.20066  -2.34831  
-4.18612  -2.33375  
-4.19514  -2.3566  
-4.18241  -2.33823  
-4.18922  -2.35004  
-4.17539  -2.35075  
-4.15794  -2.33378  
-4.13615  -2.3479  
-4.1217  -2.33301  
-4.08087  -2.31155  
-4.08693  -2.30626  
-4.06843  -2.29873  
-4.05425  -2.2821  
-4.04178  -2.27706  
-4.02646  -2.27033  
-4.01816  -2.25633  
-3.96946  -2.23945  
-3.97772  -2.24391  
-3.94653  -2.22644  
-3.90683  -2.21591  
-3.91511  -2.22021  
-3.89666  -2.21138  
-3.86448  -2.21126  
-3.84201  -2.20533  
-3.85039  -2.20934  
-3.79944  -2.1745  
-3.80789  -2.17862  
-3.79288  -2.17687  
-3.76668  -2.16285  
-3.75443  -2.15757  
-3.74144  -2.14982  
-3.72785  -2.15028  
-3.71834  -2.14552  
-3.74874  -2.16307  
-3.73621  -2.15746  
-3.75639  -2.18075  
-3.76444  -2.1841  
-3.76142  -2.18736  
-3.76063  -2.20312  
-3.76855  -2.20606  
-3.75812  -2.20688  
-3.76597  -2.20966  
-3.76787  -2.21349  
-3.76464  -2.21722  
-3.76944  -2.21513  
-3.76229  -2.20374  
-3.73508  -2.19961  
-3.7429  -2.20215  
-3.72578  -2.20212  
-3.71337  -2.20268  
-3.67933  -2.18479  
-3.64958  -2.17905  
-3.65784  -2.18139  
-3.61272  -2.16949  
-3.61866  -2.17222  
-3.57932  -2.17428  
-3.55424  -2.1742  
-3.53432  -2.16197  
-3.53463  -2.17107  
-3.50881  -2.16438  
-3.4719  -2.14647  
-3.43687  -2.12784  
-3.41864  -2.12748  
-3.3942  -2.10444  
-3.37516  -2.10373  
-3.33364  -2.08153  
-3.30736  -2.06914  
-3.31944  -2.08092  
-3.2897  -2.04825  
-3.28277  -2.04437  
-3.25129  -2.02675  
-3.2279  -2.0307  
-3.2378  -2.03244  
-3.21341  -2.0102  
-3.22336  -2.02112  
-3.22543  -2.01822  
-3.22467  -2.02246  
-3.22285  -2.01256  
-3.21697  -2.025  
-3.22645  -2.02627  
-3.22842  -2.02442  
-3.22758  -2.01739  
-3.20738  -2.0247  
-3.21663  -2.0345  
-3.20479  -2.02644  
-3.21462  -2.01838  
-3.21136  -2.01658  
-3.22047  -2.02275  
-3.20544  -2.02207  
-3.21944  -2.02295  
-3.23469  -2.06086  
-3.22232  -2.04935  
-3.23115  -2.05982  
-3.23116  -2.06522  
-3.23573  -2.07558  
-3.21968  -2.07603  
-3.19418  -2.06085  
-3.19875  -2.0681  
-3.18196  -2.05997  
-3.18686  -2.06133  
-3.19441  -2.05094  
-3.18302  -2.042  
-3.16021  -2.03873  
-3.14903  -2.02979  
-3.12607  -2.00718  
-3.14749  -2.01432  
-3.09743  -2.00292  
-3.10713  -2.00288  
-3.06275  -1.95649  
-3.04705  -1.92068  
-3.03839  -1.92241  
-2.99549  -1.86537  
-2.9847  -1.85759  
-2.95662  -1.852  
-2.92816  -1.85077  
-2.9411  -1.86129  
-2.89579  -1.84374  
-2.90667  -1.84422  
-2.88138  -1.90917  
-2.89235  -1.9088  
-2.84912  -1.91758  
-2.84135  -1.91827  
-2.81931  -1.92601  
-2.83049  -1.92509  
-2.77841  -1.91927  
-2.75795  -1.90261  
-2.77161  -1.91147  
-2.74068  -1.89249  
-2.73592  -1.86244  
-2.69761  -1.83973  
-2.67569  -1.82927  
-2.6716  -1.83157  
-2.65629  -1.82818  
-2.65059  -1.82801  
-2.622  -1.80241  
-2.60282  -1.77508  
-2.59315  -1.76609  
-2.58589  -1.74137  
-2.57464  -1.73414  
-2.55372  -1.70614  
-2.54398  -1.69762  
-2.53005  -1.67556  
-2.50798  -1.65869  
-2.51983  -1.66913  
-2.52236  -1.66678  
-2.51642  -1.67325  
-2.49553  -1.68775  
-2.47199  -1.67863  
-2.46581  -1.6671  
-2.44591  -1.64802  
-2.43875  -1.64108  
-2.42038  -1.62554  
-2.42625  -1.59851  
-2.4358  -1.60123  
-2.41591  -1.58438  
-2.40979  -1.57294  
-2.41154  -1.56672  
-2.423  -1.56645  
-2.43746  -1.59634  
-2.42947  -1.59749  
-2.41654  -1.60851  
-2.41  -1.63194  
-2.40217  -1.6324  
-2.37967  -1.6244  
-2.3934  -1.63274  
-2.37674  -1.62469  
-2.36905  -1.62501  
-2.357  -1.62086  
-2.33375  -1.5929  
-2.35144  -1.59922  
-2.33732  -1.5691  
-2.347  -1.57172  
-2.35919  -1.5673  
-2.34721  -1.56446  
-2.34348  -1.55113  
-2.34929  -1.53756  
-2.3395  -1.52856  
-2.34384  -1.5071  
-2.36157  -1.51334  
-2.34627  -1.4911  
-2.34012  -1.47876  
-2.33224  -1.47998  
-2.30989  -1.47422  
-2.32147  -1.46539  
-2.29976  -1.44327  
-2.29597  -1.44178  
-2.30034  -1.45819  
-2.24853  -1.43456  
-2.2627  -1.44331  
-2.25045  -1.43088  
-2.24227  -1.41186  
-2.21609  -1.38392  
-2.22827  -1.38324  
-2.20752  -1.36018  
-2.20019  -1.36173  
-2.18978  -1.35902  
-2.18054  -1.35097  
-2.15812  -1.34196  
-2.13851  -1.3433  
-2.15044  -1.36087  
-2.10723  -1.35401  
-2.10177  -1.36097  
-2.06263  -1.36173  
-2.05398  -1.35303  
-2.01743  -1.31036  
-1.98528  -1.2845  
-1.97795  -1.28186  
-1.94115  -1.25396  
-1.93575  -1.26096  
-1.90275  -1.19971  
-1.88227  -1.17948  
-1.8767  -1.16871  
-1.87776  -1.15642  
-1.87325  -1.14388  
-1.86321  -1.13352  
-1.87367  -1.1268  
-1.86556  -1.12097  
-1.85757  -1.1238  
-1.85367  -1.12027  
-1.8519  -1.11743  
-1.84519  -1.13271  
-1.85833  -1.13216  
-1.83116  -1.12972  
-1.84436  -1.12906  
-1.84387  -1.11865  
-1.80977  -1.12821  
-1.82307  -1.12735  
-1.82125  -1.10951  
-1.81231  -1.10203  
-1.79779  -1.07383  
-1.80522  -1.07127  
-1.80759  -1.05381  
-1.8141  -1.05091  
-1.80843  -1.05269  
-1.81039  -1.07305  
-1.78753  -1.05708  
-1.80665  -1.05444  
-1.79659  -1.07702  
-1.77829  -1.07878  
-1.79161  -1.099  
-1.76099  -1.08239  
-1.77299  -1.08839  
-1.76157  -1.07256  
-1.75115  -1.07382  
-1.75476  -1.06823  
-1.75275  -1.0544  
-1.77228  -1.06554  
-1.75567  -1.05527  
-1.77831  -1.05036  
-1.7685  -1.04558  
-1.76194  -1.04359  
-1.7757  -1.05612  
-1.78109  -1.06081  
-1.7726  -1.05267  
-1.78924  -1.04954  
-1.80262  -1.04791  
-1.77576  -1.03552  
-1.788  -1.03452  
-1.76991  -1.0389  
-1.78874  -1.04562  
-1.78046  -1.03738  
-1.76662  -1.04896  
-1.76832  -1.04434  
-1.75723  -1.03263  
-1.76485  -1.05746  
-1.75452  -1.05709  
-1.74065  -1.06127  
-1.75111  -1.05766  
-1.73252  -1.05282  
-1.72705  -1.04852  
-1.71459  -1.03134  
-1.7141  -1.03187  
-1.68533  -1.03021  
-1.67896  -1.03457  
-1.65669  -1.03284  
-1.66466  -1.03232  
-1.64329  -1.01382  
-1.63582  -1.00818  
-1.64165  -1.01507  
-1.62157  -1.01358  
-1.61261  -1.01926  
-1.61339  -1.01394  
-1.60476  -0.999882  
-1.60564  -0.991592  
-1.61466  -0.970117  
-1.61119  -0.963129  
-1.61748  -0.958667  
-1.62209  -0.950794  
-1.61036  -0.947746  
-1.6306  -0.94192  
-1.62637  -0.932909  
-1.63484  -0.923732  
-1.66123  -0.93817  
-1.6559  -0.931684  
-1.63964  -0.934387  
-1.64613  -0.92308  
-1.63895  -0.91523  
-1.61901  -0.908715  
-1.61473  -0.89862  
-1.61351  -0.89477  
-1.61921  -0.91169  
-1.5892  -0.904881  
-1.58236  -0.896739  
-1.57903  -0.906886  
-1.57468  -0.904234  
-1.56931  -0.905322  
-1.5372  -0.90426  
-1.55255  -0.901808  
-1.52672  -0.899091  
-1.51535  -0.892633  
-1.49095  -0.875292  
-1.47933  -0.858656  
-1.47365  -0.85739  
-1.44984  -0.846967  
-1.44701  -0.84635  
-1.39945  -0.852866  
-1.39388  -0.859999  
-1.38785  -0.851925  
-1.35459  -0.858439  
-1.35154  -0.857355  
-1.30384  -0.846523  
-1.28016  -0.853422  
-1.27451  -0.845286  
-1.22122  -0.824551  
-1.21839  -0.824014  
-1.20034  -0.787501  
-1.1906  -0.757409  
-1.18643  -0.765375  
-1.16259  -0.733085  
-1.15976  -0.732617  
-1.14631  -0.730695  
-1.13335  -0.717526  
-1.10741  -0.725456  
-1.08847  -0.720707  
-1.08591  -0.727251  
-1.06145  -0.719885  
-1.04078  -0.727118  
-1.03635  -0.743967  
-1.03593  -0.749009  
-1.03015  -0.753479  
-1.00639  -0.742825  
-1.00459  -0.73941  
-1.00727  -0.723278  
-1.00739  -0.731572  
-1.00804  -0.717002  
-0.982169  -0.718782  
-0.963581  -0.718614  
-0.980975  -0.716581  
-0.931267  -0.710055  
-0.951284  -0.722959  
-0.916811  -0.708559  
-0.916277  -0.718839  
-0.891964  -0.719125  
-0.887439  -0.723608  
-0.883672  -0.731478  
-0.872323  -0.715869  
-0.866054  -0.708963  
-0.844311  -0.686505  
-0.839808  -0.68829  
-0.809686  -0.658506  
-0.827563  -0.656947  
-0.778296  -0.65783  
-0.770182  -0.64875  
-0.765745  -0.650837  
-0.754522  -0.64171  
-0.750058  -0.643905  
-0.725366  -0.648904  
-0.725423  -0.647225  
-0.71739  -0.665582  
-0.71291  -0.667363  
-0.688026  -0.681609  
-0.655906  -0.666873  
-0.674376  -0.665177  
-0.671569  -0.653785  
-0.641833  -0.650219  
-0.662005  -0.646555  
-0.642654  -0.651969  
-0.639276  -0.659737  
-0.640969  -0.659418  
-0.637576  -0.656849  
-0.662113  -0.662837  
-0.633082  -0.657724  
-0.659601  -0.667042  
-0.639984  -0.689171  
-0.624269  -0.687662  
-0.627919  -0.702361  
-0.623981  -0.69684  
-0.62126  -0.696632  
-0.611978  -0.67864  
-0.632357  -0.684745  
-0.58105  -0.667987  
-0.601624  -0.674158  
-0.573698  -0.66631  
-0.580663  -0.675043  
-0.590592  -0.668479  
-0.57299  -0.670087  
-0.568415  -0.671426  
-0.552704  -0.658064  
-0.538881  -0.665064  
-0.540357  -0.66642  
-0.567178  -0.662169  
-0.567134  -0.660717  
-0.539798  -0.640852  
-0.541665  -0.645674  
-0.53619  -0.629508  
-0.527992  -0.60665  
-0.52693  -0.601286  
-0.526692  -0.610108  
-0.525759  -0.594735  
-0.503469  -0.602056  
-0.485188  -0.592103  
-0.482207  -0.600012  
-0.487438  -0.600986  
-0.493305  -0.601459  
-0.469315  -0.607692  
-0.459903  -0.619229  
-0.455319  -0.621046  
-0.403701  -0.603738  
-0.394146  -0.601801  
-0.372096  -0.598015  
-0.346181  -0.599976  
-0.344728  -0.602292  
-0.319072  -0.602276  
-0.314981  -0.604132  
-0.269356  -0.613849  
-0.224468  -0.627277  
-0.218666  -0.618887  
-0.161747  -0.633599  
-0.158948  -0.633323  
-0.085595  -0.626333  
-0.0823354  -0.627529  
0.00310452  -0.611867  
0.00602794  -0.613096  
0.0715997  -0.583569  
0.16208  -0.558535  
0.164492  -0.560114  
0.219988  -0.542761  
0.22398  -0.541573  
0.289554  -0.525722  
0.300972  -0.524003  
0.303263  -0.52567  
0.363631  -0.511325  
0.365868  -0.512968  
0.392314  -0.504289  
0.380451  -0.5224  
0.401605  -0.515146  
0.424621  -0.511446  
0.43165  -0.504001  
0.436497  -0.495414  
0.413287  -0.511128  
0.425232  -0.49688  
0.402523  -0.505684  
0.39041  -0.51192  
0.347855  -0.539064  
0.340657  -0.547844  
0.341218  -0.545997  
0.310545  -0.572286  
0.306725  -0.581028  
0.300015  -0.602084  
0.303839  -0.607197  
0.298729  -0.6195  
0.313288  -0.627179  
0.291399  -0.644932  
0.321556  -0.628603  
0.365687  -0.611976  
0.374609  -0.611482  
0.392265  -0.603281  
0.376933  -0.60332  
0.429373  -0.570423  
0.420617  -0.5859  
0.432023  -0.574138  
0.479373  -0.576293  
0.493396  -0.564204  
0.489004  -0.581526  
0.534754  -0.57877  
0.529925  -0.589454  
0.569664  -0.596302  
0.583457  -0.596786  
0.606222  -0.616241  
0.648711  -0.620997  
0.656306  -0.623412  
0.726983  -0.589362  
0.732383  -0.592092  
0.739917  -0.582383  
0.780422  -0.565325  
0.783081  -0.564859  
0.808563  -0.537641  
0.811223  -0.537405  
0.859955  -0.49905  
0.877714  -0.501653  
0.880248  -0.500906  
0.867788  -0.517319  
0.877011  -0.517434  
0.885832  -0.520683  
0.88876  -0.520289  
0.896349  -0.539815  
0.899414  -0.53912  
0.912536  -0.542563  
0.915644  -0.541764  
0.916807  -0.545688  
0.925117  -0.531215  
0.908605  -0.53176  
0.911122  -0.526372  
0.937789  -0.522144  
0.91541  -0.532767  
0.920662  -0.517899  
0.92431  -0.517216  
0.902328  -0.5242  
0.898918  -0.522276  
0.902748  -0.52155  
0.875898  -0.553825  
0.873771  -0.558201  
0.868978  -0.559529  
0.876436  -0.557369  
0.851013  -0.582093  
0.844459  -0.582825  
0.855333  -0.57277  
0.857416  -0.555489  
0.89111  -0.526284  
0.877492  -0.52256  
0.909542  -0.489153  
0.924991  -0.460471  
0.957362  -0.43134  
0.969254  -0.408767  
0.972953  -0.409075  
1.01054  -0.362879  
1.02032  -0.351339  
1.06047  -0.32973  
1.0684  -0.318743  
1.04325  -0.33488  
1.05808  -0.341036  
1.0419  -0.35211  
1.04807  -0.366166  
1.05625  -0.362375  
1.05887  -0.361505  
1.06252  -0.375836  
1.06514  -0.374972  
1.04059  -0.391483  
1.04449  -0.391645  
1.05879  -0.39825  
1.06262  -0.398254  
1.06769  -0.415362  
1.07153  -0.415121  
1.07654  -0.420392  
1.08608  -0.437119  
1.08998  -0.436524  
1.11626  -0.430036  
1.12746  -0.432632  
1.13948  -0.428609  
1.17652  -0.413986  
1.16174  -0.414287  
1.2039  -0.376381  
1.20651  -0.375504  
1.22022  -0.363479  
1.23419  -0.355227  
1.2492  -0.354828  
1.25791  -0.335545  
1.26126  -0.335573  
1.26362  -0.344711  
1.25796  -0.341012  
1.25302  -0.344655  
1.24912  -0.370717  
1.25176  -0.369826  
1.23683  -0.386665  
1.24653  -0.383775  
1.23347  -0.388063  
1.22609  -0.396243  
1.22876  -0.395349  
1.22044  -0.39128  
1.2123  -0.393389  
1.20104  -0.396679  
1.19652  -0.395615  
1.17741  -0.406357  
1.17081  -0.415575  
1.16901  -0.412828  
1.15673  -0.433141  
1.15168  -0.42488  
1.13981  -0.435941  
1.13063  -0.464992  
1.12976  -0.474319  
1.1155  -0.495599  
1.09683  -0.50487  
1.10688  -0.488411  
1.13146  -0.472091  
1.13644  -0.470058  
1.14688  -0.436148  
1.15174  -0.434473  
1.19164  -0.410007  
1.21196  -0.397604  
1.24448  -0.349289  
1.28839  -0.30741  
1.29814  -0.295525  
1.32151  -0.279364  
1.33654  -0.278937  
1.36605  -0.250896  
1.36951  -0.250808  
1.38723  -0.250662  
1.39412  -0.264797  
1.39772  -0.264359  
1.41564  -0.243816  
1.4192  -0.243496  
1.42316  -0.24262  
1.42684  -0.242204  
1.42375  -0.257194  
1.40491  -0.268346  
1.37708  -0.30418  
1.40292  -0.297506  
1.38444  -0.307984  
1.3765  -0.333589  
1.35828  -0.343536  
1.35399  -0.354587  
1.34851  -0.366914  
1.35335  -0.364708  
1.36852  -0.351939  
1.37927  -0.337897  
1.36034  -0.334588  
1.35889  -0.331589  
1.36965  -0.30881  
1.35614  -0.290001  
1.36705  -0.276452  
1.37624  -0.282955  
1.37916  -0.281855  
1.34804  -0.306869  
1.37801  -0.29326  
1.36435  -0.294096  
1.35819  -0.317037  
1.36312  -0.314921  
1.39044  -0.32162  
1.40317  -0.32549  
1.41295  -0.319285  
1.41598  -0.337285  
1.40926  -0.346719  
1.46765  -0.2999  
1.47941  -0.299834  
1.45559  -0.311569  
1.50529  -0.270178  
1.53233  -0.25129  
1.55251  -0.226615  
1.56482  -0.21715  
1.57432  -0.200661  
1.59599  -0.175911  
1.60406  -0.164309  
1.61045  -0.163104  
1.61339  -0.16197  
1.63026  -0.1523  
1.62199  -0.142108  
1.62613  -0.140732  
1.62076  -0.146606  
1.61897  -0.153332  
1.62092  -0.14556  
1.61173  -0.131408  
1.60365  -0.142659  
1.61385  -0.117452  
1.59676  -0.127605  
1.62728  -0.0962643  
1.61021  -0.106558  
1.62255  -0.107739  
1.62727  -0.106137  
1.63477  -0.0769397  
1.64646  -0.0804166  
1.62957  -0.0905556  
1.66061  -0.0703602  
1.67487  -0.0461563  
1.68557  -0.0445744  
1.70134  -0.0481065  
1.71189  -0.0336884  
1.74637  -0.0102945  
1.75549  0.00394881  
1.78466  0.0233113  
1.81798  0.0711775  
1.82982  0.0809458  
1.86481  0.102793  
1.86856  0.10308  
1.87967  0.10487  
1.90584  0.114057  
1.92777  0.150802  
1.91457  0.116307  
1.91846  0.116842  
1.91264  0.106409  
1.8997  0.0837908  
1.90878  0.067602  
1.87344  0.034579  
1.86602  0.0231009  
1.88947  0.0248622  
1.87925  0.0289469  
1.90215  0.0262303  
1.90689  0.0284667  
1.91327  0.0363463  
1.92423  0.0326175  
1.90819  0.0238541  
1.89624  0.0155365  
1.91161  0.016738  
1.90128  0.00787317  
1.86117  -0.0333951  
1.87695  -0.031506  
1.85081  -0.0742251  
1.85626  -0.0702415  
1.87216  -0.0715564  
1.85489  -0.0980314  
1.83342  -0.115388  
1.86175  -0.0925351  
1.87006  -0.0903688  
1.88871  -0.0730821  
1.92569  -0.0512365  
1.93933  -0.0346447  
1.97784  0.00115421  
2.00112  0.00742002  
2.02747  0.0115931  
2.06391  0.0149327  
2.06983  0.0268648  
2.12599  0.0657694  
2.14619  0.0660161  
2.17017  0.0734582  
2.20245  0.0777747  
2.20914  0.0791129  
2.25698  0.12442  
2.26473  0.120981  
2.30157  0.150235  
2.30147  0.165163  
2.31795  0.185425  
2.34738  0.216746  
2.35395  0.219587  
2.3785  0.236485  
2.40048  0.246829  
2.40814  0.259435  
2.40409  0.215891  
2.40126  0.195797  
2.4403  0.215344  
2.46615  0.197523  
2.45  0.190368  
2.47491  0.164544  
2.48503  0.166375  
2.51544  0.178018  
2.51008  0.169275  
2.55126  0.191678  
2.54594  0.182933  
2.5914  0.212659  
2.60184  0.212795  
2.60619  0.2168  
2.63956  0.263148  
2.66001  0.278197  
2.68507  0.280573  
2.68985  0.280034  
2.74635  0.295726  
2.78504  0.28551  
2.77958  0.276411  
2.86095  0.293363  
2.84972  0.279703  
2.92307  0.282967  
2.96204  0.256127  
2.96576  0.260777  
3.03665  0.289442  
3.03462  0.279775  
3.10602  0.283177  
3.13989  0.298343  
3.1491  0.310984  
3.1876  0.327728  
3.20187  0.329491  
3.22626  0.345937  
3.26016  0.371315  
3.27527  0.387814  
3.28926  0.391697  
3.29988  0.382959  
3.31689  0.400381  
3.32181  0.402709  
3.31433  0.400635  
3.3239  0.394685  
3.32528  0.395633  
3.3274  0.381203  
3.34112  0.376327  
3.3188  0.350625  
3.3321  0.371183  
3.31187  0.36564  
3.31835  0.354431  
3.30351  0.349907  
3.31535  0.372022  
3.30064  0.367406  
3.30166  0.392587  
3.29043  0.393821  
3.29593  0.399195  
3.30643  0.435696  
3.30286  0.427816  
3.3111  0.443767  
3.3335  0.442244  
3.34206  0.447974  
3.38748  0.473618  
3.37266  0.466668  
3.44756  0.47981  
3.47787  0.470755  
3.4926  0.479695  
3.55912  0.460836  
3.56405  0.444868  
3.64221  0.482306  
3.72056  0.487854  
3.72442  0.489157  
3.80169  0.472646  
3.81247  0.482041  
3.90582  0.498254  
3.90565  0.503067  
4.02088  0.540647  
4.07595  0.567467  
4.07904  0.572863  
4.18199  0.597072  
4.1959  0.59926  
4.28766  0.630529  
4.35784  0.664163  
4.37274  0.662345  
4.43628  0.651676  
4.4402  0.653  
4.50769  0.648637  
4.51612  0.636742  
4.55842  0.641124  
4.57143  0.606407  
4.56594  0.596957  
4.59252  0.552346  
4.60482  0.567201  
4.60238  0.524235  
4.60337  0.527555  
4.60357  0.499353  
4.61628  0.489228  
4.60269  0.479424  
4.60959  0.449749  
4.58416  0.436042  
4.57923  0.398388  
4.57418  0.371043  
4.56573  0.361436  
4.55192  0.341451  
4.54694  0.327483  
4.52529  0.292528  
4.49721  0.255566  
4.49741  0.252454  
4.50285  0.233859  
4.48328  0.221169  
4.49785  0.21168  
4.5118  0.216959  
4.5118  0.216959  
4.52641  0.198566  
4.5318  0.213035  
4.56894  0.230659  
4.5713  0.211892  
4.5713  0.211892  
4.63102  0.242239  
4.63061  0.239655  
4.67996  0.263249  
4.67937  0.260491  
4.71959  0.245125  
4.71889  0.242652  
4.77835  0.26436  
4.81394  0.264451  
4.81296  0.261895  
4.88581  0.269996  
4.88455  0.267435  
4.95107  0.283263  
5.01081  0.272809  
5.01081  0.272809  
5.10124  0.296752  
5.10279  0.291134  
5.20104  0.310028  
5.27277  0.312328  
5.29575  0.313607  
5.3901  0.332243  
5.40777  0.334146  
5.51092  0.349063  
5.58969  0.346048  
5.59563  0.354193  
5.7023  0.394277  
5.733  0.391387  
5.81238  0.413425  
5.87856  0.431278  
5.88462  0.432092  
5.972  0.469971  
5.96665  0.456692  
6.01439  0.487979  
6.05498  0.523268  
6.06321  0.516143  
6.08958  0.532785  
6.08701  0.528996  
6.11448  0.526204  
6.1122  0.522634  
6.12403  0.524184  
6.12216  0.520743  
6.13342  0.509776  
6.13108  0.501308  
6.12474  0.476842  
6.12881  0.48844  
6.1141  0.460102  
6.11322  0.45764  
6.09333  0.440421  
6.09333  0.440421  
6.09526  0.413643  
6.09241  0.39411  
6.09721  0.406311  
6.09628  0.375169  
6.09894  0.376239  
6.09589  0.379031  
6.09835  0.370453  
6.09706  0.356398  
6.09693  0.355387  
6.10751  0.365307  
6.10731  0.364208  
6.10573  0.353057  
6.11047  0.359242  
6.11553  0.372127  
6.13431  0.381713  
6.14446  0.40326  
6.14427  0.401839  
6.15789  0.424567  
6.1587  0.426844  
6.1733  0.457612  
6.17304  0.455557  
6.19879  0.482659  
6.22704  0.497692  
6.22662  0.495262  
6.23376  0.507432  
6.23865  0.519438  
6.28342  0.546068  
6.32191  0.552445  
6.32191  0.552445  
6.37156  0.559894  
6.37618  0.559782  
6.42724  0.573869  
6.44034  0.573176  
6.45021  0.559363  
6.49297  0.557103  
6.49927  0.552171  
6.54587  0.545933  
6.55282  0.539141  
6.5639  0.511034  
6.59962  0.509978  
6.59622  0.495078  
6.60962  0.481526  
6.60542  0.463589  
6.61414  0.435562  
6.63247  0.418399  
6.63071  0.418461  
6.64056  0.398971  
6.63047  0.376281  
6.63752  0.359204  
6.66256  0.356745  
6.65352  0.342472  
6.65543  0.315527  
6.65586  0.300792  
6.66327  0.291187  
6.664  0.287924  
6.66299  0.253568  
6.66094  0.252083  
6.67183  0.240546  
6.69292  0.245684  
6.70356  0.243732  
6.67213  0.205283  
6.67076  0.214639  
6.6807  0.214055  
6.67507  0.201457  
6.67533  0.215397  
6.66703  0.217755  
6.66703  0.217755  
6.66051  0.206056  
6.66051  0.206056  
6.65713  0.211043  
6.6553  0.222817  
6.6553  0.222817  
6.64922  0.236  
6.64078  0.213052  
6.62543  0.226481  
6.63148  0.224173  
6.63279  0.225568  
6.6169  0.239775  
6.61767  0.242889  
6.63521  0.264184  
6.63427  0.261431  
6.63549  0.265684  
6.62866  0.286879  
6.64309  0.290713  
6.64569  0.294507  
6.67132  0.308807  
6.65347  0.315562  
6.68004  0.333098  
6.68116  0.33348  
6.68616  0.352138  
6.68592  0.352052  
6.67603  0.354986  
6.68093  0.351691  
6.68597  0.370137  
6.68058  0.355521  
6.65911  0.363982  
6.63877  0.370432  
6.63881  0.370107  
6.6052  0.368744  
6.60541  0.368428  
6.58561  0.362947  
6.58594  0.362688  
6.5424  0.377296  
6.54294  0.37685  
6.52726  0.393116  
6.52783  0.392478  
6.51159  0.408088  
6.49598  0.41228  
6.51624  0.420974  
6.48403  0.42368  
6.49985  0.439048  
6.49923  0.444931  
6.50485  0.443675  
6.5032  0.450576  
6.51626  0.463961  
6.51626  0.463961  
6.49501  0.451238  
6.49501  0.451238  
6.49694  0.478338  
6.49717  0.490881  
6.49057  0.483196  
6.46359  0.501836  
6.46441  0.506611  
6.4515  0.524889  
6.44371  0.525551  
6.43503  0.519681  
6.39825  0.52615  
6.39514  0.543497  
6.39709  0.569918  
6.35813  0.574221  
6.34787  0.574871  
6.31344  0.576689  
6.32941  0.578878  
6.28647  0.597751  
6.28195  0.592287  
6.25072  0.605471  
6.22658  0.61372  
6.22775  0.610572  
6.20171  0.615877  
6.19667  0.609023  
6.15895  0.60268  
6.15069  0.622082  
6.14085  0.622198  
6.1107  0.614707  
6.11202  0.61159  
6.09752  0.612234  
6.08604  0.622811  
6.08045  0.623485  
6.03655  0.588147  
6.04308  0.599914  
6.03189  0.60975  
6.01535  0.593904  
6.01366  0.608032  
6.00946  0.602245  
5.99841  0.605578  
5.97432  0.610084  
5.97546  0.607148  
5.97057  0.633566  
5.97162  0.630434  
5.96454  0.651347  
5.95455  0.651278  
5.9526  0.669024  
5.92372  0.65981  
5.91458  0.710116  
5.88235  0.721577  
5.88346  0.717525  
5.87451  0.766022  
5.84969  0.763802  
5.81146  0.776413  
5.79246  0.801387  
5.78554  0.799831  
5.7351  0.806853  
5.69216  0.827849  
5.69375  0.822802  
5.65291  0.833851  
5.64837  0.85556  
5.61843  0.868732  
5.59859  0.852487  
5.57566  0.891642  
5.54018  0.928602  
5.53637  0.940285  
5.51449  0.935679  
5.47112  0.956212  
5.43815  0.970984  
5.44544  0.978807  
5.40588  0.998026  
5.4131  1.00553  
5.36298  0.993105  
5.37025  1.00073  
5.33613  0.997137  
5.31719  0.993807  
5.32755  1.01297  
5.29297  1.00138  
5.29188  0.988319  
5.2692  1.00445  
5.25684  1.00268  
5.26024  1.02805  
5.24685  1.03972  
5.24857  1.03269  
5.22604  1.0416  
5.23299  1.0493  
5.19807  1.05063  
5.20022  1.08371  
5.20176  1.07647  
5.18381  1.08736  
5.19454  1.0966  
5.16077  1.10161  
5.17858  1.10549  
5.12882  1.11978  
5.13565  1.12688  
5.11795  1.13815  
5.10538  1.13564  
5.05862  1.12666  
5.0361  1.14045  
5.04311  1.14759  
5.03036  1.1333  
5.01792  1.13105  
4.99362  1.14088  
4.973  1.1477  
4.98613  1.16188  
4.9494  1.1692  
4.95653  1.17645  
4.92861  1.19757  
4.92011  1.20871  
4.92724  1.20603  
4.88127  1.20278  
4.8884  1.20988  
4.85549  1.22684  
4.84938  1.2285  
4.83498  1.2256  
4.82251  1.21559  
4.83361  1.22788  
4.78802  1.22823  
4.78353  1.22661  
4.78849  1.23113  
4.75468  1.22251  
4.7605  1.2188  
4.73374  1.21208  
4.71945  1.18861  
4.71131  1.1909  
4.67597  1.17281  
4.68297  1.18143  
4.66203  1.19325  
4.64883  1.18169  
4.63416  1.17353  
4.60934  1.17652  
4.6259  1.18658  
4.59948  1.17713  
4.60085  1.17287  
4.60403  1.18407  
4.58619  1.17853  
4.59769  1.1864  
4.56689  1.18023  
4.54004  1.17266  
4.52758  1.1718  
4.50178  1.17883  
4.50873  1.18762  
4.48224  1.17833  
4.44457  1.18137  
4.44904  1.18314  
4.42649  1.19005  
4.41158  1.18217  
4.37966  1.17572  
4.37325  1.1569  
4.36703  1.16758  
4.34946  1.15271  
4.35548  1.16364  
4.3432  1.16335  
4.32295  1.1673  
4.32295  1.17313  
4.3106  1.17286  
4.30746  1.17313  
4.31431  1.18248  
4.31318  1.21177  
4.30994  1.20619  
4.29734  1.20576  
4.31373  1.27008  
4.30107  1.26902  
4.30915  1.30209  
4.28332  1.30967  
4.30106  1.3328  
4.27354  1.34253  
4.28023  1.37171  
4.26317  1.41982  
4.2547  1.41945  
4.20451  1.39713  
4.18456  1.3935  
4.18611  1.38647  
4.15768  1.37217  
4.14554  1.3706  
4.09407  1.34444  
4.11236  1.34897  
4.09221  1.34816  
4.08024  1.34705  
4.06919  1.31478  
4.04725  1.30135  
4.04893  1.29583  
4.02322  1.27659  
4.03031  1.28597  
4.01295  1.2624  
3.99416  1.27246  
3.9944  1.27842  
4.00006  1.28572  
3.98559  1.25237  
3.97409  1.25966  
3.96241  1.26906  
3.94668  1.293  
3.93411  1.30334  
3.9347  1.29493  
3.90304  1.2968  
3.89878  1.30172  
3.90519  1.30877  
3.86265  1.28513  
3.86888  1.29247  
3.84138  1.25793  
3.84834  1.26822  
3.84288  1.26762  
3.80167  1.24899  
3.80167  1.24899  
3.7717  1.22966  
3.77325  1.22566  
3.73879  1.21492  
3.75701  1.22195  
3.71125  1.2045  
3.71279  1.20091  
3.69754  1.18886  
3.69436  1.18644  
3.68206  1.18831  
3.67014  1.18756  
3.67154  1.18428  
3.66418  1.17928  
3.64986  1.16936  
3.65115  1.16632  
3.63936  1.15906  
3.62131  1.14666  
3.59869  1.13749  
3.58481  1.12433  
3.56684  1.11237  
3.54882  1.09712  
3.55009  1.09497  
3.51378  1.08958  
3.49518  1.07729  
3.49546  1.07492  
3.47307  1.06661  
3.474  1.0759  
3.45201  1.07126  
3.44141  1.07933  
3.42878  1.07464  
3.42498  1.07526  
3.43274  1.09233  
3.41881  1.10137  
3.41224  1.08982  
3.40201  1.0986  
3.40416  1.10974  
3.4022  1.10772  
3.39065  1.09243  
3.37421  1.08596  
3.3774  1.09009  
3.38407  1.08524  
3.38353  1.08059  
3.38898  1.0837  
3.3719  1.07148  
3.38871  1.07011  
3.37768  1.0746  
3.38179  1.07335  
3.39085  1.07337  
3.38703  1.05641  
3.39367  1.05809  
3.41966  1.0686  
3.40809  1.06921  
3.42062  1.05356  
3.42501  1.05856  
3.39356  1.03557  
3.40538  1.03894  
3.40842  1.02975  
3.39124  1.00768  
3.40512  1.01817  
3.40531  1.01731  
3.38542  1.00196  
3.37439  1.00524  
3.35968  0.977934  
3.37259  0.997547  
3.37287  0.996958  
3.35108  0.990861  
3.35146  0.990318  
3.35667  0.985238  
3.3504  0.990644  
3.3504  0.990644  
3.33084  0.994309  
3.33536  0.990075  
3.33561  1.01588  
3.33594  1.01507  
3.33484  1.03541  
3.33521  1.03442  
3.32758  1.04804  
