5.79386  1.34101  
5.79382  1.34118  
5.79379  1.34127  
5.4045  1.50893  
5.38571  1.51698  
5.12235  1.59908  
5.10731  1.60358  
4.73856  1.72244  
4.29397  1.89784  
4.25569  1.91176  
3.83747  2.03513  
3.81274  2.04011  
1.49905  2.12797  
0.992737  2.09454  
0.962823  2.10192  
0.844443  1.8633  
0.770747  1.85082  
0.687028  1.70343  
0.813866  1.49729  
0.817317  1.4819  
1.40952  1.06049  
1.45783  1.02896  
1.72562  0.921083  
2.12483  0.678705  
2.35114  0.526783  
2.88323  0.240098  
2.93932  0.268108  
2.93608  0.275841  
3.00207  0.239237  
3.09002  0.164437  
3.03167  0.156682  
2.98975  0.221852  
2.6259  0.436172  
2.40154  0.535557  
2.3229  0.582337  
1.98952  0.704739  
1.45135  0.957683  
1.40798  0.976129  
1.05857  1.08271  
0.963306  1.10955  
0.561918  1.33553  
0.26604  1.46459  
0.259457  1.46544  
0.341672  1.35144  
0.362158  1.33799  
0.326868  1.39997  
0.347353  1.39493  
0.653941  1.22685  
0.968524  1.07539  
0.997918  1.06172  
1.22729  0.937531  
1.25327  0.924788  
1.5607  0.774588  
1.62993  0.715324  
1.65144  0.745345  
1.67305  0.72794  
1.70374  0.7007  
1.73306  0.63382  
1.64073  0.667509  
1.58776  0.721837  
1.34608  0.849723  
1.31958  0.841992  
1.19084  0.898677  
0.908753  1.05748  
0.852162  1.09643  
0.693678  1.16227  
0.651692  1.19615  
0.516549  1.27123  
0.400768  1.39976  
0.39354  1.39866  
0.503678  1.34433  
0.557405  1.33133  
0.63171  1.32806  
0.776398  1.32029  
0.796389  1.30674  
1.07926  1.18844  
1.09223  1.18606  
1.27775  1.1459  
1.28592  1.13448  
1.43054  1.06848  
1.48498  1.07577  
1.48553  1.07374  
1.47098  1.06968  
1.47162  1.06758  
1.45049  1.04442  
1.38768  1.06305  
1.35703  1.09287  
1.21855  1.13329  
1.22042  1.13128  
1.12481  1.1645  
1.13155  1.16044  
1.0635  1.21036  
1.05798  1.22591  
1.0713  1.22148  
1.08754  1.22905  
1.08751  1.24246  
1.1115  1.24189  
1.21884  1.20568  
1.22027  1.21709  
1.325  1.20385  
1.32249  1.2003  
1.44162  1.14843  
1.49835  1.12361  
1.50783  1.11853  
1.51634  1.11216  
1.54822  1.1089  
1.57557  1.09292  
1.57602  1.08807  
1.55518  1.11005  
1.55235  1.09705  
1.54417  1.10571  
1.49482  1.12542  
1.49784  1.12136  
1.4647  1.13873  
1.4672  1.14883  
1.45353  1.14662  
1.43797  1.17085  
1.43532  1.17799  
1.4787  1.16986  
1.47143  1.17712  
1.48243  1.20116  
1.49278  1.19388  
1.52288  1.19261  
1.54897  1.20388  
1.54935  1.19034  
1.6034  1.16768  
1.60056  1.17783  
1.62549  1.16309  
1.64347  1.16274  
1.64425  1.15524  
1.65748  1.14427  
1.66663  1.13664  
1.64968  1.14208  
1.65681  1.13768  
1.65764  1.13015  
1.62082  1.17648  
1.61819  1.1802  
1.61941  1.17242  
1.62876  1.16285  
1.62042  1.18083  
1.61939  1.17864  
1.61323  1.16806  
1.62351  1.16849  
1.64055  1.16037  
1.61721  1.1882  
1.6703  1.14246  
1.69147  1.13154  
1.70357  1.13316  
1.72246  1.11801  
1.72397  1.13311  
1.74281  1.13024  
1.75469  1.12016  
1.76646  1.12576  
1.78925  1.1164  
1.79906  1.10787  
1.80835  1.10749  
1.78692  1.12966  
1.79895  1.11893  
1.8259  1.11036  
1.81072  1.11203  
1.84219  1.07238  
1.84337  1.08499  
1.86952  1.05043  
1.86179  1.05298  
1.87047  1.04417  
1.86939  1.02912  
1.86147  1.03455  
1.90304  0.993445  
1.9322  0.965574  
1.90922  0.973091  
1.93303  0.96543  
1.94156  0.957001  
1.96948  0.922097  
2.00634  0.897857  
2.01169  0.879543  
2.03141  0.847888  
2.03953  0.840191  
2.04695  0.834424  
2.05451  0.82128  
2.06722  0.807927  
2.06531  0.805096  
2.0798  0.787438  
2.08734  0.775121  
2.06982  0.783228  
2.06054  0.803386  
2.03819  0.82887  
2.0437  0.830964  
2.04802  0.822247  
2.0555  0.807633  
2.06346  0.80495  
2.06903  0.797571  
2.04732  0.813697  
2.0628  0.797344  
2.07529  0.772999  
2.08405  0.764957  
2.09203  0.731978  
2.10066  0.724311  
2.13886  0.675346  
2.13889  0.670059  
2.11382  0.697247  
2.12169  0.676376  
2.13508  0.648502  
2.12137  0.657083  
2.11375  0.666645  
2.12004  0.662265  
2.07844  0.687675  
2.08292  0.685059  
2.02394  0.767946  
2.03132  0.758783  
2.03298  0.756481  
2.04106  0.743656  
2.04857  0.736844  
2.03508  0.768106  
2.05696  0.750904  
2.0661  0.742424  
2.09083  0.710238  
2.07708  0.717949  
2.07758  0.710522  
2.11452  0.653222  
2.12004  0.649894  
2.15554  0.614266  
2.14154  0.622795  
2.16812  0.565107  
2.20301  0.532942  
2.20849  0.52099  
2.21033  0.497494  
2.24797  0.456178  
2.23419  0.465702  
2.22855  0.454455  
2.23789  0.447799  
2.21366  0.456624  
2.1953  0.455873  
2.1787  0.458378  
2.15872  0.47231  
2.16757  0.46589  
2.19142  0.430803  
2.19416  0.423853  
2.19529  0.420177  
2.19432  0.403657  
2.19971  0.400335  
2.22775  0.357771  
2.23631  0.352163  
2.26704  0.299723  
2.28177  0.286106  
2.27243  0.280589  
2.27597  0.266685  
2.26793  0.270872  
2.26939  0.270941  
2.25405  0.252258  
2.24328  0.254319  
2.23619  0.258538  
2.21537  0.271758  
2.22702  0.257434  
2.22266  0.262315  
2.2316  0.257207  
2.26178  0.209535  
2.24738  0.222027  
2.2842  0.176693  
2.30404  0.130864  
2.31252  0.126849  
2.33853  0.0832011  
2.3537  0.0651631  
2.37477  0.032255  
2.4144  0.00800858  
2.39907  0.00591244  
2.45379  -0.0276313  
2.45263  -0.0379461  
2.49598  -0.0744163  
2.50447  -0.0715206  
2.52675  -0.0893887  
2.56003  -0.129769  
2.57046  -0.139124  
2.61055  -0.200662  
2.63541  -0.243344  
2.64921  -0.259263  
2.65183  -0.263151  
2.66457  -0.295601  
2.66478  -0.281945  
2.68029  -0.328376  
2.69416  -0.343799  
2.69571  -0.312078  
2.70966  -0.327875  
2.74031  -0.35928  
2.76662  -0.373321  
2.76287  -0.364544  
2.82282  -0.434672  
2.87636  -0.502408  
2.88362  -0.502822  
2.94298  -0.567434  
2.93536  -0.555311  
2.99021  -0.623991  
3.00121  -0.644727  
3.04205  -0.707507  
3.07596  -0.75188  
3.06278  -0.735424  
3.0876  -0.771678  
3.09654  -0.779735  
3.1178  -0.802278  
3.12163  -0.839287  
3.1091  -0.822607  
3.11804  -0.864502  
3.12159  -0.857039  
3.11528  -0.85473  
3.11446  -0.888988  
3.12628  -0.920943  
3.11408  -0.941633  
3.11089  -0.945176  
3.12487  -0.956723  
3.15575  -1.03702  
3.14894  -1.03781  
3.17181  -1.06854  
3.18506  -1.09711  
3.21136  -1.14714  
3.2315  -1.16102  
3.22886  -1.17345  
3.25325  -1.19885  
3.28921  -1.26051  
3.27878  -1.25141  
3.29707  -1.2748  
3.30377  -1.28218  
3.33484  -1.31837  
3.36204  -1.36754  
3.35637  -1.36191  
3.37315  -1.41429  
3.36991  -1.41287  
3.39295  -1.4722  
3.39602  -1.51439  
3.40791  -1.52719  
3.40716  -1.54353  
3.40187  -1.55519  
3.40117  -1.56674  
3.36866  -1.56404  
3.36879  -1.57064  
3.3563  -1.56251  
3.35401  -1.57234  
3.34285  -1.592  
3.36892  -1.60794  
3.3693  -1.61434  
3.3866  -1.64847  
3.40173  -1.65511  
3.41722  -1.67497  
3.41683  -1.68587  
3.42091  -1.70376  
3.42871  -1.76039  
3.42994  -1.76156  
3.4541  -1.76735  
3.45427  -1.7699  
3.45344  -1.75689  
3.45319  -1.76721  
3.446  -1.76317  
3.46244  -1.79567  
3.4516  -1.81939  
3.44739  -1.81069  
3.43852  -1.81323  
3.41442  -1.78068  
3.38837  -1.77388  
3.37951  -1.78037  
3.38032  -1.78573  
3.38354  -1.84111  
3.39926  -1.84651  
3.38687  -1.84053  
3.39094  -1.83202  
3.3861  -1.83105  
3.38204  -1.83439  
3.38557  -1.83984  
3.43228  -1.90968  
3.46902  -1.93497  
3.46809  -1.92996  
3.47327  -1.9318  
3.47025  -1.9214  
3.49299  -1.94114  
3.48183  -1.93367  
3.47774  -1.92469  
3.47123  -1.95476  
3.46778  -1.95307  
3.42817  -1.89879  
3.4287  -1.90362  
3.39504  -1.8748  
3.39578  -1.87988  
3.38207  -1.87668  
3.38826  -1.91241  
3.38915  -1.91722  
3.43435  -1.94391  
3.43497  -1.94859  
3.42535  -1.92694  
3.4307  -1.93838  
3.42752  -1.92599  
3.45697  -1.9528  
3.4538  -1.94043  
3.47358  -1.97229  
3.47194  -1.9782  
3.47237  -1.94412  
3.48225  -1.9719  
3.47157  -1.95389  
3.44544  -1.98073  
3.4457  -1.99695  
3.44687  -2.00153  
3.41362  -1.99912  
3.40266  -1.98442  
3.34544  -1.92567  
3.34267  -1.8869  
3.33947  -1.87932  
3.34866  -1.88693  
3.34952  -1.89276  
3.35642  -1.92112  
3.3626  -1.88764  
3.36326  -1.8936  
3.36536  -1.88701  
3.38093  -1.89942  
3.40794  -1.93413  
3.39781  -1.92585  
3.41197  -1.94423  
3.40681  -1.92927  
3.42583  -1.94911  
3.41445  -1.88931  
3.40479  -1.87083  
3.39044  -1.86301  
3.37915  -1.85312  
3.3729  -1.85812  
3.3433  -1.82843  
3.34357  -1.83534  
3.32703  -1.83374  
3.3281  -1.835  
3.31224  -1.78416  
3.33721  -1.82419  
3.33743  -1.83131  
3.34653  -1.8266  
3.37633  -1.87178  
3.37357  -1.85996  
3.38648  -1.87902  
3.38243  -1.87271  
3.3887  -1.8684  
3.39949  -1.86327  
3.41242  -1.87088  
3.41295  -1.85508  
3.41205  -1.83309  
3.41672  -1.8437  
3.41218  -1.8468  
3.43191  -1.86412  
3.42752  -1.87858  
3.42993  -1.87938  
3.41931  -1.86141  
3.41008  -1.86089  
3.41478  -1.89039  
3.38433  -1.88458  
3.38113  -1.88291  
3.37094  -1.86531  
3.38304  -1.85624  
3.37439  -1.8536  
3.38252  -1.86474  
3.38748  -1.82969  
3.38342  -1.82501  
3.39396  -1.83253  
3.40374  -1.84573  
3.41803  -1.85501  
3.43797  -1.92569  
3.43766  -1.93262  
3.42211  -1.96793  
3.43074  -1.98245  
3.42663  -1.97659  
3.43319  -2.01237  
3.42912  -2.00628  
3.42555  -2.01737  
3.4158  -2.00964  
3.40748  -2.00639  
3.3975  -1.96185  
3.39799  -1.97326  
3.38877  -1.94316  
3.38275  -1.9461  
3.38186  -1.93588  
3.36213  -1.91544  
3.35613  -1.91605  
3.33663  -1.90371  
3.3336  -1.90208  
3.3364  -1.90428  
3.3669  -1.94745  
3.36471  -1.93617  
3.38663  -1.93858  
3.38272  -1.93395  
3.40041  -1.96722  
3.40497  -1.94669  
3.40198  -1.94508  
3.37152  -1.92958  
3.36855  -1.92796  
3.38776  -1.95027  
3.3837  -1.94577  
3.38604  -1.9559  
3.38208  -1.95148  
3.36816  -1.95998  
3.3606  -1.94805  
3.35683  -1.94378  
3.34183  -1.94208  
3.33807  -1.93782  
3.3269  -1.96451  
3.32325  -1.96004  
3.31175  -1.94441  
3.30161  -1.92849  
3.29873  -1.92689  
3.29145  -1.90128  
3.30007  -1.90791  
3.31862  -1.92145  
3.31689  -1.93152  
3.33209  -1.94394  
3.3332  -1.94636  
3.35783  -1.95332  
3.35653  -1.96483  
3.36965  -1.96209  
3.36548  -1.95824  
3.35453  -1.9715  
3.37417  -1.98777  
3.37433  -1.99204  
3.37848  -2.00091  
3.38706  -2.00761  
3.37913  -2.00586  
3.39294  -2.01587  
3.37992  -2.01097  
3.37519  -1.9905  
3.37378  -2.00124  
3.36586  -1.99228  
3.35647  -1.98502  
3.34103  -1.97983  
3.32482  -1.9738  
3.30909  -1.96919  
3.30229  -1.98484  
3.29874  -1.98136  
3.31462  -2.00429  
3.31099  -2.00072  
3.32295  -2.03082  
3.31931  -2.02709  
3.31119  -2.01114  
3.32511  -2.02144  
3.32693  -2.01863  
3.31283  -2.01799  
3.32662  -2.02827  
3.31201  -2.00605  
3.3082  -2.00271  
3.31058  -2.00245  
3.30759  -2.00447  
3.30496  -2.00293  
3.29463  -2.00247  
3.28719  -1.99662  
3.27797  -2.00353  
3.26528  -1.99887  
3.2617  -1.9957  
3.24833  -2.00219  
3.24381  -1.99895  
3.21244  -1.9876  
3.20523  -1.97826  
3.20198  -1.97525  
3.17311  -1.94952  
3.16994  -1.94669  
3.17438  -1.92733  
3.18909  -1.95256  
3.18571  -1.94982  
3.2061  -1.96133  
3.23951  -1.99311  
3.25253  -2.01619  
3.24874  -2.01316  
3.23314  -2.0329  
3.22948  -2.02967  
3.24536  -2.05736  
3.23794  -2.07118  
3.25147  -2.08144  
3.25455  -2.09637  
3.25082  -2.09275  
3.23326  -2.08182  
3.22398  -2.08146  
3.21819  -2.06274  
3.21819  -2.07447  
3.23008  -2.07454  
3.19708  -2.06324  
3.21095  -2.07396  
3.18491  -2.07087  
3.1869  -2.08848  
3.17316  -2.07493  
3.17595  -2.08853  
3.17184  -2.08372  
3.16257  -2.09208  
3.15876  -2.10315  
3.17648  -2.1164  
3.16406  -2.13978  
3.15593  -2.12613  
3.17951  -2.16183  
3.20767  -2.18268  
3.19878  -2.18205  
3.21404  -2.20782  
3.20515  -2.20705  
3.19047  -2.18689  
3.18254  -2.18866  
3.19148  -2.20937  
3.19116  -2.21407  
3.18805  -2.21011  
3.17386  -2.19812  
3.18856  -2.21053  
3.16335  -2.20936  
3.16049  -2.20651  
3.17463  -2.21668  
3.13935  -2.20785  
3.13107  -2.20737  
3.11856  -2.18906  
3.10071  -2.16511  
3.09787  -2.18297  
3.06793  -2.16692  
3.06559  -2.16342  
3.06098  -2.17079  
3.06257  -2.17628  
3.05762  -2.16562  
3.06032  -2.16688  
3.06139  -2.16896  
3.05821  -2.16457  
3.03492  -2.1601  
3.03167  -2.16485  
3.0426  -2.19425  
3.05686  -2.2044  
3.07048  -2.21848  
3.06793  -2.2147  
3.04737  -2.21536  
3.04022  -2.21371  
3.03545  -2.20021  
3.01499  -2.2008  
3.01006  -2.18503  
2.98518  -2.14422  
2.96573  -2.14964  
2.9688  -2.14364  
2.94065  -2.13069  
2.93427  -2.12186  
2.93212  -2.13172  
2.91044  -2.14281  
2.91124  -2.1514  
2.92695  -2.20341  
2.92512  -2.19949  
2.9103  -2.22486  
2.90457  -2.23364  
2.90647  -2.23592  
2.91651  -2.21009  
2.91705  -2.21793  
2.90648  -2.21563  
2.89629  -2.20528  
2.90414  -2.20998  
2.8984  -2.23979  
2.89666  -2.23835  
2.88826  -2.23655  
2.87173  -2.21714  
2.87309  -2.23245  
2.85283  -2.23909  
2.83768  -2.23842  
2.84287  -2.25421  
2.83815  -2.27516  
2.83914  -2.2822  
2.83716  -2.28304  
2.83536  -2.27472  
2.84976  -2.27233  
2.85287  -2.29953  
2.85132  -2.29476  
2.84701  -2.29416  
2.84747  -2.30441  
2.87257  -2.33044  
2.87301  -2.34066  
2.88156  -2.34701  
2.8809  -2.34086  
2.89506  -2.34975  
2.89485  -2.37677  
2.88805  -2.37139  
2.89198  -2.35976  
2.87528  -2.37943  
2.87366  -2.37435  
2.85534  -2.37822  
2.83391  -2.3558  
2.84807  -2.36463  
2.82095  -2.32938  
2.8197  -2.32482  
2.81597  -2.31685  
2.81413  -2.31538  
2.80514  -2.35098  
2.81477  -2.36459  
2.81363  -2.35982  
2.80733  -2.37246  
2.80625  -2.36764  
2.81346  -2.38919  
2.81065  -2.40656  
2.81792  -2.42653  
2.80441  -2.43906  
2.8026  -2.43758  
2.80595  -2.41919  
2.79244  -2.40222  
2.78642  -2.40112  
2.76152  -2.34028  
2.77792  -2.34353  
2.73792  -2.32598  
2.71989  -2.31481  
2.71418  -2.31434  
2.73143  -2.36977  
2.73079  -2.36501  
2.71927  -2.40226  
2.70897  -2.3796  
2.70856  -2.38119  
2.69313  -2.40303  
2.69268  -2.39773  
2.69469  -2.40785  
2.71876  -2.42334  
2.71987  -2.42448  
2.72497  -2.4271  
2.72607  -2.42015  
2.71266  -2.38036  
2.72089  -2.38226  
2.72262  -2.38644  
2.69292  -2.36015  
2.69401  -2.36386  
2.65801  -2.34067  
2.62033  -2.34227  
2.62012  -2.33744  
2.60663  -2.34221  
2.60109  -2.32469  
2.58976  -2.33783  
2.56489  -2.31968  
2.55835  -2.3223  
2.54888  -2.32358  
2.5492  -2.33332  
2.5611  -2.36737  
2.58331  -2.38216  
2.58565  -2.39676  
2.58612  -2.40912  
2.58601  -2.40349  
2.58709  -2.39447  
2.58206  -2.39311  
2.58124  -2.41636  
2.57073  -2.43146  
2.57258  -2.43379  
2.55134  -2.41526  
2.53667  -2.39579  
2.50715  -2.37614  
2.50584  -2.36992  
2.49532  -2.36172  
2.48634  -2.35631  
2.48653  -2.36878  
2.49739  -2.38017  
2.50379  -2.38708  
2.50114  -2.3769  
2.49917  -2.34428  
2.50537  -2.36293  
2.51644  -2.36094  
2.52859  -2.3654  
2.52806  -2.36442  
2.53072  -2.36996  
2.52957  -2.37441  
2.52578  -2.38655  
2.5016  -2.35542  
2.50435  -2.34915  
2.47126  -2.34554  
2.4732  -2.35104  
2.44395  -2.32453  
2.42271  -2.32446  
2.42122  -2.32292  
2.41203  -2.34532  
2.41163  -2.33643  
2.4184  -2.36564  
2.4284  -2.37299  
2.42858  -2.37828  
2.43881  -2.40131  
2.44191  -2.40814  
2.4396  -2.40687  
2.44307  -2.42109  
2.43874  -2.41936  
2.45243  -2.44396  
2.46089  -2.45499  
2.45663  -2.45316  
2.44611  -2.43906  
2.44185  -2.4374  
2.42252  -2.44945  
2.41069  -2.44765  
2.42232  -2.46961  
2.38946  -2.45131  
2.38569  -2.44941  
2.37248  -2.44943  
2.33756  -2.4599  
2.32157  -2.4646  
2.32017  -2.47298  
2.29704  -2.48876  
2.29882  -2.48194  
2.27865  -2.4912  
2.2713  -2.49415  
2.24997  -2.50031  
2.2493  -2.50771  
2.23935  -2.52308  
2.24151  -2.53792  
2.24079  -2.54543  
2.23808  -2.56806  
2.24353  -2.56995  
2.22961  -2.58886  
2.22926  -2.59904  
2.22003  -2.60595  
2.19904  -2.61425  
2.20453  -2.61392  
2.19277  -2.62104  
2.17609  -2.61288  
2.17609  -2.60461  
2.17049  -2.60809  
2.16476  -2.61428  
2.16472  -2.63285  
2.16038  -2.66691  
2.16353  -2.66048  
2.18555  -2.69565  
2.16643  -2.68434  
2.16505  -2.6803  
2.1599  -2.69214  
2.15978  -2.70086  
2.16101  -2.71918  
2.15911  -2.72186  
2.15787  -2.71767  
2.13362  -2.68193  
2.12774  -2.68518  
2.08727  -2.6238  
2.07781  -2.6145  
2.08101  -2.6081  
2.05317  -2.59736  
2.05046  -2.5935  
2.04246  -2.59456  
2.04648  -2.58958  
2.05105  -2.59341  
2.06102  -2.61231  
2.06831  -2.59958  
2.06658  -2.62623  
2.08341  -2.66882  
2.0788  -2.68247  
2.10042  -2.67853  
2.10189  -2.68099  
2.11061  -2.70203  
2.10948  -2.69793  
2.09263  -2.7134  
2.0837  -2.7137  
2.08372  -2.72227  
2.07599  -2.70948  
2.08094  -2.69682  
2.05933  -2.66808  
2.04819  -2.64328  
2.03974  -2.64448  
2.0277  -2.59457  
2.02775  -2.60589  
2.03275  -2.60769  
2.0522  -2.60951  
2.04917  -2.61703  
2.04262  -2.60435  
2.03691  -2.60791  
2.04481  -2.60859  
2.04513  -2.61547  
2.03695  -2.62374  
2.03729  -2.63039  
1.99178  -2.59564  
1.95246  -2.52764  
1.95329  -2.53479  
1.93653  -2.50755  
1.93739  -2.51484  
1.92941  -2.5068  
1.92959  -2.52695  
1.93109  -2.52971  
1.94311  -2.54688  
1.94356  -2.53976  
1.97588  -2.58039  
1.97694  -2.57708  
1.98135  -2.5965  
1.99879  -2.60099  
1.99894  -2.60763  
2.03432  -2.64441  
2.03316  -2.64115  
2.02882  -2.6184  
2.02856  -2.62095  
2.02754  -2.61984  
2.0084  -2.59103  
2.0074  -2.58994  
1.98521  -2.57788  
1.9699  -2.57747  
1.96401  -2.58859  
1.9354  -2.58004  
1.93866  -2.56376  
1.93926  -2.57083  
1.93094  -2.58241  
1.92748  -2.58569  
1.93313  -2.6187  
1.93207  -2.6254  
1.93556  -2.63274  
1.96276  -2.64478  
1.96336  -2.63822  
1.96471  -2.60963  
1.97847  -2.61241  
1.97232  -2.6182  
1.97724  -2.60977  
1.97176  -2.61306  
1.9656  -2.61859  
1.96485  -2.61636  
1.94493  -2.63205  
1.94409  -2.63122  
1.9052  -2.62119  
1.87409  -2.63806  
1.87423  -2.6355  
1.86422  -2.66263  
1.86449  -2.65996  
1.85555  -2.67605  
1.86454  -2.68575  
1.86035  -2.68537  
1.85811  -2.65915  
1.85652  -2.64908  
1.88971  -2.67754  
1.88896  -2.67687  
1.90578  -2.6992  
1.91351  -2.7232  
1.9133  -2.72067  
1.9117  -2.76995  
1.8991  -2.75575  
1.89908  -2.75322  
1.87926  -2.78899  
1.87708  -2.79372  
1.82393  -2.75811  
1.8156  -2.75401  
1.8171  -2.76032  
1.80214  -2.77253  
1.79593  -2.76167  
1.79626  -2.74197  
1.79563  -2.7415  
1.80511  -2.73798  
1.81147  -2.7086  
1.81852  -2.72554  
1.83453  -2.74565  
1.84474  -2.75038  
1.86422  -2.76664  
1.87299  -2.77999  
1.8731  -2.77794  
1.86882  -2.76815  
1.85865  -2.76247  
1.84158  -2.75329  
1.81829  -2.75642  
1.81685  -2.74747  
1.81887  -2.75234  
1.80545  -2.76348  
1.80731  -2.75917  
1.80859  -2.76649  
1.80944  -2.76704  
1.81003  -2.76552  
1.82452  -2.74039  
1.82322  -2.72349  
1.82414  -2.73129  
1.85151  -2.76633  
1.85144  -2.76198  
1.86433  -2.74458  
1.8663  -2.73115  
1.86779  -2.73562  
1.84255  -2.71851  
1.84205  -2.71352  
1.81442  -2.71089  
1.80812  -2.71437  
1.80829  -2.71367  
1.78609  -2.73074  
1.78654  -2.73004  
1.7823  -2.74376  
1.76948  -2.76419  
1.77069  -2.77209  
1.78701  -2.79576  
1.77934  -2.79354  
1.7798  -2.79261  
1.79248  -2.83351  
1.80425  -2.85175  
1.81117  -2.88404  
1.82048  -2.88  
1.80915  -2.89727  
1.81395  -2.92772  
1.8101  -2.93291  
1.79065  -2.96106  
1.77749  -2.95504  
1.7771  -2.98966  
1.75428  -3.00653  
1.75638  -3.01255  
1.75762  -3.02204  
1.75046  -3.02192  
1.75357  -3.0442  
1.75569  -3.04107  
1.7505  -3.04801  
1.77216  -3.042  
1.77318  -3.04075  
1.77892  -3.05669  
1.79627  -3.06797  
1.79742  -3.06388  
1.79982  -3.07709  
1.80058  -3.07613  
1.79302  -3.08845  
1.78897  -3.09417  
1.76873  -3.09185  
1.74916  -3.10825  
1.75047  -3.1073  
1.74721  -3.12375  
1.74853  -3.12286  
1.73716  -3.13788  
1.73181  -3.1746  
1.73341  -3.17359  
1.73272  -3.17387  
1.73794  -3.16942  
1.74644  -3.19503  
1.73905  -3.22104  
1.74057  -3.22009  
1.75376  -3.27994  
1.75362  -3.28069  
1.75144  -3.34702  
1.75176  -3.34947  
1.74335  -3.37531  
1.73562  -3.38896  
1.73747  -3.38751  
1.72235  -3.41384  
1.71493  -3.40852  
1.72395  -3.41236  
1.70694  -3.38795  
1.70686  -3.38886  
1.71409  -3.38416  
1.71614  -3.38354  
1.7277  -3.40587  
1.73145  -3.42691  
1.73084  -3.43642  
1.72782  -3.48356  
1.73411  -3.48048  
1.73371  -3.5259  
1.73707  -3.54817  
1.74247  -3.55877  
1.74322  -3.57432  
1.73809  -3.58919  
1.73788  -3.60646  
1.71876  -3.61181  
1.71479  -3.59616  
1.71506  -3.60312  
1.70546  -3.5926  
1.68814  -3.55287  
1.6909  -3.56062  
1.67871  -3.54842  
1.68117  -3.5486  
1.65208  -3.53251  
1.64969  -3.5399  
1.63358  -3.53696  
1.63644  -3.56463  
1.63929  -3.56497  
1.64761  -3.58456  
1.64101  -3.57332  
1.64608  -3.59866  
1.64489  -3.61186  
1.63562  -3.60171  
1.62846  -3.58585  
1.62598  -3.59356  
1.61807  -3.57364  
1.62078  -3.57429  
1.61602  -3.56225  
1.60955  -3.55165  
1.58813  -3.55132  
1.56464  -3.54385  
1.56772  -3.54495  
1.54877  -3.55459  
1.54672  -3.56301  
1.55813  -3.58403  
1.55872  -3.60576  
1.55245  -3.61892  
1.54256  -3.60619  
1.53234  -3.59121  
1.53086  -3.59248  
1.53078  -3.58671  
1.52258  -3.57949  
1.52892  -3.54712  
1.52657  -3.55608  
1.52536  -3.57256  
1.52303  -3.58154  
1.51881  -3.61181  
1.51189  -3.63702  
1.51504  -3.6382  
1.52904  -3.69583  
1.52807  -3.70136  
1.54903  -3.73978  
1.55782  -3.74535  
1.54716  -3.76709  
1.56485  -3.79374  
1.56751  -3.7975  
1.58328  -3.77248  
1.58512  -3.75335  
1.58734  -3.75475  
1.56268  -3.71316  
1.56983  -3.69093  
1.55274  -3.71603  
1.54091  -3.70189  
1.54339  -3.70407  
1.53476  -3.69293  
1.53176  -3.70312  
1.52373  -3.70615  
1.53843  -3.72293  
1.53995  -3.71476  
1.57278  -3.75951  
1.56923  -3.76962  
1.57462  -3.75724  
1.57535  -3.74286  
1.58032  -3.73991  
1.56588  -3.72842  
1.56456  -3.72844  
1.56075  -3.73187  
1.53668  -3.71136  
1.53245  -3.70215  
1.52171  -3.69323  
1.51462  -3.6842  
1.5167  -3.6865  
1.50924  -3.69915  
1.50405  -3.7026  
1.51139  -3.6979  
1.51469  -3.70239  
1.51834  -3.70315  
1.52978  -3.70043  
1.5423  -3.69714  
1.53607  -3.71604  
1.54417  -3.74143  
1.54529  -3.73803  
1.52483  -3.74734  
1.52066  -3.75902  
1.49952  -3.76838  
1.4904  -3.78654  
1.49208  -3.78292  
1.46375  -3.80722  
1.46569  -3.80351  
1.45083  -3.80583  
1.44137  -3.82364  
1.43865  -3.81469  
1.4587  -3.8283  
1.46518  -3.81921  
1.44397  -3.83022  
1.44319  -3.82932  
1.44516  -3.86542  
1.45142  -3.87417  
1.44485  -3.88151  
1.44047  -3.90248  
1.44608  -3.89669  
1.44443  -3.91844  
1.42781  -3.90622  
1.4123  -3.90091  
1.42015  -3.8944  
1.42407  -3.8966  
1.41802  -3.86918  
1.42614  -3.85411  
1.42174  -3.85545  
1.42459  -3.83006  
1.42686  -3.81421  
1.41207  -3.8191  
1.40725  -3.81559  
1.40887  -3.81368  
1.39929  -3.812  
1.40089  -3.81014  
1.40672  -3.83678  
1.41253  -3.83133  
1.40222  -3.82832  
1.40311  -3.83409  
1.40162  -3.83666  
1.40464  -3.82232  
1.41051  -3.81696  
1.41367  -3.80082  
1.41752  -3.77021  
1.41693  -3.76988  
1.40836  -3.75535  
1.40947  -3.74586  
1.39352  -3.73216  
1.38207  -3.74399  
1.38204  -3.73855  
1.35582  -3.71982  
1.35964  -3.72287  
1.36013  -3.73027  
1.33838  -3.7403  
1.32753  -3.75768  
1.3186  -3.76957  
1.31995  -3.76775  
1.30334  -3.77218  
1.29262  -3.78326  
1.28805  -3.76815  
1.27722  -3.76308  
1.27199  -3.777  
1.2506  -3.77082  
1.22025  -3.80628  
1.21632  -3.81376  
1.18743  -3.80726  
1.18994  -3.80611  
1.15372  -3.83734  
1.15041  -3.85885  
1.14705  -3.86621  
1.14281  -3.90777  
1.14571  -3.90616  
1.1468  -3.93955  
1.16548  -3.9522  
1.17427  -3.94269  
1.18405  -3.97558  
1.19196  -3.99028  
1.18006  -4.00902  
1.1767  -4.02829  
1.17455  -4.02923  
1.14207  -4.04983  
1.13529  -4.05905  
1.10965  -4.05798  
1.10286  -4.06726  
1.07164  -4.07127  
1.06858  -4.07208  
1.04707  -4.03838  
1.04131  -4.04509  
1.04474  -4.04409  
1.0613  -4.00441  
1.06438  -4.00388  
1.05444  -3.98589  
1.04716  -3.98737  
1.05356  -3.98314  
1.02586  -3.98156  
1.01114  -3.97079  
0.990272  -3.97259  
0.98702  -3.98262  
0.981583  -3.97868  
0.961197  -4.00463  
0.945178  -4.00177  
0.91765  -4.01492  
0.916133  -4.02239  
0.908854  -4.01333  
0.91279  -4.01632  
0.9115  -4.02911  
0.895765  -4.04079  
0.8888  -4.05087  
0.854209  -4.0408  
0.836271  -4.03188  
0.834767  -4.02585  
0.819526  -4.01877  
0.802338  -4.01447  
0.800462  -4.00478  
0.795029  -4.01234  
0.784291  -4.0241  
0.767485  -4.02332  
0.764095  -4.0051  
0.777816  -4.02545  
0.778822  -4.02717  
0.777478  -4.02149  
0.7679  -4.04998  
0.766579  -4.04437  
0.745781  -4.0206  
0.74387  -4.03039  
0.724189  -4.0087  
0.724228  -3.9911  
0.723002  -3.98567  
0.697578  -3.96099  
0.69639  -3.95563  
0.67933  -3.93147  
0.67137  -3.91705  
0.677894  -3.89766  
0.6801  -3.88548  
0.686465  -3.88663  
0.664189  -3.87414  
0.656898  -3.88023  
0.650834  -3.86937  
0.641206  -3.90317  
0.639501  -3.89856  
0.653785  -3.90857  
0.663119  -3.95325  
0.660268  -3.94885  
0.63513  -3.96393  
0.636536  -3.97002  
0.642354  -4.02277  
0.641934  -4.03087  
0.620651  -4.04956  
0.593055  -4.04623  
0.598167  -4.04729  
0.566734  -4.07246  
0.501997  -4.07729  
0.482853  -4.09581  
0.476008  -4.09708  
0.455447  -4.12421  
0.455827  -4.11608  
0.448347  -4.1105  
0.454665  -4.11175  
0.446739  -4.15301  
0.478608  -4.14533  
0.484699  -4.1406  
0.507048  -4.15713  
0.495007  -4.16899  
0.494552  -4.16138  
0.460965  -4.17834  
0.466963  -4.17392  
0.442707  -4.20881  
0.436842  -4.2277  
0.436814  -4.22043  
0.417508  -4.22046  
0.403765  -4.21589  
0.388332  -4.23002  
0.393453  -4.20649  
0.404639  -4.20501  
0.387734  -4.16776  
0.393602  -4.15511  
0.363722  -4.13786  
0.341865  -4.12416  
0.339864  -4.11252  
0.331014  -4.11166  
0.330144  -4.12352  
0.321407  -4.12422  
0.316437  -4.13048  
0.308965  -4.13672  
0.329433  -4.14965  
0.343587  -4.14882  
0.341714  -4.15922  
0.367766  -4.13528  
0.386887  -4.14768  
0.370046  -4.13879  
0.387191  -4.13539  
0.372666  -4.15549  
0.36264  -4.19859  
0.373708  -4.19087  
0.341805  -4.21237  
0.338282  -4.2149  
0.336092  -4.2526  
0.309944  -4.28031  
0.315536  -4.2835  
0.317732  -4.28075  
0.324922  -4.29588  
0.315471  -4.2833  
0.324621  -4.26596  
0.324237  -4.26107  
0.336819  -4.26212  
0.336192  -4.25743  
0.316369  -4.27729  
0.310051  -4.28392  
0.317686  -4.26538  
0.314829  -4.29174  
0.314401  -4.2816  
0.327191  -4.2881  
0.325165  -4.27491  
0.328605  -4.26906  
0.324185  -4.25484  
0.323173  -4.2395  
0.318489  -4.22594  
0.337536  -4.19991  
0.350001  -4.19012  
0.337663  -4.19146  
0.345729  -4.17434  
0.33782  -4.18042  
0.342794  -4.19752  
0.343342  -4.20647  
0.361133  -4.24233  
0.366038  -4.24533  
0.397953  -4.26429  
0.402853  -4.26734  
0.402202  -4.30636  
0.424746  -4.32029  
0.427149  -4.31969  
0.444529  -4.33609  
0.45166  -4.33198  
0.454637  -4.33839  
0.468497  -4.33147  
0.461813  -4.34174  
0.454142  -4.34281  
0.455786  -4.34267  
0.434011  -4.34458  
0.427834  -4.35265  
0.42447  -4.34853  
0.421929  -4.3517  
0.418507  -4.34368  
0.419199  -4.33074  
0.410626  -4.31634  
0.405312  -4.31633  
0.395144  -4.30035  
0.389076  -4.29923  
0.379941  -4.28156  
0.369757  -4.27205  
0.370161  -4.26495  
0.344306  -4.2748  
0.343061  -4.26745  
0.323346  -4.2864  
0.293304  -4.2902  
0.291496  -4.29534  
0.27053  -4.33846  
0.267554  -4.34335  
0.244145  -4.36793  
0.242683  -4.37725  
0.242936  -4.38191  
0.208028  -4.39784  
0.209332  -4.40277  
0.181472  -4.40352  
0.162402  -4.41445  
0.169991  -4.41817  
0.147694  -4.43009  
0.14629  -4.42316  
0.117779  -4.44444  
0.121508  -4.44547  
0.0808905  -4.47305  
0.0722559  -4.50155  
0.0762621  -4.50253  
0.0668028  -4.51599  
0.0707337  -4.51698  
0.0627181  -4.49695  
0.0463987  -4.49572  
0.0387007  -4.48548  
0.033013  -4.47059  
0.0349311  -4.46335  
0.0346993  -4.45641  
0.029234  -4.45022  
0.0334619  -4.42748  
0.02127  -4.43071  
0.0158219  -4.42463  
0.00244142  -4.44431  
0.00574158  -4.45528  
-0.0166378  -4.47835  
-0.0373555  -4.48551  
-0.0328267  -4.49002  
-0.0671242  -4.49676  
-0.0628686  -4.50001  
-0.0704788  -4.4993  
-0.0686249  -4.51341  
-0.0755051  -4.5033  
-0.0720482  -4.51186  
-0.068829  -4.50419  
-0.0741973  -4.51745  
-0.0399945  -4.51048  
-0.036674  -4.51316  
-0.0198287  -4.51955  
-0.0215523  -4.51483  
-0.0562507  -4.54633  
-0.0827188  -4.54793  
-0.0793394  -4.55073  
-0.10385  -4.5423  
-0.100358  -4.54522  
-0.109629  -4.55358  
-0.127387  -4.5666  
-0.144014  -4.55603  
-0.15217  -4.55741  
-0.152502  -4.55957  
-0.12915  -4.57037  
-0.137401  -4.58114  
-0.121221  -4.57964  
-0.121492  -4.59629  
-0.114734  -4.59391  
-0.126957  -4.58275  
-0.156627  -4.59738  
-0.147097  -4.59929  
-0.171034  -4.63317  
-0.173922  -4.63397  
-0.206523  -4.62244  
-0.202402  -4.62779  
-0.213719  -4.63067  
-0.225278  -4.62922  
-0.221201  -4.63464  
-0.208745  -4.62554  
-0.208844  -4.61836  
-0.194451  -4.59411  
-0.19049  -4.58076  
-0.187877  -4.57962  
-0.176254  -4.55638  
-0.166075  -4.55452  
-0.156176  -4.53829  
-0.150849  -4.5231  
-0.153783  -4.52099  
-0.166188  -4.51397  
-0.164679  -4.51897  
-0.165132  -4.52739  
-0.172343  -4.52395  
-0.159197  -4.52062  
-0.168768  -4.50655  
-0.167614  -4.51164  
-0.177001  -4.48277  
-0.178407  -4.47314  
-0.177238  -4.46987  
-0.171487  -4.47173  
-0.173803  -4.46585  
-0.17599  -4.43875  
-0.162381  -4.42884  
-0.157985  -4.43005  
-0.178649  -4.44559  
-0.168629  -4.44628  
-0.16584  -4.44234  
-0.157544  -4.42953  
-0.162649  -4.42149  
-0.168378  -4.42493  
-0.189012  -4.43285  
-0.20773  -4.4565  
-0.211487  -4.48124  
-0.2292  -4.48148  
-0.236586  -4.48949  
-0.229255  -4.49284  
-0.241587  -4.50628  
-0.251097  -4.52826  
-0.258593  -4.54359  
-0.254259  -4.53884  
-0.239591  -4.54732  
-0.245707  -4.54897  
-0.233817  -4.52564  
-0.218416  -4.51498  
-0.21617  -4.4965  
-0.217555  -4.4947  
-0.216876  -4.49556  
-0.221766  -4.48949  
-0.209727  -4.46232  
-0.216654  -4.44364  
-0.211847  -4.42944  
-0.213151  -4.41859  
-0.2096  -4.41977  
-0.227251  -4.41109  
-0.234664  -4.41157  
-0.230538  -4.41385  
-0.24837  -4.39117  
-0.250677  -4.38485  
-0.248725  -4.35676  
-0.27135  -4.34843  
-0.257819  -4.34524  
-0.260229  -4.32878  
-0.266155  -4.33136  
-0.269508  -4.30343  
-0.266983  -4.29544  
-0.266871  -4.29325  
-0.270166  -4.30151  
-0.256876  -4.29062  
-0.248092  -4.28638  
-0.252473  -4.28529  
-0.258765  -4.28616  
-0.272184  -4.27166  
-0.278321  -4.27262  
-0.283544  -4.2865  
-0.27857  -4.27595  
-0.28791  -4.27586  
-0.293802  -4.27152  
-0.308951  -4.26355  
-0.318627  -4.25641  
-0.320744  -4.26365  
-0.334784  -4.27986  
-0.347167  -4.2842  
-0.359617  -4.31093  
-0.374711  -4.30708  
-0.383338  -4.30604  
-0.405607  -4.30603  
-0.424787  -4.30662  
-0.445043  -4.30724  
-0.459676  -4.31988  
-0.464255  -4.32032  
-0.474036  -4.30404  
-0.4762  -4.2997  
-0.481832  -4.30102  
-0.478715  -4.3046  
-0.468438  -4.30771  
-0.470569  -4.30871  
-0.453503  -4.32227  
-0.459992  -4.32367  
-0.463192  -4.31464  
-0.460139  -4.3217  
-0.474426  -4.31658  
-0.461499  -4.30937  
-0.452466  -4.30019  
-0.458793  -4.27833  
-0.462008  -4.28605  
-0.469893  -4.25904  
-0.468267  -4.24933  
-0.480047  -4.2281  
-0.473157  -4.21693  
-0.476295  -4.21992  
-0.482395  -4.20415  
-0.485615  -4.20725  
-0.517476  -4.1942  
-0.520756  -4.16846  
-0.531081  -4.17901  
-0.54154  -4.16619  
-0.552218  -4.15829  
-0.543816  -4.15534  
-0.554511  -4.13556  
-0.560849  -4.13694  
-0.553117  -4.1271  
-0.547362  -4.11707  
-0.535112  -4.11062  
-0.532591  -4.10904  
-0.535729  -4.11401  
-0.524033  -4.08502  
-0.530348  -4.09147  
-0.531338  -4.06165  
-0.521386  -4.04519  
-0.530012  -4.04851  
-0.520263  -4.03173  
-0.516994  -4.02936  
-0.534696  -4.0196  
-0.5268  -4.012  
-0.52737  -3.99468  
-0.521977  -3.98558  
-0.524521  -3.99293  
-0.514472  -3.9638  
-0.525019  -3.96977  
-0.522  -3.95219  
-0.534749  -3.93698  
-0.53808  -3.92896  
-0.550595  -3.90676  
-0.544421  -3.90823  
-0.555281  -3.89694  
-0.581849  -3.89257  
-0.595328  -3.89821  
-0.623909  -3.89093  
-0.623851  -3.89114  
-0.643732  -3.88951  
-0.646527  -3.88047  
-0.657634  -3.88636  
-0.650888  -3.85116  
-0.662632  -3.85519  
-0.654037  -3.83061  
-0.669867  -3.82274  
-0.655395  -3.81251  
-0.671692  -3.81893  
-0.67387  -3.81309  
-0.652193  -3.80655  
-0.647717  -3.79516  
-0.65069  -3.79328  
-0.636569  -3.79366  
-0.642365  -3.79813  
-0.637192  -3.79097  
-0.640652  -3.78725  
-0.638851  -3.7822  
-0.644633  -3.74963  
-0.63819  -3.74781  
-0.687241  -3.71608  
-0.68416  -3.70447  
-0.703853  -3.69958  
-0.733636  -3.68999  
-0.723568  -3.68153  
-0.754767  -3.67187  
-0.762069  -3.6747  
-0.772513  -3.6623  
-0.768795  -3.65155  
-0.764819  -3.64702  
-0.75899  -3.62617  
-0.745932  -3.63363  
-0.779438  -3.63796  
-0.789236  -3.62164  
-0.781969  -3.61546  
-0.813576  -3.62607  
-0.818258  -3.63368  
-0.825253  -3.63604  
-0.848237  -3.63965  
-0.841105  -3.63826  
-0.870687  -3.63736  
-0.87673  -3.6472  
-0.869512  -3.63618  
-0.882582  -3.63843  
-0.869615  -3.63399  
-0.884121  -3.60117  
-0.89042  -3.60631  
-0.90499  -3.58307  
-0.919091  -3.56374  
-0.923848  -3.56377  
-0.923736  -3.55219  
-0.919051  -3.5372  
-0.937257  -3.52557  
-0.927376  -3.51775  
-0.949622  -3.51696  
-0.946981  -3.51149  
-0.937219  -3.51274  
-0.930799  -3.51198  
-0.932276  -3.51812  
-0.920624  -3.48935  
-0.928073  -3.49976  
-0.921801  -3.47075  
-0.933544  -3.47497  
-0.940021  -3.46058  
-0.922834  -3.44574  
-0.917029  -3.44029  
-0.925312  -3.43887  
-0.918607  -3.42622  
-0.931806  -3.42088  
-0.91805  -3.41758  
-0.930632  -3.42343  
-0.919721  -3.41567  
-0.928193  -3.42129  
-0.909905  -3.40664  
-0.921807  -3.39647  
-0.919587  -3.39113  
-0.927894  -3.36683  
-0.936722  -3.37739  
-0.936155  -3.35947  
-0.94583  -3.35297  
-0.942459  -3.34635  
-0.958495  -3.34702  
-0.956223  -3.34307  
-0.980184  -3.33076  
-0.983616  -3.33074  
-0.977105  -3.32498  
-0.993928  -3.32185  
-1.00459  -3.33822  
-1.02217  -3.33216  
-1.02576  -3.32673  
-1.04125  -3.33662  
-1.0583  -3.33173  
-1.07564  -3.33107  
-1.09498  -3.32834  
-1.1267  -3.3474  
-1.1324  -3.3424  
-1.14719  -3.33958  
-1.1675  -3.34975  
-1.16647  -3.34473  
-1.17477  -3.3446  
-1.18891  -3.35495  
-1.17277  -3.35328  
-1.17714  -3.35893  
-1.18408  -3.36707  
-1.19129  -3.36709  
-1.20068  -3.37256  
-1.23798  -3.3819  
-1.24521  -3.37147  
-1.25436  -3.38171  
-1.2682  -3.36921  
-1.27733  -3.37947  
-1.28474  -3.3704  
-1.28772  -3.36663  
-1.29689  -3.37676  
-1.30663  -3.35586  
-1.31125  -3.36484  
-1.30627  -3.353  
-1.30482  -3.35417  
-1.30672  -3.34435  
-1.33498  -3.32089  
-1.34883  -3.30488  
-1.35353  -3.2915  
-1.33936  -3.28871  
-1.35756  -3.28303  
-1.35517  -3.27813  
-1.34884  -3.26385  
-1.35283  -3.2533  
-1.36284  -3.25933  
-1.36778  -3.24352  
-1.36478  -3.23927  
-1.36655  -3.24179  
-1.35215  -3.24229  
-1.34882  -3.24231  
-1.34449  -3.23853  
-1.3414  -3.23849  
-1.35772  -3.22623  
-1.35826  -3.21755  
-1.35372  -3.20716  
-1.34494  -3.19322  
-1.34382  -3.19001  
-1.35026  -3.18257  
-1.35027  -3.1815  
-1.34751  -3.17049  
-1.35466  -3.1664  
-1.36928  -3.17142  
-1.37969  -3.16869  
-1.39156  -3.17476  
-1.4099  -3.19367  
-1.40446  -3.19714  
-1.45185  -3.22015  
-1.47241  -3.22522  
-1.47246  -3.22422  
-1.52721  -3.24034  
-1.51952  -3.23651  
-1.5624  -3.24797  
-1.5838  -3.2474  
-1.59996  -3.26253  
-1.63416  -3.27253  
-1.63514  -3.26911  
-1.66056  -3.29092  
-1.68115  -3.29802  
-1.69223  -3.30354  
-1.7118  -3.32298  
-1.71192  -3.32206  
-1.7253  -3.32173  
-1.73866  -3.32939  
-1.74391  -3.33791  
-1.7655  -3.34151  
-1.76221  -3.34108  
-1.77866  -3.33611  
-1.77591  -3.33117  
-1.81448  -3.33118  
-1.81119  -3.33101  
-1.83722  -3.31369  
-1.85976  -3.32048  
-1.85646  -3.32056  
-1.87012  -3.29921  
-1.88164  -3.30534  
-1.89005  -3.30265  
-1.88679  -3.30293  
-1.86826  -3.28598  
-1.86592  -3.2817  
-1.86302  -3.28172  
-1.84599  -3.27264  
-1.84418  -3.26838  
-1.83096  -3.26751  
-1.82375  -3.27124  
-1.81556  -3.26466  
-1.82692  -3.2606  
-1.82717  -3.25986  
-1.85174  -3.25913  
-1.8556  -3.25554  
-1.86736  -3.24394  
-1.88228  -3.23653  
-1.88673  -3.23683  
-1.89821  -3.21583  
-1.92032  -3.21389  
-1.91833  -3.21438  
-1.92965  -3.19608  
-1.93156  -3.19793  
-1.94991  -3.19988  
-1.94523  -3.195  
-1.96539  -3.19831  
-1.96671  -3.18969  
-1.96786  -3.20282  
-1.96355  -3.20343  
-1.97745  -3.20774  
-1.97265  -3.20302  
-1.99186  -3.20739  
-1.99068  -3.20313  
-1.99235  -3.19122  
-2.01101  -3.18713  
-2.00991  -3.18306  
-2.03513  -3.17499  
-2.02715  -3.16997  
-2.02177  -3.15172  
-2.03752  -3.13292  
-2.0557  -3.12943  
-2.05451  -3.12569  
-2.05349  -3.09385  
-2.06624  -3.10521  
-2.06331  -3.08163  
-2.06642  -3.0688  
-2.06471  -3.06996  
-2.07161  -3.06643  
-2.07062  -3.06292  
-2.06755  -3.05226  
-2.07567  -3.04403  
-2.0702  -3.04448  
-2.07718  -3.0469  
-2.07647  -3.04334  
-2.09655  -3.03594  
-2.09574  -3.0324  
-2.10495  -3.02408  
-2.12555  -3.0144  
-2.12141  -3.01622  
-2.12932  -3.00397  
-2.13155  -3.00035  
-2.15921  -3.00135  
-2.15346  -2.9881  
-2.16939  -2.99677  
-2.16875  -2.98801  
-2.16829  -2.98974  
-2.18538  -2.99618  
-2.19208  -2.99455  
-2.19112  -2.99288  
-2.20106  -3.00965  
-2.20059  -3.00762  
-2.19468  -3.00532  
-2.20698  -3.01391  
-2.20111  -3.00633  
-2.20724  -3.01149  
-2.20871  -3.00714  
-2.2158  -3.01043  
-2.2102  -3.01492  
-2.21227  -3.01473  
-2.21396  -2.99866  
-2.22829  -3.00694  
-2.22846  -2.98725  
-2.22096  -2.98274  
-2.23868  -2.97511  
-2.24074  -2.95894  
-2.24  -2.95985  
-2.24733  -2.9497  
-2.24821  -2.9462  
-2.2599  -2.93565  
-2.26196  -2.92911  
-2.26295  -2.92513  
-2.26881  -2.92571  
-2.26944  -2.92205  
-2.28508  -2.91126  
-2.28157  -2.91077  
-2.29575  -2.91013  
-2.30554  -2.91667  
-2.30562  -2.91307  
-2.31693  -2.90275  
-2.31192  -2.90471  
-2.31699  -2.88456  
-2.32399  -2.89437  
-2.32384  -2.8826  
-2.31951  -2.87934  
-2.31978  -2.87582  
-2.32177  -2.85566  
-2.3322  -2.86604  
-2.33172  -2.84148  
-2.33249  -2.84295  
-2.33199  -2.82459  
-2.31962  -2.80617  
-2.31644  -2.79841  
-2.32255  -2.77871  
-2.31758  -2.78075  
-2.30101  -2.75719  
-2.29613  -2.75662  
-2.29958  -2.75363  
-2.28167  -2.7327  
-2.28102  -2.72886  
-2.2811  -2.73035  
-2.27658  -2.71759  
-2.27652  -2.71828  
-2.27555  -2.7033  
-2.27463  -2.70182  
-2.28404  -2.69226  
-2.27911  -2.69435  
-2.27788  -2.68281  
-2.2936  -2.66828  
-2.28977  -2.66873  
-2.29229  -2.65403  
-2.28849  -2.65448  
-2.29147  -2.64286  
-2.29239  -2.63974  
-2.3111  -2.62916  
-2.31157  -2.62423  
-2.31066  -2.6228  
-2.31862  -2.60349  
-2.336  -2.60919  
-2.33531  -2.60871  
-2.33785  -2.60116  
-2.33673  -2.59512  
-2.35037  -2.58591  
-2.34548  -2.58808  
-2.35179  -2.59025  
-2.35254  -2.58718  
-2.3609  -2.5849  
-2.35111  -2.57391  
-2.34726  -2.57432  
-2.35657  -2.56761  
-2.35363  -2.56331  
-2.35079  -2.53231  
-2.34452  -2.526  
-2.34362  -2.52462  
-2.35064  -2.50853  
-2.3502  -2.49968  
-2.34305  -2.47519  
-2.34232  -2.4622  
-2.33807  -2.46164  
-2.35464  -2.43682  
-2.35125  -2.43503  
-2.35244  -2.41043  
-2.34853  -2.41154  
-2.34934  -2.37849  
-2.34886  -2.35026  
-2.34611  -2.35232  
-2.34549  -2.32712  
-2.34459  -2.32579  
-2.33408  -2.31275  
-2.32387  -2.3107  
-2.3141  -2.29763  
-2.3094  -2.29413  
-2.30946  -2.28806  
-2.31489  -2.28238  
-2.31401  -2.27997  
-2.30822  -2.25371  
-2.30572  -2.23619  
-2.30973  -2.23147  
-2.32421  -2.20532  
-2.32022  -2.18647  
-2.33226  -2.1932  
-2.33249  -2.15924  
-2.34992  -2.16798  
-2.33371  -2.1457  
-2.33189  -2.14821  
-2.33696  -2.13731  
-2.3361  -2.13015  
-2.34665  -2.14239  
-2.32593  -2.12641  
-2.32903  -2.12057  
-2.32724  -2.10051  
-2.32845  -2.08462  
-2.33787  -2.08823  
-2.33001  -2.06645  
-2.32855  -2.06168  
-2.32708  -2.05145  
-2.33827  -2.0452  
-2.33879  -2.03118  
-2.32064  -2.0209  
-2.33818  -2.022  
-2.32229  -1.99856  
-2.30899  -1.99583  
-2.32413  -2.00088  
-2.30624  -1.97613  
-2.30214  -1.9781  
-2.29849  -1.96543  
-2.29446  -1.96737  
-2.27422  -1.95366  
-2.26405  -1.93396  
-2.27682  -1.94085  
-2.26524  -1.9264  
-2.26242  -1.92342  
-2.25906  -1.91269  
-2.2563  -1.90969  
-2.26485  -1.8851  
-2.26227  -1.86484  
-2.26137  -1.86368  
-2.27546  -1.84248  
-2.27262  -1.84505  
-2.27213  -1.83237  
-2.29459  -1.82041  
-2.29779  -1.81496  
-2.29931  -1.80122  
-2.29719  -1.80687  
-2.30346  -1.7844  
-2.29785  -1.77632  
-2.30551  -1.77111  
-2.30078  -1.76543  
-2.3021  -1.75074  
-2.29875  -1.74837  
-2.29957  -1.73966  
-2.29869  -1.74072  
-2.29799  -1.7322  
-2.30613  -1.73395  
-2.30188  -1.73627  
-2.3061  -1.73653  
-2.30275  -1.73396  
-2.30364  -1.72495  
-2.29551  -1.72308  
-2.29681  -1.72362  
-2.29667  -1.72003  
-2.29239  -1.72229  
-2.28541  -1.70247  
-2.303  -1.69887  
-2.29905  -1.69193  
-2.31057  -1.68284  
-2.30099  -1.68322  
-2.29997  -1.66616  
-2.29626  -1.65263  
-2.29883  -1.64692  
-2.30884  -1.64019  
-2.30593  -1.6418  
-2.30963  -1.63482  
-2.30736  -1.62807  
-2.30087  -1.63297  
-2.29607  -1.62547  
-2.29517  -1.62448  
-2.29933  -1.61136  
-2.29883  -1.61013  
-2.29717  -1.60013  
-2.28296  -1.57519  
-2.28828  -1.5663  
-2.29202  -1.54427  
-2.28913  -1.54733  
-2.27198  -1.52577  
-2.25992  -1.51148  
-2.25678  -1.50967  
-2.25678  -1.50714  
-2.25258  -1.51027  
-2.23286  -1.4963  
-2.23815  -1.50411  
-2.23407  -1.50707  
-2.22729  -1.51242  
-2.22442  -1.51022  
-2.21835  -1.48707  
-2.23386  -1.47541  
-2.2311  -1.47713  
-2.23479  -1.47314  
-2.2516  -1.47662  
-2.25535  -1.4683  
-2.26499  -1.47349  
-2.26476  -1.46638  
-2.28847  -1.46063  
-2.28661  -1.46145  
-2.30611  -1.46937  
-2.3173  -1.47586  
-2.31228  -1.48037  
-2.3261  -1.47584  
-2.33579  -1.477  
-2.34927  -1.47812  
-2.35737  -1.47421  
-2.37455  -1.48534  
-2.37215  -1.47865  
-2.38829  -1.48917  
-2.38683  -1.49757  
-2.40466  -1.50081  
-2.40421  -1.5033  
-2.4028  -1.50606  
-2.39824  -1.51252  
-2.4127  -1.51854  
-2.41949  -1.51892  
-2.41467  -1.52174  
-2.41292  -1.50785  
-2.40589  -1.50895  
-2.41211  -1.49933  
-2.40227  -1.47937  
-2.39769  -1.48257  
-2.40674  -1.48099  
-2.40149  -1.47586  
-2.38499  -1.46108  
-2.38536  -1.45284  
-2.37102  -1.44842  
-2.37123  -1.45602  
-2.36696  -1.45932  
-2.34914  -1.44596  
-2.3514  -1.4415  
-2.33266  -1.43885  
-2.31579  -1.43299  
-2.31828  -1.42852  
-2.30875  -1.42466  
-2.30208  -1.43193  
-2.30845  -1.43807  
-2.31191  -1.43395  
-2.29279  -1.42606  
-2.28275  -1.43538  
-2.27723  -1.43763  
-2.27583  -1.43367  
-2.26916  -1.44099  
-2.2667  -1.42919  
-2.26881  -1.41622  
-2.27061  -1.41435  
-2.27655  -1.41816  
-2.27517  -1.40951  
-2.2703  -1.39765  
-2.26666  -1.39904  
-2.27672  -1.38908  
-2.26638  -1.38659  
-2.26251  -1.37776  
-2.26488  -1.37357  
-2.26986  -1.39024  
-2.26789  -1.38974  
-2.26254  -1.38423  
-2.25278  -1.38614  
-2.24583  -1.37927  
-2.24616  -1.37444  
-2.2487  -1.37  
-2.26919  -1.36892  
-2.26508  -1.37225  
-2.26273  -1.37001  
-2.25492  -1.3661  
-2.25206  -1.36433  
-2.26429  -1.37006  
-2.26664  -1.36571  
-2.26112  -1.36763  
-2.25408  -1.36874  
-2.26025  -1.36118  
-2.26729  -1.36511  
-2.26295  -1.36303  
-2.25598  -1.35429  
-2.25376  -1.34774  
-2.25938  -1.3436  
-2.2512  -1.33718  
-2.25595  -1.33157  
-2.24636  -1.33464  
-2.24539  -1.33135  
-2.24765  -1.32737  
-2.23744  -1.32904  
-2.234  -1.32695  
-2.24718  -1.34032  
-2.24165  -1.34276  
-2.23578  -1.33539  
-2.2314  -1.33227  
-2.22469  -1.33982  
-2.20548  -1.31892  
-2.20407  -1.32401  
-2.18864  -1.33315  
-2.18297  -1.3365  
-2.18022  -1.33479  
-2.16454  -1.33994  
-2.1661  -1.34081  
-2.163  -1.34681  
-2.15622  -1.3557  
-2.15898  -1.35129  
-2.15936  -1.35816  
-2.16057  -1.34735  
-2.15787  -1.34549  
-2.15674  -1.34059  
-2.14003  -1.32771  
-2.14418  -1.31013  
-2.14568  -1.30663  
-2.14178  -1.31005  
-2.14512  -1.30973  
-2.12682  -1.2929  
-2.12878  -1.29329  
-2.13741  -1.29019  
-2.13003  -1.29978  
-2.13498  -1.30794  
-2.13381  -1.31157  
-2.12374  -1.30468  
-2.12692  -1.30398  
-2.13172  -1.2987  
-2.13659  -1.28705  
-2.1362  -1.28185  
-2.14836  -1.27509  
-2.13052  -1.26304  
-2.13075  -1.26162  
-2.13865  -1.25043  
-2.13555  -1.24328  
-2.14468  -1.23688  
-2.15438  -1.23673  
-2.15485  -1.23893  
-2.12847  -1.23298  
-2.1328  -1.23012  
-2.12986  -1.2185  
-2.13902  -1.21226  
-2.13967  -1.2129  
-2.1376  -1.20448  
-2.13896  -1.20198  
-2.12485  -1.21275  
-2.12629  -1.21017  
-2.12031  -1.20528  
-2.12061  -1.20786  
-2.12117  -1.22687  
-2.12251  -1.22422  
-2.11285  -1.22463  
-2.10132  -1.22957  
-2.1027  -1.22689  
-2.09371  -1.21314  
-2.09501  -1.21064  
-2.08743  -1.19697  
-2.08241  -1.2019  
-2.07199  -1.19293  
-2.07324  -1.19065  
-2.05774  -1.1801  
-2.05795  -1.18296  
-2.04038  -1.18065  
-2.04065  -1.18336  
-2.0274  -1.17704  
-2.00891  -1.17913  
-2.01024  -1.17689  
-1.99312  -1.17003  
-1.98814  -1.17518  
-1.9713  -1.17257  
-1.95468  -1.1632  
-1.95624  -1.15866  
-1.94593  -1.16298  
-1.92516  -1.16008  
-1.913  -1.15786  
-1.9091  -1.15786  
-1.91095  -1.15799  
-1.91219  -1.15584  
-1.90159  -1.1494  
-1.90272  -1.14734  
-1.8888  -1.144  
-1.88298  -1.12955  
-1.88299  -1.13277  
-1.87317  -1.12649  
-1.86875  -1.12678  
-1.87435  -1.12228  
-1.86975  -1.12264  
-1.85147  -1.10126  
-1.83552  -1.10036  
-1.82935  -1.10267  
-1.81417  -1.08978  
-1.81237  -1.09506  
-1.8079  -1.09801  
-1.80201  -1.11962  
-1.79646  -1.12498  
-1.75472  -1.13046  
-1.75742  -1.12739  
-1.75291  -1.13653  
-1.75027  -1.13562  
-1.73323  -1.12182  
-1.73565  -1.11656  
-1.73611  -1.11462  
-1.70543  -1.09887  
-1.72407  -1.10458  
-1.70183  -1.073  
-1.70131  -1.07665  
-1.70502  -1.0655  
-1.69853  -1.05887  
-1.69572  -1.05796  
-1.66889  -1.06927  
-1.66928  -1.07453  
-1.66769  -1.0759  
-1.66669  -1.0758  
-1.67161  -1.0759  
-1.65695  -1.07544  
-1.6457  -1.0663  
-1.64527  -1.06494  
-1.63574  -1.05145  
-1.62204  -1.04159  
-1.63462  -1.04955  
-1.61212  -1.03559  
-1.60525  -1.03301  
-1.59933  -1.03396  
-1.58087  -1.03365  
-1.58006  -1.03264  
-1.53773  -1.03034  
-1.52662  -1.03615  
-1.52587  -1.03503  
-1.50715  -1.03735  
-1.4962  -1.03388  
-1.48662  -1.03638  
-1.47165  -1.03907  
-1.47416  -1.03093  
-1.44761  -1.03964  
-1.44736  -1.03167  
-1.42703  -1.02993  
-1.43187  -1.02674  
-1.4077  -1.02439  
-1.39855  -1.03148  
-1.38863  -1.03694  
-1.36956  -1.04103  
-1.35932  -1.04206  
-1.34453  -1.03443  
-1.33969  -1.04342  
-1.33782  -1.04127  
-1.34173  -1.04344  
-1.33394  -1.04767  
-1.33648  -1.04447  
-1.3216  -1.04852  
-1.32424  -1.04184  
-1.30003  -1.04356  
-1.30298  -1.0366  
-1.274  -1.03265  
-1.28355  -1.04568  
-1.26395  -1.0414  
-1.23655  -1.04081  
-1.23273  -1.03976  
-1.18456  -1.04248  
-1.20305  -1.04774  
-1.18282  -1.04178  
-1.17927  -1.04321  
-1.17593  -1.04296  
-1.15936  -1.04606  
-1.14272  -1.05301  
-1.13573  -1.05302  
-1.13179  -1.05122  
-1.12485  -1.05118  
-1.12568  -1.04952  
-1.1246  -1.056  
-1.12241  -1.0593  
-1.11178  -1.05548  
-1.11035  -1.05767  
-1.12215  -1.06423  
-1.11722  -1.05601  
-1.10929  -1.05602  
-1.12289  -1.05997  
-1.11998  -1.05815  
-1.11036  -1.05442  
-1.1143  -1.05787  
-1.10935  -1.05508  
-1.0918  -1.07475  
-1.08355  -1.07455  
-1.0567  -1.08618  
-1.05472  -1.09509  
-1.05172  -1.10085  
-1.04803  -1.11549  
-1.03835  -1.11555  
-1.01599  -1.11813  
-1.0065  -1.12772  
-1.00123  -1.13153  
-0.977299  -1.12299  
-0.998892  -1.12696  
-0.980525  -1.12866  
-0.977601  -1.12807  
-0.973357  -1.14437  
-0.970545  -1.14056  
-0.949911  -1.14271  
-0.948308  -1.15597  
-0.943662  -1.15465  
-0.941406  -1.17026  
-0.940187  -1.16499  
-0.942955  -1.17276  
-0.950751  -1.17557  
-0.942589  -1.17661  
-0.930183  -1.17704  
-0.927029  -1.17378  
-0.934686  -1.19241  
-0.93143  -1.18902  
-0.931211  -1.2004  
-0.927952  -1.19694  
-0.915425  -1.2216  
-0.910423  -1.21736  
-0.902233  -1.21535  
-0.89916  -1.22087  
-0.894074  -1.2175  
-0.895886  -1.22502  
-0.893482  -1.22392  
-0.911484  -1.22568  
-0.907004  -1.24235  
-0.899037  -1.23685  
-0.897418  -1.24545  
-0.890726  -1.25312  
-0.882429  -1.26427  
-0.8776  -1.26448  
-0.870377  -1.27209  
-0.868963  -1.26933  
-0.857842  -1.26758  
-0.845391  -1.27219  
-0.847348  -1.27  
-0.845511  -1.27157  
-0.85006  -1.27232  
-0.842864  -1.27354  
-0.844565  -1.26566  
-0.840718  -1.27733  
-0.843192  -1.27491  
-0.822555  -1.28121  
-0.814393  -1.2784  
-0.792708  -1.27368  
-0.784919  -1.27767  
-0.783126  -1.27201  
-0.750648  -1.27517  
-0.75306  -1.27277  
-0.724396  -1.27585  
-0.714313  -1.27397  
-0.686488  -1.27516  
-0.679876  -1.27758  
-0.662079  -1.2704  
-0.636163  -1.27334  
-0.629759  -1.27565  
-0.617522  -1.2742  
-0.614996  -1.26943  
-0.597085  -1.25356  
-0.576456  -1.24649  
-0.595755  -1.2494  
-0.575294  -1.23543  
-0.573619  -1.23646  
-0.55676  -1.23293  
-0.55464  -1.23103  
-0.578996  -1.23626  
-0.574774  -1.23766  
-0.571062  -1.23658  
-0.568246  -1.25081  
-0.569001  -1.2532  
-0.584126  -1.25615  
-0.608439  -1.25571  
-0.601117  -1.25794  
-0.622305  -1.2669  
-0.619797  -1.26756  
-0.638319  -1.27519  
-0.635095  -1.27775  
-0.652756  -1.30113  
-0.677772  -1.31042  
-0.69568  -1.31243  
-0.698764  -1.33849  
-0.695107  -1.33741  
-0.697172  -1.35081  
-0.703329  -1.36283  
-0.694619  -1.35855  
-0.695132  -1.36504  
-0.703847  -1.36664  
-0.696568  -1.36792  
-0.700814  -1.37392  
-0.699305  -1.37204  
-0.692622  -1.38124  
-0.706984  -1.40261  
-0.698867  -1.3981  
-0.700921  -1.40683  
-0.691619  -1.40212  
-0.675709  -1.4131  
-0.656318  -1.41735  
-0.67005  -1.43167  
-0.657076  -1.42057  
-0.650524  -1.42287  
-0.6294  -1.41995  
-0.624424  -1.42039  
-0.6113  -1.41388  
-0.604829  -1.41234  
-0.593062  -1.41265  
-0.585977  -1.41357  
-0.587987  -1.41617  
-0.57506  -1.412  
-0.572273  -1.40557  
-0.566066  -1.40874  
-0.56737  -1.41558  
-0.564229  -1.41516  
-0.565775  -1.41185  
-0.539927  -1.38509  
-0.557932  -1.38452  
-0.537007  -1.37591  
-0.550502  -1.37612  
-0.548947  -1.34981  
-0.547196  -1.35886  
-0.538296  -1.35489  
-0.541  -1.35624  
-0.540165  -1.35164  
-0.539346  -1.36499  
-0.539997  -1.37835  
-0.538697  -1.37775  
-0.538999  -1.40496  
-0.554706  -1.41296  
-0.551147  -1.41401  
-0.545814  -1.42487  
-0.539682  -1.42523  
-0.545085  -1.42066  
-0.543902  -1.41957  
-0.549231  -1.40695  
-0.566422  -1.41165  
-0.560556  -1.4128  
-0.569818  -1.39538  
-0.563154  -1.38977  
-0.564823  -1.38933  
-0.560663  -1.39342  
-0.591173  -1.3888  
-0.587951  -1.39755  
-0.582093  -1.39871  
-0.604414  -1.41045  
-0.597808  -1.40487  
-0.602806  -1.39158  
-0.615273  -1.39197  
-0.613694  -1.39128  
-0.635797  -1.39168  
-0.632978  -1.38509  
-0.638505  -1.39698  
-0.635872  -1.3961  
-0.630831  -1.39407  
-0.639576  -1.40986  
-0.633073  -1.41052  
-0.643116  -1.43028  
-0.63378  -1.44415  
-0.618431  -1.45217  
-0.612674  -1.47029  
-0.601146  -1.47344  
-0.577348  -1.48607  
-0.572753  -1.48973  
-0.587521  -1.49063  
-0.580886  -1.48451  
-0.572908  -1.48384  
-0.571056  -1.475  
-0.539021  -1.46815  
-0.554446  -1.46086  
-0.540946  -1.45169  
-0.534509  -1.4469  
-0.536545  -1.45137  
-0.514113  -1.44271  
-0.496987  -1.44401  
-0.482668  -1.44048  
-0.479174  -1.43876  
-0.468128  -1.44642  
-0.445999  -1.44515  
-0.435412  -1.44642  
-0.404493  -1.42932  
-0.406375  -1.43177  
-0.39468  -1.42143  
-0.373646  -1.40792  
-0.375154  -1.40207  
-0.344919  -1.38137  
-0.339175  -1.3824  
-0.311535  -1.3514  
-0.334449  -1.35789  
-0.313925  -1.34772  
-0.314475  -1.34664  
-0.306703  -1.34035  
-0.2979  -1.34439  
-0.293308  -1.34453  
-0.269235  -1.34029  
-0.26979  -1.33909  
-0.270349  -1.34511  
-0.259965  -1.33904  
-0.240419  -1.33133  
-0.236596  -1.32234  
-0.230918  -1.32329  
-0.223205  -1.32436  
-0.224575  -1.32731  
-0.20387  -1.31654  
-0.199295  -1.30872  
-0.194668  -1.30871  
-0.168685  -1.3048  
-0.162785  -1.29863  
-0.146377  -1.29798  
-0.108474  -1.28932  
-0.104208  -1.28918  
-0.0573615  -1.28033  
-0.0533659  -1.28014  
-0.010667  -1.2591  
0.0191727  -1.24296  
0.0269975  -1.24526  
0.0642655  -1.2144  
0.073122  -1.2043  
0.116008  -1.17928  
0.122747  -1.17195  
0.127126  -1.16468  
0.153102  -1.1396  
0.157547  -1.13229  
0.166993  -1.12755  
0.16447  -1.12555  
0.197741  -1.11399  
0.201568  -1.11444  
0.181779  -1.12182  
0.19694  -1.1233  
0.20101  -1.12351  
0.196257  -1.12892  
0.20056  -1.12569  
0.193853  -1.13017  
0.193136  -1.12925  
0.189828  -1.11623  
0.1698  -1.12621  
0.167231  -1.12428  
0.175738  -1.11607  
0.154286  -1.11546  
0.156818  -1.11446  
0.165513  -1.10871  
0.1653  -1.10786  
0.168663  -1.10234  
0.175934  -1.09666  
0.156078  -1.10479  
0.161087  -1.10481  
0.182956  -1.09053  
0.18973  -1.08438  
0.177723  -1.07888  
0.177542  -1.07823  
0.200391  -1.05918  
0.187761  -1.06503  
0.192602  -1.06529  
0.19602  -1.0731  
0.197662  -1.06613  
0.235711  -1.05217  
0.235153  -1.05158  
0.236808  -1.06065  
0.260777  -1.04336  
0.266255  -1.04717  
0.29933  -1.033  
0.302961  -1.03749  
0.368924  -0.999838  
0.389758  -0.98335  
0.397929  -0.967959  
0.422565  -0.949369  
0.432544  -0.937316  
0.466371  -0.912384  
0.511884  -0.886729  
0.516859  -0.887226  
0.544392  -0.867502  
0.547693  -0.868595  
0.572895  -0.861333  
0.57329  -0.85494  
0.609443  -0.851991  
0.626679  -0.853571  
0.62901  -0.858206  
0.658535  -0.851118  
0.66159  -0.85174  
0.676986  -0.835721  
0.666858  -0.83956  
0.683268  -0.82538  
0.694759  -0.818104  
0.699376  -0.824456  
0.688784  -0.828652  
0.690914  -0.833454  
0.696537  -0.832076  
0.699987  -0.832398  
0.677734  -0.838899  
0.69928  -0.839887  
0.69786  -0.839456  
0.676277  -0.855279  
0.68004  -0.855236  
0.686782  -0.851667  
0.683454  -0.846942  
0.662897  -0.856703  
0.667453  -0.841536  
0.66406  -0.837698  
0.667947  -0.837677  
0.657758  -0.843515  
0.657284  -0.843498  
0.677152  -0.830839  
0.681024  -0.830827  
0.69174  -0.817667  
0.697778  -0.81076  
0.715388  -0.81171  
0.718989  -0.811764  
0.72267  -0.808551  
0.726168  -0.808498  
0.757879  -0.785494  
0.782663  -0.767706  
0.785882  -0.767989  
0.815453  -0.749856  
0.851483  -0.720155  
0.853171  -0.725352  
0.882022  -0.708283  
0.883981  -0.707264  
0.889641  -0.708907  
0.915877  -0.690618  
0.896861  -0.702216  
0.919226  -0.690769  
0.924758  -0.698809  
0.936946  -0.697  
0.940409  -0.707458  
0.942288  -0.706482  
0.960485  -0.69569  
0.940504  -0.706025  
0.967874  -0.683212  
0.973301  -0.683681  
0.978245  -0.676447  
0.971361  -0.691201  
0.976373  -0.683878  
0.969189  -0.684733  
0.967189  -0.684305  
0.943373  -0.69739  
0.943605  -0.698565  
0.932548  -0.703134  
0.92532  -0.711806  
0.927115  -0.710895  
0.90455  -0.726269  
0.90017  -0.728793  
0.892892  -0.724516  
0.905776  -0.717764  
0.905282  -0.71251  
0.890036  -0.717412  
0.887715  -0.713067  
0.88866  -0.716038  
0.890177  -0.715025  
0.896549  -0.712575  
0.895039  -0.70767  
0.896772  -0.706801  
0.910826  -0.693223  
0.921146  -0.691227  
0.924256  -0.691033  
0.942943  -0.668063  
0.94415  -0.673804  
0.956981  -0.654779  
0.948506  -0.650561  
0.950175  -0.649705  
0.981268  -0.618921  
0.983912  -0.619356  
0.982612  -0.628833  
0.988356  -0.633447  
0.991541  -0.631115  
0.986458  -0.63977  
0.989119  -0.639847  
0.987243  -0.650066  
0.992427  -0.637517  
1.00179  -0.638462  
1.01258  -0.627991  
1.01577  -0.636338  
1.01904  -0.624827  
1.02278  -0.607143  
1.02704  -0.591566  
1.02662  -0.582262  
1.03247  -0.57306  
1.03018  -0.565871  
1.03237  -0.554651  
1.02426  -0.563307  
1.02928  -0.569458  
1.03079  -0.56868  
1.02326  -0.580249  
1.02417  -0.586336  
1.03605  -0.591213  
1.01956  -0.605685  
1.03776  -0.609378  
1.04578  -0.606864  
1.03685  -0.6273  
1.04627  -0.625023  
1.05069  -0.617253  
1.06947  -0.603253  
1.0505  -0.614077  
1.07043  -0.580247  
1.07266  -0.580367  
1.06646  -0.585295  
1.06874  -0.585317  
1.08476  -0.565239  
1.09107  -0.562194  
1.08817  -0.562005  
1.09256  -0.561002  
1.09475  -0.56116  
1.08844  -0.55782  
1.09064  -0.558005  
1.09954  -0.552107  
1.10171  -0.552283  
1.10881  -0.537584  
1.1129  -0.530326  
1.09997  -0.52586  
1.09651  -0.516727  
1.10071  -0.509616  
1.08551  -0.505474  
1.09228  -0.499787  
1.09802  -0.493371  
1.09284  -0.496099  
1.09401  -0.491102  
1.07412  -0.508471  
1.07595  -0.517911  
1.07506  -0.510681  
1.08227  -0.52443  
1.05848  -0.536022  
1.06623  -0.539091  
1.05913  -0.547479  
1.06145  -0.547611  
1.07047  -0.535848  
1.07275  -0.536119  
1.08539  -0.511385  
1.08752  -0.511914  
1.09278  -0.505585  
1.08808  -0.500105  
1.08496  -0.500385  
1.09553  -0.492749  
1.11247  -0.483158  
1.11729  -0.481793  
1.11305  -0.487467  
1.1034  -0.495932  
1.10531  -0.496488  
1.12366  -0.505052  
1.12036  -0.505154  
1.14791  -0.497502  
1.14955  -0.497954  
1.14949  -0.495208  
1.15517  -0.482511  
1.15682  -0.483085  
1.15749  -0.482459  
1.16094  -0.475292  
1.1784  -0.470129  
1.18707  -0.465811  
1.19028  -0.466856  
1.17941  -0.479512  
1.18046  -0.479026  
1.20233  -0.483164  
1.20337  -0.482689  
1.22034  -0.481082  
1.21398  -0.484422  
1.23368  -0.499428  
1.24792  -0.495467  
1.24892  -0.495021  
1.26177  -0.491503  
1.26316  -0.498128  
1.28638  -0.473068  
1.29332  -0.464145  
1.29468  -0.466408  
1.30865  -0.459482  
1.31021  -0.461924  
1.32167  -0.447035  
1.33308  -0.444347  
1.32769  -0.444926  
1.31882  -0.45603  
1.31755  -0.458166  
1.32827  -0.465077  
1.33282  -0.46541  
1.33397  -0.465447  
1.34184  -0.476328  
1.343  -0.476185  
1.35249  -0.472315  
1.35247  -0.479274  
1.343  -0.485973  
1.36299  -0.469255  
1.35894  -0.468623  
1.37474  -0.45793  
1.37606  -0.456776  
1.38672  -0.453516  
1.37189  -0.460884  
1.37244  -0.460297  
1.38636  -0.456912  
1.38751  -0.45679  
1.40565  -0.446611  
1.41157  -0.459327  
1.41449  -0.46059  
1.40531  -0.474237  
1.40786  -0.465762  
1.4173  -0.462125  
1.41814  -0.461816  
1.44067  -0.453045  
1.45003  -0.441594  
1.45084  -0.441293  
1.4649  -0.430966  
1.47795  -0.414219  
1.4791  -0.402822  
1.49395  -0.38751  
1.50188  -0.382853  
1.51413  -0.377163  
1.51661  -0.379887  
1.52853  -0.374129  
1.53858  -0.364236  
1.53926  -0.364767  
1.55001  -0.368071  
1.5507  -0.368511  
1.56134  -0.372052  
1.56203  -0.3724  
1.57472  -0.362878  
1.58163  -0.365818  
1.58401  -0.35719  
1.57623  -0.363338  
1.57699  -0.363712  
1.59203  -0.342431  
1.59438  -0.334702  
1.58731  -0.331887  
1.58812  -0.332591  
1.57997  -0.337983  
1.5879  -0.335442  
1.58879  -0.336081  
1.58255  -0.337694  
1.582  -0.333222  
1.58212  -0.337016  
1.57184  -0.347211  
1.56805  -0.357422  
1.56816  -0.368406  
1.5727  -0.36624  
1.56688  -0.376182  
1.57786  -0.372315  
1.57894  -0.372519  
1.57957  -0.363938  
1.58224  -0.355793  
1.58538  -0.330107  
1.59577  -0.320894  
1.5967  -0.321724  
1.5984  -0.293842  
1.59931  -0.295004  
1.59911  -0.285802  
1.60912  -0.288141  
1.60725  -0.284968  
1.59829  -0.309893  
1.6027  -0.310724  
1.61501  -0.316166  
1.60919  -0.342148  
1.6069  -0.344364  
1.59574  -0.379407  
1.60755  -0.385949  
1.6085  -0.385973  
1.61425  -0.380389  
1.61138  -0.386337  
1.60689  -0.379346  
1.61439  -0.362033  
1.62563  -0.359254  
1.60695  -0.369313  
1.62756  -0.334923  
1.62842  -0.335566  
1.63469  -0.324234  
1.61729  -0.353083  
1.61823  -0.353533  
1.63212  -0.351211  
1.63299  -0.351662  
1.63581  -0.361054  
1.63666  -0.361388  
1.63854  -0.372711  
1.64854  -0.378934  
1.64914  -0.378804  
1.65042  -0.379043  
1.65101  -0.378915  
1.65853  -0.357232  
1.65012  -0.364096  
1.65071  -0.36397  
1.65984  -0.360549  
1.65781  -0.364724  
1.63638  -0.376794  
1.63397  -0.377859  
1.62875  -0.382191  
1.63871  -0.386492  
1.63214  -0.400198  
1.61888  -0.411384  
1.60874  -0.428577  
1.61527  -0.428783  
1.5967  -0.452078  
1.58775  -0.472307  
1.58283  -0.469684  
1.58266  -0.460352  
1.58388  -0.45967  
1.56634  -0.447582  
1.55019  -0.445438  
1.55309  -0.436865  
1.5434  -0.429189  
1.5449  -0.431657  
1.53559  -0.399679  
1.52953  -0.400054  
1.53247  -0.392094  
1.49692  -0.412343  
1.49749  -0.412228  
1.50541  -0.414754  
1.50597  -0.414641  
1.49173  -0.425409  
1.49312  -0.425482  
1.50137  -0.437941  
1.50261  -0.437883  
1.50106  -0.43831  
1.50223  -0.438263  
1.50991  -0.432888  
1.50757  -0.426308  
1.50866  -0.42644  
1.51906  -0.421909  
1.52003  -0.422102  
1.51655  -0.404706  
1.51752  -0.40513  
1.53491  -0.398977  
1.53708  -0.39641  
1.53421  -0.399092  
1.55181  -0.386929  
1.53861  -0.394883  
1.54271  -0.399512  
1.55279  -0.402926  
1.5567  -0.399165  
1.56606  -0.401965  
1.57255  -0.399716  
1.56369  -0.403505  
1.56966  -0.402444  
1.57512  -0.38951  
1.5856  -0.385874  
1.57641  -0.398853  
1.57705  -0.399346  
1.58507  -0.397338  
1.56558  -0.406888  
1.57486  -0.409744  
1.55856  -0.424183  
1.5594  -0.424382  
1.57099  -0.441138  
1.57153  -0.441049  
1.5567  -0.466462  
1.55724  -0.466375  
1.57428  -0.458236  
1.57735  -0.466488  
1.58621  -0.459982  
1.59433  -0.458698  
1.59507  -0.458456  
1.61254  -0.442254  
1.61492  -0.433558  
1.61722  -0.432298  
1.63234  -0.415649  
1.63289  -0.415561  
1.64226  -0.405544  
1.64281  -0.405455  
1.65028  -0.405915  
1.64851  -0.414242  
1.64901  -0.411547  
1.63477  -0.437691  
1.6343  -0.437143  
1.64181  -0.444336  
1.63942  -0.46254  
1.64015  -0.462192  
1.64087  -0.496967  
1.64167  -0.496185  
1.64344  -0.49521  
1.65237  -0.486962  
1.65315  -0.486286  
1.65034  -0.479641  
1.65294  -0.470214  
1.65482  -0.468849  
1.66419  -0.46635  
1.66455  -0.460164  
1.67657  -0.440897  
1.67856  -0.423504  
1.68184  -0.423086  
1.6911  -0.415307  
1.69088  -0.413156  
1.69951  -0.413887  
1.70753  -0.405272  
1.71601  -0.406479  
1.72431  -0.404185  
1.72488  -0.404087  
1.73151  -0.411619  
1.73208  -0.411522  
1.74461  -0.402463  
1.74513  -0.402691  
1.7794  -0.392472  
1.77981  -0.392752  
1.78986  -0.382017  
1.79025  -0.382402  
1.77916  -0.391472  
1.78169  -0.40622  
1.78221  -0.406319  
1.80927  -0.396845  
1.8106  -0.395401  
1.81693  -0.403635  
1.82042  -0.411576  
1.81048  -0.425062  
1.81943  -0.422706  
1.81991  -0.423416  
1.81005  -0.429548  
1.8234  -0.422575  
1.8265  -0.405153  
1.82919  -0.401959  
1.82929  -0.400798  
1.84063  -0.391758  
1.85151  -0.365493  
1.85344  -0.351215  
1.86368  -0.346953  
1.86321  -0.34926  
1.8735  -0.344964  
1.88872  -0.330159  
1.88934  -0.330031  
1.89574  -0.344087  
1.89731  -0.337384  
1.9039  -0.350512  
1.91062  -0.381582  
1.91119  -0.381668  
1.92143  -0.372888  
1.92129  -0.37962  
1.9267  -0.396267  
1.93914  -0.395352  
1.94016  -0.395479  
1.94921  -0.39367  
1.9498  -0.393501  
1.96653  -0.382794  
1.9722  -0.372032  
1.97479  -0.36118  
1.98473  -0.358739  
1.98528  -0.35891  
2.00212  -0.348067  
2.00278  -0.34792  
2.00828  -0.354949  
2.01535  -0.352271  
2.01603  -0.352121  
2.02203  -0.35794  
2.0227  -0.357788  
2.03817  -0.356917  
2.04669  -0.354297  
2.04729  -0.354335  
2.05496  -0.350263  
2.0556  -0.350321  
2.07303  -0.338827  
2.07363  -0.338982  
2.08696  -0.319485  
2.10232  -0.306079  
2.10284  -0.306563  
2.0922  -0.310782  
2.09286  -0.311199  
2.10145  -0.319565  
2.09343  -0.337517  
2.09379  -0.335479  
2.10124  -0.340831  
2.10197  -0.340648  
2.09384  -0.376405  
2.09457  -0.376222  
2.08151  -0.398  
2.07472  -0.410199  
2.0811  -0.410748  
2.08949  -0.417866  
2.07226  -0.416881  
2.07459  -0.421947  
2.08382  -0.416781  
2.08066  -0.424292  
2.08849  -0.416851  
2.08391  -0.422118  
2.08622  -0.412574  
2.08249  -0.412737  
2.08727  -0.412619  
2.08425  -0.420081  
2.08984  -0.412059  
2.0853  -0.427601  
2.09789  -0.418619  
2.09913  -0.417441  
2.12137  -0.410057  
2.11913  -0.41804  
2.14391  -0.410449  
2.1534  -0.418861  
2.15442  -0.417558  
2.17207  -0.397156  
2.17711  -0.407234  
2.19208  -0.396417  
2.22502  -0.38033  
2.23209  -0.386956  
2.24218  -0.373467  
2.2429  -0.37251  
2.25956  -0.359384  
2.27243  -0.352722  
2.27564  -0.347154  
2.2855  -0.342746  
2.28621  -0.342018  
2.32149  -0.319988  
2.32934  -0.334296  
2.32559  -0.334639  
2.32212  -0.339031  
2.32298  -0.338774  
2.32955  -0.353682  
2.33604  -0.353458  
2.34186  -0.369453  
2.35413  -0.37786  
2.35503  -0.376422  
2.34253  -0.388885  
2.34363  -0.387283  
2.35078  -0.393865  
2.34972  -0.402227  
2.36996  -0.40503  
2.37945  -0.392517  
2.37831  -0.400945  
2.37002  -0.396014  
2.369  -0.404385  
2.38542  -0.395281  
2.39178  -0.403759  
2.39835  -0.389644  
2.41005  -0.383683  
2.40822  -0.39622  
2.41798  -0.398728  
2.44199  -0.38722  
2.44267  -0.390555  
2.45429  -0.383412  
2.46822  -0.383007  
2.4671  -0.390933  
2.4955  -0.371522  
2.49724  -0.374466  
2.50802  -0.3676  
2.50977  -0.370546  
2.54221  -0.337128  
2.55214  -0.325117  
2.54873  -0.32114  
2.55928  -0.317706  
2.58756  -0.297804  
2.59057  -0.295615  
2.59153  -0.279848  
2.59395  -0.277109  
2.60454  -0.275533  
2.60696  -0.272789  
2.61651  -0.280437  
2.61945  -0.282591  
2.61819  -0.292921  
2.60305  -0.314323  
2.60452  -0.306589  
2.60941  -0.313279  
2.59825  -0.336857  
2.59404  -0.333729  
2.6064  -0.335634  
2.60531  -0.339744  
2.59959  -0.348431  
2.60158  -0.349838  
2.60388  -0.339222  
2.60609  -0.338549  
2.60716  -0.338183  
2.60107  -0.342073  
2.61704  -0.332609  
2.62019  -0.333735  
2.61318  -0.337901  
2.61426  -0.337522  
2.61701  -0.324468  
2.6181  -0.324083  
2.59645  -0.341313  
2.61297  -0.338494  
2.61846  -0.328526  
2.61471  -0.335577  
2.62692  -0.345696  
2.62551  -0.34347  
2.64477  -0.344823  
2.64334  -0.345346  
2.66495  -0.334102  
2.67758  -0.345855  
2.67912  -0.343051  
2.6782  -0.350572  
2.6758  -0.35142  
2.69781  -0.335295  
2.7167  -0.305659  
2.71816  -0.303059  
2.73315  -0.291776  
2.73563  -0.276734  
2.73779  -0.275777  
2.74943  -0.262372  
2.75057  -0.255627  
2.75766  -0.2217  
2.75911  -0.219879  
2.75688  -0.200562  
2.75123  -0.204007  
2.75035  -0.203063  
2.75354  -0.197079  
2.75524  -0.195386  
2.75557  -0.191253  
2.74916  -0.204339  
2.74701  -0.204532  
2.75236  -0.209502  
2.73131  -0.218881  
2.7341  -0.239098  
2.71435  -0.25377  
2.71479  -0.264151  
2.69537  -0.275154  
2.69722  -0.276866  
2.68184  -0.278216  
2.68294  -0.26969  
2.68277  -0.277819  
2.67936  -0.278975  
2.68169  -0.275912  
2.6645  -0.270305  
2.66694  -0.267303  
2.67147  -0.245732  
2.65941  -0.231956  
2.65817  -0.242518  
2.67185  -0.22043  
2.67315  -0.219898  
2.66705  -0.218499  
2.67617  -0.216737  
2.67759  -0.2035  
2.69183  -0.205141  
2.69598  -0.192805  
2.69018  -0.201964  
2.69657  -0.203  
2.6961  -0.211571  
2.70547  -0.209948  
2.71327  -0.208242  
2.71423  -0.184182  
2.7159  -0.191586  
2.71787  -0.189109  
2.72308  -0.195782  
2.72494  -0.194259  
2.74186  -0.181675  
2.72445  -0.189319  
2.74581  -0.166965  
2.74897  -0.160352  
2.74827  -0.158254  
2.76995  -0.157238  
2.77516  -0.144415  
2.77711  -0.141897  
2.7741  -0.134569  
2.7755  -0.133964  
2.79192  -0.144818  
2.78246  -0.144745  
2.79293  -0.148244  
2.80182  -0.157642  
2.78506  -0.162855  
2.7933  -0.176127  
2.78314  -0.190866  
2.78479  -0.19432  
2.79112  -0.193562  
2.7933  -0.189979  
2.78536  -0.195188  
2.79338  -0.192628  
2.78932  -0.200782  
2.78024  -0.200956  
2.78879  -0.193894  
2.77156  -0.19373  
2.77305  -0.193083  
2.77845  -0.175824  
2.75664  -0.183131  
2.7486  -0.18532  
2.73567  -0.183525  
2.73508  -0.181339  
2.69954  -0.192435  
2.70239  -0.188468  
2.66601  -0.21154  
2.66783  -0.206401  
2.63618  -0.220338  
2.6393  -0.215972  
2.6039  -0.247302  
2.59309  -0.254319  
2.59639  -0.249486  
2.56212  -0.270378  
2.56184  -0.261533  
2.5634  -0.260834  
2.56103  -0.240359  
2.5626  -0.239653  
2.54975  -0.246157  
2.53609  -0.260721  
2.53117  -0.25259  
2.53073  -0.241111  
2.53407  -0.237979  
2.5295  -0.221257  
2.53937  -0.21765  
2.53001  -0.209626  
2.52765  -0.205747  
2.53225  -0.200323  
2.52302  -0.203215  
2.52781  -0.197918  
2.5277  -0.184056  
2.54186  -0.185267  
2.545  -0.181384  
2.53446  -0.200254  
2.53443  -0.207103  
2.53916  -0.217831  
2.53482  -0.21997  
2.52743  -0.236743  
2.51995  -0.250462  
2.51992  -0.256582  
2.52986  -0.249868  
2.51381  -0.252448  
2.51548  -0.257025  
2.51104  -0.248839  
2.49321  -0.263921  
2.49949  -0.254272  
2.48645  -0.269538  
2.4978  -0.251889  
2.48976  -0.252744  
2.49467  -0.24415  
2.50059  -0.241498  
2.50488  -0.239917  
2.49626  -0.241415  
2.51564  -0.217692  
2.5138  -0.224555  
2.53109  -0.217386  
2.52029  -0.214391  
2.52305  -0.208864  
2.51253  -0.205314  
2.52484  -0.195801  
2.50774  -0.210303  
2.50734  -0.207988  
2.51904  -0.220792  
2.50677  -0.22978  
2.50668  -0.235483  
2.4977  -0.226614  
2.50348  -0.231225  
2.50409  -0.234343  
2.50228  -0.240634  
2.50222  -0.246073  
2.51272  -0.229178  
2.51257  -0.234703  
2.51695  -0.210623  
2.50993  -0.208112  
2.51298  -0.213334  
2.50133  -0.214089  
2.50426  -0.207716  
2.50789  -0.196949  
2.51859  -0.175356  
2.50619  -0.174979  
2.51328  -0.161005  
2.51868  -0.159037  
2.53024  -0.13403  
2.52664  -0.130874  
2.5266  -0.125844  
2.51988  -0.110347  
2.52764  -0.08625  
2.5114  -0.0905916  
2.51086  -0.0762761  
2.49722  -0.0767544  
2.46958  -0.0672386  
2.47208  -0.0780673  
2.44635  -0.067618  
2.44653  -0.0743686  
2.43409  -0.079775  
2.41871  -0.0825399  
2.40543  -0.0813252  
2.39819  -0.0758187  
2.3986  -0.0823262  
2.39165  -0.065578  
2.40102  -0.0612675  
2.39431  -0.0414197  
2.39304  -0.0434598  
2.38156  -0.0456862  
2.3705  -0.0424918  
2.37203  -0.0387243  
2.3683  -0.0321212  
2.36274  -0.0255644  
2.34808  -0.0309006  
2.34041  -0.016522  
2.3499  -0.0143047  
2.34088  -0.0109902  
2.33425  -0.00529002  
2.32034  0.00109628  
2.34235  0.0141293  
2.34494  0.0204031  
2.35351  0.0299806  
2.34706  0.0334233  
2.36067  0.027712  
2.38433  0.0378949  
2.38809  0.0403525  
2.41269  0.048792  
2.42407  0.038683  
2.43874  0.0445475  
2.45522  0.0371552  
2.46331  0.0484093  
2.4875  0.0459157  
2.52967  0.0746375  
2.52751  0.0762177  
2.55146  0.0699024  
2.55342  0.0708664  
2.57235  0.0727625  
2.58056  0.0768991  
2.59743  0.0803813  
2.61009  0.0768859  
2.61207  0.0778566  
2.62936  0.0858394  
2.63728  0.0855201  
2.65187  0.0891195  
2.65717  0.0950044  
2.66042  0.107985  
2.67563  0.115962  
2.67092  0.105924  
2.69025  0.115116  
2.68711  0.128309  
2.691  0.136926  
2.68598  0.142665  
2.68916  0.151903  
2.69504  0.143114  
2.69534  0.128306  
2.69398  0.117447  
2.70651  0.127303  
2.71073  0.131373  
2.72671  0.141024  
2.74084  0.148911  
2.74391  0.137179  
2.75937  0.141685  
2.76295  0.128221  
2.77485  0.140271  
2.78788  0.155314  
2.79107  0.157415  
2.81439  0.147746  
2.8206  0.155738  
2.8259  0.144328  
2.85531  0.167911  
2.85477  0.161536  
2.87285  0.188831  
2.8783  0.180928  
2.89483  0.193491  
2.9  0.177315  
2.90244  0.183714  
2.90274  0.212313  
2.90485  0.213361  
2.91482  0.234211  
2.91397  0.222614  
2.91107  0.224269  
2.91733  0.209148  
2.91811  0.223507  
2.92359  0.208586  
2.92932  0.203142  
2.90593  0.187006  
2.91842  0.195769  
2.92419  0.182485  
2.90986  0.180034  
2.91028  0.17767  
2.91908  0.163632  
2.8941  0.139511  
2.89723  0.147187  
2.90591  0.15874  
2.89048  0.158402  
2.89173  0.162456  
2.90092  0.168536  
2.89034  0.16067  
2.89355  0.168257  
2.89636  0.176719  
2.87123  0.15221  
2.88061  0.158589  
2.88309  0.162779  
2.89236  0.169104  
2.8669  0.146568  
2.87018  0.154553  
2.86625  0.155304  
2.86714  0.159353  
2.85198  0.15953  
2.85644  0.184809  
2.85975  0.192467  
2.86057  0.202644  
2.84548  0.202447  
2.83825  0.195977  
2.84475  0.189602  
2.83269  0.210553  
2.83375  0.214707  
2.84289  0.226101  
2.83533  0.223888  
2.82332  0.207546  
2.8246  0.212152  
2.83486  0.218327  
2.81586  0.209254  
2.81594  0.210754  
2.82286  0.223914  
2.81693  0.199652  
2.8058  0.194544  
2.80584  0.197447  
2.8008  0.187828  
2.80385  0.200734  
2.8197  0.220308  
2.82976  0.229124  
2.81145  0.216462  
2.82262  0.221151  
2.82287  0.216492  
2.82817  0.226304  
2.83836  0.247098  
2.82918  0.245837  
2.83748  0.265354  
2.84067  0.273294  
2.82317  0.267076  
2.81555  0.2718  
2.81649  0.284859  
2.81241  0.312968  
2.81333  0.329381  
2.79725  0.34766  
2.78574  0.358213  
2.79008  0.350026  
2.77847  0.366144  
2.77946  0.372639  
2.77335  0.372486  
2.75582  0.371143  
2.74374  0.350595  
2.73091  0.348922  
2.71527  0.337564  
2.71103  0.334695  
2.69129  0.330042  
2.69029  0.331035  
2.67152  0.315833  
2.67625  0.321135  
2.67263  0.327853  
2.66724  0.329764  
2.6528  0.329952  
2.66979  0.34138  
2.66291  0.343338  
2.66824  0.33454  
2.67996  0.351878  
2.66323  0.339011  
2.66712  0.342952  
2.67785  0.353256  
2.68803  0.365941  
2.69827  0.364968  
2.69862  0.359922  
2.70377  0.375765  
2.70411  0.374703  
2.72387  0.385066  
2.71857  0.39752  
2.72188  0.405427  
2.74886  0.443784  
2.73041  0.430325  
2.74089  0.431418  
2.73963  0.438243  
2.74651  0.443891  
2.74818  0.450954  
2.74833  0.445486  
2.75905  0.45423  
2.76848  0.460266  
2.75446  0.45535  
2.75465  0.45  
2.74061  0.452491  
2.73285  0.451113  
2.73318  0.445932  
2.72496  0.448872  
2.72539  0.446709  
2.71372  0.469086  
2.70074  0.474661  
2.70434  0.482532  
2.68722  0.468968  
2.69068  0.479809  
2.67058  0.477595  
2.66161  0.471927  
2.66535  0.480016  
2.6514  0.502259  
2.6329  0.494517  
2.62081  0.503013  
2.62163  0.49771  
2.62726  0.519277  
2.61592  0.504631  
2.61811  0.537907  
2.61302  0.542473  
2.59539  0.529272  
2.5863  0.547818  
2.59016  0.555306  
2.57986  0.568018  
2.5837  0.57542  
2.57108  0.579469  
2.56455  0.585344  
2.56538  0.579471  
2.57302  0.584631  
2.55528  0.57116  
2.56315  0.587089  
2.56695  0.587067  
2.55892  0.586515  
2.55305  0.570444  
2.55678  0.578273  
2.56924  0.578039  
2.55151  0.565265  
2.56379  0.582035  
2.56435  0.576807  
2.55217  0.580268  
2.55278  0.57513  
2.54665  0.575713  
2.52895  0.563205  
2.53647  0.571525  
2.53096  0.549921  
2.51318  0.537683  
2.5172  0.539194  
2.52033  0.542544  
2.50065  0.526836  
2.4996  0.517807  
2.4996  0.517807  
2.49509  0.496824  
2.50438  0.515988  
2.49139  0.499801  
2.50068  0.518964  
2.4942  0.535258  
2.48837  0.543842  
2.47255  0.537599  
2.46931  0.552603  
2.46957  0.555905  
2.46587  0.569374  
2.4451  0.560716  
2.45122  0.565414  
2.44472  0.568129  
2.44831  0.583778  
2.4239  0.578353  
2.42626  0.575656  
2.41157  0.577104  
2.41432  0.565004  
2.39961  0.566631  
2.39716  0.556955  
2.39119  0.558303  
2.39824  0.571943  
2.38047  0.562954  
2.37157  0.553415  
2.35424  0.549927  
2.3581  0.559428  
2.34007  0.541434  
2.32552  0.543568  
2.32925  0.558369  
2.31744  0.56639  
2.29992  0.555061  
2.28625  0.566727  
2.29349  0.576843  
2.29412  0.590597  
2.28015  0.58057  
2.283  0.586898  
2.28138  0.578849  
2.29297  0.595789  
2.27337  0.587641  
2.27738  0.577814  
2.28115  0.587518  
2.28721  0.598163  
2.30149  0.604068  
2.30647  0.595772  
2.31436  0.617669  
2.31436  0.617669  
2.31988  0.633399  
2.32265  0.634834  
2.33442  0.656253  
2.35795  0.652789  
2.34224  0.646707  
2.34467  0.636994  
2.35153  0.638673  
2.3554  0.648891  
2.35153  0.646237  
2.35586  0.652675  
2.35442  0.641068  
2.36577  0.652652  
2.34296  0.62588  
2.32445  0.624976  
2.31892  0.617121  
2.30659  0.614459  
2.31371  0.609297  
2.28825  0.599094  
2.27038  0.588429  
2.26995  0.583741  
2.24763  0.568904  
2.25145  0.579637  
2.23304  0.583966  
2.24343  0.592687  
2.22125  0.586517  
2.22507  0.597003  
2.22405  0.604057  
2.21392  0.614329  
2.22009  0.619938  
2.18897  0.6205  
2.19843  0.620181  
2.17687  0.624767  
2.18266  0.645462  
2.16074  0.633598  
2.16058  0.63022  
2.15965  0.657807  
2.13363  0.652625  
2.1493  0.657882  
2.13937  0.66631  
2.14841  0.683022  
2.13823  0.679092  
2.12979  0.693345  
2.13357  0.703099  
2.13192  0.717405  
2.13559  0.729744  
2.13677  0.733743  
2.14124  0.759554  
2.13006  0.745983  
2.14087  0.765356  
2.12304  0.753613  
2.13642  0.770932  
2.13577  0.764898  
2.14535  0.764572  
2.13508  0.74316  
2.13798  0.744665  
2.14075  0.719219  
2.14985  0.73822  
2.16047  0.726581  
2.15747  0.715182  
2.15787  0.711827  
2.16543  0.709643  
2.15064  0.711701  
2.16258  0.715066  
2.14455  0.704561  
2.15311  0.710369  
2.14839  0.713133  
2.14884  0.710017  
2.12966  0.712397  
2.13021  0.709322  
2.12191  0.717381  
2.12676  0.704817  
2.13532  0.702828  
2.11975  0.708998  
2.12974  0.724621  
2.13639  0.739296  
2.12083  0.733496  
2.13756  0.758117  
2.13911  0.755144  
2.14883  0.780806  
2.14004  0.770026  
2.14977  0.785281  
2.15485  0.784424  
2.14885  0.796229  
2.14928  0.792788  
2.14076  0.798985  
2.15069  0.784424  
2.12963  0.775231  
2.12893  0.791039  
2.12944  0.787796  
2.11566  0.78988  
2.11801  0.795668  
2.10652  0.796092  
2.10029  0.804527  
2.10099  0.801118  
2.08674  0.810747  
2.06895  0.800046  
2.05181  0.823912  
2.04796  0.816579  
2.04835  0.811282  
2.03197  0.804014  
2.03197  0.804014  
2.02735  0.805898  
2.03037  0.807465  
2.01113  0.79109  
2.00259  0.789408  
2.0116  0.808211  
1.99508  0.785351  
1.99796  0.79885  
1.98234  0.793431  
1.9914  0.803234  
1.96177  0.796471  
1.96554  0.806921  
1.95161  0.805372  
1.95282  0.819651  
1.95373  0.81658  
1.94882  0.833815  
1.93122  0.823513  
1.94504  0.836073  
1.94323  0.848757  
1.94761  0.837097  
1.94346  0.843379  
1.95266  0.869958  
1.94478  0.867875  
1.9434  0.883234  
1.95482  0.890464  
1.94943  0.910746  
1.95131  0.908364  
1.94868  0.919899  
1.91705  0.925601  
1.92149  0.928187  
1.90851  0.921239  
1.91195  0.944108  
1.90509  0.938101  
1.90402  0.942688  
1.88563  0.94189  
1.87651  0.958257  
1.87656  0.946019  
1.8667  0.966112  
1.87126  0.975383  
1.87688  0.986899  
1.84598  0.99977  
1.84717  0.992142  
1.82346  1.01142  
1.81991  1.02331  
1.82392  1.03222  
1.80559  1.03233  
1.81033  1.02687  
1.80576  1.04013  
1.78628  1.04392  
1.79034  1.05276  
1.79478  1.05932  
1.78083  1.05637  
1.77272  1.06033  
1.78028  1.08189  
1.792  1.08507  
1.77445  1.09549  
1.7854  1.10206  
1.76009  1.10488  
1.77605  1.12126  
1.7699  1.12721  
1.75278  1.14218  
1.76918  1.14681  
1.74907  1.17251  
1.74944  1.17639  
1.73789  1.17056  
1.74189  1.17852  
1.7441  1.1896  
1.75286  1.20089  
1.75323  1.20479  
1.74695  1.19914  
1.75578  1.21042  
1.75615  1.21433  
1.75876  1.20887  
1.76695  1.20164  
1.76862  1.23522  
1.75363  1.23613  
1.74678  1.23992  
1.72356  1.24144  
1.73469  1.24737  
1.73292  1.2741  
1.7181  1.27483  
1.69361  1.26609  
1.69163  1.27463  
1.69506  1.28593  
1.67914  1.28204  
1.67345  1.29087  
1.661  1.2983  
1.66428  1.30002  
1.66887  1.32123  
1.66659  1.32286  
1.67339  1.31602  
1.66054  1.33497  
1.66384  1.33669  
1.64367  1.33152  
1.6499  1.36194  
1.65321  1.36368  
1.63506  1.38142  
1.6429  1.3788  
1.62266  1.37353  
1.62441  1.39204  
1.62507  1.38217  
1.6308  1.40592  
1.61309  1.3897  
1.60674  1.4007  
1.62257  1.41217  
1.62321  1.40081  
1.64202  1.42383  
1.62645  1.41884  
1.65129  1.44586  
1.65534  1.45304  
1.65228  1.4557  
1.6592  1.46071  
1.64429  1.46114  
1.66398  1.45701  
1.64903  1.45762  
1.64315  1.46662  
1.64688  1.44891  
1.64239  1.43859  
1.65198  1.4285  
1.63642  1.42362  
1.65058  1.42549  
1.65331  1.43855  
1.65445  1.42807  
1.64479  1.42085  
1.65193  1.41392  
1.6448  1.4132  
1.64728  1.40908  
1.64291  1.40748  
1.64058  1.40066  
1.62131  1.4031  
1.61332  1.40464  
1.60981  1.398  
1.61105  1.3941  
1.59575  1.40028  
1.60119  1.40089  
1.5729  1.39196  
1.56423  1.38668  
1.56558  1.38307  
1.55479  1.39103  
1.55894  1.40017  
1.53358  1.38401  
1.545  1.40799  
1.52826  1.38765  
1.53573  1.41441  
1.52098  1.41801  
1.52954  1.42674  
1.52812  1.45364  
1.52989  1.4534  
1.51823  1.48397  
1.51958  1.48592  
1.5091  1.49035  
1.53289  1.51711  
1.51487  1.51894  
1.52667  1.53532  
1.52852  1.53373  
1.51761  1.55557  
1.5297  1.56087  
1.51226  1.55383  
1.52606  1.56866  
1.52736  1.56381  
1.52199  1.5721  
1.52326  1.56738  
1.53583  1.5869  
1.54441  1.58025  
1.52865  1.57643  
1.54456  1.58797  
1.52663  1.57694  
1.53  1.57949  
1.53402  1.58771  
1.52113  1.59804  
1.53384  1.60858  
1.5245  1.60574  
1.53165  1.62878  
1.53201  1.61658  
1.50384  1.63165  
1.50384  1.63165  
1.49566  1.64927  
1.48841  1.652  
1.49198  1.65392  
1.46708  1.66673  
1.46992  1.6794  
1.46617  1.69781  
1.44076  1.70226  
1.44254  1.69722  
1.44849  1.74034  
1.4429  1.7535  
1.42845  1.75417  
1.4348  1.77491  
1.43878  1.79505  
1.41369  1.80241  
1.41731  1.80439  
1.42319  1.81881  
1.40565  1.80664  
1.39325  1.80155  
1.40554  1.80674  
1.37385  1.80621  
1.38797  1.81697  
1.38517  1.80825  
1.35456  1.80181  
1.36457  1.80535  
1.34995  1.8063  
1.33682  1.81149  
1.3438  1.81536  
1.34269  1.82051  
1.34337  1.8259  
1.34517  1.82108  
1.36853  1.83463  
1.36969  1.82221  
1.38094  1.82851  
1.38119  1.82748  
1.39365  1.83395  
1.40968  1.8442  
1.41717  1.82796  
1.42861  1.83539  
1.43925  1.82662  
1.45504  1.83031  
1.44026  1.82741  
1.44134  1.8231  
1.46053  1.83319  
1.45741  1.84426  
1.46562  1.84462  
1.46831  1.85005  
1.44737  1.84215  
1.45041  1.84446  
1.45164  1.86579  
1.45663  1.86258  
1.4307  1.86224  
1.44545  1.86397  
1.41614  1.86215  
1.41257  1.86363  
1.3839  1.8336  
1.36905  1.83032  
1.35365  1.82049  
1.32156  1.81259  
1.32153  1.82247  
1.27066  1.80463  
1.25705  1.80847  
1.25348  1.81036  
1.24159  1.81366  
1.23622  1.81033  
1.21561  1.82245  
1.19724  1.8236  
1.1944  1.83278  
1.16219  1.8321  
1.16791  1.83661  
1.15679  1.85171  
1.14819  1.87084  
