5.73265  1.65101  
5.73259  1.65115  
5.73256  1.65121  
5.41351  1.78138  
5.38743  1.79143  
5.111  1.8753  
4.87791  1.94493  
4.82992  1.96399  
4.3221  2.15268  
4.2808  2.1673  
3.92889  2.26001  
2.11587  2.1536  
2.03976  2.17138  
1.57024  2.16663  
1.54296  2.0073  
1.60511  1.76574  
1.62524  1.6312  
1.65066  1.61127  
1.98026  1.24519  
2.00069  1.2295  
2.4454  0.903044  
2.71194  0.82247  
2.72445  0.810009  
3.08508  0.607548  
3.10055  0.59695  
3.21769  0.547892  
3.06905  0.635072  
3.09384  0.628923  
2.90276  0.674604  
2.88484  0.691487  
2.43752  0.940632  
2.15491  1.0328  
2.0997  1.02923  
1.7658  1.09194  
1.62821  1.14729  
1.18624  1.33583  
0.94916  1.38065  
0.961415  1.36777  
0.872792  1.30308  
0.831045  1.31676  
0.764889  1.31877  
0.865035  1.22698  
0.85034  1.23997  
1.00334  1.17986  
0.99145  1.18505  
1.01608  1.18078  
1.18249  1.09293  
1.23349  1.06424  
1.28877  1.09037  
1.32276  1.04133  
1.32394  1.03187  
1.3653  0.945916  
1.38051  0.945872  
1.25386  1.00725  
1.2118  0.992445  
1.20253  0.997422  
1.07382  1.01101  
1.06491  1.01606  
0.864534  1.11376  
0.764438  1.15126  
0.733507  1.1812  
0.639453  1.28532  
0.621859  1.30087  
0.607338  1.34095  
0.643593  1.34267  
0.67293  1.3563  
0.712246  1.37536  
0.753873  1.38946  
0.946338  1.33222  
1.02753  1.29442  
1.05056  1.30597  
1.05573  1.33559  
1.12541  1.30738  
1.18133  1.29763  
1.19322  1.29582  
1.12444  1.35348  
1.12265  1.35572  
1.13003  1.33871  
1.09306  1.37805  
1.07991  1.37733  
1.01257  1.43498  
1.0284  1.40405  
1.03263  1.40095  
1.02064  1.41565  
0.998677  1.43241  
1.08041  1.37516  
1.11329  1.37554  
1.12529  1.37187  
1.13758  1.3924  
1.12329  1.40348  
1.212  1.3637  
1.23941  1.37669  
1.24633  1.41365  
1.27692  1.42772  
1.27887  1.42289  
1.33568  1.41112  
1.31769  1.43064  
1.32575  1.43342  
1.3343  1.43156  
1.34478  1.42674  
1.33552  1.43555  
1.34645  1.41555  
1.34378  1.40077  
1.38833  1.36394  
1.3882  1.35756  
1.3749  1.36426  
1.39318  1.35901  
1.4163  1.33566  
1.44756  1.30171  
1.45636  1.29436  
1.4504  1.30714  
1.48284  1.29611  
1.49283  1.29393  
1.48728  1.31923  
1.48843  1.33052  
1.49833  1.34555  
1.48751  1.35547  
1.51651  1.3664  
1.48808  1.40553  
1.49771  1.39803  
1.52225  1.38264  
1.523  1.38858  
1.49887  1.41322  
1.48005  1.44161  
1.48976  1.4335  
1.46685  1.44804  
1.47664  1.43983  
1.45139  1.46241  
1.47489  1.43702  
1.45521  1.45911  
1.46502  1.46012  
1.4361  1.49157  
1.46062  1.469  
1.47411  1.44845  
1.45452  1.46766  
1.47478  1.4453  
1.48891  1.43623  
1.50142  1.42294  
1.49702  1.42495  
1.50594  1.4182  
1.49755  1.42197  
1.5123  1.40087  
1.52817  1.39404  
1.49808  1.42291  
1.51687  1.40151  
1.51013  1.42576  
1.51987  1.42127  
1.51246  1.43886  
1.51858  1.44088  
1.52439  1.43748  
1.55636  1.40816  
1.56214  1.40475  
1.57152  1.39523  
1.59376  1.37479  
1.60892  1.36034  
1.65313  1.30727  
1.63464  1.31916  
1.66595  1.26244  
1.67446  1.2545  
1.69074  1.23417  
1.72181  1.19297  
1.71918  1.20301  
1.74206  1.17045  
1.75035  1.16295  
1.77106  1.13299  
1.77927  1.12571  
1.80754  1.08927  
1.84048  1.05544  
1.81674  1.0779  
1.84015  1.06339  
1.8483  1.04965  
1.87073  1.04739  
1.85559  1.06395  
1.86379  1.05654  
1.88381  1.06024  
1.88937  1.0568  
1.92193  1.03757  
1.93048  1.03181  
1.91671  1.05516  
1.93517  1.03744  
1.94326  1.02961  
1.95111  1.00784  
1.95924  1.00015  
1.97643  0.969775  
1.98016  0.954865  
1.98564  0.951465  
1.99062  0.936435  
1.99872  0.929142  
2.02975  0.865188  
2.01495  0.874045  
2.02892  0.833723  
2.016  0.821836  
2.02431  0.81532  
2.03901  0.775854  
2.02158  0.788273  
2.0147  0.780412  
2.00034  0.789967  
1.99752  0.76789  
1.99837  0.772457  
1.99199  0.767935  
1.96274  0.78397  
1.96817  0.780554  
1.96513  0.768837  
1.95059  0.775452  
1.96744  0.754925  
1.96839  0.727147  
1.95461  0.736933  
1.98682  0.684683  
1.98537  0.68726  
1.97191  0.684154  
1.98607  0.660715  
1.97223  0.671065  
1.97375  0.654108  
1.96899  0.65213  
1.96341  0.647936  
1.93487  0.659981  
1.94404  0.654321  
1.90416  0.685321  
1.89835  0.681446  
1.90917  0.669637  
1.89573  0.679698  
1.91842  0.64085  
1.90508  0.651047  
1.92218  0.613881  
1.92188  0.594193  
1.93812  0.589053  
1.92945  0.576304  
1.92331  0.573402  
1.92614  0.563141  
1.89698  0.582168  
1.89602  0.572625  
1.85749  0.610406  
1.86859  0.599254  
1.83324  0.623148  
1.84107  0.614577  
1.81556  0.643174  
1.8306  0.605803  
1.81916  0.617045  
1.81501  0.587785  
1.81859  0.555991  
1.83809  0.540958  
1.82558  0.529605  
1.84231  0.511057  
1.86668  0.486628  
1.86043  0.484656  
1.8846  0.449599  
1.87109  0.461581  
1.86417  0.478822  
1.89075  0.466258  
1.87714  0.477911  
1.8789  0.479839  
1.88771  0.475321  
1.90041  0.457601  
1.90907  0.4532  
1.89999  0.443145  
1.90167  0.425577  
1.90701  0.430689  
1.89711  0.420683  
1.91532  0.385969  
1.90696  0.390566  
1.93617  0.378436  
1.91891  0.391372  
1.94089  0.379269  
1.95453  0.366323  
1.96275  0.362407  
1.97129  0.38815  
1.96444  0.386049  
1.98972  0.392045  
2.01177  0.374043  
2.02246  0.358892  
2.03018  0.344918  
2.02872  0.335662  
2.04664  0.307643  
2.05455  0.303728  
2.05095  0.284638  
2.05882  0.280901  
2.04235  0.292898  
2.05702  0.275386  
2.0468  0.254735  
2.05293  0.247789  
2.06758  0.230592  
2.05014  0.247124  
2.06486  0.229848  
2.0622  0.232643  
2.07697  0.21525  
2.09147  0.17243  
2.10912  0.134019  
2.12351  0.117569  
2.14848  0.082281  
2.15622  0.0798862  
2.17583  0.0334297  
2.18344  0.0314418  
2.20605  -0.00979533  
2.2116  -0.00749979  
2.22545  -0.0230873  
2.23729  -0.0455954  
2.24474  -0.047123  
2.22534  -0.028223  
2.25225  -0.0680932  
2.25317  -0.0701362  
2.26094  -0.110505  
2.26866  -0.111681  
2.26853  -0.12798  
2.26788  -0.137187  
2.26097  -0.136319  
2.29547  -0.1898  
2.30924  -0.204241  
2.33879  -0.254989  
2.36333  -0.268532  
2.35469  -0.270868  
2.40034  -0.319736  
2.40881  -0.312834  
2.44438  -0.380831  
2.43708  -0.378366  
2.46897  -0.432841  
2.48717  -0.454365  
2.47486  -0.448915  
2.49763  -0.487911  
2.48886  -0.485167  
2.47849  -0.487234  
2.46055  -0.473605  
2.46391  -0.483288  
2.48109  -0.506945  
2.47021  -0.500712  
2.48359  -0.512842  
2.48694  -0.540867  
2.49869  -0.556234  
2.50413  -0.581695  
2.53351  -0.634067  
2.52996  -0.632273  
2.58051  -0.705242  
2.56929  -0.695572  
2.58999  -0.723159  
2.62983  -0.767534  
2.62635  -0.76958  
2.65339  -0.791687  
2.66212  -0.797253  
2.67855  -0.822348  
2.67824  -0.831607  
2.67464  -0.829773  
2.65686  -0.834874  
2.67297  -0.848052  
2.68113  -0.893247  
2.69931  -0.916106  
2.71318  -0.94693  
2.70685  -0.941194  
2.70064  -0.965871  
2.71396  -0.974768  
2.71152  -0.977948  
2.72877  -1.02461  
2.72261  -1.01826  
2.7058  -1.03482  
2.70474  -1.04164  
2.71609  -1.06752  
2.71029  -1.06084  
2.70542  -1.06929  
2.71869  -1.09146  
2.70775  -1.08205  
2.69881  -1.10778  
2.71269  -1.11567  
2.7378  -1.16065  
2.76259  -1.19635  
2.76235  -1.19286  
2.77649  -1.21839  
2.77456  -1.22091  
2.79971  -1.2542  
2.77624  -1.24233  
2.79749  -1.27449  
2.78544  -1.29554  
2.8101  -1.33137  
2.80908  -1.33587  
2.80031  -1.31163  
2.79495  -1.3034  
2.78597  -1.31974  
2.79882  -1.32874  
2.79396  -1.33875  
2.77706  -1.38321  
2.77028  -1.37655  
2.76375  -1.3901  
2.75697  -1.38345  
2.73941  -1.38063  
2.731  -1.37864  
2.72029  -1.39149  
2.69803  -1.37144  
2.71696  -1.39055  
2.73041  -1.43519  
2.73022  -1.439  
2.76132  -1.46531  
2.75837  -1.48253  
2.75802  -1.48598  
2.74467  -1.51768  
2.73827  -1.52214  
2.75622  -1.59527  
2.75591  -1.59748  
2.72923  -1.56382  
2.73027  -1.56687  
2.7213  -1.56653  
2.72706  -1.58956  
2.71699  -1.59076  
2.68225  -1.59156  
2.66745  -1.58373  
2.67102  -1.58099  
2.64232  -1.55187  
2.64275  -1.55456  
2.61804  -1.55641  
2.62916  -1.60171  
2.6234  -1.60391  
2.62858  -1.61267  
2.62889  -1.61326  
2.64754  -1.60928  
2.63716  -1.60565  
2.64021  -1.62029  
2.64323  -1.65042  
2.66465  -1.69931  
2.66485  -1.70059  
2.63831  -1.67704  
2.64249  -1.69149  
2.60805  -1.6685  
2.57912  -1.69238  
2.57983  -1.69361  
2.56196  -1.72445  
2.559  -1.71242  
2.49842  -1.64898  
2.49954  -1.6505  
2.46571  -1.6156  
2.47457  -1.64694  
2.46983  -1.65619  
2.50571  -1.72495  
2.50321  -1.73072  
2.50824  -1.72133  
2.48933  -1.7032  
2.49038  -1.70427  
2.50016  -1.75127  
2.50104  -1.75181  
2.49773  -1.77357  
2.49857  -1.77387  
2.48413  -1.70975  
2.48497  -1.71079  
2.43279  -1.6599  
2.43399  -1.70548  
2.43314  -1.72094  
2.38642  -1.7289  
2.38789  -1.72953  
2.35781  -1.68579  
2.37084  -1.70498  
2.36564  -1.70757  
2.36606  -1.75391  
2.3665  -1.75468  
2.38542  -1.77269  
2.38677  -1.773  
2.39561  -1.7205  
2.42366  -1.74054  
2.42414  -1.74134  
2.4443  -1.79239  
2.44512  -1.79282  
2.44354  -1.78867  
2.44396  -1.79381  
2.4448  -1.79438  
2.40881  -1.75512  
2.40934  -1.75598  
2.37807  -1.78248  
2.37931  -1.78308  
2.35129  -1.76652  
2.35271  -1.7673  
2.34868  -1.74469  
2.3492  -1.76965  
2.34527  -1.77257  
2.3506  -1.81393  
2.35215  -1.81446  
2.33544  -1.78581  
2.36676  -1.77048  
2.36192  -1.77358  
2.40448  -1.80055  
2.40546  -1.80153  
2.40498  -1.80881  
2.41684  -1.82  
2.41754  -1.80464  
2.41105  -1.78306  
2.40844  -1.77143  
2.40093  -1.77265  
2.39654  -1.77648  
2.39375  -1.79766  
2.37175  -1.77345  
2.36972  -1.76276  
2.3823  -1.75738  
2.38347  -1.7594  
2.38672  -1.74932  
2.38781  -1.75149  
2.42708  -1.798  
2.43592  -1.8016  
2.43673  -1.80355  
2.42402  -1.78428  
2.45542  -1.78882  
2.47613  -1.82336  
2.4735  -1.81313  
2.47475  -1.81674  
2.49241  -1.83339  
2.47679  -1.8228  
2.48016  -1.80777  
2.48078  -1.81034  
2.46778  -1.78038  
2.46026  -1.77366  
2.44546  -1.762  
2.43207  -1.77256  
2.433  -1.7756  
2.44025  -1.77219  
2.42627  -1.7577  
2.45442  -1.7627  
2.45533  -1.76395  
2.4468  -1.74173  
2.47538  -1.75407  
2.47292  -1.74553  
2.49169  -1.77123  
2.48704  -1.76796  
2.48349  -1.75199  
2.49948  -1.75375  
2.49786  -1.76283  
2.51128  -1.76375  
2.50929  -1.75275  
2.50563  -1.76597  
2.50397  -1.7827  
2.49028  -1.78998  
2.47178  -1.74846  
2.47022  -1.75754  
2.46108  -1.73688  
2.4476  -1.73697  
2.4454  -1.72924  
2.40736  -1.71311  
2.39956  -1.71384  
2.40891  -1.73754  
2.40196  -1.73256  
2.40946  -1.73537  
2.40306  -1.73502  
2.40755  -1.73249  
2.42412  -1.777  
2.42488  -1.77108  
2.41269  -1.79906  
2.42717  -1.80873  
2.42879  -1.81725  
2.44808  -1.82714  
2.44476  -1.83551  
2.42982  -1.83123  
2.41449  -1.82974  
2.43193  -1.84791  
2.42801  -1.85234  
2.4238  -1.85545  
2.41567  -1.85321  
2.40158  -1.83807  
2.40125  -1.83849  
2.38338  -1.81756  
2.38182  -1.80698  
2.37602  -1.80858  
2.37855  -1.82772  
2.38869  -1.83221  
2.39907  -1.81923  
2.40907  -1.82616  
2.41352  -1.8175  
2.44669  -1.8392  
2.44467  -1.83178  
2.46393  -1.8464  
2.47471  -1.85329  
2.47228  -1.88278  
2.49081  -1.88456  
2.49331  -1.89458  
2.51266  -1.91371  
2.50735  -1.90239  
2.5404  -1.91642  
2.52663  -1.91238  
2.53432  -1.90299  
2.52787  -1.88564  
2.53683  -1.89601  
2.54661  -1.90542  
2.56296  -1.92436  
2.55612  -1.9004  
2.54881  -1.897  
2.54649  -1.91305  
2.53785  -1.9238  
2.53573  -1.91709  
2.518  -1.94282  
2.53215  -1.95001  
2.52757  -1.96119  
2.5208  -1.95752  
2.53593  -1.9575  
2.52915  -1.95406  
2.51483  -1.91624  
2.50918  -1.90954  
2.51848  -1.92061  
2.53128  -1.9176  
2.53433  -1.94364  
2.53128  -1.93418  
2.53184  -1.93967  
2.53215  -1.954  
2.52547  -1.95108  
2.54083  -1.97757  
2.54985  -2.00157  
2.54314  -1.99838  
2.53844  -1.99297  
2.53661  -1.98681  
2.53838  -1.99455  
2.54989  -2.003  
2.57101  -2.02066  
2.56547  -2.01503  
2.55872  -2.01219  
2.55953  -2.01418  
2.55251  -2.0159  
2.53764  -2.01195  
2.5312  -2.00924  
2.53057  -2.0239  
2.54394  -2.03545  
2.53756  -2.0327  
2.54905  -2.04942  
2.54747  -2.0433  
2.54381  -2.06005  
2.54226  -2.05384  
2.55391  -2.06433  
2.56034  -2.07308  
2.5562  -2.08189  
2.55155  -2.07836  
2.56311  -2.10087  
2.56315  -2.10831  
2.55796  -2.09971  
2.55601  -2.08549  
2.55203  -2.09434  
2.53255  -2.06247  
2.53125  -2.0829  
2.52996  -2.0769  
2.52729  -2.08791  
2.52134  -2.08551  
2.52482  -2.10888  
2.51349  -2.09001  
2.52778  -2.09788  
2.50827  -2.10335  
2.48948  -2.09756  
2.48888  -2.11019  
2.48794  -2.10401  
2.48097  -2.11919  
2.48015  -2.11298  
2.47038  -2.0895  
2.45869  -2.0716  
2.45324  -2.0695  
2.43586  -2.06862  
2.45147  -2.09078  
2.45287  -2.09594  
2.47168  -2.16888  
2.48154  -2.17988  
2.49513  -2.22771  
2.4932  -2.226  
2.4955  -2.24037  
2.52469  -2.29602  
2.52387  -2.28857  
2.51233  -2.28196  
2.50687  -2.27846  
2.49736  -2.27269  
2.49246  -2.25849  
2.4919  -2.25153  
2.50101  -2.20946  
2.49564  -2.20699  
2.50439  -2.20957  
2.5109  -2.20218  
2.50856  -2.20179  
2.53282  -2.21264  
2.53354  -2.22039  
2.56861  -2.24038  
2.55852  -2.22875  
2.56596  -2.2095  
2.57695  -2.23335  
2.57603  -2.22794  
2.58879  -2.25053  
2.58747  -2.24457  
2.58894  -2.24646  
2.58468  -2.25794  
2.58558  -2.25945  
2.59048  -2.26526  
2.58468  -2.26345  
2.56941  -2.25686  
2.56689  -2.25266  
2.56507  -2.25097  
2.5402  -2.2373  
2.53738  -2.23602  
2.52383  -2.24782  
2.53397  -2.28578  
2.53337  -2.27983  
2.53749  -2.28545  
2.54769  -2.28952  
2.54865  -2.30876  
2.56619  -2.31871  
2.56079  -2.31682  
2.56521  -2.32971  
2.56163  -2.33857  
2.57286  -2.35917  
2.59424  -2.38401  
2.5934  -2.3777  
2.60199  -2.38154  
2.609  -2.39956  
2.61488  -2.41123  
2.60947  -2.40911  
2.59968  -2.40284  
2.60883  -2.41419  
2.61337  -2.42945  
2.60803  -2.42731  
2.60054  -2.42857  
2.58803  -2.40378  
2.58287  -2.402  
2.5747  -2.38874  
2.56965  -2.38714  
2.55738  -2.38896  
2.56387  -2.40254  
2.55571  -2.39861  
2.56447  -2.42971  
2.56227  -2.4277  
2.57987  -2.44991  
2.58652  -2.46312  
2.60168  -2.48154  
2.59382  -2.49795  
2.59321  -2.49588  
2.58991  -2.4911  
2.58846  -2.48317  
2.58814  -2.47689  
2.60425  -2.4908  
2.59599  -2.48258  
2.59689  -2.47645  
2.59415  -2.46332  
2.59218  -2.44695  
2.59398  -2.44318  
2.5936  -2.4376  
2.59626  -2.43585  
2.57561  -2.42689  
2.57018  -2.42773  
2.55827  -2.43247  
2.55466  -2.42729  
2.55447  -2.42198  
2.5442  -2.41959  
2.5357  -2.42705  
2.5342  -2.43803  
2.50177  -2.43135  
2.51741  -2.44923  
2.509  -2.43777  
2.49798  -2.44044  
2.49382  -2.43907  
2.46661  -2.44844  
2.47908  -2.46022  
2.46686  -2.48732  
2.45227  -2.476  
2.46639  -2.48316  
2.44241  -2.4898  
2.43871  -2.48791  
2.43386  -2.51896  
2.4145  -2.50396  
2.41718  -2.49757  
2.41072  -2.46754  
2.41232  -2.4797  
2.39985  -2.45432  
2.39632  -2.4526  
2.38706  -2.46021  
2.38769  -2.44608  
2.37919  -2.45557  
2.38897  -2.4619  
2.38693  -2.47042  
2.40618  -2.48938  
2.4162  -2.50087  
2.43562  -2.52802  
2.4239  -2.51623  
2.42486  -2.52047  
2.41787  -2.52671  
2.41416  -2.52458  
2.42101  -2.55106  
2.41838  -2.58375  
2.41748  -2.57128  
2.40201  -2.56754  
2.40452  -2.57592  
2.38365  -2.58087  
2.36053  -2.56329  
2.35943  -2.56723  
2.35039  -2.54621  
2.34224  -2.54473  
2.33529  -2.54482  
2.32462  -2.52969  
2.32313  -2.53769  
2.32982  -2.53726  
2.32694  -2.53514  
2.32003  -2.55924  
2.33232  -2.57271  
2.33073  -2.57102  
2.34496  -2.62235  
2.34338  -2.62962  
2.33714  -2.63665  
2.33886  -2.629  
2.3237  -2.61814  
2.32705  -2.64586  
2.31824  -2.64493  
2.31506  -2.65685  
2.31353  -2.65522  
2.29362  -2.66447  
2.29442  -2.67307  
2.28935  -2.67268  
2.28485  -2.66979  
2.27966  -2.66788  
2.26425  -2.65407  
2.25822  -2.62626  
2.25611  -2.62362  
2.25304  -2.5937  
2.26306  -2.6005  
2.26988  -2.61346  
2.26995  -2.60782  
2.28053  -2.61882  
2.30993  -2.6439  
2.30737  -2.64157  
2.29561  -2.64606  
2.29121  -2.63376  
2.28479  -2.6454  
2.28892  -2.70419  
2.29107  -2.69624  
2.26297  -2.67786  
2.26314  -2.65642  
2.25682  -2.63395  
2.21197  -2.58913  
2.20266  -2.57841  
2.20348  -2.57532  
2.19351  -2.57973  
2.19601  -2.58548  
2.17103  -2.56936  
2.16818  -2.56573  
2.18485  -2.58044  
2.18014  -2.60741  
2.18295  -2.6001  
2.20911  -2.63219  
2.21958  -2.643  
2.2171  -2.646  
2.22023  -2.66034  
2.22157  -2.66251  
2.23356  -2.65973  
2.23234  -2.66685  
2.23259  -2.66817  
2.21872  -2.65949  
2.22763  -2.66933  
2.20935  -2.64221  
2.19794  -2.63925  
2.18373  -2.63752  
2.17273  -2.63162  
2.17616  -2.6246  
2.16316  -2.595  
2.15725  -2.58755  
2.1424  -2.57954  
2.14976  -2.57598  
2.1525  -2.5691  
2.15437  -2.6207  
2.15267  -2.6188  
2.16722  -2.64272  
2.18099  -2.66818  
2.1836  -2.66075  
2.16706  -2.65742  
2.16596  -2.65624  
2.17849  -2.68661  
2.17281  -2.69036  
2.17699  -2.73621  
2.18685  -2.74719  
2.18502  -2.74471  
2.18096  -2.80217  
2.17989  -2.80108  
2.16412  -2.81552  
2.16267  -2.81264  
2.15733  -2.81869  
2.14205  -2.8175  
2.15289  -2.8294  
2.13268  -2.80689  
2.13895  -2.82431  
2.14424  -2.81635  
2.16056  -2.78313  
2.15913  -2.78111  
2.17337  -2.78289  
2.17179  -2.78101  
2.20541  -2.78667  
2.22095  -2.79369  
2.22737  -2.81924  
2.22927  -2.84648  
2.22276  -2.85015  
2.22465  -2.85693  
2.23618  -2.92116  
2.23589  -2.94587  
2.23413  -2.94359  
2.22398  -2.95833  
2.21791  -2.96148  
2.21133  -2.94507  
2.20979  -2.94296  
2.22854  -2.92621  
2.22684  -2.92448  
2.22594  -2.87265  
2.23626  -2.86838  
2.23352  -2.85842  
2.21611  -2.80524  
2.2142  -2.80473  
2.21772  -2.7861  
2.2106  -2.77069  
2.22138  -2.78284  
2.21007  -2.77967  
2.20807  -2.77955  
2.20691  -2.78676  
2.20848  -2.78424  
2.20552  -2.7768  
2.21301  -2.79322  
2.20752  -2.79847  
2.21346  -2.80362  
2.21494  -2.81664  
2.21636  -2.81978  
2.20728  -2.81395  
2.22249  -2.8147  
2.22023  -2.81456  
2.20851  -2.80226  
2.20626  -2.80227  
2.17529  -2.80026  
2.17208  -2.80252  
2.16899  -2.78763  
2.1513  -2.79641  
2.14954  -2.79644  
2.12931  -2.79738  
2.13126  -2.81824  
2.11546  -2.82315  
2.1157  -2.85377  
2.1105  -2.85474  
2.13057  -2.902  
2.12698  -2.92093  
2.12562  -2.92024  
2.11874  -2.95064  
2.11745  -2.94971  
2.12541  -2.96849  
2.12404  -2.96751  
2.13035  -2.97487  
2.12895  -2.97403  
2.11904  -2.98312  
2.11779  -2.98236  
2.12099  -2.98216  
2.12935  -2.96459  
2.12789  -2.96416  
2.11623  -2.97354  
2.1156  -2.97539  
2.08682  -2.96359  
2.0724  -2.96114  
2.07183  -2.96099  
2.08589  -2.96445  
2.09495  -2.96823  
2.08964  -2.99176  
2.08793  -2.98306  
2.09594  -3.00191  
2.10489  -3.00565  
2.11748  -2.99596  
2.11805  -2.98439  
2.11652  -2.98455  
2.13527  -3.01242  
2.13358  -3.01252  
2.14279  -3.01289  
2.15006  -3.01031  
2.1482  -3.01074  
2.15037  -3.0322  
2.15927  -3.04494  
2.14301  -3.04709  
2.14737  -3.05048  
2.14554  -3.05087  
2.14046  -3.04451  
2.13868  -3.04507  
2.1168  -3.04079  
2.11466  -3.03303  
2.10107  -3.01906  
2.10955  -3.02385  
2.12126  -3.02576  
2.13122  -3.02402  
2.12943  -3.02519  
2.12699  -3.04473  
2.13872  -3.04616  
2.13823  -3.05115  
2.13565  -3.04324  
2.13316  -3.03611  
2.13781  -3.039  
2.13092  -3.0468  
2.12822  -3.07238  
2.12021  -3.07781  
2.11303  -3.07721  
2.12367  -3.09134  
2.13226  -3.10476  
2.11921  -3.12046  
2.12157  -3.12277  
2.11623  -3.13312  
2.10763  -3.13752  
2.1127  -3.1248  
2.10423  -3.0921  
2.10157  -3.10541  
2.09933  -3.09864  
2.08837  -3.08775  
2.08622  -3.08128  
2.08442  -3.08828  
2.08767  -3.13895  
2.07255  -3.16744  
2.07121  -3.16877  
2.06135  -3.2143  
2.07017  -3.22729  
2.04899  -3.25431  
2.04803  -3.25513  
2.04181  -3.26112  
2.03962  -3.30215  
2.03436  -3.30205  
2.03114  -3.30645  
2.03747  -3.31371  
2.04745  -3.32646  
2.03457  -3.34348  
2.02844  -3.34105  
2.03136  -3.3656  
2.0214  -3.37093  
2.02075  -3.37171  
1.9803  -3.40117  
1.98436  -3.40102  
1.95716  -3.42283  
1.95218  -3.43019  
1.93968  -3.42951  
1.94901  -3.44712  
1.94847  -3.44004  
1.94593  -3.46044  
1.94613  -3.46112  
1.96615  -3.47995  
1.96613  -3.48069  
1.9636  -3.48621  
1.96683  -3.48224  
1.97368  -3.47754  
1.97923  -3.49851  
1.96995  -3.52067  
1.96189  -3.52164  
1.94285  -3.54956  
1.9416  -3.55171  
1.92051  -3.56838  
1.90996  -3.57215  
1.8909  -3.57349  
1.88019  -3.58375  
1.87043  -3.5732  
1.85187  -3.55432  
1.8529  -3.55534  
1.8507  -3.55358  
1.86359  -3.55088  
1.86357  -3.55214  
1.8765  -3.55282  
1.87615  -3.54632  
1.8668  -3.55763  
1.8668  -3.55895  
1.86583  -3.58044  
1.87506  -3.6213  
1.87508  -3.62266  
1.87618  -3.63308  
1.86669  -3.62286  
1.85064  -3.65081  
1.84467  -3.66049  
1.84347  -3.66568  
1.84032  -3.65772  
1.83093  -3.64762  
1.82008  -3.61787  
1.80372  -3.61094  
1.79545  -3.60119  
1.79413  -3.60466  
1.78927  -3.60569  
1.78004  -3.60828  
1.76974  -3.60498  
1.76983  -3.60658  
1.74754  -3.64025  
1.74935  -3.64967  
1.75212  -3.6706  
1.75555  -3.69729  
1.75891  -3.70784  
1.74933  -3.72485  
1.73993  -3.70752  
1.73264  -3.69638  
1.72218  -3.67632  
1.72157  -3.67907  
1.71371  -3.66394  
1.72013  -3.65316  
1.71853  -3.67088  
1.71481  -3.67473  
1.71629  -3.67696  
1.71913  -3.70283  
1.71389  -3.70081  
1.70154  -3.72914  
1.70866  -3.77385  
1.70996  -3.76821  
1.72851  -3.81034  
1.72867  -3.81226  
1.73576  -3.82514  
1.72813  -3.82866  
1.72553  -3.82069  
1.72675  -3.82258  
1.72563  -3.76551  
1.7259  -3.74102  
1.72687  -3.74366  
1.71468  -3.71282  
1.71545  -3.70852  
1.71552  -3.69947  
1.71175  -3.69148  
1.71263  -3.6948  
1.71611  -3.72722  
1.71759  -3.72348  
1.69832  -3.76663  
1.70742  -3.77444  
1.70811  -3.77018  
1.72912  -3.82282  
1.72859  -3.82875  
1.72835  -3.82055  
1.72615  -3.82727  
1.72674  -3.83018  
1.72857  -3.80006  
1.72902  -3.80332  
1.7381  -3.76613  
1.71711  -3.76126  
1.71663  -3.75659  
1.70351  -3.70684  
1.69536  -3.6999  
1.69331  -3.6844  
1.69267  -3.68438  
1.68764  -3.67571  
1.66191  -3.68065  
1.6604  -3.67505  
1.65035  -3.69446  
1.65612  -3.71817  
1.66713  -3.72108  
1.6546  -3.73376  
1.65867  -3.74442  
1.654  -3.76371  
1.65346  -3.7629  
1.65199  -3.77473  
1.64446  -3.7739  
1.65626  -3.7725  
1.63861  -3.79497  
1.63782  -3.79801  
1.63261  -3.80396  
1.62721  -3.82696  
1.62735  -3.82265  
1.61522  -3.87893  
1.616  -3.88254  
1.60446  -3.9149  
1.57646  -3.93958  
1.57576  -3.94548  
1.57903  -3.94905  
1.58761  -3.96269  
1.57227  -3.96702  
1.57742  -3.97105  
1.57089  -3.97818  
1.58168  -3.95633  
1.58246  -3.95332  
1.57696  -3.95634  
1.57773  -3.95349  
1.58978  -3.95031  
1.5824  -3.94378  
1.56751  -3.96036  
1.56443  -3.98365  
1.56535  -3.98777  
1.55226  -3.99415  
1.54011  -4.0059  
1.52629  -4.01218  
1.51447  -4.00484  
1.51384  -4.01093  
1.51012  -4.01117  
1.50427  -4.01518  
1.50674  -4.03478  
1.50355  -4.03168  
1.50374  -4.02806  
1.49046  -4.04353  
1.49789  -4.0425  
1.49128  -4.02986  
1.47245  -4.03734  
1.47562  -4.02345  
1.44807  -4.03506  
1.44036  -4.02101  
1.40314  -4.04398  
1.40131  -4.05152  
1.40075  -4.05773  
1.3693  -4.08071  
1.36391  -4.07468  
1.35472  -4.09843  
1.35715  -4.10281  
1.35948  -4.13268  
1.37871  -4.15024  
1.38078  -4.15444  
1.38498  -4.14853  
1.38678  -4.14637  
1.39073  -4.07632  
1.39239  -4.08122  
1.39737  -4.04315  
1.38074  -4.01599  
1.3747  -4.01103  
1.36031  -3.98596  
1.36193  -3.98512  
1.32765  -3.97407  
1.32958  -3.97305  
1.32398  -3.96577  
1.31435  -4.01504  
1.31625  -4.01411  
1.32523  -4.03138  
1.32688  -4.03038  
1.32969  -4.05016  
1.33122  -4.04909  
1.33308  -4.04151  
1.32851  -4.04905  
1.32281  -4.03234  
1.31211  -4.03243  
1.31358  -4.03155  
1.29528  -4.01995  
1.29689  -4.02565  
1.2786  -4.0544  
1.27676  -4.05964  
1.24904  -4.07768  
1.25361  -4.09776  
1.25976  -4.09313  
1.25212  -4.11686  
1.25168  -4.12344  
1.25449  -4.13479  
1.25121  -4.12926  
1.259  -4.1298  
1.25471  -4.10356  
1.26314  -4.07817  
1.25881  -4.06583  
1.2722  -4.01658  
1.27177  -4.01696  
1.27201  -4.01502  
1.26618  -3.99977  
1.25363  -4.00775  
1.23485  -4.01422  
1.23442  -4.0147  
1.22597  -4.03927  
1.23123  -4.04259  
1.21681  -4.07441  
1.20943  -4.08497  
1.19916  -4.09779  
1.18932  -4.08518  
1.19458  -4.08859  
1.1805  -4.06323  
1.18167  -4.03045  
1.18314  -4.03083  
1.17609  -3.99575  
1.16879  -3.98652  
1.18703  -3.93854  
1.18818  -3.93968  
1.17937  -3.92429  
1.16834  -3.89733  
1.16798  -3.89812  
1.16524  -3.91189  
1.16635  -3.91324  
1.16082  -3.9301  
1.16189  -3.93129  
1.15795  -3.92684  
1.13829  -3.919  
1.13945  -3.92019  
1.13165  -3.90673  
1.11708  -3.89041  
1.11514  -3.86667  
1.11631  -3.86811  
1.10832  -3.83975  
1.10945  -3.84141  
1.08123  -3.82153  
1.08257  -3.82326  
1.05816  -3.79887  
1.04312  -3.81766  
1.04479  -3.81937  
1.02959  -3.84275  
1.02277  -3.83421  
0.991629  -3.86634  
0.971899  -3.88796  
0.971587  -3.88916  
0.96222  -3.90841  
0.9554  -3.89999  
0.965027  -3.93078  
0.965136  -3.94366  
0.953777  -3.93907  
0.966389  -3.9985  
0.971684  -3.99661  
0.984721  -4.00191  
0.980273  -3.99929  
0.982058  -4.00028  
0.97973  -4.03383  
0.970177  -4.0509  
0.971865  -4.05185  
0.954148  -4.07752  
0.949349  -4.08186  
0.919178  -4.07654  
0.912131  -4.06504  
0.904291  -4.09644  
0.897704  -4.08263  
0.893523  -4.09615  
0.892416  -4.09636  
0.885281  -4.10153  
0.913185  -4.1248  
0.923422  -4.11458  
0.949188  -4.15599  
0.978956  -4.1888  
0.973162  -4.19382  
0.988308  -4.23404  
1.00397  -4.24433  
1.01609  -4.26838  
1.03641  -4.27617  
1.04286  -4.26967  
1.03784  -4.29255  
1.04258  -4.29642  
1.03594  -4.30165  
1.03324  -4.30282  
1.03847  -4.29077  
1.02186  -4.28436  
1.0228  -4.27521  
1.0047  -4.27089  
0.999136  -4.26564  
0.993999  -4.26367  
0.961448  -4.27784  
0.961837  -4.26651  
0.945997  -4.26874  
0.931245  -4.26495  
0.932074  -4.26194  
0.930677  -4.25974  
0.931343  -4.26279  
0.926023  -4.28064  
0.950463  -4.27593  
0.949848  -4.27454  
0.957248  -4.24965  
0.956644  -4.24829  
0.957694  -4.22401  
0.957425  -4.2204  
0.965626  -4.19318  
0.952984  -4.19265  
0.95272  -4.1891  
0.923385  -4.13988  
0.879218  -4.12779  
0.87866  -4.1266  
0.864326  -4.09922  
0.857785  -4.10752  
0.831079  -4.09217  
0.824622  -4.08198  
0.808647  -4.09316  
0.803105  -4.07215  
0.804354  -4.07069  
0.831183  -4.08172  
0.831976  -4.08017  
0.822905  -4.07399  
0.817926  -4.06353  
0.837332  -4.0695  
0.844722  -4.08511  
0.849656  -4.08694  
0.816148  -4.09318  
0.821084  -4.09505  
0.79103  -4.11176  
0.760301  -4.10921  
0.761475  -4.10752  
0.740289  -4.10937  
0.739936  -4.10666  
0.722076  -4.09152  
0.701338  -4.0931  
0.700854  -4.09239  
0.715953  -4.06794  
0.715477  -4.06726  
0.716651  -4.07325  
0.727091  -4.03216  
0.732778  -4.02887  
0.745973  -4.01884  
0.745512  -4.01826  
0.735947  -4.03433  
0.717442  -4.0415  
0.718408  -4.04054  
0.691083  -4.04258  
0.684657  -4.03553  
0.6667  -4.00985  
0.638871  -4.01893  
0.640558  -4.01801  
0.620361  -4.00093  
0.616715  -3.99143  
0.62199  -3.97491  
0.61929  -3.96274  
0.629448  -3.95318  
0.624421  -3.92935  
0.62935  -3.93184  
0.63495  -3.92602  
0.636256  -3.9258  
0.638508  -3.9341  
0.626621  -3.93554  
0.608138  -3.95092  
0.601172  -3.95683  
0.59484  -3.9667  
0.578514  -3.95979  
0.572276  -3.96971  
0.550663  -3.95392  
0.551023  -3.94347  
0.550223  -3.94027  
0.548894  -3.93435  
0.532819  -3.92363  
0.544297  -3.91834  
0.53693  -3.89413  
0.538769  -3.89422  
0.545821  -3.87549  
0.547473  -3.87573  
0.548459  -3.88923  
0.54181  -3.9018  
0.535259  -3.91244  
0.513288  -3.91494  
0.515087  -3.91506  
0.493208  -3.91042  
0.484443  -3.91084  
0.480191  -3.91591  
0.458678  -3.91391  
0.455148  -3.91713  
0.451407  -3.89374  
0.445088  -3.89581  
0.453893  -3.8888  
0.449765  -3.87462  
0.451886  -3.87519  
0.456046  -3.87225  
0.458004  -3.87288  
0.452742  -3.88125  
0.454025  -3.89106  
0.455847  -3.89169  
0.428681  -3.88679  
0.430726  -3.88747  
0.416803  -3.8808  
0.410459  -3.86163  
0.410078  -3.86672  
0.41405  -3.85176  
0.395596  -3.86194  
0.405278  -3.84489  
0.407315  -3.84597  
0.417511  -3.82159  
0.420646  -3.8186  
0.422334  -3.81994  
0.432516  -3.81947  
0.434314  -3.81507  
0.444667  -3.81522  
0.435505  -3.80891  
0.436801  -3.8104  
0.409008  -3.80729  
0.401944  -3.81965  
0.392069  -3.80223  
0.392043  -3.79808  
0.395745  -3.78843  
0.400939  -3.76249  
0.400828  -3.76004  
0.394804  -3.76331  
0.389588  -3.75654  
0.404195  -3.72838  
0.42002  -3.7322  
0.425576  -3.72433  
0.427663  -3.73671  
0.432727  -3.73495  
0.423217  -3.72051  
0.398604  -3.72281  
0.399717  -3.725  
0.380896  -3.71639  
0.37993  -3.70043  
0.362978  -3.71411  
0.330356  -3.72273  
0.332083  -3.72496  
0.346024  -3.7104  
0.342992  -3.70507  
0.340954  -3.68173  
0.349484  -3.68177  
0.354971  -3.68038  
0.372916  -3.65683  
0.373897  -3.65954  
0.393764  -3.6254  
0.387769  -3.5937  
0.398304  -3.58838  
0.378316  -3.56057  
0.380246  -3.56065  
0.379715  -3.51245  
0.379095  -3.5142  
0.371266  -3.48266  
0.354236  -3.46601  
0.355247  -3.46978  
0.338564  -3.45149  
0.339717  -3.45528  
0.322491  -3.45837  
0.32629  -3.45804  
0.323311  -3.45428  
0.292485  -3.4518  
0.289858  -3.44799  
0.259121  -3.43116  
0.261013  -3.43483  
0.25431  -3.41879  
0.243022  -3.41616  
0.238199  -3.41091  
0.230991  -3.38823  
0.219513  -3.39617  
0.219713  -3.38865  
0.232462  -3.38549  
0.232835  -3.38581  
0.224349  -3.39017  
0.237177  -3.39043  
0.212615  -3.39976  
0.225302  -3.39668  
0.197206  -3.38865  
0.192906  -3.39256  
0.191619  -3.38359  
0.166419  -3.378  
0.15567  -3.38061  
0.143867  -3.35002  
0.136801  -3.32688  
0.136033  -3.3316  
0.15673  -3.28748  
0.152045  -3.28519  
0.173574  -3.23454  
0.171448  -3.20759  
0.170452  -3.19995  
0.179185  -3.15601  
0.182338  -3.14128  
0.180657  -3.13967  
0.187971  -3.10906  
0.189819  -3.1146  
0.167235  -3.11051  
0.166296  -3.10342  
0.172924  -3.09726  
0.17367  -3.08881  
0.177452  -3.0938  
0.171444  -3.07727  
0.173272  -3.0629  
0.170675  -3.06136  
0.169064  -3.04295  
0.171598  -3.04287  
0.191721  -3.01675  
0.195339  -3.02475  
0.185164  -2.99977  
0.188426  -3.00041  
0.18707  -2.99384  
0.206709  -2.98543  
0.204341  -2.98458  
0.219858  -2.95886  
0.220745  -2.96476  
0.214563  -2.94531  
0.185422  -2.94317  
0.186614  -2.94919  
0.193643  -2.95229  
0.192011  -2.94601  
0.1908  -2.92477  
0.188268  -2.91964  
0.181698  -2.92214  
0.186521  -2.92134  
0.202553  -2.90683  
0.202438  -2.91387  
0.216423  -2.90644  
0.241161  -2.88838  
0.242085  -2.87573  
0.24656  -2.87667  
0.237455  -2.87352  
0.236928  -2.87377  
0.256083  -2.85626  
0.250692  -2.85996  
0.242337  -2.86699  
0.247753  -2.83892  
0.2514  -2.83968  
0.217436  -2.88597  
0.215419  -2.88262  
0.216017  -2.88341  
0.225022  -2.88359  
0.224517  -2.89001  
0.196481  -2.90715  
0.186821  -2.90011  
0.18739  -2.9009  
0.179503  -2.90344  
0.180038  -2.9042  
0.204081  -2.88018  
0.216006  -2.85948  
0.217885  -2.85922  
0.220399  -2.84928  
0.220304  -2.84465  
0.225369  -2.83121  
0.239464  -2.83225  
0.253393  -2.81222  
0.257903  -2.81656  
0.262665  -2.8082  
0.248019  -2.80156  
0.240002  -2.81382  
0.231946  -2.80997  
0.230617  -2.79675  
0.234109  -2.80036  
0.235126  -2.77566  
0.24574  -2.76437  
0.232886  -2.75198  
0.239011  -2.73512  
0.239116  -2.73291  
0.238904  -2.71787  
0.237836  -2.71896  
0.257221  -2.6794  
0.265135  -2.66846  
0.260206  -2.66517  
0.277123  -2.64024  
0.275271  -2.64295  
0.267987  -2.63709  
0.261571  -2.61563  
0.257541  -2.60699  
0.2704  -2.57765  
0.268477  -2.58066  
0.253322  -2.55796  
0.240434  -2.55893  
0.230315  -2.55916  
0.199961  -2.57276  
0.188629  -2.57322  
0.165411  -2.57407  
0.158643  -2.56454  
0.16004  -2.55846  
0.154511  -2.56866  
0.14435  -2.57837  
0.150872  -2.57356  
0.146421  -2.57424  
0.146044  -2.57149  
0.160943  -2.54858  
0.164777  -2.54727  
0.164091  -2.51626  
0.171364  -2.5153  
0.15573  -2.50667  
0.145542  -2.49777  
0.156473  -2.48704  
0.144827  -2.4759  
0.143119  -2.47771  
0.143726  -2.44767  
0.126916  -2.43761  
0.125538  -2.44196  
0.124909  -2.44594  
0.110634  -2.44789  
0.109721  -2.44605  
0.107339  -2.43343  
0.106293  -2.43167  
0.0890702  -2.40188  
0.0851726  -2.3827  
0.0842818  -2.38125  
0.0773588  -2.3614  
0.0811668  -2.36664  
0.0691071  -2.35988  
0.0705735  -2.34736  
0.070702  -2.34713  
0.0738983  -2.33201  
0.0722914  -2.32873  
0.0628537  -2.34994  
0.0654655  -2.3557  
0.0582543  -2.36795  
0.0624069  -2.3534  
0.0718639  -2.35236  
0.0574973  -2.34176  
0.0484805  -2.3352  
0.0380021  -2.32625  
0.0192609  -2.32034  
0.0107591  -2.32278  
-0.0274957  -2.33679  
-0.0325275  -2.33345  
-0.0323658  -2.31425  
-0.0511006  -2.30663  
-0.0526492  -2.30575  
-0.0781819  -2.32643  
-0.0797426  -2.32547  
-0.0586756  -2.2922  
-0.0621532  -2.29296  
-0.048696  -2.27139  
-0.0120805  -2.2341  
-0.0147309  -2.23372  
0.00521836  -2.1866  
0.00116323  -2.19207  
0.00794441  -2.17209  
0.01306  -2.14255  
0.0172996  -2.12932  
0.0309763  -2.10712  
0.0556893  -2.06852  
0.0520589  -2.069  
0.0743153  -2.0188  
0.0850531  -2.00855  
0.0723433  -1.98474  
0.063139  -1.95275  
0.0593893  -1.9537  
0.047015  -1.92341  
0.0675569  -1.90661  
0.0478343  -1.90637  
0.0540612  -1.89235  
0.0199067  -1.88591  
-0.000670991  -1.8801  
-0.0104411  -1.87912  
-0.0200557  -1.86042  
-0.0367053  -1.85679  
-0.0268201  -1.85051  
-0.0342062  -1.83217  
-0.0393947  -1.8364  
-0.0516515  -1.83588  
-0.0646027  -1.83836  
-0.0535991  -1.8269  
-0.0565323  -1.82459  
-0.0563098  -1.83042  
-0.0584849  -1.8177  
-0.0786169  -1.83984  
-0.0827869  -1.84081  
-0.0788314  -1.83003  
-0.0865243  -1.83645  
-0.0864324  -1.80824  
-0.0903671  -1.8064  
-0.0949762  -1.80749  
-0.116671  -1.7896  
-0.121203  -1.7908  
-0.158358  -1.8  
-0.184504  -1.81071  
-0.166527  -1.80108  
-0.198012  -1.78773  
-0.202507  -1.789  
-0.204713  -1.78277  
-0.198038  -1.77139  
-0.206303  -1.77576  
-0.225776  -1.78588  
-0.205095  -1.7825  
-0.204873  -1.78371  
-0.209532  -1.79735  
-0.183332  -1.78544  
-0.19511  -1.79644  
-0.173216  -1.79491  
-0.170412  -1.78644  
-0.173523  -1.7866  
-0.156393  -1.77692  
-0.157217  -1.77368  
-0.173175  -1.77666  
-0.177041  -1.76488  
-0.164683  -1.75764  
-0.142455  -1.72154  
-0.130513  -1.7145  
-0.158147  -1.7177  
-0.146329  -1.71069  
-0.195894  -1.724  
-0.209556  -1.72923  
-0.213291  -1.73435  
-0.235046  -1.75877  
-0.241638  -1.76165  
-0.277387  -1.78715  
-0.302361  -1.80838  
-0.298759  -1.80309  
-0.304129  -1.80023  
-0.302981  -1.81565  
-0.32924  -1.82169  
-0.345067  -1.82504  
-0.321578  -1.81782  
-0.321236  -1.80019  
-0.321628  -1.79392  
-0.307673  -1.79131  
-0.295019  -1.77682  
-0.306  -1.77819  
-0.302497  -1.78138  
-0.296659  -1.76834  
-0.308897  -1.77761  
-0.291154  -1.76173  
-0.273015  -1.76002  
-0.290704  -1.76455  
-0.277573  -1.75756  
-0.303342  -1.7586  
-0.286189  -1.73742  
-0.292362  -1.74218  
-0.272006  -1.71958  
-0.279378  -1.72987  
-0.288901  -1.73146  
-0.280349  -1.71558  
-0.290305  -1.72762  
-0.28687  -1.72844  
-0.29371  -1.73301  
-0.303609  -1.73323  
-0.311331  -1.74313  
-0.347687  -1.74821  
-0.338216  -1.74087  
-0.375666  -1.75984  
-0.388635  -1.75956  
-0.384542  -1.75406  
-0.419313  -1.77658  
-0.409841  -1.76914  
-0.418049  -1.77509  
-0.41418  -1.76953  
-0.42352  -1.77462  
-0.415063  -1.77255  
-0.430601  -1.78527  
-0.424023  -1.78318  
-0.431381  -1.78716  
-0.433561  -1.78192  
-0.434403  -1.77256  
-0.441064  -1.77473  
-0.452016  -1.77498  
-0.437384  -1.76538  
-0.442101  -1.77548  
-0.456393  -1.77503  
-0.447665  -1.76891  
-0.440413  -1.76401  
-0.432959  -1.76199  
-0.423059  -1.75101  
-0.437116  -1.75699  
-0.427529  -1.74712  
-0.42051  -1.7451  
-0.411903  -1.73245  
-0.404549  -1.72508  
-0.434194  -1.72295  
-0.439763  -1.72079  
-0.432913  -1.7189  
-0.442253  -1.70983  
-0.440472  -1.70455  
-0.449016  -1.69692  
-0.442605  -1.69049  
-0.458433  -1.6982  
-0.466261  -1.68893  
-0.462858  -1.6841  
-0.457936  -1.68574  
-0.477923  -1.69132  
-0.481987  -1.68501  
-0.471408  -1.68441  
-0.481487  -1.69628  
-0.486425  -1.69344  
-0.484737  -1.69104  
-0.486714  -1.68435  
-0.505911  -1.69944  
-0.495295  -1.69034  
-0.502682  -1.70443  
-0.512761  -1.70958  
-0.521778  -1.70749  
-0.521104  -1.7019  
-0.510614  -1.6961  
-0.504973  -1.68537  
-0.525174  -1.69091  
-0.509897  -1.68007  
-0.508755  -1.66913  
-0.510614  -1.65766  
-0.501908  -1.64343  
-0.501384  -1.63822  
-0.505314  -1.61893  
-0.499494  -1.61712  
-0.488891  -1.59452  
-0.488538  -1.58955  
-0.504803  -1.59805  
-0.504412  -1.59303  
-0.519538  -1.6049  
-0.520558  -1.58439  
-0.5148  -1.58263  
-0.535672  -1.58588  
-0.535216  -1.58083  
-0.536028  -1.57265  
-0.540688  -1.55958  
-0.539591  -1.55708  
-0.562544  -1.53471  
-0.556013  -1.53546  
-0.562699  -1.50762  
-0.56162  -1.50517  
-0.586752  -1.49496  
-0.584963  -1.47754  
-0.578985  -1.46838  
-0.584377  -1.45163  
-0.581547  -1.44177  
-0.582562  -1.43804  
-0.579629  -1.42537  
-0.570164  -1.42567  
-0.582679  -1.41208  
-0.570279  -1.40261  
-0.586465  -1.4093  
-0.567198  -1.38655  
-0.564654  -1.38587  
-0.551166  -1.36925  
-0.548801  -1.36565  
-0.555481  -1.3573  
-0.544964  -1.33984  
-0.542068  -1.33596  
-0.545628  -1.31866  
-0.53988  -1.31772  
-0.554754  -1.30474  
-0.548924  -1.30382  
-0.545988  -1.27982  
-0.559525  -1.26955  
-0.575968  -1.2783  
-0.574429  -1.2596  
-0.600367  -1.26925  
-0.599463  -1.26718  
-0.607209  -1.26601  
-0.598087  -1.27362  
-0.607666  -1.27021  
-0.619489  -1.2827  
-0.634087  -1.27998  
-0.63147  -1.27126  
-0.630952  -1.27688  
-0.643934  -1.27746  
-0.644716  -1.28062  
-0.638906  -1.27212  
-0.639547  -1.26311  
-0.636269  -1.26033  
-0.659093  -1.2559  
-0.651826  -1.24756  
-0.668548  -1.25407  
-0.667764  -1.24514  
-0.668087  -1.24096  
-0.678435  -1.24855  
-0.689801  -1.24312  
-0.68401  -1.242  
-0.709675  -1.25136  
-0.715001  -1.24858  
-0.716429  -1.23784  
-0.721727  -1.23447  
-0.722397  -1.23647  
-0.722905  -1.23667  
-0.722902  -1.23493  
-0.734198  -1.23122  
-0.727407  -1.22304  
-0.753925  -1.22173  
-0.750252  -1.20929  
-0.750235  -1.20543  
-0.758247  -1.19705  
-0.752324  -1.19622  
-0.765233  -1.18985  
-0.774939  -1.17468  
-0.786319  -1.18436  
-0.80755  -1.17199  
-0.787437  -1.15575  
-0.798655  -1.16532  
-0.79783  -1.14989  
-0.792723  -1.14771  
-0.793344  -1.13447  
-0.796989  -1.13523  
-0.797072  -1.13187  
-0.797303  -1.12239  
-0.797119  -1.11714  
-0.790895  -1.09731  
-0.786814  -1.07763  
-0.784982  -1.06662  
-0.770801  -1.05089  
-0.781853  -1.0566  
-0.77517  -1.02648  
-0.777829  -1.01829  
-0.772629  -1.01049  
-0.779553  -0.994118  
-0.783699  -0.986779  
-0.776834  -0.973797  
-0.786617  -0.963985  
-0.801503  -0.972356  
-0.79372  -0.949845  
-0.801757  -0.942824  
-0.8135  -0.945671  
-0.820084  -0.931288  
-0.82009  -0.928938  
-0.817002  -0.910605  
-0.829077  -0.916836  
-0.835169  -0.89251  
-0.855202  -0.882598  
-0.845129  -0.878023  
-0.871347  -0.86749  
-0.864861  -0.869148  
-0.884591  -0.847105  
-0.884145  -0.845343  
-0.906484  -0.835195  
-0.905873  -0.833511  
-0.892808  -0.826421  
-0.906835  -0.827107  
-0.906331  -0.825382  
-0.884199  -0.8083  
-0.882352  -0.813503  
-0.862605  -0.797469  
-0.855988  -0.789041  
-0.852684  -0.789004  
-0.858039  -0.771441  
-0.855022  -0.770018  
-0.862907  -0.747825  
-0.846766  -0.739914  
-0.846493  -0.737371  
-0.847551  -0.727958  
-0.841307  -0.728194  
-0.840829  -0.708888  
-0.85099  -0.70476  
-0.851087  -0.703494  
-0.842111  -0.699118  
-0.836143  -0.695308  
-0.845576  -0.690102  
-0.852659  -0.680384  
-0.852802  -0.679167  
-0.858176  -0.662065  
-0.858252  -0.660965  
-0.868714  -0.64003  
-0.856324  -0.626193  
-0.8598  -0.617935  
-0.857397  -0.603752  
-0.854812  -0.601598  
-0.856275  -0.58877  
-0.8532  -0.586614  
-0.8533  -0.580853  
-0.853322  -0.577539  
-0.846925  -0.57954  
-0.847425  -0.56574  
-0.852222  -0.561841  
-0.853676  -0.554672  
-0.857231  -0.54936  
-0.857405  -0.543769  
-0.838624  -0.511588  
-0.838698  -0.511302  
-0.835549  -0.49367  
-0.840294  -0.488646  
-0.843365  -0.465373  
-0.849919  -0.464279  
-0.849866  -0.464357  
-0.856777  -0.449355  
-0.85024  -0.452029  
-0.881147  -0.446016  
-0.882529  -0.441739  
-0.891162  -0.44143  
-0.896487  -0.439725  
-0.896634  -0.439382  
-0.879977  -0.425812  
-0.879719  -0.426102  
-0.875584  -0.40739  
-0.868863  -0.410265  
-0.874748  -0.390142  
-0.86455  -0.388481  
-0.867913  -0.38386  
-0.863659  -0.381525  
-0.882384  -0.390578  
-0.857618  -0.383696  
-0.876443  -0.392682  
-0.851362  -0.3942  
-0.850397  -0.410745  
-0.850748  -0.405981  
-0.844947  -0.41739  
-0.838723  -0.419778  
-0.817541  -0.401018  
-0.818  -0.40117  
-0.832552  -0.382965  
-0.825616  -0.367301  
-0.82614  -0.362905  
-0.830152  -0.344375  
-0.830521  -0.340203  
-0.84987  -0.328951  
-0.839168  -0.316382  
-0.839461  -0.312497  
-0.835706  -0.310766  
-0.829293  -0.309264  
-0.821404  -0.302775  
-0.808267  -0.294525  
-0.808521  -0.295639  
-0.82753  -0.284393  
-0.820875  -0.287955  
-0.802182  -0.267618  
-0.813891  -0.273699  
-0.816111  -0.268007  
-0.825779  -0.271919  
-0.830558  -0.266947  
-0.82836  -0.257586  
-0.841582  -0.257628  
-0.842704  -0.263633  
-0.846492  -0.280377  
-0.839077  -0.280758  
-0.860464  -0.271564  
-0.853827  -0.268134  
-0.853868  -0.260367  
-0.861831  -0.257516  
-0.857973  -0.251978  
-0.861071  -0.24844  
-0.875472  -0.253909  
-0.873363  -0.246293  
-0.876667  -0.24604  
-0.875549  -0.235105  
-0.857692  -0.243889  
-0.864815  -0.247333  
-0.866139  -0.254875  
-0.8342  -0.249714  
-0.83377  -0.253235  
-0.835891  -0.251595  
-0.848846  -0.252814  
-0.842153  -0.25077  
-0.829092  -0.24079  
-0.829169  -0.242803  
-0.851994  -0.236528  
-0.851869  -0.238669  
-0.85612  -0.235421  
-0.867521  -0.228799  
-0.859496  -0.235513  
-0.856413  -0.227531  
-0.860034  -0.224226  
-0.862867  -0.223454  
-0.862729  -0.221239  
-0.84597  -0.21605  
-0.845801  -0.218602  
-0.861558  -0.220319  
-0.852609  -0.227307  
-0.85253  -0.22523  
-0.863116  -0.223386  
-0.862844  -0.226004  
-0.865677  -0.242177  
-0.858749  -0.242084  
-0.850638  -0.234299  
-0.843667  -0.23432  
-0.859377  -0.229865  
-0.859895  -0.228337  
-0.859667  -0.226542  
-0.850274  -0.226491  
-0.854519  -0.222367  
-0.866889  -0.230755  
-0.867977  -0.22185  
-0.86981  -0.210661  
-0.881269  -0.242328  
-0.884877  -0.239376  
-0.865921  -0.243432  
-0.864995  -0.243581  
-0.878719  -0.242896  
-0.873417  -0.239986  
-0.872907  -0.238568  
-0.889895  -0.231987  
-0.881959  -0.23419  
-0.862713  -0.224876  
-0.862203  -0.223835  
-0.855987  -0.216771  
-0.870038  -0.220791  
-0.86233  -0.221871  
-0.859036  -0.228165  
-0.85839  -0.227337  
-0.842839  -0.239688  
-0.86367  -0.245796  
-0.84332  -0.247039  
-0.864152  -0.257664  
-0.874118  -0.27581  
-0.873375  -0.274751  
-0.875582  -0.277639  
-0.863261  -0.277973  
-0.86245  -0.277001  
-0.845901  -0.28162  
-0.866904  -0.287743  
-0.866435  -0.27693  
-0.871613  -0.282973  
-0.876235  -0.285672  
-0.866891  -0.290535  
-0.864315  -0.28484  
-0.85219  -0.299306  
-0.852974  -0.308253  
-0.878455  -0.317466  
-0.868031  -0.326624  
-0.873237  -0.335178  
-0.87683  -0.347569  
-0.878239  -0.354309  
-0.874199  -0.355169  
-0.918003  -0.38108  
-0.921537  -0.375563  
-0.944076  -0.386983  
-0.969928  -0.390314  
-0.968336  -0.389373  
-0.991233  -0.397482  
-0.989454  -0.396628  
-1.0223  -0.412906  
-1.02035  -0.412053  
-1.01775  -0.429577  
-1.0159  -0.428644  
-1.04988  -0.444867  
-1.06775  -0.458189  
-1.0589  -0.459132  
-1.05976  -0.474264  
-1.08424  -0.482448  
-1.07408  -0.493677  
-1.089  -0.500113  
-1.08296  -0.498189  
-1.08619  -0.504524  
-1.09249  -0.506736  
-1.08933  -0.520131  
-1.10427  -0.522352  
-1.09651  -0.52518  
-1.10129  -0.531718  
-1.10875  -0.523709  
-1.11536  -0.533949  
-1.12812  -0.536574  
-1.12113  -0.537253  
-1.12136  -0.539944  
-1.11474  -0.543711  
-1.12194  -0.545757  
-1.12739  -0.549473  
-1.12591  -0.549728  
-1.15188  -0.5633  
-1.14948  -0.562745  
-1.145  -0.570734  
-1.16378  -0.577077  
-1.1545  -0.583429  
-1.16113  -0.591953  
-1.17977  -0.598258  
-1.19999  -0.614818  
-1.19708  -0.609035  
-1.20099  -0.621865  
-1.19872  -0.62447  
-1.19327  -0.622036  
-1.22152  -0.640517  
-1.21126  -0.637816  
-1.20513  -0.655191  
-1.22333  -0.661356  
-1.23045  -0.678214  
-1.22088  -0.679323  
-1.24164  -0.699724  
-1.22803  -0.704908  
-1.24608  -0.710843  
-1.22128  -0.72517  
-1.23283  -0.732916  
-1.21376  -0.739247  
-1.22492  -0.753548  
-1.22205  -0.75227  
-1.20083  -0.756141  
-1.21732  -0.761579  
-1.21173  -0.758082  
-1.19309  -0.761618  
-1.18816  -0.760136  
-1.1584  -0.757211  
-1.17671  -0.757729  
-1.15149  -0.763675  
-1.12581  -0.763306  
-1.12476  -0.759091  
-1.13693  -0.76625  
-1.1318  -0.774114  
-1.12902  -0.773029  
-1.12839  -0.784216  
-1.11682  -0.77945  
-1.12259  -0.780214  
-1.11914  -0.779196  
-1.11644  -0.787382  
-1.11807  -0.79707  
-1.14357  -0.80187  
-1.13218  -0.810099  
-1.13391  -0.807065  
-1.12125  -0.819277  
-1.12359  -0.811568  
-1.13892  -0.820105  
-1.13454  -0.83518  
-1.13079  -0.833741  
-1.11053  -0.839932  
-1.12867  -0.84547  
-1.11705  -0.848197  
-1.11245  -0.856824  
-1.10882  -0.850961  
-1.10497  -0.841791  
-1.10034  -0.84636  
-1.05123  -0.846727  
-1.05104  -0.847401  
-1.07028  -0.8541  
-1.07171  -0.866161  
-1.07082  -0.858582  
-1.0666  -0.861115  
-1.07477  -0.867986  
-1.07195  -0.86646  
-1.09076  -0.871898  
-1.07703  -0.876491  
-1.09926  -0.887587  
-1.09592  -0.88558  
-1.10166  -0.900632  
-1.1052  -0.896896  
-1.11492  -0.902213  
-1.09774  -0.909382  
-1.12404  -0.911613  
-1.10823  -0.900753  
-1.11308  -0.906159  
-1.11061  -0.910398  
-1.11844  -0.916713  
-1.12771  -0.937594  
-1.14439  -0.942611  
-1.15393  -0.94223  
-1.16859  -0.946879  
-1.17613  -0.951116  
-1.16545  -0.951517  
-1.18353  -0.957673  
-1.18597  -0.971901  
-1.18236  -0.975067  
-1.22007  -1.00147  
-1.22501  -1.00614  
-1.21929  -1.00268  
-1.23533  -1.02399  
-1.22298  -1.02348  
-1.2361  -1.03282  
-1.23019  -1.03037  
-1.23705  -1.04906  
-1.24313  -1.06506  
-1.25286  -1.07115  
-1.25455  -1.0919  
-1.3013  -1.11203  
-1.28418  -1.11637  
-1.31074  -1.14386  
-1.31122  -1.14029  
-1.30697  -1.15047  
-1.29687  -1.15155  
-1.28746  -1.16588  
-1.28067  -1.15627  
-1.27842  -1.15845  
-1.29195  -1.17426  
-1.28653  -1.17067  
-1.30464  -1.19094  
-1.29419  -1.19525  
-1.32241  -1.22274  
-1.3189  -1.2518  
-1.32897  -1.25645  
-1.3354  -1.2759  
-1.34541  -1.28033  
-1.35449  -1.30857  
-1.35045  -1.31405  
-1.36055  -1.31694  
-1.34689  -1.31862  
-1.35838  -1.33031  
-1.35111  -1.31691  
-1.35977  -1.31672  
-1.35264  -1.32127  
-1.33453  -1.30464  
-1.3444  -1.31429  
-1.32505  -1.30667  
-1.31145  -1.30132  
-1.3265  -1.31086  
-1.31747  -1.31939  
-1.32082  -1.31833  
-1.31068  -1.33126  
-1.30825  -1.34228  
-1.29114  -1.34497  
-1.2932  -1.35325  
-1.30516  -1.3752  
-1.2997  -1.37689  
-1.28823  -1.37979  
-1.27796  -1.37615  
-1.27501  -1.37222  
-1.26475  -1.36864  
-1.25617  -1.37674  
-1.24606  -1.37308  
-1.24857  -1.36461  
-1.24475  -1.35915  
-1.21197  -1.37536  
-1.20345  -1.38509  
-1.21649  -1.39485  
-1.18925  -1.40158  
-1.17713  -1.40532  
-1.18084  -1.41177  
-1.16916  -1.40913  
-1.16114  -1.41231  
-1.15569  -1.4091  
-1.14524  -1.40972  
-1.14958  -1.39093  
-1.13761  -1.38689  
-1.13007  -1.38657  
-1.12188  -1.38894  
-1.10632  -1.38479  
-1.08316  -1.37203  
-1.097  -1.3817  
-1.06735  -1.3626  
-1.07985  -1.36575  
-1.06469  -1.36703  
-1.05562  -1.36983  
-1.06804  -1.3728  
-1.06927  -1.36394  
-1.05958  -1.35981  
-1.05657  -1.36361  
-1.05101  -1.37764  
-1.04164  -1.37344  
-1.02623  -1.38201  
-1.01883  -1.37372  
-1.01093  -1.37572  
-0.99387  -1.3701  
-0.98462  -1.36579  
-0.998113  -1.36807  
-0.987384  -1.37851  
-0.976486  -1.37815  
-0.987687  -1.38678  
-0.983936  -1.37756  
-0.965081  -1.39264  
-0.968314  -1.40434  
-0.956485  -1.41169  
-0.942394  -1.40763  
-0.90282  -1.40569  
-0.900125  -1.39885  
-0.887953  -1.38229  
-0.87798  -1.37458  
-0.849926  -1.35595  
-0.840941  -1.36295  
-0.836687  -1.33225  
-0.835821  -1.33192  
-0.823859  -1.31682  
-0.811663  -1.30378  
-0.826841  -1.31314  
-0.814933  -1.30961  
-0.805542  -1.30501  
-0.802863  -1.30473  
-0.801712  -1.30498  
-0.794903  -1.31471  
-0.786894  -1.32746  
-0.777675  -1.32217  
-0.77342  -1.34591  
-0.765882  -1.34724  
-0.753528  -1.34887  
-0.754459  -1.35067  
-0.739498  -1.35997  
-0.727697  -1.36006  
-0.745452  -1.37245  
-0.706297  -1.36041  
-0.701132  -1.33459  
-0.717467  -1.33987  
-0.699883  -1.33717  
-0.683279  -1.30568  
-0.673237  -1.30485  
-0.666025  -1.30617  
-0.656345  -1.30125  
-0.646426  -1.30036  
-0.637329  -1.29499  
-0.651555  -1.30983  
-0.642434  -1.30432  
-0.648738  -1.30883  
-0.647588  -1.31264  
-0.626555  -1.30151  
-0.61699  -1.28483  
-0.613647  -1.28375  
-0.600703  -1.26538  
-0.597347  -1.2643  
-0.583236  -1.25144  
-0.54606  -1.23149  
-0.539295  -1.22932  
-0.525594  -1.21022  
-0.51382  -1.20227  
-0.523583  -1.20865  
-0.518128  -1.19243  
-0.534649  -1.20184  
-0.545557  -1.19275  
-0.535816  -1.18779  
-0.553626  -1.199  
-0.543806  -1.19394  
-0.564205  -1.19976  
-0.576237  -1.21256  
-0.57523  -1.2125  
-0.563186  -1.2089  
-0.576223  -1.21654  
-0.573798  -1.21982  
-0.589606  -1.22848  
-0.572655  -1.22864  
-0.562877  -1.22314  
-0.545795  -1.20475  
-0.561837  -1.21343  
-0.550576  -1.20678  
-0.538197  -1.19467  
-0.528417  -1.18929  
-0.532972  -1.19309  
-0.530233  -1.1862  
-0.489741  -1.16306  
-0.503033  -1.1743  
-0.484735  -1.16328  
-0.451252  -1.15014  
-0.462502  -1.15301  
-0.440255  -1.12814  
-0.433602  -1.12604  
-0.423278  -1.11474  
-0.403131  -1.09198  
-0.3925  -1.092  
-0.385585  -1.09202  
-0.381004  -1.08767  
-0.360208  -1.07057  
-0.349073  -1.05924  
-0.363984  -1.06914  
-0.348112  -1.0642  
-0.361302  -1.06923  
-0.352948  -1.05355  
-0.338034  -1.04625  
-0.358514  -1.05886  
-0.343373  -1.04364  
-0.336134  -1.0456  
-0.348184  -1.0496  
-0.338515  -1.04459  
-0.359291  -1.03984  
-0.346237  -1.02875  
-0.336465  -1.02387  
-0.344941  -1.03491  
-0.335185  -1.02991  
-0.343847  -1.01418  
-0.344875  -1.01457  
-0.353409  -1.03069  
-0.368348  -1.03338  
-0.356661  -1.03901  
-0.333165  -1.04711  
-0.330963  -1.04054  
-0.310789  -1.03503  
-0.301414  -1.02973  
-0.300857  -1.03398  
-0.28903  -1.02863  
-0.279741  -1.02321  
-0.268875  -0.994807  
-0.259691  -0.989689  
-0.251701  -0.976127  
-0.270001  -0.986006  
-0.262474  -0.972501  
-0.258734  -0.989044  
-0.274464  -0.991707  
-0.252914  -0.989044  
-0.243924  -0.983824  
-0.236409  -1.00137  
-0.229942  -1.00271  
-0.21266  -1.00075  
-0.203936  -0.995173  
-0.193542  -0.987683  
-0.184853  -0.982136  
-0.175619  -0.986047  
-0.147894  -0.970873  
-0.139435  -0.965271  
-0.106375  -0.962513  
-0.125571  -0.972054  
-0.07089  -0.945296  
-0.0566743  -0.940787  
-0.0457514  -0.947013  
-0.0196159  -0.946446  
-0.01362  -0.944353  
0.0108032  -0.915866  
0.0502873  -0.899914  
0.0486783  -0.896918  
0.0615903  -0.891897  
0.0683901  -0.878955  
0.0752494  -0.876511  
0.0704681  -0.885002  
0.0760278  -0.890585  
0.0883328  -0.875732  
0.0935471  -0.87701  
0.0952984  -0.894255  
0.100449  -0.895211  
0.0890738  -0.90294  
0.0943559  -0.903729  
0.107702  -0.895419  
0.0803158  -0.904438  
0.090588  -0.90334  
0.0985193  -0.896984  
0.0752459  -0.912454  
0.0757564  -0.905642  
0.0757664  -0.917674  
0.0759388  -0.915356  
0.0813526  -0.915792  
0.0568576  -0.92479  
0.0623747  -0.925118  
0.0714683  -0.939741  
0.0719638  -0.938585  
0.0756714  -0.945429  
0.0747983  -0.937873  
0.0863989  -0.940953  
0.0914771  -0.94089  
0.117175  -0.919427  
0.0947272  -0.92743  
0.128754  -0.91683  
0.123698  -0.915137  
0.122026  -0.90577  
0.124822  -0.911065  
0.13568  -0.904395  
0.132542  -0.895018  
0.137712  -0.886852  
0.156381  -0.885384  
0.1489  -0.886464  
0.154073  -0.884942  
0.169516  -0.873217  
0.160616  -0.862268  
0.152421  -0.847212  
0.17102  -0.831286  
0.178202  -0.824937  
0.173293  -0.828481  
0.172724  -0.821334  
0.177572  -0.807699  
0.182306  -0.808528  
0.171442  -0.812068  
0.168297  -0.812237  
0.174986  -0.810597  
0.201754  -0.807597  
0.173177  -0.816891  
0.202607  -0.813168  
0.210731  -0.807219  
0.216837  -0.799015  
0.233905  -0.782647  
0.236369  -0.781734  
0.271271  -0.754532  
0.2694  -0.754847  
0.270824  -0.747758  
0.275014  -0.748756  
0.289698  -0.732448  
0.29378  -0.733475  
0.317958  -0.70502  
0.321892  -0.706219  
0.333542  -0.703668  
0.338052  -0.701305  
0.377992  -0.675463  
0.376905  -0.673633  
0.405085  -0.64612  
0.414781  -0.627894  
0.41843  -0.629616  
0.441227  -0.604885  
0.447479  -0.599225  
0.46246  -0.600059  
0.468669  -0.594269  
0.457172  -0.603152  
0.466356  -0.598828  
0.472039  -0.599541  
0.465543  -0.620145  
0.463963  -0.613762  
0.470588  -0.617822  
0.470501  -0.618991  
0.453434  -0.621117  
0.45863  -0.611798  
0.455755  -0.614972  
0.466122  -0.61285  
0.447553  -0.618646  
0.447346  -0.623739  
0.457779  -0.620646  
0.460973  -0.612074  
0.435301  -0.632887  
0.425329  -0.63119  
0.429274  -0.632323  
0.436708  -0.636388  
0.438245  -0.642374  
0.437009  -0.630358  
0.441108  -0.628739  
0.456044  -0.598243  
0.4699  -0.57836  
0.448721  -0.587201  
0.492998  -0.538138  
0.471749  -0.547112  
0.509237  -0.527176  
0.512568  -0.52916  
0.517185  -0.52439  
0.524218  -0.526711  
0.527465  -0.528616  
0.518743  -0.553456  
0.513064  -0.578109  
0.524045  -0.58704  
0.527226  -0.588167  
0.518508  -0.594473  
0.527186  -0.590237  
0.532954  -0.583586  
0.533757  -0.58092  
0.535609  -0.580178  
0.559241  -0.565747  
0.573257  -0.541855  
0.568264  -0.543293  
0.592002  -0.526899  
0.594842  -0.528486  
0.610424  -0.529787  
0.611647  -0.529664  
0.618513  -0.527787  
0.645913  -0.513576  
0.642244  -0.505037  
0.684733  -0.478409  
0.689738  -0.479244  
0.71201  -0.453142  
0.712653  -0.453348  
0.714342  -0.452621  
0.736031  -0.437547  
0.764675  -0.423323  
0.76706  -0.422571  
0.771664  -0.416809  
0.805661  -0.417443  
0.807515  -0.419532  
0.814138  -0.429045  
0.815979  -0.430915  
0.841812  -0.420196  
0.823069  -0.425313  
0.852881  -0.397814  
0.854293  -0.380012  
0.851089  -0.374468  
0.864424  -0.371227  
0.86887  -0.365411  
0.89952  -0.322026  
0.896146  -0.316922  
0.893448  -0.312886  
0.879879  -0.326368  
0.884809  -0.319144  
0.879174  -0.336766  
0.881186  -0.339335  
0.88145  -0.360252  
0.875404  -0.358954  
0.880089  -0.352989  
0.87717  -0.362312  
0.879319  -0.364555  
0.882665  -0.366418  
0.879251  -0.352769  
0.882579  -0.361441  
0.891613  -0.34912  
0.897706  -0.350074  
0.915973  -0.338529  
0.909695  -0.351766  
0.915231  -0.347203  
0.906434  -0.354906  
0.900061  -0.354571  
0.914293  -0.343715  
0.918207  -0.334811  
0.959465  -0.309551  
0.955677  -0.311922  
0.956992  -0.311381  
0.988066  -0.296088  
0.997649  -0.297119  
1.00055  -0.289322  
1.03064  -0.269689  
1.03195  -0.272647  
1.03191  -0.28621  
1.04219  -0.27834  
1.05616  -0.271396  
1.05689  -0.26577  
1.06073  -0.26014  
1.06041  -0.251532  
1.06175  -0.254584  
1.07335  -0.230845  
1.06912  -0.228958  
1.06549  -0.240277  
1.03978  -0.246386  
1.04134  -0.249523  
1.04176  -0.250994  
1.03151  -0.278251  
1.03429  -0.287806  
1.0116  -0.308959  
1.01572  -0.312736  
0.993943  -0.331883  
0.993617  -0.331997  
0.996606  -0.337841  
0.990789  -0.335409  
0.996819  -0.325183  
1.001  -0.317911  
1.0055  -0.306907  
0.983699  -0.317785  
1.00234  -0.292928  
1.00466  -0.292085  
1.02034  -0.283532  
1.01685  -0.278083  
1.05359  -0.266462  
1.05756  -0.260913  
1.0887  -0.245769  
1.08995  -0.248808  
1.11795  -0.232255  
1.14373  -0.228646  
1.14464  -0.231845  
1.16866  -0.223877  
1.1712  -0.223506  
1.19252  -0.233914  
1.20165  -0.226292  
1.20525  -0.224119  
1.23471  -0.209371  
1.23734  -0.21493  
1.25455  -0.20264  
1.26722  -0.191163  
1.27355  -0.175014  
1.28771  -0.145615  
1.29085  -0.146503  
1.30862  -0.131183  
1.31435  -0.112532  
1.31559  -0.115389  
1.33138  -0.12388  
1.31741  -0.126886  
1.31209  -0.135418  
1.31096  -0.147594  
1.31174  -0.151372  
1.31921  -0.168691  
1.31813  -0.178739  
1.30526  -0.190113  
1.31592  -0.192659  
1.31951  -0.186796  
1.32804  -0.178428  
1.30732  -0.192899  
1.33794  -0.175773  
1.33626  -0.182602  
1.32655  -0.192629  
1.33748  -0.186106  
1.33849  -0.189341  
1.36642  -0.175831  
1.36727  -0.179148  
1.37991  -0.193812  
1.39189  -0.190299  
1.39051  -0.200043  
1.41545  -0.185411  
1.4298  -0.169744  
1.43051  -0.172839  
1.45621  -0.158728  
1.4585  -0.157694  
1.47875  -0.154208  
1.48786  -0.154597  
1.491  -0.148905  
1.51096  -0.136431  
1.51145  -0.139886  
1.533  -0.140982  
1.52629  -0.144271  
1.55096  -0.139502  
1.55145  -0.142777  
1.57893  -0.116639  
1.58198  -0.110869  
1.60093  -0.0952398  
1.60388  -0.0899277  
1.62505  -0.0763196  
1.64229  -0.0697304  
1.64375  -0.0705346  
1.66589  -0.0652138  
1.66764  -0.0734965  
1.66794  -0.0729713  
1.68777  -0.0722278  
1.6873  -0.0763661  
1.68594  -0.0933881  
1.68714  -0.101461  
1.69337  -0.0897522  
1.71012  -0.0769049  
1.70834  -0.0824725  
1.71268  -0.0805684  
1.71456  -0.067531  
1.71392  -0.0662492  
1.71104  -0.0731615  
1.70933  -0.0652559  
1.71706  -0.0593011  
1.71843  -0.056758  
1.71929  -0.060437  
1.7093  -0.0742276  
1.70532  -0.0760896  
1.72149  -0.0708006  
1.71752  -0.0726553  
1.74052  -0.0509875  
1.71948  -0.0648652  
1.72054  -0.0645527  
1.73209  -0.0611319  
1.73594  -0.0550072  
1.73471  -0.0511355  
1.73575  -0.0549425  
1.7317  -0.0380377  
1.73281  -0.0419919  
1.72535  -0.0440506  
1.71935  -0.0432586  
1.72062  -0.047138  
1.72948  -0.0214401  
1.73434  -0.0112119  
1.73243  -0.0155856  
1.73062  -0.0241366  
1.73025  -0.0249074  
1.71007  -0.0418829  
1.71536  -0.0497963  
1.71671  -0.0534079  
1.71418  -0.0559707  
1.69878  -0.0619266  
1.69385  -0.071141  
1.70492  -0.0677712  
1.68879  -0.0716905  
1.69299  -0.0420882  
1.6973  -0.0195674  
1.70244  -0.0128356  
1.69785  0.00619064  
1.69935  0.0017656  
1.70147  0.00882276  
1.70297  0.00439612  
1.7122  0.00887038  
1.70046  -0.00266052  
1.70126  -0.00473275  
1.72321  -0.0220108  
1.72772  -0.0157771  
1.74071  -0.000965725  
1.74199  -0.00507073  
1.76911  0.0233712  
1.77338  0.0292569  
1.79455  0.0376005  
1.79961  0.0312614  
1.78348  0.0268237  
1.80928  0.033823  
1.80898  0.0342127  
1.81287  0.0332788  
1.81715  0.0394328  
1.82668  0.0208532  
1.81369  0.00991841  
1.81628  0.0108973  
1.82654  0.0404144  
1.82776  0.036205  
1.814  0.0279781  
1.80364  0.027482  
1.8063  0.0285195  
1.80804  0.0165249  
1.7865  -0.00330058  
1.7882  -0.00665022  
1.79002  -0.00481297  
1.79562  -0.00849783  
1.77779  -0.0307773  
1.78183  -0.0505744  
1.78694  -0.0430783  
1.79544  -0.0272225  
1.79486  -0.0367937  
1.8025  -0.0213403  
1.82201  0.00509742  
1.82369  0.00179796  
1.82609  0.000488077  
1.8312  0.00807841  
1.88514  0.0410685  
1.89677  0.0569935  
1.89964  0.058175  
1.91348  0.0455666  
1.91822  0.0530159  
1.96572  0.0841675  
1.99497  0.105181  
2.00374  0.118512  
2.02116  0.142044  
2.03078  0.158087  
2.04218  0.166048  
2.06218  0.182202  
2.06657  0.178789  
2.08004  0.183019  
2.09225  0.198669  
2.08119  0.194007  
2.07976  0.174485  
2.07756  0.171885  
2.08648  0.175766  
2.08383  0.172392  
2.06105  0.173729  
2.05685  0.181943  
2.05041  0.16966  
2.06293  0.18329  
2.03328  0.161652  
2.04513  0.155422  
2.01407  0.133285  
2.01257  0.134127  
2.00679  0.133847  
1.99896  0.111674  
1.99532  0.1033  
1.98774  0.0779124  
1.97287  0.06494  
1.98558  0.0753585  
1.97904  0.0847574  
1.99241  0.0926893  
1.99851  0.101913  
1.98145  0.0892242  
2.00223  0.101326  
2.00754  0.1136  
2.01866  0.10746  
2.02845  0.115405  
2.05356  0.134834  
2.06611  0.136884  
2.06233  0.118161  
2.07131  0.120231  
2.08294  0.1363  
2.09488  0.148592  
2.11194  0.17556  
2.12493  0.179539  
2.12852  0.205131  
2.13056  0.207653  
2.14193  0.226133  
2.14139  0.221184  
2.15526  0.234973  
2.15078  0.228051  
2.1499  0.222236  
2.17166  0.23966  
2.17142  0.230387  
2.18763  0.230441  
2.17485  0.211242  
2.18069  0.207225  
2.20707  0.240702  
2.18892  0.229726  
2.19744  0.235333  
2.20115  0.24528  
2.20896  0.249819  
2.21951  0.265885  
2.19809  0.246029  
2.21621  0.247515  
2.20806  0.240761  
2.21429  0.251273  
2.2103  0.259822  
2.20994  0.243499  
2.20365  0.233171  
2.20325  0.230087  
2.20601  0.228993  
2.21319  0.257483  
2.2197  0.268433  
2.22155  0.275332  
2.23302  0.320894  
2.22089  0.32553  
2.22301  0.325991  
2.22497  0.326939  
2.22777  0.326317  
2.23061  0.324794  
2.22464  0.313786  
2.22754  0.312539  
2.20085  0.245642  
2.20396  0.245341  
2.19958  0.226895  
2.19061  0.18279  
2.17833  0.186342  
2.18386  0.178839  
2.18717  0.179642  
2.19261  0.20557  
2.18196  0.199326  
2.18404  0.200305  
2.19226  0.217399  
2.19557  0.218091  
2.2046  0.250669  
2.22665  0.257734  
2.22917  0.256042  
2.23627  0.262097  
2.23938  0.262637  
2.25692  0.259162  
2.26266  0.264029  
2.27181  0.263741  
2.29388  0.283249  
2.29601  0.284258  
2.30694  0.309358  
2.30982  0.309932  
2.32009  0.33728  
2.3267  0.350105  
2.33137  0.362663  
2.33426  0.362948  
2.33507  0.367507  
2.34423  0.387563  
2.34718  0.387802  
2.33839  0.367751  
2.32241  0.359425  
2.31707  0.338045  
2.32036  0.339152  
2.29427  0.310599  
2.28388  0.276057  
2.28612  0.277121  
2.26151  0.282784  
2.26522  0.279234  
2.26748  0.280312  
2.25093  0.301094  
2.25683  0.315174  
2.25542  0.330392  
2.23362  0.307333  
2.24769  0.34688  
2.2521  0.372788  
2.2554  0.383538  
2.24913  0.372622  
2.23875  0.36813  
2.24887  0.372797  
2.25348  0.367065  
2.238  0.360073  
2.23773  0.352178  
2.24237  0.357582  
2.23812  0.346711  
2.25954  0.340843  
2.24406  0.334586  
2.26578  0.350359  
2.26948  0.353113  
2.27595  0.373186  
2.29168  0.388534  
2.29834  0.392258  
2.32886  0.430743  
2.33223  0.43297  
2.35611  0.461671  
2.36942  0.46039  
2.37193  0.460562  
2.38812  0.472472  
2.39526  0.48137  
2.42579  0.488801  
2.44754  0.494208  
2.45196  0.493896  
2.4747  0.518906  
2.49054  0.50679  
2.49351  0.509088  
2.50947  0.504642  
2.51247  0.514424  
2.50928  0.521759  
2.53154  0.538863  
2.5159  0.532885  
2.51182  0.544106  
2.52229  0.544941  
2.51088  0.526284  
2.51338  0.52748  
2.49271  0.521436  
2.4772  0.527398  
2.46815  0.520259  
2.42938  0.496756  
2.4334  0.500336  
2.40765  0.461751  
2.39589  0.462464  
2.39466  0.452698  
2.36125  0.462779  
2.36382  0.464023  
2.34646  0.461632  
2.33677  0.460968  
2.31534  0.449788  
2.31321  0.462481  
2.31581  0.463741  
2.29341  0.491076  
2.29796  0.495449  
2.30305  0.520031  
2.28852  0.515627  
2.27592  0.515413  
2.2951  0.554249  
2.29948  0.558261  
2.31572  0.600033  
2.29731  0.581544  
2.31908  0.611885  
2.34559  0.618142  
2.34823  0.619433  
2.3642  0.610385  
2.37355  0.618353  
2.40062  0.646434  
2.40328  0.647726  
2.40135  0.623896  
2.41511  0.600487  
2.40644  0.612176  
2.43448  0.606345  
2.43718  0.607645  
2.43633  0.610778  
2.45663  0.637341  
2.46728  0.63862  
2.4672  0.639873  
2.47042  0.632876  
2.4807  0.639268  
2.47581  0.66391  
2.47186  0.677227  
2.46754  0.678626  
2.4472  0.662923  
2.43157  0.653716  
2.42365  0.642599  
2.4203  0.617911  
2.40523  0.611059  
2.38229  0.597821  
2.38522  0.592772  
2.35113  0.556123  
2.36299  0.56062  
2.34225  0.560587  
2.35536  0.552874  
2.33376  0.556356  
2.33825  0.562977  
2.32497  0.580696  
2.30152  0.570979  
2.31091  0.578869  
2.29563  0.593015  
2.30502  0.600902  
2.29201  0.613829  
2.2895  0.629931  
2.29401  0.629042  
2.28019  0.638384  
2.28546  0.649843  
2.26638  0.619545  
2.25882  0.627719  
2.26816  0.625938  
2.25855  0.643562  
2.25994  0.627271  
2.25554  0.62307  
2.23693  0.621783  
2.24018  0.610319  
2.24585  0.626937  
2.23294  0.624575  
2.24734  0.670152  
2.23548  0.689862  
2.2384  0.691286  
2.21787  0.695691  
2.21084  0.691782  
2.20187  0.72653  
2.20632  0.732622  
2.17326  0.739246  
2.17782  0.745238  
2.15978  0.739439  
2.1718  0.743572  
2.15486  0.73956  
2.14842  0.746457  
2.16051  0.750714  
2.15924  0.763782  
2.14492  0.761818  
2.15185  0.743828  
2.15544  0.75482  
2.16616  0.765238  
2.16898  0.746586  
2.15277  0.742805  
2.15771  0.743017  
2.16382  0.746878  
2.14916  0.745632  
2.13844  0.762094  
2.14781  0.747196  
2.12937  0.762316  
2.10955  0.745855  
2.12162  0.750976  
2.10738  0.773332  
2.09186  0.785418  
2.10381  0.7901  
2.09554  0.803536  
2.07576  0.790772  
2.08466  0.812884  
2.08567  0.805848  
2.07514  0.837379  
2.07811  0.840757  
2.08408  0.855828  
2.07126  0.856641  
2.07388  0.855428  
2.05806  0.847054  
2.06158  0.844367  
2.04548  0.83251  
2.03587  0.830245  
2.04605  0.82231  
2.01974  0.816574  
2.03054  0.797512  
2.03402  0.811422  
2.0245  0.819651  
2.02764  0.821186  
2.01504  0.827911  
2.02158  0.83799  
2.02251  0.833876  
2.02528  0.852539  
2.00727  0.838128  
2.02473  0.860625  
2.03049  0.873178  
2.02359  0.870421  
2.03315  0.874408  
2.03289  0.862047  
2.04307  0.890767  
2.04282  0.878409  
2.03582  0.901786  
2.03441  0.895279  
2.04413  0.915184  
2.01162  0.906888  
2.0226  0.906231  
1.99433  0.899282  
1.98518  0.886906  
1.97864  0.908048  
1.95521  0.883886  
1.95804  0.88377  
1.95594  0.881665  
1.95436  0.872543  
1.96072  0.859222  
1.95769  0.874162  
1.96887  0.864673  
1.96108  0.875786  
1.95315  0.87479  
1.96517  0.880876  
1.95857  0.878019  
1.94674  0.868186  
1.92711  0.856235  
1.91826  0.856635  
1.92267  0.865601  
1.90846  0.866503  
1.90878  0.88314  
1.92264  0.887227  
1.92557  0.869537  
1.93233  0.882086  
1.94202  0.897837  
1.94628  0.906668  
1.9556  0.922795  
1.96164  0.925991  
1.96962  0.927752  
1.97404  0.936127  
1.98119  0.939242  
1.98048  0.942521  
1.96539  0.948467  
1.97719  0.954599  
1.97983  0.957814  
1.98075  0.95515  
1.96417  0.947996  
1.96491  0.942944  
1.97072  0.96987  
1.95373  0.954161  
1.96482  0.96094  
1.96466  0.959958  
1.95637  0.964282  
1.95646  0.959263  
1.93516  0.943445  
1.93777  0.94983  
1.94759  0.969325  
1.92912  0.96251  
1.93335  0.971312  
1.91543  0.956558  
1.91969  0.963118  
1.92178  0.972067  
1.89696  0.960695  
1.90836  0.959852  
1.90623  0.973845  
1.91025  0.975946  
1.91555  0.986995  
1.91485  0.979418  
1.91951  1.01104  
1.93098  1.02658  
1.93098  1.03352  
1.91177  1.05345  
1.91638  1.06093  
1.90476  1.08208  
1.90754  1.10782  
1.88949  1.09459  
1.88751  1.12461  
1.88751  1.12461  
1.8679  1.12124  
1.87255  1.11911  
1.87373  1.11361  
1.85092  1.11505  
1.86023  1.10731  
1.84774  1.09791  
1.84737  1.09893  
1.8326  1.08654  
1.83504  1.0741  
1.83832  1.08788  
1.83731  1.07374  
1.82177  1.06794  
1.80451  1.06396  
1.80954  1.06091  
1.78724  1.05609  
1.7864  1.05977  
1.78993  1.06149  
1.76642  1.06713  
1.76284  1.06953  
1.76079  1.06502  
1.7762  1.08671  
1.7578  1.07924  
1.77306  1.09765  
1.77458  1.08759  
1.77939  1.10045  
1.79489  1.10577  
1.80018  1.11199  
1.79514  1.12931  
1.82218  1.13326  
1.82293  1.12877  
1.81505  1.13437  
1.8184  1.13964  
1.83281  1.17123  
1.82749  1.17889  
1.82826  1.1741  
1.84205  1.1821  
1.8374  1.18268  
1.83271  1.18375  
1.83475  1.18883  
1.83643  1.18803  
1.84797  1.19279  
1.84128  1.19784  
1.84203  1.19346  
1.82901  1.18057  
1.83648  1.18238  
1.8226  1.17419  
1.79765  1.17379  
1.80993  1.18069  
1.80635  1.18806  
1.80997  1.18985  
1.78844  1.19189  
1.78118  1.18394  
1.78569  1.19779  
1.78204  1.21523  
1.78244  1.20339  
1.79788  1.22915  
1.80457  1.22244  
1.80886  1.23981  
1.80529  1.25084  
1.80949  1.26001  
1.82304  1.27424  
1.83539  1.28085  
1.83938  1.29409  
1.83728  1.30609  
1.83728  1.30609  
1.85027  1.32857  
1.85027  1.32857  
1.86345  1.33474  
1.84471  1.31565  
1.86346  1.33955  
1.87035  1.35161  
1.86737  1.34256  
1.85716  1.359  
1.85804  1.35415  
1.85162  1.36252  
1.85258  1.35774  
1.86077  1.3687  
1.86169  1.36396  
1.85487  1.38403  
1.82997  1.38453  
1.8394  1.37736  
1.83645  1.3655  
1.83753  1.36103  
1.83418  1.35324  
1.83429  1.34309  
1.83194  1.34896  
1.82646  1.34611  
1.82646  1.34611  
1.84351  1.34852  
1.82757  1.35487  
1.83894  1.37776  
1.83422  1.37605  
1.81632  1.38124  
1.80896  1.38252  
1.81442  1.39556  
1.8017  1.40409  
1.78054  1.41308  
1.78426  1.42087  
1.76966  1.42514  
1.76517  1.43678  
1.75075  1.43846  
1.74179  1.44516  
1.71767  1.45037  
1.73071  1.4566  
1.70445  1.45639  
1.70922  1.46483  
1.69426  1.46302  
1.68624  1.45126  
1.69923  1.4576  
1.6666  1.43908  
1.67687  1.44573  
1.66651  1.43914  
1.65096  1.43401  
1.64222  1.43712  
1.63525  1.45072  
1.62038  1.44031  
1.60784  1.43878  
1.61684  1.44316  
1.60374  1.44316  
1.59951  1.44929  
1.5981  1.43959  
1.60811  1.45043  
1.6173  1.45816  
1.62601  1.46804  
1.63987  1.46768  
1.65096  1.47096  
1.67331  1.47963  
1.68312  1.49189  
1.68816  1.50085  
1.70973  1.50866  
1.72223  1.51828  
1.73802  1.53672  
1.74721  1.54583  
1.77661  1.56495  
1.79685  1.56748  
1.80057  1.57638  
1.82722  1.60164  
1.8276  1.597  
1.87001  1.6132  
1.86967  1.62944  
1.90048  1.65514  
1.92067  1.65757  
1.90488  1.65892  
1.93726  1.67358  
1.91817  1.66154  
1.92642  1.68765  
1.92171  1.6907  
1.92345  1.68099  
1.91235  1.6915  
1.91213  1.7084  
1.89796  1.68843  
1.87389  1.70425  
1.87141  1.69357  
1.87397  1.7217  
1.85121  1.72066  
1.83309  1.72792  
1.8166  1.73961  
1.81699  1.75083  
1.75615  1.75489  
1.76009  1.75689  
1.7147  1.76599  
1.71865  1.768  
1.68419  1.77615  
1.63208  1.75336  
1.64271  1.75987  
1.60439  1.76242  
1.60837  1.76445  
1.57586  1.76287  
1.57545  1.7721  
1.57781  1.76728  
1.56911  1.76903  
1.57198  1.77421  
1.56098  1.76981  
1.54872  1.77947  
1.55427  1.78779  
1.5644  1.78419  
1.55567  1.78563  
1.55997  1.78253  
1.56586  1.78219  
1.57122  1.77879  
1.58011  1.78147  
1.58514  1.79012  
1.59076  1.77974  
1.60839  1.80405  
1.61428  1.79346  
1.62176  1.79206  
1.62295  1.78791  
1.63604  1.80347  
1.64992  1.8001  
1.65737  1.81328  
1.66492  1.82969  
1.64952  1.82478  
1.67999  1.8593  
1.68784  1.86294  
1.70154  1.8688  
1.70836  1.88306  
1.70964  1.88991  
1.7453  1.92567  
1.74356  1.92787  
1.74917  1.93316  
1.74803  1.94234  
1.76837  1.96096  
1.76664  1.96861  
1.76069  1.97505  
1.74712  1.96231  
1.75119  1.98347  
1.75081  1.98815  
1.72438  1.99151  
1.70781  1.98944  
1.70589  1.98841  
1.68144  1.98771  
1.68571  1.99604  
1.63902  1.98696  
1.61704  1.97953  
1.61887  1.975  
1.60356  1.97753  
1.58929  1.97921  
1.58416  1.97165  
1.55751  1.95651  
1.56312  1.96528  
1.54042  1.9509  
1.54604  1.95978  
1.5196  1.95491  
1.50709  1.94873  
1.51475  1.95371  
1.48531  1.95819  
1.48536  1.95444  
1.46593  1.96345  
1.46202  1.98577  
1.46607  1.99637  
1.44562  1.99652  
1.44878  2.00154  
1.45737  2.02768  
1.45281  2.03865  
1.44142  2.04174  
1.43987  2.04598  
1.44866  2.04052  
1.47213  2.06976  
1.47869  2.06544  
1.48306  2.07145  
1.48141  2.06749  
1.48647  2.07293  
1.50644  2.08969  
1.51363  2.09377  
1.51553  2.07411  
1.53819  2.09071  
1.5392  2.08652  
1.53236  2.06891  
1.5372  2.07768  
1.55393  2.07886  
1.55382  2.0747  
1.55471  2.07098  
1.55914  2.06201  
1.56002  2.05855  
1.56302  2.0762  
1.5511  2.07281  
1.55218  2.07808  
1.54852  2.06254  
1.55489  2.07727  
1.55577  2.07409  
1.53912  2.07371  
1.53912  2.07371  
1.5272  2.05937  
1.52222  2.0742  
1.53028  2.06646  
1.54176  2.0727  
1.51262  2.06543  
1.51564  2.08994  
1.5071  2.08192  
1.51066  2.10069  
1.51394  2.09672  
1.48778  2.09942  
1.4882  2.12175  
1.48679  2.12127  
1.48058  2.12468  
1.48186  2.12145  
1.48656  2.14697  
1.48776  2.14357  
1.48659  2.13221  
1.47289  2.13827  
1.47413  2.1351  
1.50435  2.14193  
1.50535  2.13882  
1.50425  2.1224  
1.49694  2.12717  
1.50044  2.12341  
1.5216  2.1224  
1.51547  2.12541  
1.52802  2.1251  
1.54812  2.12703  
1.55528  2.11853  
1.58237  2.13379  
1.58351  2.12108  
1.60493  2.14362  
1.61263  2.15929  
1.6178  2.15689  
1.60821  2.15384  
1.61004  2.16654  
1.63288  2.17189  
1.6473  2.18998  
1.65155  2.19965  
1.65619  2.21451  
1.65619  2.21451  
1.68122  2.23335  
1.68208  2.24344  
1.68208  2.24344  
1.68574  2.26208  
1.69009  2.27126  
1.69133  2.28614  
1.69177  2.28279  
1.67238  2.27255  
1.66927  2.28526  
1.66994  2.28201  
1.64548  2.26691  
1.65032  2.27632  
1.62691  2.2651  
1.60228  2.26253  
1.60252  2.2523  
1.58485  2.26808  
1.5664  2.26279  
1.56479  2.27302  
1.53789  2.28149  
1.51773  2.27501  
1.48871  2.28461  
1.4889  2.27447  
1.42664  2.28236  
1.43831  2.29866  
1.39335  2.30393  
1.39535  2.30093  
1.34832  2.30916  
1.33963  2.32507  
1.33296  2.32409  
1.32261  2.35385  
1.32566  2.34901  
1.31602  2.39506  
1.31814  2.39131  
1.29899  2.42714  
1.28724  2.45318  
1.27337  2.45447  
1.28256  2.49165  
1.28901  2.49926  
1.27006  2.52128  
1.26629  2.53939  
1.24806  2.52772  
1.25836  2.56136  
