-0.0467537  0.150613  -0.08  -0.04  0.00175752
-0.0264626  0.183769  -0.0732364  -0.0289482  0.234132
-0.0109944  0.218967  -0.0680803  -0.0172157  0.129839
-0.0181693  0.25716  -0.070472  -0.0044848  0.0150881
-0.0182513  0.295885  -0.0704993  0.00842357  0.00648418
-0.00780879  0.333333  -0.0670185  0.020906  0.00467501
0.0141332  0.365474  -0.0597046  0.0316197  0.00282618
0.0383051  0.396002  -0.0516473  0.0417954  0.00223796
0.06488  0.424552  -0.0427891  0.0513121  0.0021705
0.0939577  0.450669  -0.0330967  0.0600176  0.00250456
0.125342  0.473742  -0.0226355  0.0677085  0.00331118
0.161708  0.487393  -0.0105135  0.0722588  0.00477556
0.199894  0.495622  0.00221495  0.075002  0.00461929
0.238755  0.497801  0.0151686  0.075728  0.00468244
0.276725  0.48932  0.0278251  0.0729013  0.00433255
0.313472  0.476146  0.040074  0.0685101  0.00413694
0.350539  0.463854  0.0524297  0.0644127  0.00436579
0.384374  0.445145  0.0637079  0.0581765  0.00457469
0.402198  0.411066  0.0696492  0.0468169  0.00324641
0.403888  0.372164  0.0702123  0.0338497  0.00341039
0.407431  0.333385  0.0713933  0.0209235  0.00210833
0.407071  0.29434  0.0712735  0.0079086  0.00192264
0.405385  0.255398  0.0707113  -0.00507195  0.00236975
0.399094  0.216856  0.0686145  -0.0179194  1e-05
0.396833  0.17795  0.0678609  -0.0308877  1e-05
0.398218  0.138977  0.0683225  -0.0438786  1e-05
0.4  0.1  0.0689164  -0.0568708  1e-05
