-0.0467765  0.150763
-0.0467732  0.150841
-0.046762  0.150991
-0.0466926  0.151284
-0.046484  0.151807
-0.0460882  0.15263
-0.045513  0.153776
-0.0447978  0.155194
-0.0439794  0.156787
-0.0430899  0.158515
-0.0421603  0.160392
-0.0411964  0.162491
-0.0401837  0.164891
-0.0390751  0.167619
-0.0378131  0.17068
-0.0364101  0.174046
-0.0348976  0.17771
-0.0333086  0.181619
-0.0316627  0.185757
-0.0299788  0.190127
-0.0282435  0.194754
-0.0264325  0.199624
-0.0245038  0.204725
-0.022449  0.20999
-0.0203052  0.215374
-0.0181126  0.220909
-0.0159037  0.226566
-0.0136071  0.232379
-0.0111385  0.238305
-0.00844421  0.244304
-0.00550899  0.250364
-0.00234298  0.256456
0.00108495  0.262636
0.00474599  0.268857
0.00856785  0.275034
0.0125046  0.281134
0.0165764  0.287176
0.0208029  0.293129
0.025249  0.299006
0.0299069  0.304737
0.0348059  0.310343
0.0399622  0.315852
0.0453151  0.321264
0.0508221  0.326605
0.0564786  0.331916
0.0623205  0.337233
0.0683291  0.342524
0.0744742  0.347757
0.0807371  0.352876
0.087224  0.35789
0.093948  0.362794
0.100807  0.367567
0.10782  0.372186
0.115016  0.376542
0.122441  0.38058
0.130149  0.384367
0.138032  0.387898
0.146038  0.391157
0.154144  0.394132
0.162395  0.396846
0.170585  0.399239
0.17864  0.401256
0.186621  0.402875
0.194513  0.404117
0.202358  0.405031
0.210174  0.405628
0.217984  0.405898
0.225693  0.405865
0.233142  0.405598
0.240271  0.405149
0.247047  0.404527
0.253503  0.403703
0.259629  0.402663
0.265375  0.401419
0.270753  0.399969
0.275797  0.398329
0.280578  0.396553
0.285135  0.394705
0.289443  0.392822
0.293552  0.390873
0.297424  0.388857
0.301064  0.386721
0.304506  0.384405
0.307729  0.381945
0.310741  0.379399
0.313532  0.376786
0.316114  0.374057
0.318515  0.371188
0.320789  0.368198
0.322957  0.36511
0.324999  0.361989
0.326901  0.358835
0.328653  0.355619
0.63758 0.276153
0.637219 0.275826
0.636915 0.275002
0.636783 0.273412
0.636752 0.271727
0.636767 0.270358
0.636798 0.269534
0.636759 0.269748
0.636385 0.27226
0.635345 0.278614
0.633607 0.287896
0.63141 0.298016
0.628951 0.307811
0.626142 0.317396
0.622877 0.32696
0.619262 0.336245
0.615448 0.344992
0.611398 0.353515
0.606985 0.362098
0.601911 0.371298
0.595818 0.381607
0.588535 0.393094
0.580194 0.405207
0.571247 0.416912
0.561814 0.427644
0.551967 0.437251
0.541892 0.445768
0.531608 0.4531
0.521042 0.458949
0.510398 0.462855
0.500186 0.464185
0.490576 0.463328
0.48147 0.461262
0.472807 0.45851
0.464673 0.455012
0.457359 0.450672
0.450911 0.445513
0.445155 0.439425
0.440031 0.432492
0.435423 0.425339
0.431409 0.418016
0.427969 0.410484
0.42488 0.40307
0.422098 0.395979
0.419502 0.389181
0.416732 0.382813
0.414 0.376601
0.411802 0.369757
0.410369 0.361832
0.409511 0.353347
0.408832 0.344777
0.408017 0.336357
0.406205 0.319728
0.404801 0.301929
0.40411 0.291982
0.403177 0.281942
0.402014 0.272522
0.400605 0.263832
0.39922 0.255507
