0.000105397  0.000996204
0.000247776  0.00180094
0.000800521  0.00333756
0.00212968  0.00584877
0.0041946  0.00929653
0.00651274  0.013279
0.00858288  0.0170989
0.0102138  0.020113
0.0114033  0.0223713
0.0122018  0.024489
0.012799  0.0271138
0.0134639  0.0306063
0.0144896  0.0347269
0.0160843  0.0390605
0.0179323  0.0432946
0.0195697  0.0473621
0.0208144  0.0509874
0.0217533  0.054259
0.0224554  0.0574433
0.0231406  0.0607251
0.0240371  0.0640042
0.0253156  0.0671334
0.0268304  0.0697376
0.0282112  0.0717738
0.0291532  0.0736219
0.0297858  0.0755026
0.030662  0.0773138
0.0324213  0.0790248
0.0350132  0.0803079
0.0380639  0.0812587
0.0412181  0.0819614
0.0444549  0.0826904
0.0476855  0.0834377
0.0502836  0.0833693
0.0522825  0.0826955
0.054079  0.081793
0.0561603  0.0808505
0.0586124  0.0796246
0.0614913  0.0781763
0.0645365  0.0764846
0.0677917  0.0750285
0.0707359  0.0736939
0.0731679  0.0726274
0.0753135  0.0719429
0.0775713  0.0716702
0.0798763  0.0714163
0.0819265  0.070781
0.0838006  0.0696621
0.0861634  0.0682884
0.0890386  0.0667885
0.0915437  0.0651051
0.0935772  0.0630117
0.0960129  0.0602417
0.0987685  0.0565161
0.10198  0.0527562
0.104873  0.0492664
0.107022  0.0457039
0.108577  0.0419707
0.109893  0.038179
0.110471  0.0341952
0.10941  0.029535
0.10816  0.024442
0.107142  0.0193404
0.106167  0.0145773
0.105595  0.0101786
0.105175  0.00586852
0.104189  0.00172324
0.101788  -0.00185394
0.0979478  -0.0047391
0.0936364  -0.00725513
0.0891669  -0.0098407
0.0847257  -0.012627
0.0798981  -0.0154044
0.075047  -0.0181403
0.0704177  -0.0207188
0.0664014  -0.0228436
0.0630212  -0.0242775
0.0597779  -0.0251206
0.0567392  -0.0259082
0.0537457  -0.0268695
0.0506549  -0.0281805
0.0477387  -0.030082
0.0449041  -0.032119
0.0419958  -0.0336527
0.0391228  -0.0348365
0.0362791  -0.036127
0.0337215  -0.0377811
0.0316389  -0.0394516
0.0299554  -0.0408515
0.0283214  -0.0417715
0.0265578  -0.0423671
0.0247018  -0.0431206
0.0230818  -0.0443215
-0.00198075 -0.00168073
-0.00251505 -0.00416923
-0.00158864 -0.008938
-0.000569134 -0.0122822
-5.89746e-05 -0.0111753
0.000161309 -0.00806502
-2.39793e-05 -0.0021622
-0.00145747 0.00964906
-0.00520214 0.0326946
-0.0103071 0.0582629
-0.0146249 0.071964
-0.0171277 0.0731701
-0.019402 0.0713434
-0.022368 0.0704468
-0.0254215 0.0695606
-0.0273465 0.0662767
-0.0290053 0.0636265
-0.0311427 0.0629214
-0.034911 0.0653975
-0.0411318 0.0718452
-0.0493332 0.0803924
-0.0576989 0.0871485
-0.0637902 0.0878831
-0.067572 0.0824228
-0.0711541 0.0749814
-0.0733715 0.0665482
-0.0750665 0.0585015
-0.0766435 0.0483497
-0.0782668 0.036011
-0.0768073 0.0192674
-0.0730479 0.00139476
-0.0688661 -0.0110236
-0.0653566 -0.0177476
-0.061959 -0.0229813
-0.0568517 -0.0289266
-0.0506304 -0.0350591
-0.0448608 -0.0414025
-0.0400893 -0.0481357
-0.0357611 -0.0520183
-0.0318362 -0.0532151
-0.0273436 -0.0547292
-0.0239649 -0.0551623
-0.021748 -0.053341
-0.019599 -0.0511726
-0.0197523 -0.0485459
-0.0204008 -0.0462199
-0.0181978 -0.047879
-0.0133316 -0.0545396
-0.00831079 -0.0605897
-0.00563011 -0.0628607
-0.00545728 -0.0626136
-0.00645793 -0.0613834
-0.00602834 -0.0627725
-0.00509135 -0.0701653
-0.00594008 -0.0739281
-0.00775742 -0.0716187
-0.00943624 -0.0666645
-0.0104306 -0.0625188
-0.00864157 -0.0616068
