0.6657  0.223655  0.08  0.04  0.0453109
0.653216  0.259631  0.0758385  0.051992  0.0205428
0.636594  0.293757  0.0702981  0.063367  0.00975023
0.613772  0.324091  0.0626908  0.0734784  0.00810991
0.582089  0.344724  0.05213  0.0803559  0.00593948
0.546213  0.35718  0.0401713  0.0845077  0.00506351
0.508827  0.353877  0.0277093  0.083407  0.00478528
0.473486  0.339654  0.0159292  0.0786658  0.00437415
0.441218  0.320152  0.00517344  0.0721652  0.00406523
0.423698  0.286673  -0.000666751  0.0610058  0.00674282
0.414348  0.250135  -0.00378322  0.0488265  0.00582147
0.418433  0.212341  -0.00242166  0.0362287  1e-05
0.414801  0.174576  -0.00363233  0.0236405  1e-05
0.407513  0.137271  -0.00606142  0.0112055  1e-05
0.4  0.1  -0.00856588  -0.00121792  1e-05
