0.462295  5.02476  
0.462294  5.02468  
0.766907  4.85169  
0.813124  4.82505  
1.28602  4.54751  
1.13838  4.59367  
1.12409  4.59731  
1.20603  4.50576  
1.57889  4.26739  
1.60347  4.24948  
1.5297  4.20504  
1.50655  4.21102  
1.60957  2.1336  
1.38768  2.06926  
1.3881  2.06476  
0.812674  2.27095  
1.00186  1.83449  
1.03315  1.81735  
1.23322  1.5604  
1.25038  1.55574  
1.17501  1.56631  
1.42125  1.36299  
1.46348  1.33086  
1.97865  0.941372  
1.91248  0.98465  
1.8863  1.00149  
2.03443  0.807386  
2.04519  0.79247  
2.27038  0.530124  
2.17399  0.638103  
1.84345  0.801511  
1.87593  0.657614  
1.90941  0.625088  
1.94441  0.56967  
1.9292  0.586642  
1.67706  0.752  
1.75104  0.67446  
1.74028  0.687366  
1.72777  0.727168  
1.72514  0.724821  
1.47711  0.896627  
1.47946  0.879828  
1.43637  0.947674  
1.42667  0.968348  
1.36195  1.06695  
1.23893  1.12727  
1.22849  1.12974  
1.32928  1.06172  
1.2281  1.15718  
1.19147  1.23313  
1.11228  1.28178  
1.16699  1.24059  
1.19084  1.23255  
0.960943  1.44737  
0.936168  1.46579  
0.795503  1.55634  
0.841474  1.53713  
0.825748  1.54173  
0.586813  1.73495  
0.562482  1.74936  
0.575997  1.72066  
0.589373  1.70726  
0.565952  1.70638  
0.550185  1.74262  
0.402438  1.80137  
0.477804  1.73426  
0.483575  1.72937  
0.398005  1.76719  
0.399601  1.7668  
0.403986  1.73831  
0.491256  1.6761  
0.483772  1.68971  
0.403334  1.73941  
0.381561  1.75137  
0.530866  1.61738  
0.575168  1.57854  
0.569103  1.58332  
0.460791  1.63988  
0.488265  1.62948  
0.636346  1.51301  
0.633457  1.53866  
0.630907  1.53953  
0.615608  1.53563  
0.669125  1.49814  
0.80318  1.38288  
0.756876  1.41016  
0.743869  1.41189  
0.828867  1.32425  
0.815107  1.32679  
0.884046  1.26663  
0.879898  1.26894  
0.783809  1.31689  
0.851809  1.26734  
0.856356  1.27233  
0.846888  1.29231  
0.80683  1.33515  
0.836295  1.32122  
0.952598  1.25471  
0.954034  1.2694  
0.933679  1.30191  
0.918963  1.32292  
1.00245  1.2326  
1.02517  1.1997  
1.03433  1.20347  
0.945291  1.25393  
0.957707  1.23114  
0.97071  1.21683  
0.934411  1.24477  
0.94787  1.23002  
0.898689  1.27437  
0.907142  1.26419  
0.978312  1.2309  
0.939159  1.31177  
0.94605  1.30779  
0.986494  1.29283  
0.998901  1.28968  
1.02057  1.27907  
0.980772  1.31171  
0.98438  1.33255  
1.044  1.28894  
1.04591  1.28697  
0.998781  1.33906  
0.997882  1.3299  
0.978429  1.34627  
1.04225  1.31186  
1.01542  1.33954  
0.992709  1.37252  
1.00795  1.37297  
1.00123  1.38141  
1.00985  1.37565  
1.00369  1.40721  
0.935032  1.45125  
0.955566  1.45049  
0.958319  1.44487  
0.903768  1.46281  
0.906814  1.46964  
0.885359  1.46343  
0.914483  1.43769  
0.915809  1.43062  
0.864779  1.45796  
0.867881  1.4522  
0.893036  1.43278  
0.890345  1.42943  
0.881671  1.45003  
0.892089  1.45139  
0.885401  1.45828  
0.904496  1.47083  
0.890793  1.50184  
0.901837  1.49988  
0.905146  1.50503  
0.932413  1.50385  
0.917371  1.5217  
0.919322  1.53254  
0.9516  1.52623  
0.959219  1.53424  
0.957243  1.54094  
0.9684  1.53953  
0.972347  1.55137  
0.961762  1.54544  
0.982243  1.53338  
0.983694  1.53835  
0.973379  1.52604  
0.982351  1.53392  
0.998163  1.49808  
0.975059  1.50102  
0.976396  1.49376  
0.948698  1.49729  
0.950446  1.50247  
0.965723  1.48059  
0.964844  1.46912  
0.947051  1.47482  
0.944409  1.46934  
0.946186  1.47466  
0.956634  1.44422  
0.965946  1.42246  
0.959656  1.42927  
0.946904  1.40791  
0.94486  1.39491  
0.968115  1.36064  
0.934251  1.35783  
0.935014  1.34185  
0.951278  1.30917  
0.943458  1.30657  
0.924601  1.30552  
0.903994  1.29878  
0.899105  1.30082  
0.919344  1.26909  
0.923595  1.25836  
0.850207  1.29906  
0.859966  1.27821  
0.862493  1.28509  
0.873706  1.26449  
0.860396  1.25552  
0.82672  1.27292  
0.829035  1.26756  
0.828117  1.2554  
0.821263  1.26271  
0.801341  1.25438  
0.803706  1.24918  
0.801258  1.2337  
0.804054  1.22708  
0.816001  1.22158  
0.787302  1.22246  
0.791447  1.21195  
0.780535  1.18495  
0.779256  1.17506  
0.78158  1.17053  
0.824107  1.13991  
0.816987  1.14821  
0.807345  1.12596  
0.819087  1.12125  
0.819514  1.07186  
0.788912  1.07144  
0.791141  1.06782  
0.764031  1.06936  
0.765616  1.06796  
0.7363  1.06046  
0.738833  1.05697  
0.649135  1.09569  
0.656759  1.07915  
0.653595  1.07611  
0.649267  1.06372  
0.65224  1.06025  
0.641771  1.06362  
0.617516  1.07508  
0.659563  1.03488  
0.633917  1.0329  
0.591567  1.04952  
0.64851  0.952674  
0.635557  0.959958  
0.638325  0.957537  
0.622886  0.942699  
0.625026  0.941923  
0.638012  0.894557  
0.647831  0.872904  
0.603813  0.883406  
0.604287  0.875133  
0.579594  0.888866  
0.574178  0.893324  
0.577216  0.891537  
0.588598  0.860432  
0.575924  0.873896  
0.578877  0.872236  
0.577622  0.885474  
0.580562  0.883585  
0.586833  0.874244  
0.578016  0.874103  
0.589462  0.864144  
0.568296  0.863112  
0.545656  0.868732  
0.548491  0.867035  
0.549102  0.857603  
0.554739  0.845074  
0.525381  0.860965  
0.519721  0.855647  
0.508539  0.857206  
0.469409  0.867056  
0.481926  0.853144  
0.443226  0.870162  
0.452409  0.856579  
0.453901  0.855487  
0.44612  0.861371  
0.42878  0.86308  
0.4341  0.853317  
0.437259  0.847785  
0.440326  0.846345  
0.44606  0.825656  
0.465898  0.814947  
0.474696  0.795817  
0.474559  0.792168  
0.449266  0.806364  
0.432238  0.803545  
0.434095  0.804071  
0.444514  0.790865  
0.433517  0.789102  
0.447045  0.787441  
0.420946  0.797727  
0.423852  0.796714  
0.422471  0.78798  
0.395744  0.802055  
0.389331  0.793588  
0.39256  0.782146  
0.403245  0.7691  
0.402334  0.753215  
0.384719  0.7553  
0.39027  0.740417  
0.393329  0.739941  
0.397885  0.717106  
0.400208  0.724927  
0.412476  0.717088  
0.431027  0.703764  
0.433734  0.703535  
0.42499  0.710186  
0.423447  0.717063  
0.416085  0.73231  
0.429178  0.720682  
0.439187  0.713762  
0.416659  0.723345  
0.411373  0.712348  
0.414158  0.71191  
0.410119  0.695476  
0.384631  0.710544  
0.371177  0.714732  
0.339724  0.72522  
0.357848  0.714829  
0.365149  0.708192  
0.388249  0.694953  
0.366853  0.728328  
0.384897  0.722968  
0.394322  0.723122  
0.403218  0.733742  
0.405869  0.732923  
0.406496  0.734222  
0.417008  0.721309  
0.413711  0.702798  
0.41978  0.690259  
0.404957  0.70441  
0.397024  0.681685  
0.399794  0.681339  
0.35943  0.694501  
0.382322  0.681333  
0.367827  0.683906  
0.345379  0.691236  
0.348472  0.69088  
0.314483  0.714253  
0.317703  0.713725  
0.279116  0.737967  
0.287156  0.734621  
0.26976  0.735162  
0.278791  0.731807  
0.273056  0.737436  
0.272093  0.728319  
0.252173  0.739029  
0.276277  0.719934  
0.259877  0.738332  
0.263148  0.737699  
0.294088  0.725472  
0.325169  0.704642  
0.304785  0.720253  
0.277808  0.741169  
0.279298  0.740343  
0.289901  0.750155  
0.292781  0.749298  
0.292208  0.749771  
0.304834  0.75814  
0.302891  0.731505  
0.283511  0.727512  
0.258123  0.73639  
0.259686  0.719109  
0.214901  0.737345  
0.22549  0.729202  
0.217718  0.721034  
0.185324  0.730138  
0.179736  0.719341  
0.179326  0.722986  
0.191742  0.71149  
0.180516  0.710133  
0.185819  0.71548  
0.187302  0.717598  
0.192414  0.713167  
0.204823  0.701362  
0.21082  0.688258  
0.185394  0.703143  
0.211147  0.680772  
0.193456  0.696796  
0.195619  0.689984  
0.19608  0.678251  
0.217907  0.665033  
0.20752  0.65823  
0.21087  0.658497  
0.193738  0.654332  
0.168464  0.669586  
0.176558  0.66394  
0.172794  0.658908  
0.147723  0.67406  
0.183299  0.626182  
0.196166  0.615099  
0.196146  0.618663  
0.171059  0.634369  
0.210809  0.599198  
0.251427  0.594927  
0.235191  0.602962  
0.267086  0.594486  
0.252626  0.609871  
0.27366  0.602205  
0.257988  0.631915  
0.269025  0.638307  
0.298609  0.635786  
0.278869  0.652327  
0.289474  0.632296  
0.303438  0.627412  
0.297835  0.634671  
0.271682  0.634946  
0.286149  0.625881  
0.266073  0.624525  
0.272425  0.603922  
0.268776  0.600894  
0.248761  0.597513  
0.216048  0.614333  
0.195579  0.616834  
0.158021  0.645669  
0.159941  0.644657  
0.16779  0.637333  
0.144285  0.637928  
0.150778  0.63864  
0.161975  0.632439  
0.144337  0.637325  
0.130049  0.64112  
0.146672  0.619572  
0.126635  0.627304  
0.119638  0.622871  
0.135424  0.622478  
0.0989743  0.636016  
0.108957  0.623755  
0.0968384  0.642728  
0.106196  0.617436  
0.082083  0.633082  
0.111407  0.602294  
0.111955  0.60914  
0.1446  0.585046  
0.145147  0.591879  
0.133341  0.5905  
0.163628  0.57423  
0.173426  0.569084  
0.155938  0.584424  
0.176732  0.578551  
0.20247  0.572799  
0.229995  0.576236  
0.214666  0.580441  
0.2292  0.570789  
0.215628  0.572529  
0.272482  0.535848  
0.250192  0.55257  
0.27085  0.546282  
0.257248  0.552853  
0.232763  0.561738  
0.235335  0.55479  
0.215136  0.56888  
0.235445  0.56065  
0.235733  0.561524  
0.24743  0.561555  
0.236826  0.577766  
0.24347  0.56748  
0.257461  0.554865  
0.281961  0.533146  
0.259807  0.5401  
0.279527  0.533122  
0.283268  0.522934  
0.307765  0.509504  
0.2704  0.536839  
0.2845  0.524092  
0.270468  0.525708  
0.242386  0.530211  
0.239499  0.536498  
0.230371  0.545475  
0.235755  0.545038  
0.207532  0.550511  
0.191004  0.546681  
0.186086  0.544464  
0.163956  0.538682  
0.16775  0.530489  
0.129095  0.555338  
0.111154  0.56699  
0.0898433  0.576583  
0.0947603  0.570043  
0.0712767  0.57372  
0.0546062  0.592855  
0.0503953  0.59432  
0.0636942  0.599643  
0.0351676  0.618805  
0.0634983  0.606532  
0.0415892  0.621568  
0.0603941  0.587495  
0.0743415  0.579281  
0.0609237  0.587276  
0.076899  0.574595  
0.0620838  0.588271  
0.0746145  0.566003  
0.0486499  0.580644  
0.0195655  0.598264  
0.0324088  0.602961  
0.0378187  0.590747  
0.0405079  0.599828  
0.0119778  0.624527  
0.0160942  0.618094  
0.0323682  0.605193  
0.0397042  0.577693  
0.046483  0.577187  
0.0259198  0.58975  
0.0339136  0.563578  
0.0215647  0.567304  
-0.00367258  0.557517  
-0.0252438  0.573393  
-0.026866  0.540743  
-0.0386334  0.544767  
-0.0351322  0.527445  
-0.0520343  0.527554  
-0.0635415  0.531687  
-0.0526856  0.510705  
-0.0409795  0.504168  
-0.0697446  0.519036  
-0.0880769  0.542669  
-0.0799463  0.542702  
-0.123232  0.574797  
-0.134335  0.578424  
-0.120717  0.588827  
-0.125043  0.600523  
-0.151194  0.6146  
-0.163927  0.626028  
-0.152092  0.619731  
-0.173801  0.633275  
-0.16522  0.632512  
-0.178451  0.600321  
-0.21192  0.624442  
-0.23196  0.639239  
-0.304359  0.667558  
-0.314437  0.670327  
-0.350633  0.69592  
-0.341098  0.695215  
-0.356755  0.703104  
-0.34814  0.704835  
-0.338613  0.704037  
-0.329006  0.697552  
-0.33459  0.70667  
-0.311124  0.685725  
-0.297576  0.685982  
-0.307954  0.688592  
-0.324299  0.706745  
-0.306051  0.694541  
-0.315751  0.696105  
-0.318252  0.708127  
-0.343765  0.724004  
-0.342059  0.718889  
-0.361374  0.732543  
-0.331016  0.713812  
-0.294364  0.677953  
-0.314922  0.692531  
-0.309203  0.685193  
-0.278448  0.655502  
-0.308274  0.67435  
-0.306587  0.671926  
-0.325996  0.686195  
-0.309493  0.672947  
-0.319523  0.675634  
-0.298297  0.683813  
-0.317528  0.697869  
-0.297792  0.680782  
-0.309573  0.69086  
-0.328465  0.704686  
-0.266759  0.677958  
-0.276649  0.680368  
-0.294799  0.702328  
-0.304607  0.7045  
-0.325127  0.740134  
-0.354078  0.746696  
-0.36232  0.760199  
-0.346991  0.765379  
-0.365491  0.778247  
-0.314919  0.752276  
-0.337205  0.765634  
-0.319715  0.742729  
-0.267125  0.699916  
-0.271473  0.702301  
-0.241783  0.672518  
-0.246092  0.674919  
-0.276987  0.698492  
-0.265992  0.693531  
-0.269217  0.688593  
-0.280283  0.720509  
-0.289642  0.722224  
-0.258026  0.710046  
-0.245588  0.715398  
-0.244813  0.717194  
-0.23647  0.708726  
-0.218208  0.688561  
-0.210618  0.67747  
-0.22908  0.691245  
-0.24401  0.705063  
-0.262305  0.718513  
-0.288375  0.705545  
-0.290686  0.699898  
-0.308486  0.713369  
-0.299122  0.694556  
-0.307343  0.696198  
-0.287387  0.67826  
-0.295454  0.680007  
-0.26748  0.639415  
-0.284974  0.653539  
-0.284359  0.660988  
-0.29566  0.685855  
-0.27594  0.671877  
-0.26516  0.687453  
-0.282639  0.700982  
-0.251532  0.699077  
-0.271384  0.727131  
-0.251904  0.712462  
-0.220277  0.723244  
-0.218839  0.724479  
-0.197567  0.69619  
-0.22154  0.710432  
-0.229674  0.711498  
-0.232118  0.713417  
-0.234311  0.708271  
-0.238937  0.710865  
-0.251343  0.72495  
-0.24694  0.720875  
-0.279839  0.749336  
-0.287315  0.750008  
-0.257302  0.742579  
-0.274004  0.755218  
-0.254959  0.738369  
-0.279767  0.75958  
-0.287203  0.760107  
-0.299487  0.777933  
-0.306822  0.778316  
-0.341872  0.804995  
-0.325881  0.793233  
-0.337097  0.802675  
-0.338163  0.807758  
-0.354184  0.819716  
-0.317157  0.790695  
-0.291661  0.767434  
-0.2924  0.764261  
-0.263698  0.731655  
-0.266065  0.746001  
-0.274634  0.740776  
-0.258144  0.730486  
-0.29458  0.740883  
-0.298838  0.742638  
-0.28795  0.739633  
-0.296996  0.743881  
-0.294389  0.745074  
-0.246133  0.716664  
-0.215768  0.689769  
-0.232742  0.694345  
-0.209889  0.681814  
-0.202547  0.670448  
-0.186748  0.676549  
-0.197086  0.680329  
-0.204748  0.679253  
-0.215023  0.71585  
-0.22702  0.723748  
-0.225562  0.742465  
-0.221998  0.747356  
-0.228398  0.747445  
-0.227165  0.745695  
-0.224382  0.74635  
-0.216107  0.738249  
-0.199809  0.730287  
-0.215246  0.742905  
-0.208809  0.732208  
-0.215015  0.732374  
-0.208978  0.715115  
-0.21526  0.720725  
-0.224553  0.732974  
-0.185951  0.704487  
-0.189779  0.709298  
-0.183424  0.697956  
-0.205599  0.719864  
-0.178779  0.696013  
-0.195175  0.685889  
-0.20015  0.684814  
-0.185346  0.692709  
-0.156239  0.68662  
-0.16307  0.685788  
-0.153722  0.679532  
-0.157381  0.679632  
-0.166994  0.695733  
-0.151538  0.691822  
-0.173203  0.712181  
-0.13151  0.687008  
-0.148211  0.70701  
-0.182225  0.710186  
-0.19596  0.690825  
-0.197314  0.691985  
-0.207915  0.699989  
-0.218478  0.714015  
-0.258003  0.722329  
-0.261549  0.729406  
-0.235626  0.706519  
-0.259677  0.726854  
-0.27304  0.739365  
-0.225679  0.741198  
-0.230158  0.740825  
-0.224904  0.745718  
-0.229239  0.74527  
-0.183005  0.70444  
-0.188126  0.71768  
-0.161981  0.696533  
-0.156751  0.695561  
-0.17046  0.708323  
-0.192125  0.721653  
-0.204911  0.720636  
-0.229824  0.716576  
-0.196585  0.708786  
-0.197445  0.709657  
-0.204771  0.711867  
-0.220125  0.716229  
-0.209636  0.703647  
-0.183003  0.687165  
-0.18673  0.686923  
-0.158827  0.673971  
-0.123856  0.653484  
-0.113158  0.66379  
-0.148256  0.696839  
-0.126675  0.678648  
-0.119512  0.712046  
-0.0982934  0.693572  
-0.136109  0.739725  
-0.143431  0.745304  
-0.123425  0.734075  
-0.173419  0.781382  
-0.177089  0.780095  
-0.197067  0.79208  
-0.1555  0.752458  
-0.174129  0.764972  
-0.160507  0.745715  
-0.154295  0.725804  
-0.144072  0.709359  
-0.134878  0.710236  
-0.147238  0.722662  
-0.124554  0.687266  
-0.136962  0.700014  
-0.128272  0.713027  
-0.112445  0.718905  
-0.128805  0.724825  
-0.146126  0.738493  
-0.134784  0.743122  
-0.130135  0.717833  
-0.0824337  0.677539  
-0.0697058  0.671891  
-0.0606407  0.663767  
-0.0389941  0.64437  
-0.0386754  0.635837  
-0.0360803  0.624576  
-0.0115285  0.612316  
0.002139  0.609701  
-0.0101656  0.62297  
0.0163585  0.61993  
0.0265539  0.634078  
0.0379239  0.621786  
0.0353836  0.639646  
0.0276917  0.641312  
0.0265904  0.631861  
0.0297745  0.616246  
0.018152  0.628827  
-0.0117671  0.633258  
-0.00098936  0.605077  
-0.0337539  0.625331  
-0.0520014  0.63403  
-0.0791623  0.627552  
-0.0780798  0.627814  
-0.0900465  0.6396  
-0.0892858  0.637555  
-0.0846613  0.665079  
-0.0586785  0.63888  
-0.063037  0.657267  
-0.0546786  0.649583  
-0.0490877  0.649896  
-0.0423207  0.639434  
-0.0265543  0.634333  
-0.0416823  0.632961  
-0.049064  0.639874  
-0.048397  0.633112  
-0.0568506  0.644528  
-0.0592068  0.63342  
-0.0741604  0.648231  
-0.0598399  0.644457  
-0.0439099  0.640294  
-0.0385101  0.63678  
-0.0322619  0.628801  
-0.0357041  0.631025  
-0.0481573  0.649449  
-0.0344628  0.630534  
-0.0345613  0.630337  
-0.0444427  0.642763  
-0.0465974  0.641249  
-0.040123  0.633107  
-0.0372156  0.625829  
-0.0296675  0.629012  
-0.0471949  0.631432  
-0.0528441  0.632034  
-0.0621881  0.644324  
-0.0535046  0.648528  
-0.0487504  0.649486  
-0.0286212  0.62354  
-0.0424314  0.624277  
-0.0574137  0.632296  
-0.0606984  0.641323  
-0.0938379  0.673448  
-0.084891  0.66231  
-0.086314  0.660943  
-0.0939538  0.664156  
-0.0803577  0.657629  
-0.0773259  0.636928  
-0.0623932  0.62967  
-0.0558658  0.631987  
-0.0516276  0.626667  
-0.0486401  0.621777  
-0.0317111  0.610368  
-0.0189067  0.606621  
-0.0360775  0.628107  
-0.0202622  0.616174  
-0.0370019  0.634247  
-0.043289  0.638084  
-0.0313253  0.637725  
-0.0557418  0.672219  
-0.0735872  0.686271  
-0.0258871  0.647404  
-0.0395283  0.643133  
-0.0246359  0.635193  
-0.0137177  0.595861  
-0.0311504  0.609978  
-0.0252462  0.574977  
-0.0102262  0.56724  
-0.00121902  0.532401  
0.0135952  0.524829  
0.0299502  0.522049  
0.0220882  0.534444  
0.024064  0.542901  
0.0244492  0.544894  
0.0168353  0.556874  
0.0213477  0.595298  
0.0152825  0.590002  
-0.0132588  0.621443  
-0.0205249  0.632577  
-0.0403095  0.646786  
-0.0608563  0.646885  
-0.0747583  0.655997  
-0.103073  0.68842  
-0.0855284  0.663079  
-0.108122  0.655342  
-0.0920148  0.646631  
-0.10975  0.648466  
-0.0935267  0.639692  
-0.0778585  0.622541  
-0.0864659  0.623021  
-0.0773515  0.612452  
-0.078019  0.611095  
-0.0841654  0.622284  
-0.102546  0.631852  
-0.103196  0.630518  
-0.105702  0.648809  
-0.105315  0.656187  
-0.0958726  0.645098  
-0.0879896  0.654533  
-0.0480756  0.634337  
-0.034933  0.629572  
-0.00263769  0.618205  
-0.00753611  0.623852  
0.0120225  0.62309  
-0.000697146  0.633885  
-0.0123986  0.63726  
-0.0181923  0.649257  
-0.0301743  0.66153  
-0.0596765  0.681308  
-0.0989379  0.732902  
-0.104326  0.742302  
-0.125459  0.759885  
-0.120791  0.758532  
-0.11517  0.758724  
-0.111293  0.771478  
-0.125941  0.786058  
-0.139731  0.789695  
-0.144175  0.79467  
-0.122341  0.765857  
-0.127637  0.770435  
-0.0989546  0.708167  
-0.116428  0.697519  
-0.102826  0.692383  
-0.101441  0.681722  
-0.0935693  0.667024  
-0.0832877  0.662604  
-0.0561382  0.651315  
-0.0609525  0.660993  
-0.0631878  0.671628  
-0.0534723  0.658853  
-0.0663996  0.692939  
-0.0777121  0.699451  
-0.0673298  0.705941  
-0.036179  0.678173  
-0.0265114  0.664779  
-3.9878e-06  0.656542  
-0.0111487  0.662706  
-0.00288776  0.649781  
0.00668078  0.636094  
0.0184316  0.636789  
0.0213438  0.636714  
0.0177073  0.641338  
0.00192794  0.628275  
0.00893741  0.619442  
-0.0281029  0.660336  
-0.0351122  0.65401  
-0.0385498  0.658369  
-0.0531052  0.670918  
-0.0412406  0.666357  
-0.0507379  0.671413  
-0.0608406  0.6755  
-0.0639498  0.683423  
-0.0623999  0.71132  
-0.0799098  0.71027  
-0.0888999  0.714719  
-0.0696415  0.686361  
-0.0725756  0.690152  
-0.0634608  0.690495  
-0.0762449  0.700827  
-0.0727919  0.693186  
-0.0582525  0.690571  
-0.0674342  0.691173  
-0.0809639  0.697844  
-0.0900821  0.698334  
-0.0896422  0.715097  
-0.0779584  0.702026  
-0.0665025  0.68599  
-0.0691752  0.663981  
-0.0865129  0.667082  
-0.0606548  0.637959  
-0.0947806  0.66796  
-0.0827652  0.651652  
-0.0704532  0.654669  
-0.0782693  0.658152  
-0.0864895  0.699588  
-0.0785266  0.6946  
-0.0940835  0.709165  
-0.0867769  0.729315  
-0.0904613  0.751545  
-0.128583  0.783699  
-0.13673  0.776629  
-0.119466  0.767244  
-0.135157  0.782909  
-0.142041  0.784645  
-0.119566  0.735407  
-0.126295  0.737339  
-0.108692  0.727733  
-0.122316  0.739515  
-0.109837  0.711987  
-0.104607  0.730998  
-0.0941305  0.733226  
-0.0994692  0.7354  
-0.0932186  0.712028  
-0.0665079  0.699676  
-0.0810019  0.716832  
-0.0804668  0.729456  
-0.0901339  0.742402  
-0.0697923  0.703782  
-0.0759821  0.704721  
-0.0685556  0.705474  
-0.0631833  0.70533  
-0.082529  0.708911  
-0.0616692  0.706058  
-0.0753452  0.722978  
-0.0791178  0.712503  
-0.0846704  0.712669  
-0.0819654  0.672248  
-0.0951616  0.685908  
-0.0894246  0.678498  
-0.0880409  0.664653  
-0.0948516  0.661899  
-0.0618386  0.628855  
-0.0723131  0.643499  
-0.0757848  0.64334  
-0.0675388  0.64222  
-0.064434  0.645836  
-0.0903994  0.713492  
-0.0746159  0.717002  
-0.0613197  0.69615  
-0.0563476  0.693304  
-0.0688072  0.693079  
-0.0477726  0.686063  
-0.0539762  0.709821  
-0.0527195  0.712602  
-0.048858  0.713185  
-0.04941  0.714196  
-0.0543158  0.737246  
-0.0697757  0.739938  
-0.0583259  0.765375  
-0.0775354  0.802935  
-0.07126  0.806776  
-0.104433  0.83581  
-0.109008  0.824575  
-0.0935332  0.788314  
-0.0919732  0.777663  
-0.095192  0.774041  
-0.112006  0.775722  
-0.0883579  0.760104  
-0.114671  0.76842  
-0.106905  0.764896  
-0.0948718  0.750781  
-0.0883046  0.765624  
-0.0647292  0.749823  
-0.0526546  0.755898  
-0.0606374  0.760391  
-0.0297433  0.704535  
-0.0117277  0.689003  
-0.014794  0.684566  
0.0123866  0.64275  
0.0145376  0.643981  
0.00691424  0.634505  
0.00453153  0.644167  
-0.00660636  0.625489  
0.00332455  0.598978  
0.0102206  0.60178  
0.0524853  0.57078  
0.0554462  0.560291  
0.0567346  0.55907  
0.0428352  0.549665  
0.0495021  0.542233  
0.0648036  0.521664  
0.0776477  0.515699  
0.0634126  0.52579  
0.0531541  0.550093  
0.0691519  0.529245  
0.0447217  0.572731  
0.0566383  0.570707  
0.0614863  0.601034  
0.0699604  0.62527  
0.0748258  0.636281  
0.069497  0.664584  
0.0637383  0.681181  
0.0558866  0.688213  
0.0538283  0.6974  
0.058239  0.711138  
0.0259805  0.754833  
0.0114068  0.753418  
-0.00747273  0.812837  
-0.0179449  0.815022  
-0.0138711  0.811908  
-0.00263988  0.80468  
-0.00332958  0.811126  
0.00873535  0.815656  
0.00942351  0.841471  
0.0132962  0.837892  
0.015142  0.824038  
0.00761105  0.831359  
0.0368444  0.768076  
0.0296164  0.760514  
0.0262546  0.741031  
0.0268153  0.7078  
0.0281675  0.705217  
0.0209563  0.68868  
0.0321569  0.680926  
0.0325515  0.661077  
0.0775369  0.626693  
0.0706768  0.634356  
0.0971092  0.655804  
0.0901384  0.66289  
0.124528  0.642233  
0.123483  0.630818  
0.139552  0.599546  
0.143248  0.595557  
0.164628  0.570836  
0.182275  0.53604  
0.185761  0.531893  
0.182599  0.492242  
0.18078  0.506821  
0.195365  0.460869  
0.208334  0.45274  
0.21631  0.452669  
0.23035  0.4087  
0.233742  0.400732  
0.236196  0.352328  
0.23313  0.347428  
0.23199  0.361907  
0.223123  0.35456  
0.238171  0.326605  
0.24711  0.321179  
0.23694  0.372211  
0.252897  0.347442  
0.241523  0.400967  
0.240682  0.414004  
0.25269  0.445581  
0.255078  0.459791  
0.26132  0.444262  
0.260046  0.458395  
0.254471  0.461032  
0.249172  0.433927  
0.243967  0.436411  
0.23615  0.435953  
0.231181  0.438227  
0.204633  0.452336  
0.196374  0.466081  
0.196586  0.47732  
0.2  0.508194  
0.206331  0.492846  
0.207633  0.516589  
0.210964  0.525295  
0.219109  0.527676  
0.220423  0.531199  
0.226606  0.526851  
0.208215  0.534811  
0.227114  0.507106  
0.227446  0.517136  
0.212709  0.513074  
0.217824  0.503488  
0.213529  0.477654  
0.230317  0.455042  
0.227933  0.468269  
0.236175  0.443198  
0.236434  0.442761  
0.258853  0.380448  
0.280669  0.323847  
0.272138  0.324677  
0.286951  0.306355  
0.291283  0.311546  
0.289374  0.299605  
0.295565  0.284523  
0.282281  0.289565  
0.300357  0.277459  
0.305319  0.253898  
0.312125  0.267285  
0.316102  0.258396  
0.317241  0.267495  
0.298312  0.257941  
0.299776  0.266797  
0.300648  0.28139  
0.280685  0.31374  
0.281321  0.311466  
0.253434  0.330938  
0.236584  0.363892  
0.234055  0.359928  
0.240169  0.368838  
0.23753  0.364406  
0.259507  0.357939  
0.26181  0.364832  
0.266667  0.352562  
0.259613  0.363931  
0.26559  0.372299  
0.282676  0.372898  
0.284887  0.379184  
0.295757  0.354991  
0.294131  0.364796  
0.292235  0.34104  
0.270752  0.354315  
0.28263  0.343269  
0.279011  0.325233  
0.276504  0.318831  
0.277034  0.312016  
0.262173  0.299337  
0.241017  0.287872  
0.230819  0.291873  
0.225153  0.282051  
0.222201  0.284942  
0.229849  0.270873  
0.220845  0.264844  
0.255417  0.248305  
0.267514  0.261906  
0.271537  0.268031  
0.275129  0.272624  
0.302726  0.250227  
0.307981  0.230375  
0.303191  0.250889  
0.298736  0.201586  
0.30228  0.205736  
0.283647  0.202268  
0.279657  0.222155  
0.252119  0.223378  
0.249038  0.234012  
0.238689  0.2203  
0.229935  0.226004  
0.222183  0.210297  
0.245076  0.206571  
0.244022  0.195502  
0.235451  0.157792  
0.234491  0.146379  
0.252106  0.092536  
0.2628  0.0912116  
0.257767  0.0380809  
0.275218  0.0131632  
0.280099  0.0159693  
0.298693  -0.00608245  
0.298944  -0.00558994  
0.294516  0.00926302  
0.316789  0.0218039  
0.320815  0.0446099  
0.329347  0.0333709  
0.320558  0.035036  
0.320754  -0.00859344  
0.318476  -0.00908349  
0.31321  -0.0167991  
0.304933  -0.0519666  
0.30633  -0.0821081  
0.311175  -0.0814311  
0.321571  -0.078329  
0.300183  -0.107782  
0.319877  -0.0997072  
0.324923  -0.0994525  
0.351105  -0.0696068  
0.361332  -0.0993156  
0.369131  -0.0736185  
0.353828  -0.112072  
0.353346  -0.0778223  
0.340162  -0.102148  
0.339397  -0.0893097  
0.340036  -0.0977876  
0.34508  -0.0992793  
0.337797  -0.134673  
0.342905  -0.136226  
0.348147  -0.12409  
0.349146  -0.121944  
0.354221  -0.124104  
0.387203  -0.111369  
0.382106  -0.129305  
0.401554  -0.119818  
0.406096  -0.122651  
0.404939  -0.153924  
0.409124  -0.149147  
0.414959  -0.131697  
0.418116  -0.114205  
0.4226  -0.117909  
0.418348  -0.1126  
0.409848  -0.10321  
0.406395  -0.123987  
0.414316  -0.146659  
0.405385  -0.154884  
0.412186  -0.168778  
0.407033  -0.197988  
0.400598  -0.196524  
0.397225  -0.274491  
0.393058  -0.29588  
0.402536  -0.33415  
0.398495  -0.356061  
0.411674  -0.340003  
0.402205  -0.32505  
0.398259  -0.3317  
0.404387  -0.310221  
0.397282  -0.300771  
0.413352  -0.279319  
0.43183  -0.266609  
0.433481  -0.239869  
0.433649  -0.295777  
0.427268  -0.301755  
0.424384  -0.282165  
0.438357  -0.320451  
0.428191  -0.333659  
0.450524  -0.337603  
0.473251  -0.342539  
0.465126  -0.352875  
0.466504  -0.339901  
0.467315  -0.338652  
0.465396  -0.29869  
0.472378  -0.292629  
0.47217  -0.303905  
0.484127  -0.325785  
0.47587  -0.323134  
0.468133  -0.348616  
0.445566  -0.37354  
0.438824  -0.400579  
0.4492  -0.428806  
0.447387  -0.446943  
0.43932  -0.495288  
0.463408  -0.509573  
0.455448  -0.53644  
0.453947  -0.531018  
0.457092  -0.539947  
0.466742  -0.52166  
0.465329  -0.533255  
0.489434  -0.507707  
0.514853  -0.498819  
0.52113  -0.489492  
0.520744  -0.503568  
0.496502  -0.548761  
0.502851  -0.539987  
0.493407  -0.61465  
0.499651  -0.605922  
0.503334  -0.649537  
0.509297  -0.641011  
0.497163  -0.663894  
0.4943  -0.665766  
0.507662  -0.621042  
0.513422  -0.613411  
0.528166  -0.561234  
0.538339  -0.555214  
0.531347  -0.567293  
0.562965  -0.541802  
0.563366  -0.554431  
0.567255  -0.542436  
0.567712  -0.528413  
0.57074  -0.569395  
0.557026  -0.614018  
0.548752  -0.627175  
0.547401  -0.682391  
0.544303  -0.690416  
0.52804  -0.710005  
0.503303  -0.703474  
0.498559  -0.708812  
0.488165  -0.721441  
0.486649  -0.742512  
0.49118  -0.737668  
0.482691  -0.749606  
0.497218  -0.73089  
0.490829  -0.731813  
0.487812  -0.714913  
0.498175  -0.777534  
0.487084  -0.837211  
0.4922  -0.836439  
0.463448  -0.894301  
0.471877  -0.900469  
0.459566  -0.901209  
0.445656  -0.913826  
0.444324  -0.903745  
0.421713  -0.913992  
0.425115  -0.910857  
0.416167  -0.889854  
0.408651  -0.898381  
0.435077  -0.851495  
0.433089  -0.843489  
0.440902  -0.844838  
0.443236  -0.843484  
0.43597  -0.893913  
0.444004  -0.912147  
0.44077  -0.905111  
0.421789  -0.976357  
0.423186  -0.97503  
0.387614  -1.02472  
0.3839  -1.01786  
0.299974  -1.11724  
0.294253  -1.10648  
0.276583  -1.12534  
0.237705  -1.15304  
0.236714  -1.15346  
0.207394  -1.17409  
0.192255  -1.18403  
0.160966  -1.1862  
0.16299  -1.17566  
0.175324  -1.17635  
0.180973  -1.16378  
0.173241  -1.16739  
0.18156  -1.16159  
0.172065  -1.153  
0.163587  -1.16977  
0.160093  -1.16047  
0.159702  -1.16183  
0.122575  -1.18527  
0.0859345  -1.22804  
0.0837694  -1.22952  
0.0367275  -1.28612  
0.0544896  -1.2698  
0.0422809  -1.29189  
0.0409257  -1.29353  
-0.00730937  -1.33604  
0.0264687  -1.32071  
0.0237714  -1.32256  
0.0319488  -1.35571  
0.0292264  -1.35751  
0.0709239  -1.31564  
0.077927  -1.29898  
0.0905905  -1.29286  
0.0894862  -1.2669  
0.113515  -1.24698  
0.082344  -1.25682  
0.104175  -1.24629  
0.0943578  -1.25266  
0.0741426  -1.25827  
0.0768994  -1.24521  
0.0430037  -1.26664  
0.00226327  -1.30865  
-0.00328235  -1.31225  
-0.0417617  -1.35357  
-0.0563918  -1.36258  
-0.0774178  -1.39504  
-0.0814203  -1.39774  
-0.102541  -1.40437  
-0.14488  -1.44463  
-0.13096  -1.43139  
-0.17073  -1.47281  
-0.170286  -1.48234  
-0.188238  -1.48195  
-0.201569  -1.49906  
-0.188529  -1.48634  
-0.194703  -1.48213  
-0.209715  -1.48582  
-0.217545  -1.48942  
-0.22648  -1.48083  
-0.2328  -1.50016  
-0.238552  -1.49862  
-0.250924  -1.49908  
-0.247769  -1.50982  
-0.240713  -1.50549  
-0.25031  -1.50949  
-0.251983  -1.52414  
-0.261998  -1.52809  
-0.290061  -1.55864  
-0.297868  -1.56164  
-0.28411  -1.5502  
-0.305259  -1.5703  
-0.3106  -1.57365  
-0.354511  -1.61794  
-0.387139  -1.63441  
-0.376533  -1.62619  
-0.38843  -1.6348  
-0.389532  -1.63533  
-0.397211  -1.62811  
-0.387137  -1.63055  
-0.394804  -1.62293  
-0.405459  -1.61952  
-0.397213  -1.60892  
-0.415726  -1.60955  
-0.400395  -1.58466  
-0.404155  -1.5917  
-0.426711  -1.60296  
-0.445227  -1.61893  
-0.437958  -1.61902  
-0.451573  -1.62323  
-0.470451  -1.64989  
-0.470777  -1.6524  
-0.482794  -1.65947  
-0.487194  -1.67814  
-0.501506  -1.68197  
-0.504325  -1.69625  
-0.532173  -1.72292  
-0.509705  -1.71366  
-0.545913  -1.7235  
-0.570611  -1.73515  
-0.555652  -1.72764  
-0.584891  -1.73651  
-0.590083  -1.74276  
-0.59774  -1.73862  
-0.599921  -1.73469  
-0.645346  -1.76366  
-0.6304  -1.75629  
-0.659032  -1.75488  
-0.668884  -1.77238  
-0.691803  -1.76984  
-0.700751  -1.78769  
-0.696384  -1.77783  
-0.728619  -1.79539  
-0.719762  -1.78755  
-0.720045  -1.78893  
-0.74345  -1.79335  
-0.755206  -1.80644  
-0.749736  -1.80435  
-0.770572  -1.81907  
-0.764596  -1.81064  
-0.784428  -1.81059  
-0.767431  -1.80383  
-0.786832  -1.81633  
-0.810919  -1.83918  
-0.797266  -1.84742  
-0.810101  -1.86549  
-0.794066  -1.86275  
-0.809805  -1.85663  
-0.791988  -1.85989  
-0.806038  -1.86803  
-0.810458  -1.87602  
-0.796062  -1.86764  
-0.805753  -1.86963  
-0.775446  -1.84988  
-0.802923  -1.84911  
-0.789879  -1.83258  
-0.812349  -1.84666  
-0.798577  -1.84209  
-0.79798  -1.83246  
-0.813709  -1.83736  
-0.799395  -1.83284  
-0.817766  -1.8416  
-0.829762  -1.85714  
-0.836589  -1.84902  
-0.850344  -1.86675  
-0.856389  -1.85456  
-0.848484  -1.86183  
-0.860681  -1.86374  
-0.875831  -1.86775  
-0.868772  -1.87156  
-0.879881  -1.85833  
-0.85632  -1.85327  
-0.8697  -1.84484  
-0.871328  -1.85173  
-0.876302  -1.84739  
-0.876467  -1.83576  
-0.89325  -1.83768  
-0.892171  -1.83498  
-0.894538  -1.83612  
-0.92459  -1.84408  
-0.925052  -1.84282  
-0.918169  -1.84701  
-0.941523  -1.84027  
-0.939395  -1.84582  
-0.947624  -1.85573  
-0.956752  -1.87319  
-0.953164  -1.86176  
-0.961816  -1.8748  
-0.963155  -1.86496  
-0.947654  -1.85661  
-0.967036  -1.85973  
-0.977094  -1.85215  
-0.969985  -1.84214  
-0.963709  -1.84619  
-0.959419  -1.82624  
-0.950251  -1.8195  
-0.979439  -1.81727  
-0.961319  -1.81886  
-0.955948  -1.82265  
-0.945214  -1.81077  
-0.928693  -1.81491  
-0.931088  -1.80557  
-0.898105  -1.79711  
-0.918434  -1.81  
-0.906942  -1.79635  
-0.909449  -1.78731  
-0.890126  -1.80168  
-0.893232  -1.79214  
-0.888785  -1.80617  
-0.895153  -1.80726  
-0.901309  -1.80823  
-0.890715  -1.79831  
-0.8972  -1.79934  
-0.89417  -1.79989  
-0.897699  -1.79001  
-0.909985  -1.78763  
-0.90524  -1.79122  
-0.923442  -1.77945  
-0.931337  -1.78533  
-0.93477  -1.78185  
-0.944562  -1.77779  
-0.94461  -1.76409  
-0.957602  -1.76606  
-0.956723  -1.77046  
-0.950483  -1.77132  
-0.952199  -1.7586  
-0.968351  -1.76328  
-0.960537  -1.76047  
-0.956598  -1.74208  
-0.944152  -1.73297  
-0.959977  -1.71816  
-0.974966  -1.71045  
-0.966258  -1.71474  
-0.962446  -1.67769  
-0.961375  -1.68381  
-0.968424  -1.67931  
-0.960674  -1.6726  
-0.946528  -1.65048  
-0.968037  -1.64266  
-0.96401  -1.63795  
-0.938154  -1.62082  
-0.90001  -1.6016  
-0.907275  -1.60331  
-0.891541  -1.58918  
-0.894999  -1.58342  
-0.855522  -1.54015  
-0.846428  -1.52507  
-0.853824  -1.52701  
-0.822172  -1.49482  
-0.818082  -1.4902  
-0.803004  -1.46928  
-0.803004  -1.46928  
-0.811518  -1.4644  
-0.813428  -1.45273  
-0.808937  -1.43562  
-0.82043  -1.43969  
-0.81186  -1.44388  
-0.817141  -1.43747  
-0.829794  -1.44106  
-0.837309  -1.44288  
-0.832377  -1.42575  
-0.832382  -1.43378  
-0.850247  -1.43842  
-0.845318  -1.43192  
-0.866612  -1.43624  
-0.876904  -1.42265  
-0.869344  -1.41616  
-0.867218  -1.39599  
-0.875921  -1.3831  
-0.886573  -1.37644  
-0.880316  -1.3679  
-0.911604  -1.35794  
-0.917758  -1.35565  
-0.909813  -1.34962  
-0.923143  -1.33064  
-0.915172  -1.3248  
-0.912452  -1.30558  
-0.90455  -1.29986  
-0.889911  -1.28637  
-0.902816  -1.29289  
-0.87721  -1.25371  
-0.865934  -1.23348  
-0.858236  -1.22803  
-0.837315  -1.19922  
-0.841564  -1.1917  
-0.806093  -1.16826  
-0.780382  -1.1568  
-0.77621  -1.15258  
-0.769526  -1.12831  
-0.776282  -1.13309  
-0.759649  -1.12786  
-0.771484  -1.13032  
-0.760148  -1.13593  
-0.737587  -1.11015  
-0.746149  -1.12255  
-0.735175  -1.10314  
-0.748604  -1.10239  
-0.741262  -1.09681  
-0.733688  -1.08642  
-0.736143  -1.0887  
-0.737182  -1.0684  
-0.716183  -1.04635  
-0.708878  -1.04092  
-0.716697  -1.02437  
-0.730724  -1.03117  
-0.706775  -0.999276  
-0.720951  -0.992515  
-0.716713  -0.98853  
-0.739183  -1.00026  
-0.747148  -0.99429  
-0.766454  -0.99599  
-0.767624  -0.995612  
-0.759669  -0.990257  
-0.766752  -1.00131  
-0.758927  -0.995845  
-0.759556  -0.993695  
-0.75174  -0.988175  
-0.744181  -0.986481  
-0.73238  -0.975537  
-0.724749  -0.969993  
-0.746905  -0.984951  
-0.760902  -0.986496  
-0.778175  -0.99463  
-0.798553  -0.993393  
-0.790672  -0.987779  
-0.818403  -0.994397  
-0.814239  -0.990565  
-0.834375  -0.985952  
-0.830214  -0.982142  
-0.845341  -0.988856  
-0.846607  -0.973684  
-0.832281  -0.966641  
-0.829196  -0.95734  
-0.819994  -0.953564  
-0.820597  -0.954368  
-0.801999  -0.943692  
-0.797807  -0.939939  
-0.766995  -0.925511  
-0.756398  -0.910863  
-0.752303  -0.915383  
-0.72058  -0.888487  
-0.738168  -0.896691  
-0.700064  -0.877803  
-0.695801  -0.874107  
-0.658615  -0.848934  
-0.651925  -0.831244  
-0.638757  -0.822796  
-0.608837  -0.793994  
-0.595114  -0.791998  
-0.600375  -0.790015  
-0.576527  -0.774646  
-0.569814  -0.769625  
-0.560604  -0.756856  
-0.5562  -0.753273  
-0.560868  -0.75394  
-0.576323  -0.760675  
-0.552633  -0.755285  
-0.568091  -0.761868  
-0.569406  -0.764677  
-0.579761  -0.771426  
-0.576203  -0.77574  
-0.581213  -0.762804  
-0.577535  -0.767072  
-0.577623  -0.771632  
-0.582992  -0.769945  
-0.568113  -0.763012  
-0.577612  -0.768152  
-0.562726  -0.761227  
-0.5401  -0.744802  
-0.559957  -0.738559  
-0.547086  -0.735203  
-0.548866  -0.739316  
-0.545378  -0.729506  
-0.558444  -0.723691  
-0.559628  -0.721391  
-0.552461  -0.715943  
-0.578765  -0.735023  
-0.56813  -0.72639  
-0.58166  -0.745919  
-0.575053  -0.746142  
-0.567895  -0.74037  
-0.577907  -0.733969  
-0.570665  -0.728288  
-0.575569  -0.735857  
-0.574591  -0.731792  
-0.56992  -0.736974  
-0.54782  -0.708094  
-0.544264  -0.712182  
-0.546533  -0.680232  
-0.542466  -0.69235  
-0.556889  -0.68128  
-0.541635  -0.679304  
-0.557658  -0.684915  
-0.563466  -0.671877  
-0.569773  -0.679853  
-0.561784  -0.671633  
-0.562193  -0.665129  
-0.594602  -0.67639  
-0.589465  -0.67381  
-0.591544  -0.668373  
-0.619762  -0.673087  
-0.596898  -0.671875  
-0.601012  -0.667068  
-0.617265  -0.662889  
-0.641946  -0.677235  
-0.637604  -0.674129  
-0.645962  -0.683007  
-0.64875  -0.678047  
-0.654473  -0.697277  
-0.649652  -0.701169  
-0.652235  -0.699512  
-0.666085  -0.694794  
-0.665054  -0.701358  
-0.662163  -0.713859  
-0.629724  -0.696626  
-0.664166  -0.712997  
-0.650073  -0.696693  
-0.646104  -0.700855  
-0.644569  -0.676307  
-0.637296  -0.671174  
-0.629696  -0.643377  
-0.622399  -0.638541  
-0.604151  -0.627881  
-0.599298  -0.609117  
-0.608732  -0.612522  
-0.576378  -0.577902  
-0.589566  -0.570429  
-0.598502  -0.571166  
-0.604413  -0.565493  
-0.601333  -0.537873  
-0.591059  -0.530619  
-0.583405  -0.526736  
-0.592316  -0.504693  
-0.591403  -0.511153  
-0.633276  -0.497096  
-0.642081  -0.505723  
-0.633852  -0.502186  
-0.657425  -0.480154  
-0.662471  -0.475458  
-0.672447  -0.476596  
-0.71662  -0.487846  
-0.715688  -0.486452  
-0.745042  -0.487915  
-0.735978  -0.48483  
-0.734137  -0.482275  
-0.744113  -0.473845  
-0.74576  -0.478436  
-0.747309  -0.48048  
-0.754312  -0.474607  
-0.764261  -0.492175  
-0.773471  -0.483728  
-0.757238  -0.489558  
-0.753089  -0.474755  
-0.758922  -0.481771  
-0.759235  -0.47035  
-0.774554  -0.476333  
-0.771686  -0.479953  
-0.775959  -0.469629  
-0.782773  -0.475559  
-0.780487  -0.467858  
-0.788418  -0.472758  
-0.761624  -0.459812  
-0.766292  -0.455787  
-0.772727  -0.471897  
-0.745947  -0.454435  
-0.73734  -0.451978  
-0.744902  -0.461738  
-0.753159  -0.466609  
-0.718409  -0.449714  
-0.726858  -0.454628  
-0.718822  -0.449911  
-0.728147  -0.452975  
-0.715228  -0.454877  
-0.718456  -0.457276  
-0.706579  -0.452567  
-0.709515  -0.455834  
-0.714411  -0.447426  
-0.705923  -0.445083  
-0.728693  -0.461352  
-0.730517  -0.455213  
-0.7113  -0.462319  
-0.716466  -0.458414  
-0.68969  -0.454125  
-0.694988  -0.450298  
-0.681831  -0.444722  
-0.693519  -0.442718  
-0.702238  -0.44775  
-0.688309  -0.446683  
-0.67637  -0.444424  
-0.702382  -0.43314  
-0.705982  -0.435726  
-0.701963  -0.434698  
-0.707839  -0.430645  
-0.718689  -0.428142  
-0.692233  -0.419265  
-0.706979  -0.426358  
-0.711509  -0.422712  
-0.699188  -0.399496  
-0.711522  -0.394042  
-0.722567  -0.398124  
-0.701286  -0.394626  
-0.692267  -0.39316  
-0.70644  -0.394645  
-0.714961  -0.400346  
-0.739312  -0.395695  
-0.747479  -0.401431  
-0.744256  -0.396261  
-0.752358  -0.402003  
-0.753857  -0.406221  
-0.74826  -0.413191  
-0.753523  -0.413512  
-0.744562  -0.412154  
-0.760992  -0.431114  
-0.753406  -0.417944  
-0.76155  -0.423706  
-0.742167  -0.429652  
-0.732958  -0.428287  
-0.722081  -0.421991  
-0.734734  -0.42496  
-0.739424  -0.437614  
-0.73202  -0.436291  
-0.745125  -0.441606  
-0.727566  -0.424724  
-0.725772  -0.443193  
-0.727793  -0.437452  
-0.719624  -0.431165  
-0.73272  -0.436471  
-0.710693  -0.439254  
-0.70157  -0.438018  
-0.711305  -0.430109  
-0.716094  -0.427784  
-0.693921  -0.421724  
-0.71744  -0.413061  
-0.722106  -0.41105  
-0.725043  -0.411698  
-0.726637  -0.407993  
-0.724671  -0.410027  
-0.721915  -0.412956  
-0.728768  -0.407564  
-0.719117  -0.414165  
-0.720336  -0.423968  
-0.712441  -0.423538  
-0.692965  -0.436103  
-0.6835  -0.435337  
-0.662408  -0.437263  
-0.653095  -0.436458  
-0.676218  -0.449651  
-0.652615  -0.456726  
-0.643381  -0.455769  
-0.624273  -0.451413  
-0.615074  -0.450468  
-0.615011  -0.453746  
-0.625019  -0.437467  
-0.616166  -0.433942  
-0.637923  -0.430554  
-0.629899  -0.432383  
-0.640424  -0.432751  
-0.638593  -0.429447  
-0.650742  -0.430847  
-0.64145  -0.437187  
-0.658202  -0.426968  
-0.684108  -0.426614  
-0.669948  -0.429336  
-0.67597  -0.445909  
-0.688853  -0.456126  
-0.69177  -0.459412  
-0.724788  -0.453453  
-0.705878  -0.445912  
-0.718801  -0.443127  
-0.741979  -0.455058  
-0.743369  -0.446391  
-0.753802  -0.449324  
-0.770728  -0.454804  
-0.763698  -0.450139  
-0.735858  -0.450246  
-0.74142  -0.443661  
-0.721309  -0.447015  
-0.707538  -0.447892  
-0.703199  -0.463661  
-0.685107  -0.465731  
-0.687695  -0.459422  
-0.662728  -0.465769  
-0.663453  -0.471524  
-0.644957  -0.467629  
-0.648751  -0.479902  
-0.651827  -0.478405  
-0.656617  -0.496605  
-0.623436  -0.517047  
-0.627675  -0.516007  
-0.613166  -0.521311  
-0.617393  -0.52028  
-0.615911  -0.537296  
-0.598986  -0.543203  
-0.60326  -0.542044  
-0.583623  -0.53915  
-0.587878  -0.538087  
-0.598531  -0.539932  
-0.591615  -0.540771  
-0.601683  -0.537771  
-0.584431  -0.529296  
-0.595279  -0.524822  
-0.576484  -0.523857  
-0.557174  -0.522384  
-0.567763  -0.516699  
-0.53995  -0.524842  
-0.550495  -0.519196  
-0.549019  -0.5307  
-0.523779  -0.527479  
-0.523411  -0.526169  
-0.503899  -0.540356  
-0.502394  -0.546779  
-0.490909  -0.5615  
-0.475112  -0.561758  
-0.461774  -0.561864  
-0.489733  -0.576225  
-0.499869  -0.572903  
-0.475083  -0.574025  
-0.472775  -0.567863  
-0.483149  -0.569661  
-0.461956  -0.561678  
-0.458598  -0.556434  
-0.450775  -0.549329  
-0.425431  -0.530454  
-0.434373  -0.528377  
-0.415519  -0.52967  
-0.441628  -0.538597  
-0.444833  -0.538639  
-0.464258  -0.534045  
-0.452653  -0.534608  
-0.46456  -0.544229  
-0.467608  -0.545647  
-0.470298  -0.545839  
-0.468959  -0.549018  
-0.455605  -0.533153  
-0.450996  -0.541406  
-0.438844  -0.543402  
-0.419205  -0.54067  
-0.39561  -0.546919  
-0.388553  -0.550782  
-0.332852  -0.526967  
-0.306312  -0.516818  
-0.304501  -0.515349  
-0.290446  -0.514911  
-0.267449  -0.503987  
-0.277959  -0.519356  
-0.24344  -0.522355  
-0.253671  -0.515536  
-0.205676  -0.505204  
-0.210357  -0.499694  
-0.206012  -0.520781  
-0.213429  -0.530546  
-0.212044  -0.524854  
-0.189814  -0.530738  
-0.195553  -0.534183  
-0.147287  -0.51679  
-0.16069  -0.518448  
-0.16126  -0.509967  
-0.12703  -0.480635  
-0.134871  -0.479189  
-0.117003  -0.458618  
-0.068624  -0.415952  
-0.0707371  -0.417681  
-0.0767455  -0.430139  
-0.0628392  -0.418006  
-0.0377847  -0.415685  
-0.0357809  -0.427367  
-0.0157139  -0.41836  
-0.0216393  -0.4384  
-0.0232852  -0.439849  
-0.0432588  -0.489754  
-0.0504049  -0.494964  
-0.066844  -0.514841  
-0.0451687  -0.50878  
-0.0525102  -0.507013  
-0.0401217  -0.498258  
-0.0333453  -0.495614  
-0.0148295  -0.483049  
-0.0392408  -0.502098  
-0.0315261  -0.492952  
-0.0248274  -0.466569  
-0.00774415  -0.465238  
-0.0233475  -0.47705  
-0.0312218  -0.488748  
-0.0403466  -0.491358  
-0.0465911  -0.495653  
-0.0883706  -0.512562  
-0.0841375  -0.518165  
-0.105627  -0.5237  
-0.106231  -0.519687  
-0.0894941  -0.503357  
-0.106817  -0.507651  
-0.127571  -0.512746  
-0.120373  -0.505497  
-0.11942  -0.507028  
-0.115756  -0.516852  
-0.151543  -0.525934  
-0.136816  -0.526712  
-0.130195  -0.53736  
-0.151023  -0.542219  
-0.160404  -0.598022  
-0.159193  -0.59887  
-0.124557  -0.609687  
-0.122525  -0.620083  
-0.122099  -0.620425  
-0.0856049  -0.605139  
-0.0667788  -0.597015  
-0.0589599  -0.58375  
-0.0277505  -0.57196  
-0.0405582  -0.582733  
-0.00936326  -0.544361  
-0.0087962  -0.544601  
-0.0121662  -0.528579  
-0.00259189  -0.535461  
-0.0273607  -0.540599  
-0.0067469  -0.555516  
-0.013738  -0.562728  
0.0237364  -0.555606  
0.00533507  -0.575111  
0.0367114  -0.563575  
0.0458186  -0.568535  
0.0555578  -0.559192  
0.060855  -0.56907  
0.0620227  -0.570168  
0.0412252  -0.579097  
0.0559453  -0.579446  
0.0336319  -0.582132  
0.00614985  -0.587939  
0.021318  -0.588378  
0.00214403  -0.617374  
-0.0123108  -0.63129  
0.00433823  -0.633069  
0.00950283  -0.634095  
0.0494937  -0.623031  
0.0764533  -0.622703  
0.0838945  -0.619602  
0.0447555  -0.65037  
0.0568738  -0.644295  
0.0283454  -0.671801  
-0.0184305  -0.704647  
-0.00650064  -0.688725  
-0.0402721  -0.719715  
-0.072203  -0.754638  
-0.0858544  -0.76677  
-0.112979  -0.78477  
-0.0969429  -0.784014  
-0.0878215  -0.788081  
-0.0634392  -0.777085  
-0.0221221  -0.766864  
0.00179651  -0.755789  
0.0295409  -0.751912  
0.0649988  -0.749516  
0.0881374  -0.738316  
0.116435  -0.745852  
0.117439  -0.745567  
0.166915  -0.751308  
0.180568  -0.750222  
0.182831  -0.791817  
0.168095  -0.815746  
0.177398  -0.804044  
0.178322  -0.820285  
0.191759  -0.818527  
0.18975  -0.819303  
0.224742  -0.79922  
0.21817  -0.800715  
0.243898  -0.795873  
0.245921  -0.791661  
0.23974  -0.792  
0.253865  -0.77919  
0.22575  -0.792319  
0.262179  -0.790896  
0.246889  -0.803277  
0.245085  -0.814389  
0.207139  -0.846872  
0.197301  -0.855881  
0.169589  -0.875658  
0.192445  -0.862601  
0.17142  -0.884659  
0.155643  -0.889309  
0.157062  -0.89282  
0.0997801  -0.936928  
0.11397  -0.917759  
0.123794  -0.921543  
0.125186  -0.919418  
0.0966101  -0.944294  
0.110917  -0.941715  
0.138274  -0.919796  
0.119775  -0.920484  
0.135065  -0.925871  
0.14304  -0.916909  
0.144212  -0.914909  
0.1869  -0.885014  
0.171973  -0.896374  
0.196967  -0.868212  
0.179726  -0.874702  
0.195828  -0.860972  
0.179006  -0.875121  
0.160858  -0.892272  
0.166218  -0.89792  
0.156198  -0.910985  
0.154841  -0.908676  
0.136291  -0.932267  
0.104023  -0.952198  
0.107188  -0.952555  
0.0781808  -0.966592  
0.102297  -0.959202  
0.0501206  -0.979474  
0.064356  -0.9832  
0.0457733  -0.979488  
0.0483506  -0.978528  
0.0668846  -0.97556  
0.0563236  -0.978092  
0.0693913  -0.970639  
0.0860861  -0.974628  
0.0973213  -0.975102  
0.0846285  -0.982382  
0.0920023  -0.986481  
0.116663  -0.978693  
0.12815  -0.968803  
0.114205  -0.98087  
0.131222  -0.981275  
0.144285  -0.972327  
0.136707  -0.969851  
0.155119  -0.950641  
0.19282  -0.934107  
0.16938  -0.938477  
0.208348  -0.916708  
0.214389  -0.914176  
0.198971  -0.925071  
0.203184  -0.93178  
0.189909  -0.937222  
0.189883  -0.935331  
0.17937  -0.95039  
0.164158  -0.960786  
0.171018  -0.96928  
0.183715  -0.966723  
0.17404  -0.982417  
0.175665  -0.972196  
0.175727  -0.969829  
0.193948  -0.950362  
0.207131  -0.947911  
0.19775  -0.934129  
0.224146  -0.926147  
0.200529  -0.930505  
0.197931  -0.928356  
0.191108  -0.928459  
0.179489  -0.937031  
0.162575  -0.947011  
0.159853  -0.944305  
0.138782  -0.952734  
0.123019  -0.984712  
0.136216  -0.982145  
0.136347  -0.983067  
0.138168  -0.973691  
0.147861  -0.968583  
0.155388  -0.968307  
0.168986  -0.952634  
0.19954  -0.932361  
0.179038  -0.932567  
0.200135  -0.933387  
0.193697  -0.930923  
0.187258  -0.920743  
0.204535  -0.915499  
0.188154  -0.937302  
0.215003  -0.918777  
0.199168  -0.9294  
0.192909  -0.944695  
0.197454  -0.936136  
0.192178  -0.948247  
0.206263  -0.94008  
0.218958  -0.937679  
0.2136  -0.928473  
0.234722  -0.915549  
0.254864  -0.893948  
0.262801  -0.897945  
0.246583  -0.907761  
0.287933  -0.885851  
0.287886  -0.885706  
0.324367  -0.872315  
0.317681  -0.869988  
0.327451  -0.860129  
0.362076  -0.851587  
0.353609  -0.857353  
0.372905  -0.839995  
0.362312  -0.844149  
0.357284  -0.835462  
0.350948  -0.837439  
0.370072  -0.82182  
0.368143  -0.812522  
0.395215  -0.786004  
0.365609  -0.798177  
0.366046  -0.810285  
0.349599  -0.821735  
0.376884  -0.80394  
0.375273  -0.802597  
0.360751  -0.808431  
0.37272  -0.806447  
0.387648  -0.786029  
0.399455  -0.784119  
0.385267  -0.780077  
0.383705  -0.77898  
0.37742  -0.775664  
0.411952  -0.735845  
0.381783  -0.74862  
0.373486  -0.732553  
0.385561  -0.731149  
0.394556  -0.710893  
0.378781  -0.720565  
0.349945  -0.73912  
0.346393  -0.73985  
0.330283  -0.754996  
0.300672  -0.767007  
0.276455  -0.778198  
0.277402  -0.78801  
0.25628  -0.784058  
0.27378  -0.790176  
0.201104  -0.804592  
0.206826  -0.802628  
0.205584  -0.801352  
0.235784  -0.763049  
0.227895  -0.763844  
0.263085  -0.734504  
0.258747  -0.728162  
0.283858  -0.718565  
0.289023  -0.717718  
0.29543  -0.7152  
0.322032  -0.701537  
0.328399  -0.698996  
0.344606  -0.698191  
0.349231  -0.70143  
0.364622  -0.700651  
0.372843  -0.69455  
0.369934  -0.699725  
0.360903  -0.700952  
0.393797  -0.659906  
0.402877  -0.653242  
0.391391  -0.640407  
0.382017  -0.64223  
0.359624  -0.648873  
0.370834  -0.648182  
0.341062  -0.647028  
0.313947  -0.668963  
0.319085  -0.658266  
0.281207  -0.681995  
0.300878  -0.670604  
0.263297  -0.706948  
0.226813  -0.72676  
0.24204  -0.72636  
0.208614  -0.730618  
0.226885  -0.727086  
0.239284  -0.712498  
0.222214  -0.708232  
0.231956  -0.709099  
0.220918  -0.698024  
0.207761  -0.711521  
0.245056  -0.687184  
0.240798  -0.683447  
0.247212  -0.680218  
0.244241  -0.682793  
0.24929  -0.680209  
0.270832  -0.6786  
0.281454  -0.676787  
0.294288  -0.683946  
0.314981  -0.670289  
0.306662  -0.674471  
0.327183  -0.65883  
0.342964  -0.644599  
0.338287  -0.644523  
0.346907  -0.631546  
0.351636  -0.621027  
0.361342  -0.626812  
0.370406  -0.601089  
0.380284  -0.600705  
0.376127  -0.602878  
0.371179  -0.603114  
0.364355  -0.609056  
0.384103  -0.5985  
0.376595  -0.61522  
0.36406  -0.630069  
0.383663  -0.619601  
0.381536  -0.624335  
0.378679  -0.625017  
0.374153  -0.618133  
0.369045  -0.618021  
0.38803  -0.595187  
0.382771  -0.602083  
0.386118  -0.608441  
0.371038  -0.597924  
0.376462  -0.595896  
0.366315  -0.594315  
0.360355  -0.591525  
0.357193  -0.592293  
0.338294  -0.601038  
0.348085  -0.599218  
0.360052  -0.588742  
0.326712  -0.605162  
0.336427  -0.604507  
0.318026  -0.604217  
0.319941  -0.593918  
0.303318  -0.595793  
0.28434  -0.603733  
0.294149  -0.6032  
0.273251  -0.615625  
0.267691  -0.615464  
0.243871  -0.631874  
0.254873  -0.629828  
0.226086  -0.636311  
0.245552  -0.640151  
0.266198  -0.634008  
0.264227  -0.645137  
0.258235  -0.648797  
0.246883  -0.65712  
0.282224  -0.642473  
0.294583  -0.637066  
0.293757  -0.632442  
0.315858  -0.61737  
0.291394  -0.628159  
0.343201  -0.599315  
0.304848  -0.609552  
0.307451  -0.623443  
0.33068  -0.615392  
0.328078  -0.608392  
0.32738  -0.613443  
0.330654  -0.621645  
0.327748  -0.621188  
0.339069  -0.615691  
0.328931  -0.619344  
0.322331  -0.626333  
0.315239  -0.625798  
0.315561  -0.621308  
0.3085  -0.620811  
0.353825  -0.588964  
0.344107  -0.577029  
0.359297  -0.566478  
0.350937  -0.574155  
0.359092  -0.573606  
0.38129  -0.563943  
0.373707  -0.564056  
0.375211  -0.570817  
0.387705  -0.566887  
0.370822  -0.579062  
0.357863  -0.600096  
0.346988  -0.599087  
0.355288  -0.594214  
0.336872  -0.607128  
0.328071  -0.594363  
0.353805  -0.583097  
0.36174  -0.58235  
0.359342  -0.559254  
0.339324  -0.570126  
0.390967  -0.520041  
0.383113  -0.520551  
0.406634  -0.489959  
0.394694  -0.491955  
0.402312  -0.492104  
0.396827  -0.487468  
0.389964  -0.493753  
0.373209  -0.506497  
0.380893  -0.506524  
0.355808  -0.541079  
0.363557  -0.540746  
0.335925  -0.556681  
0.313156  -0.593373  
0.321096  -0.592543  
0.313184  -0.601834  
0.321124  -0.600905  
0.309721  -0.592996  
0.317627  -0.592185  
0.357293  -0.562396  
0.334147  -0.557116  
0.338524  -0.555825  
0.366903  -0.547013  
0.377731  -0.547783  
0.407435  -0.520796  
0.402784  -0.530991  
0.392296  -0.537896  
0.404819  -0.545937  
0.387434  -0.557672  
0.396251  -0.560329  
0.405505  -0.561476  
0.413788  -0.572247  
0.401588  -0.564967  
0.411306  -0.567791  
0.436622  -0.546999  
0.434095  -0.542742  
0.447094  -0.523651  
0.450688  -0.507785  
0.451466  -0.505609  
0.44256  -0.506146  
0.439801  -0.497743  
0.443966  -0.483104  
0.438299  -0.486429  
0.423134  -0.499248  
0.38703  -0.510799  
0.387223  -0.544711  
0.37846  -0.544704  
0.402017  -0.553702  
0.371984  -0.554887  
0.376445  -0.561496  
0.348756  -0.589206  
0.34311  -0.600418  
0.350282  -0.599403  
0.359578  -0.586075  
0.35109  -0.585719  
0.368665  -0.55418  
0.377851  -0.531397  
0.384675  -0.531137  
0.368441  -0.52191  
0.3817  -0.512135  
0.369872  -0.487714  
0.373922  -0.486615  
0.351419  -0.489517  
0.351065  -0.494543  
0.358034  -0.494848  
0.363371  -0.503487  
0.337671  -0.501613  
0.335593  -0.504775  
0.329046  -0.514592  
0.343355  -0.514856  
0.366546  -0.515023  
0.357049  -0.51549  
0.360688  -0.508171  
0.386464  -0.479325  
0.390408  -0.478286  
0.36917  -0.479214  
0.385827  -0.470655  
0.415997  -0.456776  
0.42558  -0.44424  
0.429496  -0.443183  
0.441853  -0.434391  
0.453085  -0.440569  
0.430942  -0.450808  
0.437116  -0.451524  
0.47246  -0.441116  
0.461845  -0.446317  
0.469818  -0.460888  
0.47248  -0.465183  
0.484673  -0.455902  
0.480051  -0.448669  
0.483202  -0.45206  
0.503029  -0.431356  
0.508899  -0.43214  
0.508237  -0.410024  
0.471313  -0.430323  
0.481451  -0.431326  
0.467304  -0.422961  
0.464523  -0.423255  
0.465831  -0.430999  
0.450286  -0.441402  
0.45661  -0.441229  
0.439071  -0.449234  
0.399771  -0.4708  
0.40627  -0.471321  
0.412156  -0.470833  
0.418649  -0.471424  
0.405586  -0.472244  
0.395815  -0.473276  
0.413856  -0.45045  
0.421712  -0.44661  
0.420668  -0.433797  
0.414275  -0.433129  
0.420598  -0.434222  
0.417384  -0.427514  
0.407343  -0.429185  
0.383993  -0.446027  
0.362802  -0.457452  
0.365273  -0.467862  
0.371756  -0.468734  
0.31317  -0.513548  
0.319942  -0.51657  
0.32662  -0.517007  
0.308693  -0.527177  
0.316836  -0.51297  
0.295421  -0.528375  
0.325742  -0.498223  
0.342743  -0.486018  
0.331381  -0.493341  
0.299899  -0.487442  
0.298402  -0.482396  
0.322768  -0.458573  
0.314288  -0.45861  
0.304126  -0.459891  
0.303307  -0.459051  
0.309849  -0.460386  
0.326676  -0.46957  
0.302664  -0.478632  
0.301301  -0.480046  
0.3201  -0.483783  
0.339097  -0.47382  
0.333054  -0.474361  
0.315612  -0.485516  
0.3119  -0.495526  
0.318189  -0.496462  
0.293977  -0.522486  
0.306395  -0.513977  
0.296475  -0.524566  
0.302812  -0.525215  
0.29539  -0.53578  
0.301662  -0.536298  
0.311867  -0.538009  
0.327079  -0.543972  
0.333221  -0.544338  
0.336679  -0.545803  
0.348825  -0.536833  
0.34773  -0.545764  
0.386645  -0.510852  
0.390384  -0.510054  
0.366819  -0.516995  
0.378855  -0.512146  
0.387795  -0.514223  
0.400145  -0.527103  
0.387474  -0.526376  
0.381011  -0.525426  
0.371587  -0.545012  
0.367615  -0.562329  
0.357323  -0.562371  
0.339027  -0.588801  
0.351356  -0.579269  
0.335525  -0.597155  
0.307046  -0.61512  
0.297179  -0.614454  
0.267749  -0.62246  
0.27422  -0.622014  
0.271607  -0.616934  
0.280649  -0.612406  
0.269197  -0.606637  
0.270423  -0.606736  
0.273242  -0.609177  
0.289886  -0.614205  
0.301097  -0.608216  
0.307819  -0.602408  
0.304819  -0.610427  
0.306138  -0.621039  
0.312303  -0.62055  
0.329806  -0.62022  
0.319631  -0.624214  
0.341892  -0.621331  
0.351221  -0.617107  
0.324333  -0.635707  
0.342432  -0.617644  
0.324202  -0.622579  
0.319134  -0.626146  
0.327078  -0.616872  
0.335278  -0.612265  
0.32855  -0.605567  
0.319655  -0.601558  
0.309977  -0.604872  
0.312059  -0.607438  
0.296776  -0.621819  
0.276099  -0.634135  
0.290779  -0.62715  
0.298568  -0.628013  
0.271633  -0.653994  
0.261907  -0.652619  
0.244121  -0.670732  
0.250858  -0.66969  
0.277784  -0.662332  
0.283782  -0.662213  
0.225996  -0.678765  
0.23683  -0.67189  
0.241901  -0.672358  
0.253798  -0.661039  
0.232098  -0.667571  
0.249553  -0.653014  
0.262534  -0.653026  
0.279353  -0.645938  
0.283124  -0.652373  
0.296234  -0.650203  
0.28653  -0.648851  
0.313443  -0.636776  
0.317338  -0.636002  
0.29078  -0.660537  
0.294668  -0.659785  
0.311138  -0.656677  
0.311737  -0.658813  
0.31563  -0.658038  
0.325132  -0.655074  
0.312908  -0.653838  
0.341361  -0.658771  
0.32649  -0.652498  
0.332809  -0.651273  
0.334982  -0.641678  
0.341263  -0.64054  
0.378562  -0.619103  
0.357903  -0.627545  
0.373557  -0.631938  
0.353168  -0.640092  
0.374316  -0.63013  
0.358651  -0.628671  
0.364958  -0.627507  
0.349819  -0.638775  
0.350622  -0.633425  
0.374882  -0.628025  
0.336479  -0.65491  
0.335187  -0.647297  
0.323857  -0.659828  
0.327312  -0.655468  
0.339791  -0.640359  
0.3091  -0.653312  
0.32018  -0.649982  
0.304547  -0.659734  
0.311344  -0.658157  
0.327637  -0.660225  
0.309514  -0.666017  
0.297089  -0.661986  
0.303753  -0.665019  
0.317699  -0.662791  
0.3312  -0.664436  
0.33686  -0.671257  
0.336767  -0.679021  
0.360499  -0.680039  
0.366993  -0.677874  
0.376067  -0.686202  
0.393014  -0.696797  
0.373046  -0.703715  
0.399854  -0.695875  
0.406123  -0.693346  
0.414847  -0.708252  
0.396536  -0.73568  
0.403319  -0.725819  
0.436358  -0.721297  
0.414266  -0.729902  
0.421294  -0.734866  
0.427654  -0.731672  
0.445334  -0.729961  
0.451543  -0.726759  
0.434374  -0.743249  
0.440727  -0.739865  
0.453654  -0.730698  
0.438442  -0.736544  
0.454042  -0.730632  
0.462327  -0.732629  
0.468661  -0.729179  
0.458414  -0.725069  
0.455082  -0.730334  
0.470153  -0.722847  
0.482769  -0.725521  
0.460923  -0.734308  
0.450043  -0.738754  
0.446089  -0.749511  
0.448394  -0.755135  
0.426897  -0.786488  
0.433729  -0.782186  
0.450589  -0.774703  
0.450297  -0.780556  
0.430593  -0.795168  
0.427552  -0.80429  
0.457101  -0.796685  
0.470407  -0.79414  
0.477429  -0.783981  
0.471967  -0.790857  
0.479007  -0.780682  
0.472221  -0.77599  
0.46921  -0.781447  
0.472849  -0.785533  
0.460614  -0.78872  
0.460285  -0.794211  
0.474785  -0.783757  
0.455445  -0.790541  
0.455236  -0.795956  
0.458673  -0.79282  
0.440706  -0.801485  
0.450323  -0.800317  
0.454296  -0.799321  
0.460348  -0.787841  
0.474664  -0.776892  
0.474664  -0.776892  
0.445367  -0.780848  
0.449382  -0.779829  
0.464767  -0.761865  
0.472655  -0.760237  
0.454493  -0.763343  
0.467142  -0.769521  
0.4296  -0.778929  
0.445353  -0.785322  
0.430438  -0.789975  
0.452163  -0.77835  
0.450528  -0.792652  
0.442785  -0.786911  
0.42915  -0.798723  
0.429127  -0.803705  
0.43525  -0.80229  
0.430176  -0.799085  
0.450976  -0.793244  
0.418707  -0.800835  
0.423852  -0.797087  
0.402748  -0.797933  
0.406591  -0.790044  
0.414235  -0.781315  
0.410645  -0.789391  
0.404017  -0.780217  
0.419465  -0.772876  
0.401748  -0.774448  
0.402309  -0.775092  
0.391706  -0.773218  
0.399545  -0.763627  
0.403048  -0.762988  
0.41718  -0.749352  
0.421336  -0.748253  
0.400788  -0.748959  
0.405799  -0.742945  
0.384668  -0.732548  
0.39202  -0.727745  
0.397168  -0.726891  
0.404378  -0.72213  
0.385702  -0.727631  
0.39296  -0.722881  
0.37358  -0.728835  
0.380756  -0.724254  
0.337002  -0.737132  
0.335579  -0.743773  
0.343252  -0.738734  
0.330481  -0.740921  
0.330826  -0.745983  
0.30451  -0.738479  
0.309243  -0.724677  
0.311892  -0.716969  
0.3257  -0.708053  
0.290476  -0.718313  
0.298139  -0.713635  
0.28859  -0.70546  
0.296404  -0.700716  
0.303058  -0.701886  
0.315681  -0.693839  
0.282877  -0.697542  
0.320465  -0.678329  
0.324925  -0.688484  
0.316294  -0.680001  
0.333124  -0.675506  
0.336169  -0.672375  
0.345294  -0.66046  
0.328782  -0.66883  
0.36292  -0.644241  
0.341428  -0.652607  
0.375539  -0.645914  
0.349941  -0.660555  
0.36207  -0.650527  
0.363078  -0.654464  
0.351656  -0.662039  
0.37903  -0.661562  
0.379156  -0.668631  
0.370942  -0.674284  
0.37  -0.682908  
0.367969  -0.689314  
0.404676  -0.664184  
0.389697  -0.667206  
0.41864  -0.661004  
0.416495  -0.67531  
0.423653  -0.66976  
0.40996  -0.656268  
0.417286  -0.650867  
0.417145  -0.641662  
0.392545  -0.648593  
0.399993  -0.643228  
0.382465  -0.659597  
0.390089  -0.654038  
0.38381  -0.642817  
0.365842  -0.647218  
0.357225  -0.647945  
0.361165  -0.640345  
0.341308  -0.649689  
0.340836  -0.644011  
0.337936  -0.654774  
0.34478  -0.646964  
0.341537  -0.648498  
0.346799  -0.649777  
0.357443  -0.651855  
0.358418  -0.655453  
0.335754  -0.65987  
0.33683  -0.656799  
0.345346  -0.650674  
0.314658  -0.664906  
0.319614  -0.668868  
0.312093  -0.668852  
0.316893  -0.657066  
0.317311  -0.662307  
0.296814  -0.669989  
0.292854  -0.685883  
0.313642  -0.67818  
0.32804  -0.676778  
0.307874  -0.689113  
0.313701  -0.691527  
0.332482  -0.680038  
0.344001  -0.67313  
0.338505  -0.679292  
0.340524  -0.684815  
0.359227  -0.666874  
0.365691  -0.662315  
0.375496  -0.655664  
0.366556  -0.651115  
0.362414  -0.656747  
0.387327  -0.646561  
0.394312  -0.645512  
0.392982  -0.653553  
0.405173  -0.654898  
0.387457  -0.658093  
0.422361  -0.663872  
0.430304  -0.653038  
0.443407  -0.659316  
0.433334  -0.667747  
0.433334  -0.667747  
0.448435  -0.661149  
0.456423  -0.650212  
0.47301  -0.64691  
0.455997  -0.652998  
0.462995  -0.655396  
0.465411  -0.650488  
0.438308  -0.667406  
0.441248  -0.661322  
0.419892  -0.664846  
0.424956  -0.669841  
0.413831  -0.667741  
0.422659  -0.668586  
0.446659  -0.656472  
0.407541  -0.672576  
0.407464  -0.67592  
0.427128  -0.657866  
0.431807  -0.660222  
0.428997  -0.662674  
0.430872  -0.655065  
0.430617  -0.658502  
0.435787  -0.647259  
0.419209  -0.653653  
0.438558  -0.643106  
0.422123  -0.632523  
0.425464  -0.636952  
0.432159  -0.619443  
0.440346  -0.608322  
0.458876  -0.604427  
0.449075  -0.606028  
0.453727  -0.595632  
0.478335  -0.597798  
0.464098  -0.600933  
0.473084  -0.604703  
0.469343  -0.614455  
0.511263  -0.587381  
0.495754  -0.599782  
0.50021  -0.598252  
0.496536  -0.591435  
0.503251  -0.593805  
0.488974  -0.588174  
0.488974  -0.588174  
0.469015  -0.580537  
0.468709  -0.584232  
0.445198  -0.586285  
0.453343  -0.578735  
0.462395  -0.578704  
0.442807  -0.576638  
0.442712  -0.580268  
0.43404  -0.593191  
0.442328  -0.585383  
0.444132  -0.590996  
0.446785  -0.578106  
0.446785  -0.578106  
0.437581  -0.57284  
0.448928  -0.563639  
0.434333  -0.554197  
0.438979  -0.541345  
0.422349  -0.54442  
0.409468  -0.534988  
0.417946  -0.527511  
0.405082  -0.517904  
0.413632  -0.510551  
0.400118  -0.513094  
0.398189  -0.511452  
0.367346  -0.514098  
0.391341  -0.498615  
0.374846  -0.501978  
0.376606  -0.491902  
0.375512  -0.496965  
0.381164  -0.498321  
0.383236  -0.490889  
0.388011  -0.489222  
0.365588  -0.485103  
0.379913  -0.489746  
0.350993  -0.504505  
0.359646  -0.497132  
0.355548  -0.495536  
0.346877  -0.499691  
0.346877  -0.499691  
0.358394  -0.483518  
0.329394  -0.503611  
0.346589  -0.492755  
0.352875  -0.497614  
0.36975  -0.489188  
0.395703  -0.474828  
0.383318  -0.476898  
0.404857  -0.471957  
0.458269  -0.445635  
0.457562  -0.449753  
0.468302  -0.438764  
0.481425  -0.443337  
0.477138  -0.435539  
0.489089  -0.420169  
0.488219  -0.424423  
0.47654  -0.410161  
0.475816  -0.414473  
0.463719  -0.404253  
0.433423  -0.415025  
0.426867  -0.419828  
0.427086  -0.403518  
0.420279  -0.411779  
0.383516  -0.415183  
0.387122  -0.402356  
0.354001  -0.422207  
0.373615  -0.40561  
0.37354  -0.407489  
0.357529  -0.410778  
0.3233  -0.418743  
0.324814  -0.430212  
0.336944  -0.426343  
0.345115  -0.418531  
0.345217  -0.422128  
0.315335  -0.436408  
0.324328  -0.428469  
0.334466  -0.420997  
0.315908  -0.434088  
0.337853  -0.412061  
0.380765  -0.39888  
0.355749  -0.409872  
0.357202  -0.410246  
0.357089  -0.413863  
0.411639  -0.389877  
0.395269  -0.392999  
0.405542  -0.39618  
0.414865  -0.394015  
0.425293  -0.386395  
0.426499  -0.390349  
0.416905  -0.398368  
0.392707  -0.40539  
0.406107  -0.409309  
0.398968  -0.42184  
0.382639  -0.415139  
0.397873  -0.405652  
0.398389  -0.401465  
0.394367  -0.411506  
0.405093  -0.408127  
0.394194  -0.410164  
0.402817  -0.401338  
0.414194  -0.386004  
0.417518  -0.371804  
0.409219  -0.379683  
0.396122  -0.389412  
0.404712  -0.380651  
0.414961  -0.368934  
0.41213  -0.374571  
0.418364  -0.385539  
0.406335  -0.383268  
0.411787  -0.378734  
0.418211  -0.388757  
0.410315  -0.38473  
0.440246  -0.383216  
0.456478  -0.372008  
0.434869  -0.381478  
0.452985  -0.383193  
0.461297  -0.373863  
0.48653  -0.341745  
0.479509  -0.355319  
0.491498  -0.344887  
0.485148  -0.341035  
0.488038  -0.338111  
0.487005  -0.33628  
0.484029  -0.33688  
0.4942  -0.328716  
0.477067  -0.344638  
0.481728  -0.342697  
0.477667  -0.359366  
0.477667  -0.359366  
0.485173  -0.356037  
0.484548  -0.362868  
0.484122  -0.365639  
0.522313  -0.350021  
0.519073  -0.355784  
0.518499  -0.358533  
0.550745  -0.341705  
0.549987  -0.344562  
0.545047  -0.337429  
0.545047  -0.337429  
0.567446  -0.307393  
0.553568  -0.304032  
0.561557  -0.294344  
0.538859  -0.30527  
0.538341  -0.308339  
0.55766  -0.293642  
0.565676  -0.283979  
0.530645  -0.309977  
0.538936  -0.300153  
0.504509  -0.336637  
0.509618  -0.332396  
0.509432  -0.334995  
0.497669  -0.349231  
0.497583  -0.351617  
0.489302  -0.335803  
0.490723  -0.332469  
0.495351  -0.330598  
0.509131  -0.292511  
0.481678  -0.315493  
0.495531  -0.277491  
0.491296  -0.288544  
0.482066  -0.270748  
0.493514  -0.256191  
0.502406  -0.243041  
0.48069  -0.254473  
0.48069  -0.254473  
0.468779  -0.269328  
0.481429  -0.258516  
0.485852  -0.257564  
0.465621  -0.277676  
0.478158  -0.265783  
0.455084  -0.276337  
0.461122  -0.283831  
0.459046  -0.2867  
0.470995  -0.266735  
0.479408  -0.257074  
0.470832  -0.242658  
0.47545  -0.234715  
0.484132  -0.224647  
0.471364  -0.234787  
0.483506  -0.210233  
0.462746  -0.222887  
0.462302  -0.218393  
0.429609  -0.237509  
0.408895  -0.257564  
0.408987  -0.260334  
0.39635  -0.280979  
0.378172  -0.287529  
0.369383  -0.303572  
0.3665  -0.298608  
0.366815  -0.300808  
0.391221  -0.285923  
0.391339  -0.288216  
0.398147  -0.274224  
0.4315  -0.250036  
0.403045  -0.276339  
0.427052  -0.24269  
0.444563  -0.224163  
0.448688  -0.207969  
0.409898  -0.240313  
0.418419  -0.234938  
0.41912  -0.237713  
0.418769  -0.241374  
0.39895  -0.254623  
0.387637  -0.270228  
0.397576  -0.261751  
0.402692  -0.27092  
0.408738  -0.277879  
0.451365  -0.24163  
0.437042  -0.242889  
0.474527  -0.215141  
0.482747  -0.204575  
0.496676  -0.183693  
0.5105  -0.156017  
0.509718  -0.159258  
0.528517  -0.128831  
0.527668  -0.132176  
0.525574  -0.114505  
0.526793  -0.116124  
0.520537  -0.122003  
0.528486  -0.117324  
0.530892  -0.115146  
0.537717  -0.116562  
0.544018  -0.105472  
0.542309  -0.115066  
0.5584  -0.100878  
0.530673  -0.120908  
0.547611  -0.105888  
0.552864  -0.100924  
0.537621  -0.110291  
0.525145  -0.115209  
0.534161  -0.101777  
0.517781  -0.0975843  
0.497411  -0.101823  
0.492333  -0.113435  
0.47802  -0.10791  
0.478988  -0.118642  
0.465557  -0.11232  
0.471122  -0.107228  
0.473664  -0.108297  
0.446607  -0.139992  
0.456668  -0.130559  
0.469916  -0.127214  
0.483816  -0.113977  
0.487429  -0.117117  
0.49725  -0.113989  
0.50098  -0.111842  
0.520639  -0.102344  
0.54708  -0.0841123  
0.546527  -0.0872244  
0.561856  -0.0693311  
0.580524  -0.0326239  
0.577333  -0.0483834  
0.584899  -0.0375147  
0.611063  -0.0165377  
0.63058  -0.00470256  
0.629682  -0.00846564  
0.611122  -0.0197519  
0.621839  -0.0250605  
0.652338  -0.00655384  
0.659403  0.00402874  
0.677853  -0.00034316  
0.683815  0.00801422  
0.682957  0.00437876  
0.688931  0.0175738  
0.695899  0.0282565  
0.720849  0.050669  
0.730685  0.0753668  
0.729775  0.0710871  
0.719295  0.0752829  
0.718553  0.0710677  
0.736278  0.101745  
0.752284  0.105939  
0.760638  0.113944  
0.742531  0.0939416  
0.739319  0.0811002  
0.741408  0.077951  
0.745759  0.0797637  
0.751756  0.0980151  
0.751236  0.0939331  
0.7276  0.0522412  
0.725395  0.0421969  
0.732603  0.053384  
0.727006  0.0533966  
0.726802  0.0499994  
0.72726  0.0667029  
0.727027  0.0632309  
0.706221  0.0346496  
0.713585  0.045998  
0.712419  0.0561048  
0.72104  0.0681691  
0.720849  0.0647602  
0.708982  0.046492  
0.70892  0.0434308  
0.716024  0.0430803  
0.716006  0.0400939  
0.745133  0.0803959  
0.7449  0.0770256  
0.728905  0.0600867  
0.751195  0.0580174  
0.739591  0.057836  
0.772903  0.0894211  
0.779809  0.100802  
0.77113  0.0934337  
0.745667  0.0719746  
0.745667  0.0719746  
0.783661  0.107912  
0.783398  0.104491  
0.773151  0.12822  
0.791881  0.139304  
0.786287  0.129756  
0.787943  0.136834  
0.792572  0.153956  
0.813325  0.170047  
0.809854  0.171205  
0.818199  0.181669  
0.801313  0.161653  
0.792464  0.139817  
0.800246  0.13092  
0.787242  0.119667  
0.783008  0.12212  
0.78305  0.093671  
0.783252  0.0919263  
0.785211  0.0798391  
0.779053  0.0822155  
0.773762  0.0793757  
0.784055  0.0817231  
0.786267  0.0934781  
0.797286  0.0999173  
0.79418  0.106573  
0.807489  0.122437  
0.794779  0.122599  
0.797111  0.131583  
0.806507  0.135688  
0.789274  0.124039  
0.789283  0.121175  
0.788405  0.119225  
0.790438  0.124048  
0.77627  0.113119  
0.776146  0.107317  
0.773824  0.0941907  
0.767074  0.0967823  
0.783934  0.108884  
0.793245  0.10977  
0.773885  0.0965147  
0.786033  0.112615  
0.786119  0.110188  
0.796145  0.111017  
0.796185  0.108691  
0.787285  0.118341  
0.787347  0.11609  
0.782148  0.107178  
0.783406  0.110057  
0.783489  0.107763  
0.771812  0.119171  
0.771957  0.116765  
0.785201  0.107353  
0.758938  0.0942172  
0.757547  0.0801972  
0.771156  0.106821  
0.77041  0.0935896  
0.772827  0.109301  
0.767519  0.0985632  
0.775586  0.112049  
0.760816  0.100991  
0.762077  0.0996648  
0.764824  0.121079  
0.775279  0.143539  
0.757707  0.134752  
0.757723  0.136325  
0.756921  0.124534  
0.750577  0.113652  
0.775516  0.109883  
0.777146  0.110079  
0.776474  0.107112  
0.759118  0.0940731  
0.769414  0.0844393  
0.772158  0.078723  
0.778949  0.091975  
0.78531  0.0780105  
0.785295  0.0765217  
0.779955  0.0659395  
0.779966  0.0646148  
0.774722  0.0830023  
0.764925  0.104661  
0.765  0.102903  
0.733465  0.0714625  
0.733726  0.0701205  
0.744457  0.0959002  
0.724152  0.091473  
0.724492  0.1047  
0.713227  0.0979368  
0.693749  0.0870651  
0.688461  0.0751944  
0.681482  0.0743306  
0.686579  0.0846556  
0.699695  0.0933913  
0.707534  0.112962  
0.687505  0.0854956  
0.687825  0.0840741  
0.689293  0.0870281  
0.695987  0.101846  
0.727684  0.142434  
0.702243  0.123923  
0.709028  0.136912  
0.70382  0.125046  
0.708549  0.126732  
0.707811  0.139608  
0.725681  0.15393  
0.710481  0.157128  
0.698563  0.13229  
0.698707  0.13048  
0.691421  0.113238  
0.706379  0.127862  
0.716248  0.145392  
0.691593  0.124471  
0.691764  0.122823  
0.677937  0.0842388  
0.687739  0.0864747  
0.700942  0.109852  
0.707639  0.12308  
0.704279  0.119689  
0.688009  0.0963493  
0.688163  0.0951456  
0.695446  0.102096  
0.715703  0.116207  
0.713921  0.137043  
0.713957  0.135464  
0.724891  0.139044  
0.724857  0.13755  
0.737686  0.142469  
0.755465  0.167392  
0.755352  0.165527  
0.735426  0.163327  
0.735371  0.161587  
0.728938  0.152076  
0.727231  0.139006  
0.751222  0.171259  
0.743366  0.184496  
0.743372  0.182525  
0.732072  0.162525  
0.720465  0.164533  
0.745408  0.175531  
0.745438  0.173763  
0.743785  0.189683  
0.743796  0.18776  
0.71319  0.160895  
0.722955  0.162678  
0.723141  0.161111  
0.719541  0.165559  
0.719733  0.163954  
0.702357  0.146507  
0.69991  0.139066  
0.710442  0.137478  
0.707325  0.143353  
0.713717  0.158087  
0.71055  0.153028  
0.691537  0.141231  
0.705593  0.14254  
0.697729  0.14721  
0.697729  0.14721  
0.72017  0.167343  
0.72017  0.167343  
0.684707  0.136216  
0.700638  0.147255  
0.699097  0.134236  
0.725109  0.173134  
0.723011  0.173703  
0.691741  0.169574  
0.677924  0.161574  
0.679201  0.154979  
0.698181  0.174261  
0.695165  0.173098  
0.683497  0.179048  
0.67549  0.178637  
0.671783  0.179398  
0.655014  0.175884  
0.648703  0.163081  
0.663739  0.19208  
0.65984  0.187773  
0.668361  0.212216  
0.645136  0.192597  
0.619798  0.170612  
0.645126  0.184198  
0.64136  0.209949  
0.64064  0.218596  
0.634687  0.206544  
0.634687  0.206544  
0.641739  0.211304  
0.642071  0.209593  
0.651029  0.235465  
0.65127  0.233496  
0.652574  0.230511  
0.652756  0.228641  
0.675996  0.20017  
0.676104  0.198712  
0.699357  0.22999  
0.696157  0.242057  
0.696162  0.240149  
0.666486  0.200174  
0.680686  0.204586  
0.686836  0.2192  
0.679582  0.211696  
0.689781  0.236886  
0.657803  0.204855  
0.636077  0.182865  
0.636399  0.181753  
0.655615  0.200961  
0.655894  0.199634  
0.657048  0.214866  
0.619176  0.176784  
0.619549  0.17572  
0.620931  0.179842  
0.621306  0.178777  
0.634876  0.186296  
0.632541  0.19323  
0.635501  0.197955  
0.587742  0.157608  
0.593839  0.172212  
0.635089  0.201913  
0.635302  0.200683  
0.627094  0.201507  
0.627307  0.200277  
0.616965  0.174481  
0.617202  0.173587  
0.635884  0.198952  
0.652011  0.222183  
0.65207  0.220797  
0.647439  0.205923  
0.647458  0.204714  
0.670168  0.206812  
0.687192  0.235705  
0.687192  0.235705  
0.679661  0.234838  
0.679195  0.235282  
0.687464  0.226294  
0.687464  0.226294  
0.704087  0.250791  
0.715424  0.266696  
0.715424  0.266696  
0.687886  0.256172  
0.687886  0.256172  
0.703831  0.267425  
0.714682  0.283736  
0.714682  0.283736  
0.706799  0.274421  
0.705422  0.277122  
0.716555  0.279421  
0.707865  0.273544  
0.705965  0.273974  
0.693045  0.278538  
0.695304  0.276564  
0.682819  0.255278  
0.689862  0.258741  
0.690085  0.257324  
0.68678  0.260064  
0.687005  0.258647  
0.652866  0.227702  
0.653248  0.226667  
0.653543  0.211823  
0.653881  0.210998  
0.670499  0.235846  
0.662522  0.235444  
0.662774  0.234369  
0.658752  0.223152  
0.65901  0.222254  
0.663236  0.252186  
0.663474  0.250962  
0.662011  0.26089  
0.646059  0.239777  
0.646316  0.238681  
0.643974  0.246322  
0.649841  0.260745  
0.661724  0.26493  
0.658495  0.272582  
0.658722  0.27118  
0.673199  0.27147  
0.673367  0.270125  
0.679019  0.286219  
0.672147  0.291701  
0.676762  0.311708  
0.673213  0.302049  
0.673353  0.3004  
0.670761  0.309741  
0.672044  0.325986  
0.674257  0.323744  
0.668743  0.315845  
0.666051  0.31703  
0.668209  0.321887  
0.664258  0.324443  
0.665969  0.321475  
0.656928  0.341328  
0.656928  0.341328  
0.653594  0.3301  
0.65392  0.328329  
0.643707  0.33739  
0.644094  0.335564  
0.646926  0.353047  
0.64363  0.341858  
0.644021  0.340034  
0.650962  0.340377  
0.651295  0.33861  
0.641414  0.36222  
0.641811  0.360196  
0.648827  0.360665  
0.646661  0.360045  
0.646661  0.360045  
0.649118  0.363156  
0.649118  0.363156  
0.641384  0.37474  
0.649086  0.367617  
0.636683  0.371817  
0.64304  0.369992  
0.644098  0.370311  
0.639604  0.361783  
0.63712  0.363139  
0.638088  0.362385  
0.639609  0.36627  
0.640578  0.365516  
0.629088  0.355927  
0.633037  0.340426  
0.634387  0.336657  
0.618597  0.345614  
0.62442  0.344103  
0.634023  0.344595  
0.631571  0.345967  
0.614298  0.33123  
0.623026  0.323069  
0.63599  0.321644  
0.636228  0.320544  
0.620047  0.332007  
0.620374  0.330738  
0.617127  0.314414  
0.6174  0.313358  
0.606893  0.304813  
0.600638  0.295641  
0.606551  0.308918  
0.598795  0.3095  
0.595157  0.31843  
0.591669  0.314605  
0.605683  0.315614  
0.613288  0.320738  
0.60327  0.317013  
0.605885  0.32034  
0.622245  0.332272  
0.620575  0.344771  
0.620038  0.332511  
0.61816  0.346141  
0.618352  0.344878  
0.628719  0.349757  
0.628912  0.348494  
0.626308  0.35113  
0.626502  0.349868  
0.618403  0.3576  
0.615987  0.358976  
0.61625  0.357653  
0.614591  0.355251  
0.613572  0.360352  
0.611936  0.357859  
0.602388  0.357292  
0.602736  0.356027  
0.605466  0.37281  
0.605809  0.371393  
0.590415  0.378502  
0.600635  0.375567  
0.60098  0.374152  
0.603695  0.391044  
0.604036  0.389479  
0.601278  0.392412  
0.609503  0.392449  
0.599205  0.392217  
0.595378  0.381885  
0.595378  0.381885  
0.603601  0.392476  
0.608621  0.394294  
0.608621  0.394294  
0.6058  0.383587  
0.6058  0.383587  
0.616007  0.38071  
0.613397  0.383388  
0.613625  0.382092  
0.603013  0.364676  
0.606001  0.370314  
0.6129  0.362804  
0.615874  0.355172  
0.608478  0.360348  
0.608707  0.359384  
0.600703  0.347909  
0.593187  0.334831  
0.593422  0.334178  
0.585667  0.340909  
0.585965  0.340201  
0.578592  0.339818  
0.578884  0.339127  
0.594864  0.350956  
0.595091  0.350167  
0.586897  0.339391  
0.574272  0.343709  
0.574575  0.34299  
0.571612  0.34588  
0.571923  0.345143  
0.566002  0.341332  
0.564551  0.344756  
0.563699  0.354772  
0.554135  0.352762  
0.554135  0.352762  
0.54675  0.352372  
0.565788  0.361371  
0.564914  0.370797  
0.556061  0.362384  
0.548699  0.38037  
0.539507  0.375477  
0.540924  0.381027  
0.536789  0.377816  
0.537221  0.383419  
0.537594  0.382339  
0.516663  0.393161  
0.517166  0.391988  
0.519673  0.389855  
0.520111  0.388742  
0.518766  0.389738  
0.519189  0.388657  
0.521995  0.398079  
0.522352  0.396915  
0.516071  0.38117  
0.505527  0.381951  
0.505973  0.380984  
0.492454  0.377367  
0.490723  0.38109  
0.490109  0.378786  
0.479151  0.368359  
0.479839  0.371747  
0.495187  0.389274  
0.49713  0.381091  
0.492847  0.390682  
0.4907  0.402638  
0.492675  0.395516  
0.524308  0.404196  
0.514949  0.413866  
0.521991  0.405582  
0.523439  0.424092  
0.523612  0.422767  
0.527818  0.414674  
0.520173  0.432544  
0.527253  0.423052  
0.528464  0.431028  
0.528643  0.429699  
0.532573  0.440008  
0.532826  0.438614  
0.519156  0.44462  
0.52422  0.44651  
0.527168  0.441753  
0.527152  0.460274  
0.524618  0.46126  
0.539994  0.461892  
0.540226  0.477837  
0.54321  0.475157  
0.555365  0.477365  
0.553348  0.478965  
0.575003  0.486209  
0.586402  0.497103  
0.585454  0.499903  
0.601508  0.496641  
0.630381  0.517683  
0.630339  0.51584  
0.651137  0.524525  
0.651137  0.524525  
0.648482  0.532475  
0.648482  0.532475  
0.66392  0.549885  
0.663676  0.538222  
0.673859  0.545504  
0.678669  0.53418  
0.683939  0.545878  
0.675797  0.550857  
0.679925  0.539419  
0.680023  0.53755  
0.682717  0.542696  
0.682816  0.540828  
0.681607  0.545586  
0.672908  0.53801  
0.673124  0.536343  
0.669586  0.551267  
0.669345  0.539625  
0.640175  0.53824  
0.640175  0.53824  
0.634399  0.537663  
0.642752  0.529974  
0.629898  0.534204  
0.634944  0.506367  
0.62209  0.51063  
0.634439  0.502985  
0.634165  0.499008  
0.629713  0.498868  
0.643674  0.487147  
0.651936  0.486024  
0.641755  0.482057  
0.651838  0.479661  
0.649744  0.475005  
0.661916  0.477265  
0.660529  0.483719  
0.671988  0.474868  
0.682609  0.478451  
0.682658  0.477675  
0.687674  0.480339  
0.687723  0.479564  
0.693343  0.486393  
0.709874  0.504259  
0.709844  0.503257  
0.71494  0.506159  
0.71491  0.505156  
0.726196  0.522467  
0.725988  0.511919  
0.725604  0.50898  
0.718193  0.507519  
0.72322  0.528632  
0.721738  0.54927  
0.722516  0.537771  
0.713469  0.542882  
0.724862  0.557868  
0.724862  0.557868  
0.716494  0.552887  
0.716494  0.552887  
0.697599  0.568651  
0.693939  0.576262  
0.693727  0.564739  
0.683296  0.57278  
0.702462  0.581574  
0.701651  0.576855  
0.696251  0.585957  
0.678968  0.582331  
0.685988  0.595002  
0.681508  0.598937  
0.676475  0.602159  
0.674986  0.614836  
0.675511  0.612943  
0.658927  0.597846  
0.659535  0.596178  
0.681313  0.621615  
0.681839  0.619723  
0.676853  0.624479  
0.675155  0.624025  
0.675155  0.624025  
0.697541  0.618131  
0.702838  0.631487  
0.708684  0.63635  
0.712518  0.641174  
0.716743  0.647941  
0.713341  0.652666  
0.713341  0.652666  
0.735713  0.646799  
0.735713  0.646799  
0.745963  0.666262  
0.755747  0.667114  
0.755959  0.665102  
0.759248  0.67054  
0.759461  0.668528  
0.771095  0.681244  
0.775961  0.686994  
0.791319  0.696962  
0.791443  0.69479  
0.819062  0.708914  
0.819109  0.706716  
0.817729  0.706177  
0.817829  0.704173  
0.821154  0.711663  
0.811062  0.699769  
0.811271  0.697709  
0.83291  0.710412  
0.826725  0.704098  
0.812831  0.701737  
0.821413  0.69311  
0.821708  0.691266  
0.821855  0.689901  
0.818888  0.681765  
0.806789  0.685195  
0.817604  0.689143  
0.820279  0.686733  
0.793136  0.662847  
0.798905  0.674794  
0.802983  0.672661  
0.799064  0.676734  
0.814183  0.67512  
0.79345  0.66894  
0.793903  0.667554  
0.790414  0.683026  
0.800377  0.682458  
0.796388  0.672136  
0.791613  0.689761  
0.793544  0.697406  
0.800877  0.698895  
0.794254  0.704674  
0.81528  0.710621  
0.804169  0.720048  
0.80622  0.729636  
0.814264  0.745737  
0.830588  0.738819  
0.814272  0.749559  
0.821871  0.746067  
0.829942  0.761331  
0.831382  0.761885  
0.831029  0.773539  
0.83144  0.77134  
0.827405  0.776523  
0.827817  0.774327  
0.837188  0.779866  
0.837188  0.779866  
0.842542  0.785881  
0.824711  0.778701  
0.812407  0.780724  
0.821363  0.797378  
0.821902  0.795172  
0.810919  0.796537  
0.811548  0.794355  
0.82607  0.806413  
0.826615  0.804204  
0.835108  0.794257  
0.835588  0.792239  
0.827677  0.802885  
0.822653  0.794798  
0.828539  0.805896  
0.833445  0.796906  
0.830668  0.782968  
0.851601  0.801176  
0.851963  0.79922  
0.848475  0.793856  
0.840468  0.787457  
0.8469  0.800194  
0.850301  0.7859  
0.842424  0.774756  
0.86152  0.772098  
0.859463  0.773654  
0.859463  0.773654  
0.866285  0.774621  
0.862986  0.766055  
0.882049  0.77577  
0.879266  0.777217  
0.878585  0.766527  
0.87767  0.767623  
0.877898  0.766337  
0.862908  0.780052  
0.882466  0.787074  
0.88709  0.796173  
0.874553  0.798748  
0.854616  0.798003  
0.855027  0.796467  
0.856147  0.79812  
0.857672  0.80426  
0.858086  0.802694  
0.839874  0.808153  
0.841848  0.800489  
0.835473  0.794518  
0.821189  0.800291  
0.846238  0.804104  
0.837171  0.806769  
0.813065  0.79877  
0.813657  0.797413  
0.814231  0.790835  
0.814821  0.789529  
0.819152  0.786542  
0.819658  0.785325  
0.811755  0.764655  
0.812273  0.763702  
0.816106  0.761695  
0.816553  0.760799  
0.816871  0.759057  
0.833118  0.749061  
0.833349  0.748339  
0.820733  0.740325  
0.818823  0.732381  
0.819088  0.742576  
0.802306  0.732049  
0.805185  0.731721  
0.813328  0.729875  
0.816721  0.729136  
0.793148  0.723918  
0.799552  0.719293  
0.796283  0.723064  
0.786654  0.723608  
0.777027  0.715293  
0.777408  0.714995  
0.75927  0.717401  
0.761275  0.726923  
0.771169  0.734508  
0.761542  0.7268  
0.761922  0.72638  
0.743769  0.728276  
0.739658  0.732532  
0.737282  0.743879  
0.731406  0.744749  
0.731898  0.744098  
0.736735  0.752177  
0.737145  0.751454  
0.739439  0.773117  
0.727676  0.770901  
0.728157  0.769989  
0.733038  0.778291  
0.733437  0.777308  
0.698181  0.772104  
0.699529  0.774938  
0.681143  0.775709  
0.677188  0.77702  
0.678014  0.780241  
0.656064  0.764065  
0.656785  0.763256  
0.645406  0.776164  
0.622049  0.772629  
0.616641  0.760108  
0.614928  0.766872  
0.615702  0.766042  
0.600459  0.772527  
0.601307  0.771646  
0.573476  0.758893  
0.574331  0.758144  
0.565868  0.769929  
0.564569  0.771562  
0.565416  0.770697  
0.555063  0.776681  
0.557885  0.77611  
0.540371  0.766855  
0.541905  0.767467  
0.542694  0.766649  
0.561616  0.791276  
0.548435  0.795128  
0.533894  0.78502  
0.533334  0.785645  
0.533334  0.785645  
0.512118  0.800702  
0.532178  0.808612  
0.524234  0.819806  
0.509817  0.825126  
0.509817  0.825126  
0.48382  0.825814  
0.481106  0.824612  
0.499837  0.831742  
0.486361  0.845703  
0.4843  0.846187  
0.484965  0.85745  
0.481914  0.849358  
0.463093  0.853074  
0.452169  0.854948  
0.453063  0.853339  
0.443988  0.86691  
0.444866  0.865192  
0.429329  0.871829  
0.430261  0.870111  
0.402942  0.868862  
0.390881  0.870533  
0.394901  0.880409  
0.382842  0.88193  
0.367487  0.878662  
0.372146  0.873161  
0.373214  0.871513  
0.363413  0.880103  
0.383425  0.883647  
0.367604  0.880618  
0.373139  0.901084  
0.373836  0.893923  
0.382902  0.894372  
0.400042  0.900606  
0.413908  0.920707  
0.425687  0.914548  
0.425661  0.917203  
0.442549  0.92579  
0.450117  0.924389  
0.458797  0.928259  
0.491443  0.934562  
0.49865  0.943986  
0.48388  0.941872  
0.484078  0.939879  
0.478499  0.942759  
0.470838  0.959825  
0.471206  0.957721  
0.453745  0.973279  
0.468785  0.967212  
0.445547  0.970791  
0.450971  0.983763  
0.450461  0.98846  
0.423876  0.974253  
0.429012  0.983606  
0.435391  0.993105  
0.427007  0.985267  
0.424438  0.980431  
0.454153  0.989985  
0.44716  0.994555  
0.451504  0.993826  
0.439154  0.994977  
0.448076  0.976643  
0.448685  0.974842  
0.432775  0.977622  
0.453582  0.983631  
0.441155  0.971359  
0.441688  0.969796  
0.451825  0.971654  
0.465316  0.968268  
0.465716  0.966721  
0.455666  0.962019  
0.456092  0.960548  
0.443506  0.967138  
0.439808  0.970384  
0.431985  0.965371  
0.412398  0.969019  
0.410461  0.971315  
0.40424  0.977227  
0.396512  0.978319  
0.386495  0.974579  
0.388969  0.98514  
0.386343  0.986845  
0.387158  0.988486  
0.361211  0.995843  
0.364573  0.99284  
0.354251  1.00651  
0.357771  1.00431  
0.340005  1.01261  
0.321257  1.01666  
0.34305  1.02278  
0.314206  1.03414  
0.315288  1.03217  
0.293243  1.02881  
0.278979  1.02912  
0.280143  1.02724  
0.290605  1.03834  
0.292682  1.0379  
0.2823  1.04101  
0.294951  1.04957  
0.304102  1.046  
0.292474  1.04902  
0.293815  1.04018  
0.323572  1.06174  
0.314334  1.05503  
0.306646  1.05754  
0.315287  1.05129  
0.323825  1.06031  
0.307139  1.05411  
0.327798  1.0594  
0.325197  1.05512  
0.29801  1.03714  
0.303315  1.03407  
0.302216  1.0374  
0.299459  1.03142  
0.304601  1.02867  
0.290015  1.02493  
0.28917  1.02353  
0.288472  1.02841  
0.278147  1.00902  
0.278147  1.00902  
0.243352  1.01223  
0.265398  1.01885  
0.235962  1.00337  
0.236719  1.00238  
0.206648  1.00246  
0.207585  1.0015  
0.193334  1.00225  
0.194245  1.00132  
0.164964  0.994107  
0.160318  1.00523  
0.161298  1.00427  
0.145153  1.00694  
0.146153  1.00597  
0.126947  1.00447  
0.127917  1.00353  
0.120494  1.00479  
0.108691  1.00637  
0.134093  1.01034  
0.134856  1.0094  
0.107082  1.01016  
0.107885  1.00927  
0.10474  1.00953  
0.10092  1.02235  
0.101681  1.02128  
0.0972381  1.01856  
0.112378  1.02335  
0.11658  1.02569  
0.0999116  1.02864  
0.0970982  1.0271  
0.0983307  1.0273  
0.0984208  1.03438  
0.0860698  1.02647  
0.089498  1.02343  
0.0900274  1.02246  
0.0752084  1.02215  
0.0827598  1.02386  
0.0890204  1.031  
0.0930822  1.02768  
0.093531  1.02674  
0.0876158  1.02852  
0.0880502  1.02759  
0.069019  1.03473  
0.0915986  1.05201  
0.0916838  1.05009  
0.0863023  1.05095  
0.0735931  1.05346  
0.0661197  1.05993  
0.0661197  1.05993  
0.0640046  1.0696  
0.0466031  1.06562  
0.0558377  1.07607  
0.0641722  1.0851  
0.0419896  1.08211  
0.0207459  1.08274  
0.0199389  1.08553  
0.00295779  1.09111  
-0.0121653  1.09762  
-0.010028  1.09563  
-0.0235548  1.10276  
-0.0498638  1.09586  
-0.0508772  1.09552  
-0.0488181  1.10936  
-0.047902  1.10785  
-0.0611631  1.11035  
-0.0726649  1.11106  
-0.0882304  1.09504  
-0.0879292  1.10279  
-0.0870201  1.10141  
-0.0819889  1.10383  
-0.0811564  1.10248  
-0.076416  1.11523  
-0.0777335  1.11154  
-0.0743587  1.10931  
-0.0768997  1.11354  
-0.0709082  1.11099  
-0.0702787  1.13164  
-0.0802593  1.12582  
-0.0756852  1.11822  
-0.0750341  1.11457  
-0.0873722  1.11679  
-0.0725174  1.11711  
-0.0468834  1.1239  
-0.0510495  1.12517  
-0.0611285  1.10859  
-0.0691979  1.1081  
-0.0557109  1.10997  
-0.0282375  1.11512  
-0.0552402  1.10923  
-0.0665792  1.1131  
-0.0673851  1.11154  
-0.0665443  1.11677  
-0.0777244  1.11037  
-0.102137  1.10524  
-0.113836  1.11669  
-0.113336  1.11562  
-0.136354  1.11191  
-0.148029  1.11304  
-0.183084  1.11532  
-0.177576  1.13333  
-0.176787  1.13213  
-0.220723  1.11901  
-0.219707  1.11798  
-0.241457  1.13148  
-0.240238  1.13758  
-0.24974  1.14519  
-0.263818  1.14059  
-0.273737  1.14841  
-0.275323  1.14643  
-0.270202  1.1595  
-0.287148  1.15086  
-0.289524  1.16533  
-0.270537  1.18141  
-0.286163  1.17467  
-0.286201  1.17292  
-0.280589  1.1707  
-0.280311  1.17116  
-0.287317  1.17181  
-0.273874  1.19143  
-0.285232  1.19188  
-0.306305  1.17686  
-0.305729  1.17547  
-0.289709  1.18354  
-0.301046  1.18412  
-0.325312  1.1755  
-0.311352  1.18752  
-0.313111  1.18366  
-0.336816  1.18719  
-0.34173  1.17834  
-0.328232  1.18291  
-0.352895  1.17876  
-0.352895  1.17876  
-0.339268  1.19226  
-0.352502  1.18248  
-0.327964  1.1954  
-0.301467  1.19955  
-0.296021  1.20152  
-0.280251  1.20747  
-0.27879  1.19689  
-0.255643  1.19686  
-0.229894  1.20537  
-0.2057  1.22408  
-0.208573  1.21309  
-0.20417  1.21487  
-0.207108  1.20501  
-0.200894  1.20299  
-0.201329  1.20186  
-0.235144  1.19835  
-0.235387  1.19727  
-0.249762  1.18388  
-0.261717  1.18503  
-0.264798  1.1784  
-0.264738  1.17762  
-0.296395  1.18781  
-0.317538  1.18014  
-0.317148  1.17934  
-0.358304  1.16511  
-0.351513  1.17497  
-0.376453  1.16439  
-0.37497  1.17398  
-0.380301  1.16944  
-0.375334  1.17376  
-0.394632  1.16805  
-0.405532  1.16922  
-0.430753  1.16996  
-0.409247  1.17202  
-0.429183  1.19055  
-0.430523  1.18529  
-0.429843  1.18454  
-0.430484  1.20424  
-0.434685  1.19699  
-0.437594  1.214  
-0.454115  1.21219  
-0.453498  1.21113  
-0.423039  1.2421  
-0.422733  1.24074  
-0.407958  1.24246  
-0.428565  1.24629  
-0.405719  1.25535  
-0.421648  1.24729  
-0.417405  1.25704  
-0.389685  1.26778  
-0.389685  1.26778  
-0.390205  1.27253  
-0.406737  1.26237  
-0.406737  1.26237  
-0.413318  1.26892  
-0.38517  1.27585  
-0.399877  1.26603  
-0.397652  1.27894  
-0.413821  1.27385  
-0.418595  1.2782  
-0.401657  1.27831  
-0.392196  1.28851  
-0.390479  1.29239  
-0.402124  1.29292  
-0.390001  1.29875  
-0.401509  1.29926  
-0.369558  1.32109  
-0.347041  1.32814  
-0.367701  1.32412  
-0.367894  1.32247  
-0.367143  1.33194  
-0.362273  1.34468  
-0.362462  1.34289  
-0.348313  1.36119  
-0.329547  1.36872  
-0.328679  1.36598  
-0.324538  1.37103  
-0.326691  1.3667  
-0.313748  1.38926  
-0.305596  1.39269  
-0.298388  1.40106  
-0.298567  1.40489  
-0.299885  1.40224  
-0.28041  1.41251  
-0.282873  1.41861  
-0.281951  1.4288  
-0.295481  1.42397  
-0.309075  1.42601  
-0.321055  1.42755  
-0.319781  1.42507  
-0.323719  1.44587  
-0.332299  1.43906  
-0.337016  1.43893  
-0.368405  1.43263  
-0.347655  1.438  
-0.359966  1.44914  
-0.362933  1.46232  
-0.37153  1.44849  
-0.375624  1.44679  
-0.377398  1.44144  
-0.381489  1.44469  
-0.374628  1.45186  
-0.374372  1.44988  
-0.398158  1.44471  
-0.385897  1.44989  
-0.385672  1.44808  
-0.377689  1.44646  
-0.378959  1.43898  
-0.369686  1.45213  
-0.369571  1.45033  
-0.345442  1.45306  
-0.356694  1.44448  
-0.333897  1.45319  
-0.340012  1.45702  
-0.3401  1.45536  
-0.323074  1.45678  
-0.334756  1.45719  
-0.324435  1.46565  
-0.324569  1.46401  
-0.307446  1.4654  
-0.317787  1.4608  
-0.329409  1.4613  
-0.323308  1.46091  
-0.317154  1.45732  
-0.317296  1.45591  
-0.345459  1.4546  
-0.345411  1.45324  
-0.360778  1.43805  
-0.376604  1.43956  
-0.376341  1.43848  
-0.400213  1.43799  
-0.394914  1.43591  
-0.420589  1.41933  
-0.432116  1.42122  
-0.407305  1.42849  
-0.421401  1.42104  
-0.398376  1.43001  
-0.404542  1.43183  
-0.399262  1.42976  
-0.398184  1.42833  
-0.397193  1.4272  
-0.388641  1.43042  
-0.382955  1.42605  
-0.382959  1.42525  
-0.381737  1.43139  
-0.376456  1.42932  
-0.376351  1.43129  
-0.376353  1.43051  
-0.359427  1.442  
-0.364605  1.44605  
-0.364669  1.44517  
-0.353579  1.45408  
-0.347689  1.45673  
-0.351935  1.47911  
-0.356316  1.47721  
-0.356316  1.47721  
-0.341422  1.48751  
-0.356253  1.49192  
-0.35064  1.49637  
-0.350507  1.49835  
-0.349651  1.49793  
-0.345671  1.51558  
-0.345671  1.51558  
-0.34427  1.51869  
-0.34427  1.51869  
-0.36692  1.51907  
-0.355274  1.52808  
-0.366759  1.52862  
-0.385577  1.53755  
-0.39675  1.53799  
-0.420358  1.52157  
-0.397458  1.52891  
-0.408984  1.53752  
-0.408657  1.53612  
-0.39834  1.54803  
-0.404286  1.54991  
-0.392742  1.55898  
-0.401486  1.55296  
-0.412553  1.5534  
-0.405453  1.55034  
-0.394701  1.55749  
-0.395139  1.56833  
-0.389842  1.57494  
-0.389842  1.57494  
-0.398454  1.56723  
-0.3869  1.57639  
-0.377235  1.58939  
-0.377297  1.58772  
-0.368151  1.58023  
-0.368223  1.57875  
-0.339708  1.59073  
-0.353486  1.57271  
-0.364932  1.57333  
-0.331073  1.58755  
-0.331331  1.58612  
-0.331576  1.58598  
-0.329869  1.58419  
-0.307185  1.59144  
-0.335895  1.59118  
-0.313153  1.5984  
-0.317502  1.6025  
-0.298155  1.61846  
-0.298495  1.61688  
-0.331136  1.6073  
-0.331222  1.60588  
-0.319095  1.60926  
-0.289778  1.62818  
-0.298632  1.63199  
-0.311159  1.62423  
-0.32093  1.62745  
-0.318039  1.62354  
-0.329612  1.62541  
-0.351044  1.62172  
-0.331178  1.64373  
-0.331178  1.64373  
-0.358717  1.64122  
-0.358717  1.64122  
-0.346269  1.64176  
-0.318565  1.65602  
-0.324644  1.65593  
-0.317946  1.66003  
-0.312627  1.65792  
-0.296271  1.66221  
-0.263786  1.66738  
-0.267058  1.67043  
-0.264443  1.66876  
-0.232634  1.67815  
-0.252829  1.6709  
-0.262774  1.66  
-0.26304  1.65867  
-0.239405  1.65858  
-0.239405  1.65858  
-0.232214  1.66395  
-0.232607  1.66268  
-0.240603  1.6481  
-0.245922  1.65122  
-0.256222  1.64502  
-0.250503  1.64489  
-0.262031  1.64692  
-0.262027  1.64519  
-0.266892  1.64493  
-0.271636  1.64476  
-0.275896  1.64213  
-0.287748  1.64043  
-0.2817  1.64401  
-0.281339  1.64604  
-0.287191  1.64532  
-0.292002  1.64987  
-0.298171  1.6485  
-0.302646  1.6537  
-0.302274  1.65572  
-0.303807  1.65327  
-0.285995  1.6656  
-0.298015  1.66581  
-0.280718  1.67726  
-0.280335  1.67928  
