3.95637  2.95989  
3.95632  2.95992  
3.92525  2.95655  
3.93534  2.94803  
3.88112  2.93674  
3.87669  2.93506  
3.67017  2.98567  
3.59986  2.97674  
3.59259  2.97597  
3.51588  2.9273  
3.50404  2.92781  
3.42994  2.92911  
2.44077  1.83763  
2.19136  1.64913  
2.19684  1.6351  
1.78477  1.592  
1.684  1.47385  
1.67904  1.4794  
1.47968  1.43542  
1.47807  1.42606  
1.19682  1.4804  
1.07141  1.46808  
1.07892  1.45935  
1.02775  1.38376  
0.95811  1.3809  
0.952135  1.38842  
0.896006  1.31258  
0.871055  1.30713  
0.775784  1.22786  
0.639751  1.25375  
0.606045  1.265  
0.502186  1.22783  
0.519152  1.20394  
0.459714  1.15633  
0.367675  1.18393  
0.316788  1.20188  
0.23801  1.22755  
0.236005  1.21766  
0.234393  1.23347  
0.224331  1.24288  
0.250275  1.23023  
0.382403  1.17448  
0.367973  1.18604  
0.410528  1.22626  
0.389437  1.25321  
0.536465  1.17118  
0.644971  1.12993  
0.697184  1.11656  
0.698002  1.15432  
0.728305  1.17801  
0.839636  1.16327  
0.865979  1.15324  
0.924796  1.15136  
0.947721  1.17879  
0.946206  1.18407  
1.05275  1.1249  
1.06446  1.14386  
1.07731  1.17288  
1.12511  1.17439  
1.11271  1.17893  
1.20555  1.13755  
1.18236  1.15619  
1.17587  1.19165  
1.20313  1.19681  
1.2871  1.12565  
1.28555  1.14545  
1.28208  1.14803  
1.29137  1.14889  
1.27856  1.15168  
1.31084  1.11001  
1.3066  1.10757  
1.28342  1.14005  
1.2654  1.12343  
1.26211  1.12528  
1.29501  1.10977  
1.27405  1.12032  
1.26507  1.13177  
1.18307  1.20618  
1.18797  1.21013  
1.17257  1.18988  
1.12461  1.21707  
1.12512  1.21339  
1.11871  1.18419  
1.14369  1.17233  
1.11993  1.14728  
1.06762  1.16375  
1.05599  1.16451  
1.05274  1.13891  
1.05538  1.10328  
1.02174  1.10068  
1.02264  1.09415  
1.02049  1.09391  
1.03049  1.07555  
1.00817  1.08368  
0.954745  1.09555  
0.953369  1.11018  
0.979629  1.06697  
0.992544  1.03956  
0.997915  1.03773  
0.975829  1.05639  
0.980886  1.04833  
0.986054  1.01006  
0.961963  1.01761  
0.937238  1.03388  
0.944757  1.01753  
0.932526  1.03124  
0.929646  1.03834  
0.875731  1.06832  
0.890033  1.06636  
0.85663  1.0803  
0.880432  1.04841  
0.851274  1.07591  
0.804333  1.13065  
0.791721  1.13069  
0.825807  1.12214  
0.822507  1.12165  
0.786787  1.15112  
0.802633  1.14637  
0.790379  1.16116  
0.817964  1.13778  
0.831615  1.12207  
0.813943  1.14205  
0.843826  1.12515  
0.861329  1.11692  
0.85916  1.12523  
0.862543  1.12245  
0.873675  1.11938  
0.87546  1.11765  
0.903441  1.11438  
0.873624  1.16962  
0.876574  1.16608  
0.914678  1.1349  
0.917302  1.13154  
0.916133  1.12052  
0.924095  1.12188  
0.942198  1.10685  
0.986507  1.05686  
0.988206  1.05518  
0.983692  1.01808  
1.00118  0.966304  
0.993868  0.964694  
1.01053  0.931518  
1.00702  0.931433  
1.0344  0.878774  
1.02871  0.844886  
1.03097  0.843464  
1.02312  0.844317  
1.02554  0.842717  
1.04127  0.836848  
1.03007  0.850425  
1.03351  0.852705  
1.08651  0.819366  
1.0886  0.817475  
1.06108  0.851258  
1.0834  0.85232  
1.08553  0.849828  
1.11  0.82285  
1.11202  0.82046  
1.06858  0.826669  
1.07014  0.825112  
1.0559  0.803532  
1.02441  0.816751  
1.00084  0.830765  
0.979457  0.818825  
0.938059  0.829385  
0.927543  0.824571  
0.862189  0.856394  
0.863169  0.865746  
0.831359  0.881975  
0.83293  0.880534  
0.76904  0.944172  
0.777868  0.9296  
0.767067  0.937457  
0.768052  0.934492  
0.75259  0.962133  
0.756175  0.958651  
0.74533  0.953235  
0.742237  0.950187  
0.721599  0.944673  
0.723139  0.943342  
0.730454  0.880553  
0.733705  0.878079  
0.695775  0.89339  
0.699115  0.890855  
0.712658  0.856133  
0.693945  0.834214  
0.697201  0.832285  
0.706342  0.809615  
0.682153  0.82378  
0.699583  0.793673  
0.667658  0.821982  
0.669171  0.820716  
0.677632  0.789243  
0.679139  0.787982  
0.657382  0.79374  
0.6394  0.794373  
0.652877  0.782818  
0.635022  0.763192  
0.614507  0.763175  
0.611806  0.730444  
0.596954  0.732746  
0.626602  0.675097  
0.586204  0.676364  
0.597222  0.662318  
0.575419  0.640638  
0.574506  0.648406  
0.545837  0.644285  
0.551079  0.641899  
0.544718  0.636825  
0.518652  0.65062  
0.527651  0.643606  
0.516061  0.643636  
0.494368  0.655601  
0.493513  0.663334  
0.467457  0.653716  
0.471351  0.653852  
0.460398  0.622708  
0.473831  0.610582  
0.454653  0.601701  
0.468017  0.589886  
0.424467  0.600196  
0.406449  0.593123  
0.420065  0.581585  
0.378424  0.595875  
0.382601  0.596825  
0.369918  0.606305  
0.396683  0.595287  
0.376768  0.606317  
0.415715  0.578133  
0.390804  0.594975  
0.420114  0.557728  
0.435729  0.534816  
0.443305  0.531034  
0.436395  0.542811  
0.439175  0.524979  
0.451942  0.514145  
0.465555  0.50027  
0.44583  0.502943  
0.449595  0.509424  
0.435923  0.512015  
0.470965  0.500587  
0.51062  0.501046  
0.513649  0.50232  
0.529696  0.471791  
0.546448  0.457136  
0.564127  0.463299  
0.562617  0.471171  
0.581971  0.458863  
0.629611  0.414867  
0.600577  0.436292  
0.57551  0.454247  
0.590415  0.439675  
0.571763  0.440184  
0.531264  0.474169  
0.53044  0.48209  
0.544438  0.451359  
0.568465  0.41376  
0.543389  0.432349  
0.533028  0.443983  
0.527721  0.452746  
0.52791  0.426446  
0.513653  0.443005  
0.50888  0.447197  
0.504342  0.4546  
0.527705  0.441847  
0.509199  0.450309  
0.510861  0.458721  
0.507914  0.46297  
0.490774  0.457557  
0.514278  0.444703  
0.441542  0.513827  
0.427756  0.508967  
0.42508  0.507052  
0.424522  0.504313  
0.434235  0.5046  
0.418503  0.521631  
0.425496  0.514153  
0.437149  0.514818  
0.420627  0.514591  
0.409405  0.5289  
0.417718  0.507252  
0.435367  0.486388  
0.430464  0.490346  
0.460178  0.476287  
0.463351  0.474073  
0.457829  0.462182  
0.442918  0.459279  
0.462336  0.453223  
0.443616  0.47243  
0.457964  0.458533  
0.476878  0.4436  
0.491202  0.429571  
0.442793  0.443332  
0.424659  0.450259  
0.410673  0.467116  
0.404735  0.453267  
0.41156  0.465708  
0.386749  0.475582  
0.402002  0.462968  
0.4151  0.451545  
0.413799  0.471577  
0.413897  0.476451  
0.398859  0.481504  
0.418548  0.465562  
0.446465  0.437829  
0.431553  0.457309  
0.434951  0.455876  
0.448497  0.446598  
0.454129  0.43979  
0.428717  0.464806  
0.430351  0.467655  
0.404153  0.495469  
0.414765  0.495906  
0.404748  0.504968  
0.392579  0.526883  
0.385176  0.523456  
0.396013  0.506138  
0.401676  0.490555  
0.37613  0.501104  
0.397916  0.480401  
0.389184  0.46673  
0.398756  0.454553  
0.401859  0.448542  
0.40672  0.442737  
0.385606  0.449687  
0.387185  0.468891  
0.388376  0.487114  
0.392433  0.487603  
0.412987  0.485889  
0.430181  0.481064  
0.437438  0.487539  
0.470897  0.498169  
0.455486  0.50263  
0.498413  0.490832  
0.473981  0.507906  
0.493301  0.493483  
0.485971  0.485661  
0.494385  0.485575  
0.493246  0.477778  
0.477901  0.48236  
0.469788  0.48591  
0.468348  0.483951  
0.476982  0.468112  
0.448306  0.467961  
0.456642  0.441911  
0.430139  0.452018  
0.422749  0.472327  
0.402076  0.480871  
0.379611  0.491008  
0.392286  0.492649  
0.367801  0.507764  
0.321234  0.535224  
0.326144  0.534886  
0.345049  0.527287  
0.349106  0.539255  
0.362431  0.528518  
0.348516  0.524187  
0.370667  0.503153  
0.359486  0.492164  
0.361647  0.490818  
0.36735  0.479403  
0.378699  0.465351  
0.370298  0.486756  
0.388997  0.458355  
0.365403  0.475823  
0.398033  0.467079  
0.40248  0.467068  
0.387424  0.482503  
0.405381  0.498472  
0.407633  0.497025  
0.422317  0.478437  
0.398801  0.495504  
0.458326  0.439512  
0.478769  0.430807  
0.482919  0.430633  
0.468183  0.413455  
0.451895  0.416769  
0.460077  0.398761  
0.471594  0.38403  
0.463571  0.363609  
0.468035  0.35451  
0.481864  0.341661  
0.438122  0.364964  
0.443131  0.365181  
0.447041  0.359222  
0.451081  0.361786  
0.466461  0.351745  
0.450975  0.35348  
0.456164  0.353561  
0.467112  0.340735  
0.444685  0.359278  
0.450533  0.348237  
0.434703  0.346019  
0.430072  0.347133  
0.428737  0.323572  
0.406619  0.342347  
0.399694  0.342506  
0.38084  0.357384  
0.397743  0.342286  
0.39064  0.338418  
0.363033  0.363184  
0.389356  0.332291  
0.399103  0.317454  
0.426269  0.304134  
0.382345  0.339465  
0.389651  0.332245  
0.39567  0.332057  
0.394242  0.329045  
0.387015  0.327661  
0.366711  0.347917  
0.368922  0.349181  
0.365366  0.362197  
0.388546  0.357045  
0.361817  0.382134  
0.384205  0.374408  
0.354684  0.398185  
0.397914  0.371748  
0.388652  0.369446  
0.386931  0.370409  
0.404337  0.343138  
0.412673  0.343141  
0.433225  0.329155  
0.385768  0.341184  
0.382305  0.34144  
0.404211  0.299465  
0.38266  0.305089  
0.388873  0.292224  
0.384445  0.304092  
0.391128  0.303597  
0.396838  0.305922  
0.412935  0.283279  
0.382932  0.302621  
0.428736  0.259522  
0.437181  0.259272  
0.429914  0.265965  
0.409156  0.271718  
0.382312  0.277901  
0.398799  0.263314  
0.355145  0.295348  
0.312406  0.331697  
0.319945  0.330661  
0.326979  0.318956  
0.326446  0.321908  
0.287816  0.35413  
0.285829  0.353656  
0.294815  0.34248  
0.292791  0.342061  
0.317075  0.342216  
0.317751  0.319656  
0.288148  0.338462  
0.280589  0.313867  
0.285594  0.31892  
0.275314  0.317729  
0.266726  0.304996  
0.264991  0.304895  
0.260945  0.325502  
0.25817  0.322452  
0.280038  0.304025  
0.281155  0.312837  
0.29118  0.305899  
0.307688  0.325942  
0.305728  0.325247  
0.326369  0.312059  
0.293327  0.340071  
0.294761  0.34089  
0.329229  0.292934  
0.328737  0.29307  
0.317536  0.29292  
0.341899  0.273844  
0.312076  0.291712  
0.323634  0.277635  
0.316038  0.274024  
0.31311  0.282004  
0.349406  0.26814  
0.321974  0.287972  
0.314135  0.297365  
0.313909  0.297306  
0.285871  0.321824  
0.284692  0.320471  
0.266629  0.339629  
0.248065  0.356763  
0.264995  0.350269  
0.25791  0.345636  
0.257014  0.343944  
0.247558  0.344537  
0.266307  0.327763  
0.265293  0.346499  
0.2479  0.365214  
0.257863  0.34837  
0.214497  0.377298  
0.223528  0.374695  
0.16501  0.419355  
0.152389  0.42825  
0.108534  0.451837  
0.113733  0.453305  
0.09581  0.469064  
0.0988725  0.467586  
0.091145  0.469239  
0.0897267  0.469076  
0.0778851  0.470891  
0.0924057  0.465387  
0.113454  0.440913  
0.101001  0.449607  
0.0831955  0.465743  
0.0822539  0.460224  
0.0793409  0.453754  
0.0258206  0.497273  
0.0033026  0.511455  
0.0398935  0.478789  
0.0260572  0.482537  
0.0327655  0.480233  
0.0293059  0.479711  
0.0455978  0.469794  
0.0718762  0.448814  
0.0914808  0.42157  
0.0680088  0.438474  
0.13559  0.373735  
0.141367  0.363715  
0.153668  0.351727  
0.126311  0.369078  
0.108441  0.359743  
0.12845  0.343098  
0.108005  0.350822  
0.0907119  0.367603  
0.0723762  0.383412  
0.0829571  0.386706  
0.0659095  0.403032  
0.0771664  0.406817  
0.0977093  0.389458  
0.155762  0.357173  
0.138696  0.373656  
0.168085  0.347356  
0.193005  0.338624  
0.181598  0.347577  
0.182812  0.351276  
0.186182  0.355296  
0.129664  0.406064  
0.146317  0.37519  
0.122777  0.398788  
0.112185  0.409658  
0.114753  0.408032  
0.0876804  0.408768  
0.108538  0.390561  
0.100023  0.383794  
0.0942353  0.385116  
0.143724  0.319326  
0.137856  0.321185  
0.113103  0.336232  
0.0975155  0.352103  
0.0505186  0.396329  
0.0795002  0.387814  
0.0738485  0.389135  
0.0567446  0.427111  
0.0680966  0.415014  
0.082517  0.411826  
0.0650017  0.419704  
0.0534148  0.42159  
0.0764425  0.397897  
0.0711301  0.398849  
0.0646469  0.379508  
0.0364059  0.386814  
0.0211691  0.402669  
-0.00861826  0.41878  
0.0137616  0.400223  
0.015148  0.412829  
0.0372123  0.394202  
0.0544554  0.418046  
0.0494747  0.418764  
0.0555882  0.43764  
0.0861185  0.448768  
0.0809379  0.448996  
0.12244  0.416001  
0.120955  0.43469  
0.115493  0.434969  
0.0855098  0.454595  
0.0702599  0.469375  
0.0813491  0.447095  
0.0523964  0.461306  
0.0442997  0.481666  
0.00471159  0.486765  
0.0268177  0.467352  
0.00118592  0.503401  
-0.0133052  0.517572  
0.00221817  0.497517  
0.0521224  0.458358  
0.0451368  0.459649  
0.0682082  0.450002  
0.063565  0.450045  
0.0800203  0.439066  
0.0583866  0.451793  
0.0701207  0.446862  
0.0570145  0.445536  
0.0686578  0.440721  
0.00540522  0.470039  
0.0176048  0.465103  
0.0012401  0.484872  
-0.0113808  0.484531  
0.0012569  0.464869  
0.00486679  0.459725  
0.0455913  0.419344  
0.0320404  0.433821  
0.0187468  0.452987  
0.0413231  0.447151  
0.0275311  0.461741  
0.0426951  0.454725  
0.0288955  0.469235  
0.040896  0.49313  
0.00301185  0.5317  
0.0153171  0.526094  
-0.0518546  0.578219  
-0.0478591  0.572004  
-0.0640291  0.572728  
-0.072524  0.566279  
-0.0876658  0.551574  
-0.11369  0.550501  
-0.123151  0.558106  
-0.169984  0.565711  
-0.189214  0.587372  
-0.181326  0.575855  
-0.155073  0.560108  
-0.162662  0.578246  
-0.174927  0.59142  
-0.160977  0.603085  
-0.163364  0.602102  
-0.126941  0.613338  
-0.136035  0.620662  
-0.121307  0.602553  
-0.102586  0.581408  
-0.121196  0.580564  
-0.137126  0.593389  
-0.120113  0.581928  
-0.104937  0.562792  
-0.118445  0.559141  
-0.120848  0.558503  
-0.10375  0.539098  
-0.112459  0.539053  
-0.104751  0.531471  
-0.116953  0.545479  
-0.111844  0.545415  
-0.122635  0.544225  
-0.156942  0.552308  
-0.145148  0.528177  
-0.152541  0.520485  
-0.210859  0.558281  
-0.204601  0.552473  
-0.227343  0.552491  
-0.234329  0.556594  
-0.243063  0.563829  
-0.260946  0.57178  
-0.264437  0.58872  
-0.228463  0.559546  
-0.243392  0.577176  
-0.220889  0.575206  
-0.196321  0.561663  
-0.205309  0.576439  
-0.154003  0.534242  
-0.170926  0.555738  
-0.181721  0.569478  
-0.22598  0.599983  
-0.208886  0.593463  
-0.217277  0.603063  
-0.210298  0.606933  
-0.238019  0.619674  
-0.235895  0.627065  
-0.210677  0.606871  
-0.24356  0.640345  
-0.235258  0.635225  
-0.217571  0.625259  
-0.202131  0.604246  
-0.202461  0.603015  
-0.23808  0.639807  
-0.240378  0.641304  
-0.266078  0.649485  
-0.284162  0.661384  
-0.304455  0.670679  
-0.313694  0.683152  
-0.317926  0.690789  
-0.333855  0.712131  
-0.317886  0.706118  
-0.353464  0.743357  
-0.33724  0.737131  
-0.320583  0.710885  
-0.278921  0.669461  
-0.279852  0.678636  
-0.260193  0.661218  
-0.251028  0.648034  
-0.250394  0.621704  
-0.283168  0.633612  
-0.268296  0.622837  
-0.271438  0.627827  
-0.290837  0.614491  
-0.256547  0.611831  
-0.266217  0.617562  
-0.264329  0.642917  
-0.257838  0.646503  
-0.229519  0.627653  
-0.215359  0.629566  
-0.189485  0.647252  
-0.198539  0.659884  
-0.219199  0.687467  
-0.228037  0.699695  
-0.222263  0.683676  
-0.263438  0.716815  
-0.262275  0.714452  
-0.312141  0.747203  
-0.321399  0.752507  
-0.352034  0.776885  
-0.367114  0.781732  
-0.343571  0.760628  
-0.330196  0.732943  
-0.328175  0.730455  
-0.343195  0.76477  
-0.358685  0.774897  
-0.330276  0.787872  
-0.336467  0.783747  
-0.331954  0.803353  
-0.330194  0.800412  
-0.319661  0.79656  
-0.302744  0.798548  
-0.294586  0.79005  
-0.276023  0.780109  
-0.267884  0.771465  
-0.229802  0.759139  
-0.22771  0.762966  
-0.208223  0.733737  
-0.179885  0.722232  
-0.185169  0.733872  
-0.146608  0.727252  
-0.110108  0.710038  
-0.0990518  0.708529  
-0.113568  0.731638  
-0.128386  0.757378  
-0.112332  0.73372  
-0.121677  0.734603  
-0.129805  0.745711  
-0.153054  0.760362  
-0.128882  0.74991  
-0.14955  0.749636  
-0.180234  0.766428  
-0.172118  0.75655  
-0.149344  0.721016  
-0.153374  0.72983  
-0.1487  0.731037  
-0.116935  0.685751  
-0.131899  0.695284  
-0.151296  0.699043  
-0.153816  0.689107  
-0.138037  0.680894  
-0.159712  0.69726  
-0.178041  0.679654  
-0.161883  0.671472  
-0.182735  0.68464  
-0.205057  0.689102  
-0.188464  0.680711  
-0.184974  0.693839  
-0.173682  0.682906  
-0.186789  0.69174  
-0.156629  0.660571  
-0.147434  0.650147  
-0.136717  0.627309  
-0.145019  0.640491  
-0.119505  0.616316  
-0.105265  0.608853  
-0.118469  0.617997  
-0.150006  0.6503  
-0.15984  0.676897  
-0.162497  0.680436  
-0.192275  0.725713  
-0.174954  0.716165  
-0.202426  0.738768  
-0.211241  0.746657  
-0.214217  0.753311  
-0.232521  0.776345  
-0.225203  0.771551  
-0.227305  0.784894  
-0.216996  0.772709  
-0.18203  0.73634  
-0.18357  0.738733  
-0.201051  0.741409  
-0.160193  0.727656  
-0.168916  0.73265  
-0.157436  0.716285  
-0.135506  0.69586  
-0.148205  0.707326  
-0.16251  0.728569  
-0.15651  0.711223  
-0.18184  0.742396  
-0.180761  0.751532  
-0.129186  0.708796  
-0.13393  0.704845  
-0.154237  0.72729  
-0.147279  0.735579  
-0.117992  0.724013  
-0.120771  0.710154  
-0.131627  0.70453  
-0.133453  0.712309  
-0.141762  0.711811  
-0.131354  0.698394  
-0.136895  0.691328  
-0.129332  0.692679  
-0.140834  0.694684  
-0.150414  0.683965  
-0.142998  0.675098  
-0.130008  0.676361  
-0.122654  0.679709  
-0.104993  0.66722  
-0.113026  0.662874  
-0.126515  0.671961  
-0.137105  0.667913  
-0.119065  0.65622  
-0.127428  0.639077  
-0.116095  0.624502  
-0.09929  0.617115  
-0.104304  0.609851  
-0.106869  0.618129  
-0.082642  0.604987  
-0.0852593  0.613117  
-0.0560025  0.576248  
-0.0550987  0.571412  
-0.0632762  0.579192  
-0.0780885  0.601175  
-0.0854984  0.612915  
-0.0958013  0.608095  
-0.0830745  0.596114  
-0.0706056  0.581038  
-0.0698819  0.594166  
-0.0990973  0.611598  
-0.0892993  0.624214  
-0.0891761  0.6445  
-0.105812  0.664741  
-0.114601  0.687893  
-0.107854  0.690566  
-0.0965257  0.690707  
-0.113944  0.693562  
-0.108095  0.703373  
-0.125683  0.725923  
-0.133219  0.728104  
-0.108517  0.73207  
-0.108641  0.721401  
-0.113174  0.733924  
-0.0771128  0.711206  
-0.0958988  0.729832  
-0.089675  0.727197  
-0.0790603  0.710063  
-0.0549775  0.702479  
-0.0570306  0.690964  
-0.029563  0.665274  
-0.0294566  0.652475  
-0.0156813  0.663941  
0.00189023  0.649136  
0.00426134  0.635086  
0.00234431  0.635786  
0.0209333  0.650944  
0.0479654  0.662691  
0.0320275  0.680745  
0.0333179  0.669097  
0.0257429  0.669625  
0.0178185  0.69545  
0.0380838  0.65744  
0.0175662  0.669555  
0.0448688  0.65539  
0.0437209  0.659463  
0.042825  0.645339  
0.0338716  0.666892  
0.046505  0.649575  
0.0544905  0.665392  
0.059244  0.672307  
0.0613648  0.672288  
0.0335094  0.671437  
0.0395035  0.675545  
0.0359275  0.673012  
0.0153024  0.700231  
0.0319964  0.676974  
0.0303456  0.671866  
0.0474095  0.648161  
0.0249268  0.658757  
0.03682  0.637175  
0.0480095  0.627328  
0.0797375  0.621953  
0.0774926  0.625703  
0.0935435  0.593997  
0.102966  0.594855  
0.0988985  0.578328  
0.0998385  0.5767  
0.0947422  0.581656  
0.11362  0.5532  
0.095913  0.582848  
0.0867582  0.589374  
0.0984158  0.56641  
0.0910695  0.585557  
0.0934509  0.602769  
0.087478  0.620117  
0.106358  0.623239  
0.117852  0.599492  
0.100734  0.603452  
0.0957105  0.599563  
0.0836871  0.609489  
0.0914241  0.607764  
0.0788015  0.60888  
0.064386  0.625519  
0.0543719  0.648481  
0.0393034  0.653864  
0.0351192  0.661267  
0.0134901  0.698445  
-0.00144039  0.736875  
0.0116367  0.711767  
-0.0220023  0.73433  
-0.0252718  0.728588  
-0.0319197  0.736324  
-0.0646564  0.746489  
-0.0526955  0.74474  
-0.0360285  0.733228  
-0.0334568  0.732727  
-0.0367138  0.756956  
-0.0497105  0.790428  
-0.046512  0.784425  
-0.00157027  0.832814  
-0.00691538  0.849325  
-0.00408857  0.860366  
0.0142798  0.839944  
0.0471738  0.844502  
0.039759  0.85006  
0.056579  0.830199  
0.0495383  0.823728  
0.0440945  0.839961  
0.0540741  0.817971  
0.0549909  0.827607  
0.0595128  0.783141  
0.0522986  0.795879  
0.0558737  0.781498  
0.0535181  0.786641  
0.0454951  0.774317  
0.0415942  0.793039  
0.0307857  0.750361  
0.0185344  0.755309  
0.00745256  0.762572  
0.00723116  0.724169  
-0.00641022  0.7445  
-0.00934006  0.72259  
0.00288053  0.708843  
0.0310473  0.661214  
0.0223523  0.671248  
0.0538791  0.678642  
0.0600484  0.669289  
0.0695276  0.666861  
0.0675838  0.657508  
0.0662214  0.65364  
0.0664514  0.635273  
0.0581795  0.651085  
0.0649636  0.598577  
0.0456141  0.614795  
0.0536755  0.611909  
0.0139598  0.603229  
0.0118678  0.619122  
0.0263065  0.633026  
0.0346485  0.633378  
0.0270815  0.654328  
0.00788123  0.673817  
0.00766689  0.661984  
-0.023363  0.713162  
-0.024778  0.727383  
-0.0559354  0.760971  
-0.0509364  0.742099  
-0.0374344  0.737115  
-0.086162  0.784367  
-0.084952  0.771099  
-0.106395  0.806754  
-0.099859  0.820145  
-0.105105  0.825434  
-0.105721  0.84069  
-0.0954657  0.805681  
-0.0937884  0.786568  
-0.098693  0.7917  
-0.113847  0.827078  
-0.111828  0.81271  
-0.0999828  0.818289  
-0.0933119  0.811497  
-0.112512  0.857707  
-0.119072  0.859957  
-0.118593  0.871828  
-0.111124  0.901976  
-0.115575  0.905444  
-0.128196  0.915242  
-0.137072  0.93336  
-0.123195  0.91327  
-0.145829  0.930814  
-0.148912  0.944585  
-0.168666  0.949071  
-0.181602  0.990112  
-0.175627  0.976198  
-0.183629  0.985833  
-0.198959  0.989008  
-0.192692  0.985082  
-0.188855  0.960965  
-0.180543  0.972125  
-0.180978  0.935428  
-0.189882  0.930408  
-0.202855  0.948248  
-0.212382  0.945532  
-0.21438  0.930806  
-0.2259  0.957522  
-0.234855  0.957025  
-0.244723  0.94904  
-0.246515  0.913821  
-0.253296  0.910187  
-0.265082  0.90195  
-0.269384  0.892476  
-0.277144  0.859327  
-0.267522  0.855181  
-0.259686  0.839965  
-0.245627  0.814819  
-0.240891  0.824137  
-0.246406  0.845826  
-0.241524  0.854622  
-0.230249  0.894698  
-0.228381  0.909  
-0.220415  0.911019  
-0.220398  0.914961  
-0.214274  0.892891  
-0.215694  0.891166  
-0.211472  0.888905  
-0.213646  0.864198  
-0.185992  0.841338  
-0.185369  0.838375  
-0.198456  0.82406  
-0.197159  0.821314  
-0.167967  0.812169  
-0.153387  0.790959  
-0.152589  0.787223  
-0.144594  0.757699  
-0.138384  0.765102  
-0.116043  0.735519  
-0.11434  0.725902  
-0.129701  0.725273  
-0.120549  0.748833  
-0.114156  0.755916  
-0.116725  0.768081  
-0.107428  0.788751  
-0.106184  0.78263  
-0.0928516  0.740042  
-0.0750902  0.718113  
-0.0838174  0.711524  
-0.0961994  0.72029  
-0.10009  0.743402  
-0.100845  0.71216  
-0.101095  0.714398  
-0.108873  0.682878  
-0.106994  0.676973  
-0.133849  0.750721  
-0.138842  0.744012  
-0.132998  0.757872  
-0.150993  0.754182  
-0.144761  0.726177  
-0.127952  0.693665  
-0.106856  0.674722  
-0.103869  0.664528  
-0.107152  0.65666  
-0.109231  0.67566  
-0.0777913  0.611164  
-0.0841793  0.616466  
-0.0444254  0.647879  
-0.0346347  0.630581  
-0.0268758  0.632226  
-0.0433058  0.667458  
-0.0503007  0.674698  
-0.0607715  0.721592  
-0.0441891  0.699826  
-0.0442358  0.708007  
-0.0289709  0.723164  
-0.0258538  0.709135  
-0.0100949  0.662803  
-0.00270837  0.667153  
0.0292239  0.655668  
0.0547615  0.619139  
0.069625  0.617026  
0.084472  0.561573  
0.0969382  0.581073  
0.093129  0.57586  
0.0948145  0.559995  
0.0942839  0.578653  
0.104976  0.574239  
0.0988384  0.572474  
0.11759  0.568608  
0.119537  0.551889  
0.161704  0.495019  
0.168253  0.520605  
0.163413  0.495692  
0.182046  0.471968  
0.176103  0.474245  
0.195071  0.441096  
0.180333  0.487297  
0.187943  0.484182  
0.171197  0.488191  
0.17785  0.50652  
0.169346  0.544009  
0.161616  0.516327  
0.169845  0.511881  
0.188142  0.484376  
0.189623  0.463717  
0.206937  0.462353  
0.210745  0.373531  
0.221634  0.378267  
0.245515  0.320474  
0.253069  0.308524  
0.269316  0.276758  
0.287274  0.272877  
0.276743  0.272784  
0.298554  0.284426  
0.288139  0.287362  
0.30801  0.253  
0.333358  0.235128  
0.339768  0.26561  
0.345449  0.25388  
0.358248  0.25298  
0.364909  0.188082  
0.363503  0.158346  
0.377581  0.153965  
0.364014  0.113921  
0.37224  0.121655  
0.355352  0.124522  
0.363573  0.131981  
0.350708  0.117762  
0.365072  0.129635  
0.371472  0.121531  
0.361654  0.139035  
0.375265  0.134066  
0.4033  0.120519  
0.403879  0.123022  
0.426679  0.119413  
0.428224  0.0769268  
0.43052  0.100048  
0.401678  0.0707221  
0.402356  0.071974  
0.398634  0.0391645  
0.390041  0.0217623  
0.372029  -0.0095936  
0.370333  -0.0447436  
0.371264  -0.0443375  
0.366283  -0.07504  
0.372017  -0.0855235  
0.381067  -0.0672848  
0.387016  -0.0667988  
0.387974  -0.0972207  
0.40433  -0.0950735  
0.398962  -0.125657  
0.39762  -0.156651  
0.397768  -0.158408  
0.378845  -0.23032  
0.373569  -0.268278  
0.365173  -0.276763  
0.34596  -0.318749  
0.346031  -0.321267  
0.346303  -0.328695  
0.345005  -0.349085  
0.336418  -0.344553  
0.31857  -0.364894  
0.322825  -0.348472  
0.342969  -0.321858  
0.341901  -0.32611  
0.327549  -0.335808  
0.327275  -0.321717  
0.321856  -0.319297  
0.322389  -0.314455  
0.316804  -0.312821  
0.290398  -0.348485  
0.27669  -0.358075  
0.279399  -0.357502  
0.224705  -0.432982  
0.222493  -0.438871  
0.205311  -0.433462  
0.187766  -0.457747  
0.173444  -0.45937  
0.179286  -0.465472  
0.168731  -0.475169  
0.157501  -0.484312  
0.175911  -0.465852  
0.173719  -0.476021  
0.193776  -0.42113  
0.185595  -0.421636  
0.167001  -0.425444  
0.174005  -0.420779  
0.18391  -0.433633  
0.18348  -0.447054  
0.171445  -0.428633  
0.167415  -0.441384  
0.142913  -0.491641  
0.114975  -0.515834  
0.110308  -0.528861  
0.099282  -0.522896  
0.0856284  -0.530307  
0.073386  -0.549863  
0.0678607  -0.564011  
0.0399169  -0.549236  
0.0563669  -0.568022  
0.0567585  -0.564648  
0.0840689  -0.522195  
0.0887237  -0.511707  
0.0902081  -0.495329  
0.131433  -0.470512  
0.123229  -0.486991  
0.15869  -0.451493  
0.164347  -0.43681  
0.161674  -0.436559  
0.154392  -0.484723  
0.163314  -0.446333  
0.143168  -0.459401  
0.119851  -0.484777  
0.133508  -0.464959  
0.111918  -0.497254  
0.118738  -0.49487  
0.10063  -0.487698  
0.0840011  -0.517343  
0.0863038  -0.523074  
0.0859024  -0.515765  
0.0800642  -0.51794  
0.0371018  -0.555654  
0.0428902  -0.554198  
0.021326  -0.573374  
0.0197171  -0.580362  
0.0341986  -0.564943  
0.0195326  -0.597905  
0.0116446  -0.601062  
0.0196997  -0.605722  
0.011378  -0.609365  
0.0174234  -0.614497  
0.013891  -0.607184  
0.0435651  -0.60304  
0.018528  -0.610694  
0.0480861  -0.587078  
0.0423939  -0.596367  
0.0196525  -0.608968  
0.0441202  -0.587672  
0.0339596  -0.58475  
0.0356817  -0.578865  
0.050213  -0.563871  
0.0638098  -0.532088  
0.0867463  -0.523274  
0.0683351  -0.547216  
0.0783857  -0.561589  
0.0536995  -0.588868  
0.0697198  -0.567847  
0.052474  -0.598147  
0.0425773  -0.60066  
0.0594004  -0.609745  
0.0239078  -0.611705  
0.00620302  -0.644002  
0.00374165  -0.651539  
0.0172989  -0.633945  
0.0246928  -0.617916  
0.0364502  -0.602213  
0.0114331  -0.623627  
-0.00432087  -0.624045  
-0.0217389  -0.627947  
-0.0241069  -0.612538  
-0.0326575  -0.642572  
-0.0253527  -0.6375  
-0.0408048  -0.642805  
-0.0763943  -0.673624  
-0.0800866  -0.671315  
-0.084004  -0.682658  
-0.0931235  -0.709739  
-0.0777305  -0.703584  
-0.0662781  -0.714262  
-0.0862851  -0.736014  
-0.100571  -0.737602  
-0.0908048  -0.728433  
-0.111181  -0.734134  
-0.121784  -0.732602  
-0.119499  -0.736529  
-0.112506  -0.723879  
-0.103617  -0.715233  
-0.120756  -0.721016  
-0.123311  -0.70277  
-0.121444  -0.703011  
-0.131576  -0.714016  
-0.113214  -0.710675  
-0.141256  -0.738681  
-0.144808  -0.743614  
-0.122519  -0.737223  
-0.16254  -0.76156  
-0.171441  -0.763928  
-0.191725  -0.763246  
-0.194192  -0.764455  
-0.198254  -0.756106  
-0.206481  -0.762511  
-0.199778  -0.75472  
-0.215529  -0.746243  
-0.215561  -0.750274  
-0.215822  -0.732305  
-0.216125  -0.736478  
-0.222017  -0.73445  
-0.185292  -0.732542  
-0.181597  -0.722395  
-0.196163  -0.745426  
-0.192581  -0.735403  
-0.189226  -0.734749  
-0.215837  -0.746719  
-0.216247  -0.750229  
-0.232886  -0.740432  
-0.224109  -0.742514  
-0.249147  -0.744534  
-0.276626  -0.736088  
-0.278136  -0.74011  
-0.287951  -0.736095  
-0.293937  -0.728021  
-0.325552  -0.741967  
-0.342626  -0.729151  
-0.344177  -0.73326  
-0.353844  -0.745355  
-0.367424  -0.745409  
-0.384165  -0.756128  
-0.381513  -0.747151  
-0.414718  -0.760043  
-0.441858  -0.76534  
-0.432059  -0.765183  
-0.453078  -0.772931  
-0.459501  -0.781493  
-0.490929  -0.786964  
-0.498094  -0.794155  
-0.488146  -0.788481  
-0.480356  -0.775994  
-0.483618  -0.78315  
-0.506129  -0.792087  
-0.504317  -0.789358  
-0.514431  -0.79182  
-0.49229  -0.786931  
-0.49027  -0.780781  
-0.51096  -0.792873  
-0.509135  -0.786744  
-0.514732  -0.777525  
-0.547175  -0.783992  
-0.550391  -0.785458  
-0.548513  -0.782156  
-0.562749  -0.787641  
-0.584147  -0.791904  
-0.560327  -0.772228  
-0.590326  -0.785927  
-0.575103  -0.763189  
-0.569416  -0.766751  
-0.564553  -0.753219  
-0.578288  -0.750071  
-0.581606  -0.751612  
-0.584321  -0.742231  
-0.583762  -0.736709  
-0.576997  -0.731797  
-0.590989  -0.743188  
-0.580006  -0.713535  
-0.59534  -0.715923  
-0.62239  -0.731158  
-0.668456  -0.737722  
-0.645142  -0.720482  
-0.686998  -0.741509  
-0.690493  -0.745353  
-0.729495  -0.757187  
-0.750308  -0.749104  
-0.753674  -0.750684  
-0.785693  -0.759283  
-0.795574  -0.76477  
-0.824694  -0.760823  
-0.838052  -0.755094  
-0.8377  -0.760401  
-0.890192  -0.778709  
-0.890948  -0.785056  
-0.90166  -0.784976  
-0.911004  -0.795487  
-0.92276  -0.785631  
-0.95169  -0.800204  
-0.954493  -0.804068  
-0.983779  -0.811456  
-0.987093  -0.813161  
-0.992255  -0.805814  
-0.986853  -0.815196  
-0.990002  -0.819119  
-0.992005  -0.810766  
-0.995288  -0.814759  
-0.947363  -0.813535  
-0.948439  -0.808143  
-0.969401  -0.806724  
-0.941829  -0.808414  
-0.924704  -0.801076  
-0.919851  -0.813382  
-0.900339  -0.796627  
-0.899548  -0.780903  
-0.915027  -0.784347  
-0.915823  -0.784242  
-0.949398  -0.758175  
-0.952562  -0.745575  
-0.950469  -0.742864  
-0.970367  -0.717218  
-0.983904  -0.722381  
-0.958563  -0.699748  
-0.960352  -0.695371  
-0.937316  -0.68179  
-0.917881  -0.666522  
-0.889092  -0.653175  
-0.905671  -0.655908  
-0.888768  -0.643125  
-0.856155  -0.646687  
-0.858968  -0.642521  
-0.863728  -0.646039  
-0.847638  -0.639778  
-0.873911  -0.636805  
-0.857073  -0.624452  
-0.888426  -0.628965  
-0.898079  -0.617557  
-0.906841  -0.625926  
-0.934606  -0.624442  
-0.928507  -0.630059  
-0.942142  -0.619249  
-0.959908  -0.624302  
-0.973492  -0.629552  
-0.971705  -0.630894  
-0.981504  -0.633284  
-0.990985  -0.641854  
-1.00256  -0.648663  
-0.985864  -0.64246  
-1.00631  -0.646083  
-0.999391  -0.652945  
-0.99255  -0.634969  
-0.980306  -0.632086  
-0.982997  -0.627812  
-0.986721  -0.614916  
-0.989403  -0.610823  
-1.02552  -0.589912  
-1.018  -0.573684  
-1.01821  -0.578577  
-1.02981  -0.574777  
-1.00635  -0.56021  
-1.03581  -0.557423  
-1.0235  -0.548611  
-1.03867  -0.542116  
-0.999161  -0.545643  
-1.01264  -0.539861  
-0.98766  -0.54805  
-0.962458  -0.561668  
-0.963148  -0.559951  
-0.991341  -0.56351  
-0.977792  -0.565898  
-0.969366  -0.576374  
-0.970467  -0.581629  
-0.970238  -0.577651  
-0.972466  -0.578415  
-0.983301  -0.571355  
-1.01226  -0.589098  
-1.01619  -0.591391  
-1.06461  -0.606249  
-1.08824  -0.627654  
-1.09319  -0.63245  
-1.14534  -0.636043  
-1.16485  -0.643928  
-1.16735  -0.639912  
-1.1986  -0.641693  
-1.2028  -0.646677  
-1.21677  -0.650303  
-1.21909  -0.646413  
-1.22992  -0.652664  
-1.24364  -0.659462  
-1.2475  -0.654988  
-1.25147  -0.649656  
-1.25377  -0.658586  
-1.23872  -0.662617  
-1.24246  -0.65333  
-1.23797  -0.662081  
-1.22862  -0.653527  
-1.23096  -0.662521  
-1.20691  -0.642693  
-1.21093  -0.645176  
-1.21969  -0.638159  
-1.21426  -0.63625  
-1.21951  -0.641905  
-1.20972  -0.624576  
-1.215  -0.630331  
-1.20244  -0.623529  
-1.2138  -0.620281  
-1.18046  -0.627109  
-1.18604  -0.632729  
-1.15797  -0.63069  
-1.13708  -0.62883  
-1.13148  -0.636384  
-1.1404  -0.647556  
-1.12254  -0.651383  
-1.12669  -0.653944  
-1.11162  -0.677101  
-1.09119  -0.666864  
-1.08467  -0.670493  
-1.08195  -0.676746  
-1.08488  -0.675625  
-1.09915  -0.688909  
-1.10886  -0.694691  
-1.09487  -0.70073  
-1.09412  -0.715642  
-1.10228  -0.723871  
-1.1166  -0.725875  
-1.12453  -0.725789  
-1.16021  -0.733994  
-1.17987  -0.737404  
-1.19371  -0.742942  
-1.2015  -0.74807  
-1.19685  -0.757113  
-1.20309  -0.749497  
-1.21202  -0.757211  
-1.21797  -0.76184  
-1.22134  -0.763681  
-1.22561  -0.759551  
-1.25108  -0.779827  
-1.23786  -0.785027  
-1.25224  -0.796954  
-1.2381  -0.813006  
-1.22715  -0.791589  
-1.24012  -0.815194  
-1.24434  -0.817909  
-1.2419  -0.815467  
-1.21919  -0.800463  
-1.23703  -0.822431  
-1.21583  -0.81105  
-1.22407  -0.807004  
-1.21248  -0.811748  
-1.22073  -0.807718  
-1.2425  -0.815412  
-1.24936  -0.819593  
-1.22904  -0.807378  
-1.24244  -0.818066  
-1.24351  -0.816945  
-1.26336  -0.82335  
-1.25003  -0.832935  
-1.24546  -0.851258  
-1.24811  -0.846805  
-1.24731  -0.867524  
-1.22208  -0.863103  
-1.22777  -0.870524  
-1.24112  -0.878661  
-1.23816  -0.892123  
-1.24254  -0.898608  
-1.23294  -0.893011  
-1.24562  -0.904553  
-1.23936  -0.901879  
-1.25369  -0.913883  
-1.25893  -0.913588  
-1.25726  -0.908234  
-1.2626  -0.911054  
-1.2695  -0.915245  
-1.26562  -0.916075  
-1.26094  -0.922216  
-1.25928  -0.92692  
-1.27666  -0.937951  
-1.27198  -0.93283  
-1.30824  -0.937726  
-1.29803  -0.928896  
-1.29345  -0.934858  
-1.31027  -0.941232  
-1.31689  -0.939546  
-1.31826  -0.933484  
-1.30863  -0.930611  
-1.3236  -0.931716  
-1.31801  -0.940748  
-1.29355  -0.928423  
-1.29643  -0.94077  
-1.30337  -0.945167  
-1.26767  -0.946391  
-1.27328  -0.942134  
-1.26122  -0.969845  
-1.26855  -0.97394  
-1.27076  -0.986193  
-1.2781  -0.990215  
-1.27219  -0.983072  
-1.28322  -0.988976  
-1.27258  -0.991588  
-1.27616  -0.996398  
-1.29598  -0.999242  
-1.28539  -1.00212  
-1.29474  -1.00415  
-1.31115  -1.00259  
-1.29801  -1.00225  
-1.30138  -1.00208  
-1.30794  -1.00348  
-1.31941  -1.00439  
-1.32566  -1.01202  
-1.36098  -1.01522  
-1.37078  -1.02243  
-1.36293  -1.01296  
-1.38101  -1.02471  
-1.38752  -1.02983  
-1.39263  -1.03418  
-1.40372  -1.03419  
-1.41366  -1.05527  
-1.38654  -1.04762  
-1.39332  -1.05192  
-1.38605  -1.06877  
-1.39137  -1.06437  
-1.38061  -1.07798  
-1.38763  -1.0821  
-1.3779  -1.08848  
-1.38497  -1.09253  
-1.38675  -1.09712  
-1.39377  -1.10115  
-1.38544  -1.10801  
-1.36713  -1.10121  
-1.36299  -1.10701  
-1.3332  -1.11147  
-1.3408  -1.11537  
-1.32241  -1.12429  
-1.33008  -1.12804  
-1.30603  -1.1189  
-1.30807  -1.14023  
-1.3028  -1.13712  
-1.2974  -1.13835  
-1.29219  -1.13528  
-1.29547  -1.13787  
-1.30325  -1.1533  
-1.30954  -1.14827  
-1.33102  -1.16224  
-1.32716  -1.16767  
-1.32567  -1.16274  
-1.3351  -1.17236  
-1.33043  -1.17534  
-1.35206  -1.19091  
-1.34639  -1.18619  
-1.36799  -1.20039  
-1.38224  -1.20446  
-1.39115  -1.20637  
-1.38162  -1.2087  
-1.3716  -1.21702  
-1.39206  -1.23153  
-1.39605  -1.23514  
-1.40757  -1.23329  
-1.41635  -1.24966  
-1.41064  -1.24621  
-1.39697  -1.24479  
-1.39307  -1.24995  
-1.40471  -1.25925  
-1.41325  -1.26648  
-1.40933  -1.27155  
-1.40343  -1.28937  
-1.41114  -1.29246  
-1.4255  -1.29697  
-1.42004  -1.29334  
-1.42363  -1.30329  
-1.42675  -1.31885  
-1.43824  -1.317  
-1.4328  -1.3255  
-1.42414  -1.32149  
-1.42344  -1.33455  
-1.4227  -1.33442  
-1.41567  -1.33906  
-1.40317  -1.35219  
-1.3997  -1.3505  
-1.41838  -1.36346  
-1.41501  -1.36804  
-1.41602  -1.37064  
-1.41107  -1.36666  
-1.41573  -1.3813  
-1.42204  -1.37556  
-1.42265  -1.38737  
-1.43047  -1.39008  
-1.43683  -1.39786  
-1.42517  -1.38165  
-1.43317  -1.38449  
-1.45351  -1.39388  
-1.44838  -1.38994  
-1.47084  -1.39226  
-1.46725  -1.39702  
-1.46676  -1.38672  
-1.47287  -1.38117  
-1.50261  -1.36926  
-1.48786  -1.3575  
-1.49544  -1.36099  
-1.51958  -1.36651  
-1.51645  -1.35947  
-1.53012  -1.36893  
-1.52497  -1.38126  
-1.53133  -1.37421  
-1.53861  -1.38858  
-1.53955  -1.38967  
-1.5382  -1.40081  
-1.52954  -1.39675  
-1.56884  -1.42405  
-1.55306  -1.4373  
-1.56094  -1.43375  
-1.55952  -1.44486  
-1.55952  -1.44486  
-1.56595  -1.45239  
-1.56035  -1.4488  
-1.5763  -1.45475  
-1.5838  -1.46063  
-1.59114  -1.46388  
-1.56369  -1.45635  
-1.5582  -1.45289  
-1.56722  -1.46981  
-1.56906  -1.46534  
-1.57661  -1.46866  
-1.55557  -1.4713  
-1.56338  -1.46775  
-1.5626  -1.47976  
-1.55898  -1.48488  
-1.56047  -1.468  
-1.55509  -1.46467  
-1.56059  -1.46382  
-1.5811  -1.46102  
-1.5885  -1.46464  
-1.58618  -1.45319  
-1.59168  -1.4485  
-1.61163  -1.46179  
-1.61876  -1.46556  
-1.63963  -1.47993  
-1.63368  -1.47693  
-1.63091  -1.46552  
-1.63793  -1.46942  
-1.66453  -1.4714  
-1.70014  -1.47521  
-1.6955  -1.48121  
-1.71484  -1.4779  
-1.70828  -1.4753  
-1.70749  -1.48109  
-1.70829  -1.47914  
-1.71528  -1.47873  
-1.71615  -1.48064  
-1.72823  -1.48118  
-1.72455  -1.491  
-1.71352  -1.50183  
-1.71578  -1.49996  
-1.73015  -1.5081  
-1.73301  -1.50581  
-1.7447  -1.50619  
-1.75091  -1.50523  
-1.75697  -1.51022  
-1.75665  -1.51292  
-1.75147  -1.5199  
-1.73382  -1.50882  
-1.72512  -1.50463  
-1.72542  -1.51218  
-1.71679  -1.51537  
-1.72171  -1.5111  
-1.73556  -1.52174  
-1.72871  -1.52631  
-1.72721  -1.52515  
-1.71235  -1.50985  
-1.71909  -1.5145  
-1.71115  -1.52079  
-1.72054  -1.52592  
-1.7297  -1.53377  
-1.73033  -1.53467  
-1.71182  -1.52986  
-1.70475  -1.53053  
-1.70282  -1.52177  
-1.72112  -1.53456  
-1.71735  -1.53293  
-1.70454  -1.52592  
-1.70463  -1.51931  
-1.70292  -1.52564  
-1.68255  -1.52076  
-1.67747  -1.51844  
-1.66656  -1.53159  
-1.65105  -1.53417  
-1.65826  -1.53177  
-1.64113  -1.52708  
-1.62813  -1.53105  
-1.62097  -1.52262  
-1.61803  -1.5316  
-1.61301  -1.53092  
-1.61395  -1.52033  
-1.62111  -1.51641  
-1.61056  -1.49245  
-1.6041  -1.49078  
-1.6148  -1.48369  
-1.61763  -1.46539  
-1.5889  -1.45445  
-1.58264  -1.43892  
-1.58712  -1.43582  
-1.59161  -1.43169  
-1.5857  -1.427  
-1.5861  -1.42776  
-1.56334  -1.41886  
-1.5578  -1.42711  
-1.56233  -1.42346  
-1.55531  -1.42118  
-1.54514  -1.42148  
-1.5609  -1.43443  
-1.56978  -1.42936  
-1.56864  -1.4297  
-1.55819  -1.42847  
-1.56607  -1.4294  
-1.57053  -1.43934  
-1.58683  -1.44578  
-1.5902  -1.44296  
-1.56166  -1.43383  
-1.56879  -1.43022  
-1.56294  -1.41746  
-1.56318  -1.41813  
-1.53957  -1.41313  
-1.56892  -1.41887  
-1.54198  -1.41512  
-1.50869  -1.39335  
-1.51212  -1.39095  
-1.49778  -1.37869  
-1.49002  -1.37841  
-1.45487  -1.3629  
-1.45839  -1.36072  
-1.44389  -1.36253  
-1.4232  -1.34511  
-1.40299  -1.3444  
-1.37567  -1.33052  
-1.37923  -1.3286  
-1.369  -1.33132  
-1.37785  -1.32279  
-1.38152  -1.32261  
-1.3642  -1.32733  
-1.36424  -1.32788  
-1.34241  -1.30901  
-1.34243  -1.30955  
-1.3173  -1.29743  
-1.31313  -1.29242  
-1.32288  -1.28541  
-1.30064  -1.27362  
-1.30284  -1.27579  
-1.26141  -1.23729  
-1.24974  -1.22414  
-1.24966  -1.22461  
-1.23082  -1.20895  
-1.21939  -1.21133  
-1.24354  -1.20037  
-1.24571  -1.19961  
-1.2283  -1.1869  
-1.21236  -1.1969  
-1.22666  -1.2068  
-1.21534  -1.21099  
-1.21397  -1.20189  
-1.20221  -1.2024  
-1.20386  -1.19965  
-1.20259  -1.20225  
-1.17306  -1.19654  
-1.17281  -1.19692  
-1.14839  -1.18566  
-1.14649  -1.17679  
-1.09764  -1.15113  
-1.09342  -1.15491  
-1.0836  -1.15626  
-1.03677  -1.13912  
-1.0592  -1.1393  
-1.01176  -1.12185  
-1.01661  -1.12615  
-1.01621  -1.12645  
-1.00494  -1.11727  
-1.00626  -1.11708  
-0.99212  -1.12086  
-0.987628  -1.12318  
-0.980584  -1.12002  
-0.970002  -1.11131  
-0.980425  -1.10738  
-0.952967  -1.09464  
-0.957829  -1.09299  
-0.949398  -1.06857  
-0.967451  -1.07651  
-0.949178  -1.06926  
-0.971525  -1.07274  
-0.975615  -1.06525  
-0.996409  -1.07221  
-1.02149  -1.07764  
-1.0299  -1.071  
-1.0586  -1.08612  
-1.0742  -1.08762  
-1.06924  -1.09683  
-1.07862  -1.0989  
-1.0653  -1.09432  
-1.03973  -1.08332  
-1.06131  -1.08435  
-1.03072  -1.07256  
-0.993413  -1.06741  
-0.992874  -1.06614  
-0.96273  -1.06156  
-0.933816  -1.0544  
-0.951683  -1.06623  
-0.92869  -1.06492  
-0.929199  -1.06018  
-0.901724  -1.06871  
-0.88958  -1.07079  
-0.893972  -1.08363  
-0.881793  -1.08552  
-0.850628  -1.073  
-0.820981  -1.07203  
-0.826824  -1.06889  
-0.815127  -1.06748  
-0.82023  -1.07095  
-0.811658  -1.08355  
-0.797535  -1.07995  
-0.817965  -1.09651  
-0.819771  -1.10373  
-0.822376  -1.1032  
-0.838612  -1.10467  
-0.848758  -1.1234  
-0.886126  -1.13646  
-0.887135  -1.14251  
-0.878449  -1.13766  
-0.883699  -1.13955  
-0.860448  -1.13389  
-0.867997  -1.13509  
-0.857891  -1.13626  
-0.855128  -1.13344  
-0.843869  -1.14584  
-0.81969  -1.14592  
-0.787587  -1.13839  
-0.795681  -1.15599  
-0.777663  -1.15707  
-0.751639  -1.14278  
-0.730059  -1.16915  
-0.729369  -1.16835  
-0.689183  -1.16313  
-0.688693  -1.16233  
-0.654787  -1.15381  
-0.680689  -1.16221  
-0.65227  -1.14986  
-0.62714  -1.14141  
-0.64175  -1.15126  
-0.622862  -1.16165  
-0.622416  -1.16074  
-0.588928  -1.16348  
-0.6199  -1.16954  
-0.612356  -1.18196  
-0.629509  -1.20375  
-0.61801  -1.19934  
-0.626085  -1.21813  
-0.652929  -1.23573  
-0.643739  -1.2352  
-0.661306  -1.24311  
-0.668368  -1.24741  
-0.659722  -1.23512  
-0.674417  -1.23291  
-0.673479  -1.23134  
-0.670944  -1.22575  
-0.664077  -1.21874  
-0.670038  -1.21513  
-0.665777  -1.21655  
-0.664913  -1.21513  
-0.648032  -1.21807  
-0.647306  -1.21662  
-0.658238  -1.25357  
-0.63919  -1.27367  
-0.664823  -1.28069  
-0.640498  -1.29294  
-0.628895  -1.29206  
-0.660927  -1.35123  
-0.648874  -1.35956  
-0.641029  -1.35256  
-0.646786  -1.36314  
-0.643356  -1.37177  
-0.6169  -1.36416  
-0.613779  -1.36175  
-0.604098  -1.3622  
-0.588258  -1.36401  
-0.577016  -1.36493  
-0.552982  -1.35493  
-0.51807  -1.33583  
-0.53537  -1.34128  
-0.527752  -1.35715  
-0.508945  -1.35086  
-0.503389  -1.35941  
-0.491738  -1.36651  
-0.479047  -1.36888  
-0.491503  -1.3655  
-0.474856  -1.36772  
-0.466255  -1.37257  
-0.485451  -1.37336  
-0.479548  -1.37389  
-0.485977  -1.37875  
-0.492154  -1.37177  
-0.492294  -1.3688  
-0.501649  -1.35986  
-0.493987  -1.35226  
-0.507988  -1.36701  
-0.520293  -1.37905  
-0.53461  -1.38242  
-0.543738  -1.37988  
-0.538402  -1.38645  
-0.592662  -1.40381  
-0.577999  -1.40161  
-0.579921  -1.40932  
-0.610228  -1.44537  
-0.599659  -1.44272  
-0.61341  -1.44582  
-0.61407  -1.44173  
-0.610434  -1.45044  
-0.641613  -1.46263  
-0.631301  -1.4735  
-0.603059  -1.45948  
-0.604176  -1.45528  
-0.592331  -1.44926  
-0.580631  -1.44253  
-0.572814  -1.4351  
-0.525686  -1.40872  
-0.557269  -1.41623  
-0.515145  -1.40544  
-0.468095  -1.38038  
-0.488839  -1.38091  
-0.45713  -1.36887  
-0.445127  -1.3699  
-0.424469  -1.36337  
-0.415251  -1.36122  
-0.405148  -1.36459  
-0.396112  -1.36237  
-0.4054  -1.37202  
-0.396347  -1.36968  
-0.395994  -1.3749  
-0.412749  -1.38184  
-0.426615  -1.3971  
-0.412517  -1.39475  
-0.422719  -1.40138  
-0.422611  -1.40484  
-0.421298  -1.40047  
-0.442797  -1.41805  
-0.421137  -1.40863  
-0.437587  -1.41504  
-0.415953  -1.40875  
-0.443626  -1.41768  
-0.412478  -1.39717  
-0.414503  -1.3931  
-0.420972  -1.39545  
-0.411882  -1.39276  
-0.40574  -1.38802  
-0.393076  -1.38166  
-0.383857  -1.37896  
-0.381441  -1.3753  
-0.367932  -1.37812  
-0.376366  -1.38344  
-0.379485  -1.38838  
-0.362267  -1.37741  
-0.363239  -1.37969  
-0.369286  -1.37665  
-0.371439  -1.38304  
-0.366059  -1.38123  
-0.386066  -1.39186  
-0.392162  -1.39512  
-0.386816  -1.39334  
-0.407372  -1.40012  
-0.398242  -1.39528  
-0.37968  -1.37575  
-0.403471  -1.38511  
-0.416934  -1.38735  
-0.40626  -1.37771  
-0.409569  -1.36908  
-0.399001  -1.36071  
-0.380968  -1.35013  
-0.375622  -1.34837  
-0.363328  -1.34165  
-0.369529  -1.33866  
-0.354451  -1.34962  
-0.345397  -1.34693  
-0.364321  -1.36032  
-0.350118  -1.34858  
-0.346315  -1.35453  
-0.323887  -1.32542  
-0.346213  -1.34077  
-0.32488  -1.33527  
-0.322751  -1.33007  
-0.303535  -1.33226  
-0.283694  -1.32542  
-0.289987  -1.32251  
-0.283215  -1.3159  
-0.274512  -1.31325  
-0.25471  -1.29622  
-0.25659  -1.30399  
-0.267083  -1.30004  
-0.243164  -1.28789  
-0.24609  -1.28424  
-0.260548  -1.28064  
-0.267719  -1.27601  
-0.267812  -1.2758  
-0.253758  -1.27887  
-0.25681  -1.27482  
-0.2819  -1.29155  
-0.27735  -1.29504  
-0.272078  -1.30187  
-0.261597  -1.30291  
-0.256294  -1.30651  
-0.24085  -1.30909  
-0.230662  -1.30213  
-0.23781  -1.31815  
-0.2212  -1.3141  
-0.21888  -1.32161  
-0.231229  -1.33765  
-0.206688  -1.33142  
-0.200616  -1.32669  
-0.207099  -1.32177  
-0.20349  -1.33065  
-0.212849  -1.32028  
-0.204058  -1.32243  
-0.217625  -1.33239  
-0.206477  -1.31419  
-0.207617  -1.30617  
-0.198911  -1.28601  
-0.187474  -1.27413  
-0.220549  -1.28082  
-0.207609  -1.26866  
-0.205139  -1.25842  
-0.196621  -1.25566  
-0.199877  -1.25752  
-0.198954  -1.25107  
-0.202372  -1.24398  
-0.185685  -1.23716  
-0.177289  -1.23453  
-0.172978  -1.23215  
-0.164839  -1.22957  
-0.163772  -1.23366  
-0.155465  -1.23093  
-0.16728  -1.22357  
-0.1642  -1.22947  
-0.159349  -1.21124  
-0.150918  -1.20866  
-0.173954  -1.20525  
-0.171073  -1.19703  
-0.162442  -1.19456  
-0.197444  -1.20356  
-0.188707  -1.20106  
-0.199367  -1.20633  
-0.199979  -1.20162  
-0.196636  -1.19806  
-0.19417  -1.20187  
-0.185352  -1.21067  
-0.184865  -1.20251  
-0.162313  -1.18986  
-0.153744  -1.18727  
-0.163483  -1.16517  
-0.154911  -1.16286  
-0.143706  -1.13438  
-0.129771  -1.12352  
-0.113844  -1.11319  
-0.0616063  -1.05433  
-0.0804114  -1.06257  
-0.0422601  -1.03087  
-0.033928  -1.02956  
0.0197769  -0.997808  
0.0278375  -0.996645  
0.0259608  -0.980892  
0.0642482  -0.957937  
0.0468346  -0.964761  
0.0816796  -0.94895  
0.0867791  -0.947194  
0.0896094  -0.934294  
0.0921104  -0.935301  
0.0726119  -0.944789  
0.0713573  -0.933124  
0.0674212  -0.938605  
0.066988  -0.931378  
0.0555333  -0.909702  
0.0519141  -0.908417  
0.0601262  -0.887206  
0.0290429  -0.893727  
0.00138907  -0.898777  
-0.0130415  -0.908782  
-0.00388772  -0.892574  
-0.0330048  -0.900963  
-0.0235411  -0.900322  
-0.0357657  -0.896507  
-0.0377596  -0.898176  
-0.026724  -0.900288  
-0.0247995  -0.904885  
-0.0376134  -0.905092  
0.0498215  -0.841959  
0.067788  -0.823862  
0.055187  -0.833398  
0.0788833  -0.831045  
0.0930123  -0.821919  
0.112569  -0.813719  
0.0934251  -0.823505  
0.137139  -0.815846  
0.157595  -0.80678  
0.170726  -0.798361  
0.155897  -0.834407  
0.138527  -0.83427  
0.17777  -0.820905  
0.163169  -0.824026  
0.177196  -0.816514  
0.200953  -0.805378  
0.18662  -0.815755  
0.216603  -0.793562  
0.226743  -0.787844  
0.206045  -0.803277  
0.246652  -0.788033  
0.26231  -0.7802  
0.249915  -0.793689  
0.247071  -0.791822  
0.251896  -0.797502  
0.2156  -0.820061  
0.188747  -0.840221  
0.169441  -0.849174  
0.161611  -0.849862  
0.17354  -0.84839  
0.150637  -0.841999  
0.150328  -0.845887  
0.140029  -0.837707  
0.11582  -0.851196  
0.128629  -0.850448  
0.114466  -0.841886  
0.119568  -0.836626  
0.123257  -0.840328  
0.10789  -0.840927  
0.116143  -0.83957  
0.122256  -0.845587  
0.102656  -0.854296  
0.108419  -0.860621  
0.112325  -0.85145  
0.0890435  -0.860137  
0.112072  -0.859197  
0.103372  -0.857435  
0.0942407  -0.854041  
0.104867  -0.850017  
0.0759998  -0.862433  
0.0328851  -0.883242  
0.0480342  -0.876519  
0.0514089  -0.877713  
0.0808425  -0.879766  
0.0510154  -0.885889  
0.0793451  -0.876835  
0.0893551  -0.88147  
0.107871  -0.874879  
0.118837  -0.874181  
0.125967  -0.872313  
0.163598  -0.854969  
0.143031  -0.86317  
0.144505  -0.868323  
0.138276  -0.866002  
0.1312  -0.864833  
0.138147  -0.862988  
0.116049  -0.865712  
0.12053  -0.882293  
0.100297  -0.889849  
0.0724572  -0.910368  
0.07658  -0.919229  
0.070252  -0.909225  
0.0785312  -0.909383  
0.067113  -0.918478  
0.0654293  -0.921048  
0.06943  -0.922965  
0.0590808  -0.920246  
0.0950293  -0.904604  
0.0745765  -0.907311  
0.104691  -0.896173  
0.0754486  -0.888994  
0.097386  -0.888613  
0.0795881  -0.896609  
0.10084  -0.89542  
0.10591  -0.878712  
0.100836  -0.869474  
0.0970533  -0.878315  
0.104405  -0.877427  
0.0976288  -0.885365  
0.12155  -0.888328  
0.101756  -0.892861  
0.122085  -0.890405  
0.128434  -0.888058  
0.11497  -0.896368  
0.104137  -0.907944  
0.113977  -0.909093  
0.102781  -0.917225  
0.106579  -0.916166  
0.131842  -0.897507  
0.10932  -0.900629  
0.125129  -0.905097  
0.121371  -0.898886  
0.101356  -0.907385  
0.107607  -0.90484  
0.113132  -0.89458  
0.118018  -0.899226  
0.123602  -0.877076  
0.129263  -0.86859  
0.111421  -0.881416  
0.104385  -0.878624  
0.114188  -0.864929  
0.120303  -0.86277  
0.11096  -0.860215  
0.128571  -0.843956  
0.129832  -0.850301  
0.101251  -0.858231  
0.0940908  -0.855705  
0.0815825  -0.877927  
0.087909  -0.875586  
0.0851635  -0.875041  
0.115695  -0.859773  
0.121791  -0.857542  
0.12889  -0.858515  
0.134898  -0.856251  
0.145166  -0.849054  
0.172124  -0.841929  
0.181714  -0.843118  
0.184744  -0.82975  
0.205115  -0.816515  
0.244077  -0.814317  
0.263744  -0.81161  
0.268999  -0.80948  
0.302101  -0.789351  
0.307198  -0.787357  
0.311746  -0.785098  
0.324807  -0.779878  
0.328338  -0.778822  
0.359726  -0.773474  
0.363231  -0.772405  
0.374139  -0.771973  
0.364177  -0.770892  
0.365199  -0.769715  
0.352716  -0.770858  
0.356185  -0.76982  
0.342869  -0.776048  
0.348905  -0.774542  
0.353589  -0.772123  
0.326797  -0.766408  
0.332395  -0.764314  
0.295429  -0.763839  
0.301265  -0.761828  
0.267387  -0.761277  
0.239122  -0.770485  
0.245283  -0.768517  
0.245338  -0.75201  
0.224218  -0.760026  
0.215068  -0.759783  
0.209201  -0.762338  
0.185259  -0.776717  
0.161338  -0.780959  
0.166834  -0.787129  
0.154991  -0.798065  
0.171646  -0.792703  
0.181294  -0.784282  
0.141365  -0.804148  
0.138379  -0.810081  
0.140472  -0.806107  
0.148067  -0.799795  
0.146256  -0.805399  
0.187601  -0.786233  
0.198758  -0.785307  
0.198795  -0.778639  
0.192765  -0.772191  
0.197411  -0.77587  
0.233922  -0.765947  
0.221196  -0.75419  
0.236025  -0.757391  
0.246467  -0.750374  
0.253651  -0.745463  
0.242506  -0.757276  
0.238545  -0.759013  
0.23183  -0.768637  
0.231188  -0.758955  
0.207221  -0.76756  
0.228799  -0.76059  
0.206053  -0.774609  
0.205552  -0.76466  
0.182462  -0.770877  
0.208073  -0.762384  
0.199649  -0.75418  
0.179897  -0.750432  
0.191581  -0.737855  
0.170092  -0.740448  
0.195538  -0.730455  
0.163182  -0.732751  
0.154727  -0.73097  
0.158891  -0.72493  
0.164637  -0.723717  
0.119547  -0.732019  
0.133731  -0.725676  
0.140775  -0.734648  
0.146514  -0.733373  
0.134641  -0.735047  
0.136117  -0.733218  
0.150131  -0.726946  
0.139358  -0.731538  
0.143738  -0.727454  
0.172416  -0.713563  
0.225094  -0.687226  
0.228294  -0.6865  
0.209934  -0.688003  
0.215525  -0.685191  
0.240073  -0.68777  
0.25189  -0.681754  
0.250487  -0.676404  
0.270982  -0.669974  
0.286753  -0.668211  
0.273012  -0.679207  
0.270896  -0.690145  
0.241856  -0.699495  
0.217734  -0.703555  
0.230308  -0.704896  
0.222668  -0.712216  
0.193147  -0.719051  
0.186829  -0.722972  
0.163978  -0.725786  
0.154875  -0.733176  
0.159161  -0.722481  
0.161482  -0.715749  
0.155613  -0.715689  
0.166758  -0.710078  
0.141512  -0.718906  
0.153143  -0.709369  
0.138181  -0.712251  
0.136939  -0.712074  
0.119734  -0.719151  
0.138238  -0.704938  
0.132739  -0.713237  
0.13696  -0.712717  
0.101059  -0.72188  
0.080588  -0.730476  
0.0862859  -0.729423  
0.0866244  -0.732497  
0.0966338  -0.722844  
0.0869912  -0.717337  
0.0849582  -0.701705  
0.0904818  -0.701032  
0.0685388  -0.708912  
0.0785204  -0.699635  
0.064148  -0.70275  
0.0672253  -0.702249  
0.0510631  -0.709283  
0.0607622  -0.704029  
0.06257  -0.711574  
0.0459876  -0.721912  
0.047801  -0.72947  
0.0612497  -0.727213  
0.0692853  -0.725479  
0.071059  -0.733043  
0.0547005  -0.741305  
0.0613556  -0.745814  
0.0651795  -0.743599  
0.0581526  -0.737526  
0.058406  -0.738293  
0.0745065  -0.713555  
0.0859808  -0.706381  
0.106551  -0.700857  
0.109697  -0.705982  
0.144318  -0.686487  
0.161814  -0.67786  
0.173008  -0.665447  
0.165485  -0.678196  
0.1693  -0.681567  
0.21759  -0.673942  
0.219105  -0.700631  
0.223439  -0.69984  
0.219576  -0.697405  
0.22257  -0.696863  
0.23249  -0.713124  
0.240716  -0.744944  
0.218288  -0.752142  
0.250279  -0.727382  
0.254647  -0.726171  
0.235876  -0.737901  
0.240663  -0.737172  
0.216282  -0.737747  
0.244487  -0.719374  
0.249529  -0.728185  
0.236136  -0.727032  
0.235493  -0.732007  
0.209754  -0.73215  
0.195949  -0.739826  
0.192411  -0.748124  
0.183301  -0.75846  
0.163983  -0.760661  
0.161766  -0.773351  
0.121737  -0.782812  
0.122244  -0.788634  
0.104843  -0.79199  
0.0754284  -0.79592  
0.0890579  -0.789999  
0.111698  -0.785015  
0.110221  -0.793194  
0.0942257  -0.775864  
0.0996106  -0.774393  
0.135068  -0.756237  
0.14015  -0.754946  
0.149744  -0.757673  
0.154663  -0.756362  
0.202943  -0.745939  
0.216016  -0.739292  
0.220521  -0.738087  
0.222493  -0.739822  
0.234194  -0.739511  
0.224208  -0.759323  
0.231376  -0.781153  
0.234293  -0.780663  
0.228158  -0.780742  
0.23944  -0.772026  
0.235828  -0.780516  
0.20508  -0.803066  
0.205307  -0.809804  
0.199642  -0.801022  
0.177955  -0.80727  
0.175294  -0.801006  
0.180272  -0.799092  
0.202029  -0.773282  
0.186106  -0.77938  
0.191091  -0.777712  
0.218317  -0.763328  
0.208562  -0.761173  
0.209507  -0.739981  
0.215529  -0.736834  
0.214758  -0.745116  
0.21962  -0.743808  
0.227826  -0.736054  
0.253626  -0.738946  
0.231632  -0.746061  
0.239381  -0.740322  
0.249068  -0.743825  
0.258021  -0.745393  
0.235058  -0.762384  
0.238029  -0.761889  
0.274055  -0.756802  
0.278771  -0.754864  
0.269382  -0.764798  
0.271656  -0.764445  
0.27318  -0.759124  
0.317257  -0.748239  
0.289667  -0.760234  
0.294362  -0.758544  
0.325732  -0.744723  
0.330202  -0.743155  
0.337063  -0.73945  
0.354944  -0.744168  
0.359296  -0.742572  
0.367272  -0.73715  
0.370249  -0.736572  
0.363584  -0.749997  
0.363129  -0.757116  
0.354673  -0.755547  
0.359288  -0.753739  
0.31456  -0.778792  
0.319454  -0.776775  
0.312576  -0.777417  
0.322797  -0.777276  
0.301485  -0.783928  
0.293223  -0.787694  
0.2984  -0.785544  
0.300245  -0.769763  
0.285054  -0.768528  
0.286931  -0.775032  
0.311393  -0.762333  
0.316455  -0.760447  
0.33546  -0.744333  
0.311583  -0.753938  
0.308997  -0.757263  
0.33298  -0.745135  
0.343954  -0.733316  
0.359352  -0.739057  
0.343675  -0.752858  
0.358767  -0.75249  
0.352693  -0.746147  
0.353978  -0.740687  
0.333702  -0.760396  
0.318225  -0.774065  
0.333828  -0.767216  
0.349949  -0.759487  
0.32209  -0.772947  
0.318823  -0.764581  
0.32024  -0.756529  
0.322434  -0.74416  
0.314836  -0.75318  
0.319691  -0.752368  
0.316271  -0.744869  
0.292337  -0.744935  
0.298663  -0.734339  
0.307972  -0.736868  
0.313015  -0.734237  
0.302776  -0.744574  
0.297026  -0.760865  
0.302412  -0.758865  
0.268432  -0.775359  
0.273918  -0.775296  
0.258557  -0.791214  
0.258682  -0.806876  
0.237838  -0.812793  
0.232276  -0.809846  
0.235433  -0.809295  
0.229628  -0.809428  
0.232794  -0.808875  
0.261903  -0.796491  
0.264709  -0.793943  
0.267892  -0.793359  
0.296177  -0.767131  
0.299382  -0.766515  
0.335236  -0.735239  
0.331307  -0.73507  
0.337331  -0.741724  
0.339674  -0.743611  
0.349854  -0.74152  
0.363346  -0.734492  
0.354586  -0.739024  
0.350953  -0.747739  
0.339446  -0.754675  
0.338245  -0.760122  
0.345345  -0.75893  
0.313214  -0.775263  
0.31864  -0.772823  
0.305078  -0.769812  
0.310573  -0.767445  
0.297559  -0.76871  
0.3031  -0.766352  
0.262187  -0.782709  
0.267964  -0.780229  
0.276136  -0.788771  
0.255727  -0.794571  
0.233137  -0.815251  
0.225684  -0.823408  
0.231653  -0.820468  
0.247661  -0.821874  
0.256785  -0.828097  
0.233856  -0.847417  
0.243697  -0.845513  
0.246981  -0.844896  
0.230743  -0.838835  
0.239554  -0.838499  
0.236804  -0.826999  
0.239657  -0.810455  
0.247416  -0.807585  
0.248522  -0.817801  
0.250461  -0.807514  
0.272743  -0.790582  
0.283163  -0.769946  
0.262357  -0.775891  
0.251227  -0.779859  
0.260057  -0.783874  
0.279782  -0.77048  
0.263148  -0.77485  
0.242441  -0.780611  
0.249099  -0.780768  
0.228512  -0.786392  
0.23943  -0.784593  
0.242138  -0.787653  
0.237239  -0.798441  
0.234432  -0.803269  
0.240271  -0.800213  
0.233965  -0.817208  
0.250037  -0.791494  
0.227384  -0.804989  
0.248295  -0.800142  
0.248467  -0.795581  
0.241262  -0.806868  
0.258949  -0.795084  
0.235759  -0.810921  
0.261819  -0.796328  
0.262795  -0.791983  
0.272737  -0.782108  
0.292852  -0.781118  
0.282831  -0.792432  
0.2815  -0.777705  
0.287352  -0.775853  
0.277104  -0.776289  
0.279843  -0.766649  
0.289599  -0.756706  
0.255571  -0.769217  
0.263626  -0.759707  
0.267096  -0.765103  
0.26236  -0.771917  
0.26188  -0.766973  
0.243851  -0.776118  
0.250607  -0.768101  
0.268995  -0.765622  
0.268523  -0.765336  
0.274512  -0.762127  
0.266643  -0.761758  
0.274577  -0.770989  
0.266509  -0.769591  
0.284587  -0.7491  
0.28456  -0.755494  
0.297059  -0.738597  
0.302933  -0.7355  
0.294305  -0.736182  
0.266752  -0.738757  
0.285054  -0.737037  
0.279863  -0.737136  
0.285935  -0.733968  
0.256797  -0.733866  
0.271508  -0.732302  
0.271131  -0.735837  
0.265222  -0.735177  
0.243708  -0.74991  
0.253175  -0.750862  
0.264937  -0.740452  
0.270037  -0.747568  
0.264933  -0.734314  
0.274337  -0.723715  
0.298501  -0.708933  
0.301053  -0.70621  
0.304128  -0.700371  
0.27837  -0.700059  
0.286075  -0.695807  
0.296393  -0.6818  
0.274455  -0.676463  
0.279636  -0.672381  
0.255291  -0.679838  
0.259389  -0.676393  
0.261864  -0.674918  
0.261935  -0.662064  
0.23653  -0.675206  
0.246788  -0.668593  
0.247847  -0.673819  
0.253826  -0.663442  
0.23306  -0.679827  
0.236413  -0.684533  
0.238102  -0.682569  
0.254357  -0.673191  
0.255247  -0.671673  
0.232669  -0.682944  
0.247267  -0.675931  
0.247099  -0.672333  
0.251043  -0.67137  
0.240501  -0.665918  
0.255135  -0.658863  
0.252639  -0.657363  
0.292462  -0.632795  
0.296454  -0.631756  
0.282432  -0.638495  
0.288868  -0.635313  
0.312223  -0.622264  
0.320104  -0.614438  
0.295678  -0.62729  
0.295558  -0.633897  
0.306376  -0.624043  
0.318748  -0.630756  
0.298793  -0.636402  
0.277448  -0.659551  
0.266517  -0.658373  
0.270543  -0.65733  
0.264945  -0.651927  
0.271813  -0.648152  
0.262405  -0.65999  
0.235341  -0.669116  
0.24218  -0.66527  
0.237006  -0.664265  
0.251737  -0.657054  
0.220457  -0.6711  
0.227495  -0.667042  
0.263396  -0.65041  
0.243972  -0.655236  
0.244492  -0.666084  
0.256945  -0.652819  
0.26379  -0.648725  
0.26729  -0.65033  
0.264521  -0.65953  
0.253811  -0.66744  
0.268265  -0.650384  
0.274993  -0.646118  
0.264788  -0.671571  
0.271626  -0.666983  
0.294015  -0.66056  
0.314371  -0.657833  
0.312677  -0.662259  
0.287755  -0.671166  
0.294487  -0.666363  
0.322402  -0.638453  
0.338579  -0.635617  
0.350159  -0.631098  
0.3187  -0.629071  
0.329271  -0.624224  
0.337141  -0.621466  
0.324569  -0.628638  
0.324204  -0.630966  
0.34444  -0.622951  
0.358148  -0.609929  
0.334057  -0.624278  
0.35474  -0.621007  
0.350482  -0.625578  
0.326911  -0.62305  
0.334712  -0.632569  
0.343204  -0.630279  
0.325096  -0.642931  
0.334067  -0.637724  
0.336206  -0.648383  
0.327763  -0.661378  
0.308627  -0.669655  
0.33201  -0.658122  
0.310966  -0.683115  
0.321957  -0.67873  
0.338428  -0.672021  
0.340993  -0.677549  
0.31909  -0.691296  
0.33264  -0.679872  
0.335699  -0.680022  
0.339549  -0.67449  
0.345381  -0.666261  
0.341248  -0.667293  
0.35337  -0.648401  
0.343754  -0.651333  
0.343622  -0.655766  
0.346819  -0.647003  
0.35381  -0.641084  
0.371634  -0.628853  
0.378449  -0.623065  
0.365353  -0.622493  
0.365096  -0.627051  
0.376969  -0.61326  
0.383702  -0.607772  
0.363965  -0.610934  
0.389345  -0.590138  
0.38902  -0.594961  
0.392851  -0.592306  
0.392482  -0.597113  
0.400562  -0.586212  
0.386086  -0.599073  
0.393444  -0.588373  
0.390981  -0.597686  
0.394366  -0.602417  
0.369032  -0.616216  
0.372626  -0.617622  
0.371535  -0.617946  
0.376471  -0.618835  
0.358312  -0.617907  
0.351555  -0.633077  
0.358924  -0.622414  
0.343765  -0.624844  
0.346276  -0.625755  
0.353762  -0.628333  
0.343516  -0.609286  
0.348857  -0.608306  
0.367643  -0.582772  
0.353165  -0.598931  
0.324679  -0.60239  
0.322541  -0.59507  
0.330129  -0.588605  
0.323508  -0.580826  
0.323608  -0.585148  
0.332937  -0.567005  
0.322484  -0.557737  
0.326825  -0.556321  
0.335612  -0.549677  
0.346273  -0.54292  
0.340078  -0.534686  
0.340477  -0.52617  
0.341544  -0.525448  
0.354672  -0.516696  
0.365854  -0.51226  
0.347746  -0.516147  
0.338281  -0.523386  
0.335058  -0.532727  
0.324512  -0.547135  
0.332113  -0.536329  
0.318614  -0.543316  
0.315398  -0.552645  
0.314794  -0.555276  
0.289112  -0.574721  
0.304129  -0.566614  
0.273244  -0.575687  
0.282902  -0.576208  
0.283118  -0.579927  
0.262719  -0.571258  
0.2706  -0.564351  
0.252686  -0.566797  
0.243705  -0.556303  
0.244109  -0.559964  
0.233876  -0.550351  
0.234282  -0.554229  
0.199794  -0.557542  
0.197899  -0.547466  
0.190987  -0.556522  
0.196957  -0.535569  
0.190489  -0.543858  
0.161024  -0.549225  
0.168531  -0.538822  
0.15031  -0.528315  
0.158014  -0.511732  
0.158014  -0.511732  
0.152131  -0.490928  
0.156799  -0.489551  
0.154811  -0.473066  
0.144437  -0.461617  
0.144437  -0.461617  
0.166105  -0.448134  
0.180963  -0.435541  
0.179495  -0.432527  
0.157599  -0.448458  
0.166048  -0.44328  
0.175588  -0.443546  
0.185795  -0.442052  
0.205877  -0.432364  
0.213067  -0.441559  
0.186695  -0.455263  
0.216317  -0.444595  
0.216265  -0.448909  
0.21002  -0.445695  
0.222001  -0.442292  
0.236628  -0.432633  
0.246804  -0.431655  
0.254348  -0.425138  
0.248282  -0.433815  
0.220392  -0.435799  
0.221628  -0.444023  
0.257337  -0.422021  
0.254257  -0.427927  
0.266822  -0.419146  
0.271952  -0.423031  
0.265765  -0.415882  
0.259815  -0.423701  
0.264029  -0.420378  
0.250224  -0.425008  
0.265924  -0.409894  
0.281224  -0.403274  
0.292601  -0.38635  
0.297619  -0.381291  
0.264662  -0.384116  
0.264662  -0.384116  
0.301231  -0.364757  
0.275017  -0.363966  
0.279779  -0.362196  
0.287674  -0.358825  
0.292423  -0.357029  
0.276397  -0.356439  
0.277612  -0.369434  
0.271927  -0.361774  
0.295595  -0.345322  
0.295284  -0.349632  
0.283409  -0.342454  
0.2891  -0.337598  
0.284756  -0.341358  
0.270404  -0.341144  
0.266972  -0.350623  
0.26964  -0.335233  
0.2662  -0.344719  
0.278387  -0.334134  
0.282341  -0.321847  
0.282341  -0.321847  
0.295375  -0.316192  
0.295146  -0.320353  
0.279429  -0.313889  
0.279223  -0.318029  
0.286906  -0.310433  
0.294938  -0.303212  
0.289521  -0.311553  
0.271909  -0.31485  
0.285976  -0.304326  
0.261482  -0.312118  
0.269736  -0.304742  
0.277851  -0.288886  
0.286134  -0.281498  
0.283554  -0.270535  
0.273075  -0.27308  
0.275563  -0.26862  
0.286109  -0.263083  
0.257578  -0.271637  
0.256001  -0.265313  
0.249471  -0.263243  
0.236725  -0.270482  
0.243913  -0.269558  
0.21039  -0.288776  
0.176899  -0.300297  
0.178499  -0.287634  
0.175311  -0.296953  
0.168105  -0.29188  
0.157899  -0.303011  
0.118661  -0.30806  
0.112094  -0.305619  
0.100758  -0.317886  
0.122428  -0.302265  
0.103347  -0.303415  
0.0934694  -0.306948  
0.0911557  -0.309764  
0.10016  -0.302187  
0.0969513  -0.292032  
0.104813  -0.283727  
0.122344  -0.284583  
0.133775  -0.268271  
0.133775  -0.268271  
0.133365  -0.269657  
0.171589  -0.256689  
0.158692  -0.261241  
0.167096  -0.253663  
0.178244  -0.250116  
0.178112  -0.253578  
0.214103  -0.235356  
0.19599  -0.238125  
0.202527  -0.22554  
0.202243  -0.21596  
0.201945  -0.219717  
0.225492  -0.199676  
0.234168  -0.187987  
0.21777  -0.20896  
0.224103  -0.207806  
0.232392  -0.199785  
0.2176  -0.208185  
0.226038  -0.200063  
0.189535  -0.223454  
0.192311  -0.229265  
0.196512  -0.237013  
0.181533  -0.245868  
0.190168  -0.237356  
0.178469  -0.241657  
0.161429  -0.243406  
0.130733  -0.260871  
0.145558  -0.257576  
0.148946  -0.25527  
0.137672  -0.263426  
0.118922  -0.270602  
0.126516  -0.261364  
0.136119  -0.258894  
0.113491  -0.267459  
0.108633  -0.276166  
0.0925816  -0.273224  
0.0867043  -0.284481  
0.0613447  -0.275356  
0.0646499  -0.280533  
0.0674061  -0.2733  
0.0511897  -0.270078  
0.0540856  -0.273035  
0.0548767  -0.257861  
0.0666464  -0.249066  
0.0667262  -0.239201  
0.0644613  -0.239498  
0.0224556  -0.24245  
0.0358453  -0.233745  
0.0484193  -0.223335  
0.0611465  -0.220805  
0.0667323  -0.223181  
0.050547  -0.217955  
0.0805534  -0.211091  
0.0590327  -0.217764  
0.0948221  -0.21596  
0.103792  -0.21458  
0.103765  -0.217038  
0.143279  -0.204296  
0.151499  -0.195633  
0.16054  -0.20907  
0.17264  -0.196345  
0.180248  -0.196331  
0.201927  -0.189561  
0.209953  -0.180421  
0.237836  -0.167063  
0.203361  -0.181689  
0.207516  -0.182464  
0.221287  -0.173091  
0.225384  -0.173842  
0.2305  -0.162079  
0.211063  -0.183756  
0.219134  -0.174569  
0.212409  -0.18575  
0.209519  -0.187033  
0.184932  -0.197081  
0.184571  -0.192397  
0.169746  -0.200516  
0.174375  -0.191896  
0.174375  -0.191896  
0.136564  -0.20716  
0.141708  -0.198207  
0.125477  -0.202666  
0.120894  -0.201646  
0.120894  -0.201646  
0.128204  -0.187389  
0.128417  -0.189486  
0.140245  -0.185409  
0.149181  -0.1758  
0.151379  -0.158865  
0.15683  -0.160527  
0.15683  -0.160527  
0.207266  -0.12461  
0.206848  -0.127244  
0.213679  -0.131369  
0.213235  -0.133872  
0.220737  -0.126352  
0.231102  -0.11121  
0.22712  -0.121376  
0.237195  -0.11804  
0.237195  -0.11804  
0.252464  -0.100418  
0.231828  -0.107539  
0.224392  -0.112607  
0.245797  -0.0878618  
0.238372  -0.0943175  
0.213735  -0.0896395  
0.237973  -0.0747659  
0.209326  -0.0954457  
0.198165  -0.0997061  
0.210748  -0.0769342  
0.212035  -0.0823469  
0.191195  -0.0916045  
0.178743  -0.0961311  
0.181714  -0.0971894  
0.180018  -0.101124  
0.189088  -0.0823009  
0.182757  -0.0897815  
0.157328  -0.104461  
0.165162  -0.0908316  
0.174365  -0.0804178  
0.175689  -0.0829282  
0.172172  -0.0713836  
0.172133  -0.0739048  
0.167617  -0.0681922  
0.16758  -0.0707084  
0.195765  -0.0488471  
0.196292  -0.046169  
0.195865  -0.0485264  
0.191326  -0.0473913  
0.200498  -0.0366431  
0.198277  -0.0267447  
0.198613  -0.0236781  
0.203431  -0.0269942  
0.211408  -0.010374  
0.211408  -0.010374  
0.191524  -0.0250072  
0.191524  -0.0250072  
0.203725  0.00243848  
0.203402  -0.000474754  
0.184923  -0.0178132  
0.168511  -0.0255451  
0.177631  -0.0146997  
0.167296  -0.0113628  
0.167234  -0.013928  
0.151494  -0.0283235  
0.126158  -0.0444521  
0.132211  -0.0396764  
0.132334  -0.0418395  
0.118356  -0.0470556  
0.118545  -0.0491298  
0.103613  -0.0537531  
0.0968014  -0.0552351  
0.106494  -0.0445996  
0.122441  -0.0246468  
0.13201  -0.0136679  
0.100149  -0.0364467  
0.109886  -0.0256385  
0.0999101  -0.0251147  
0.100014  -0.0272893  
0.102949  -0.0119294  
0.0763774  -0.0216493  
0.0765834  -0.0238115  
0.0748691  -0.0262006  
0.07017  -0.0277324  
0.0507005  -0.041613  
0.0573348  -0.023228  
0.0576161  -0.0252495  
0.0462715  -0.020391  
0.0565223  -0.0101583  
0.0505057  -0.00610963  
0.0610576  0.000916628  
0.0540195  0.00735121  
0.055828  0.00797699  
0.0559876  0.00574824  
0.0797809  0.0242514  
0.0512867  0.00904792  
0.0677169  0.0160616  
0.0743335  0.0224525  
0.0811503  0.0198377  
0.0850237  0.0195895  
0.0850237  0.0195895  
0.0983819  0.0235314  
0.0987248  0.0294017  
0.0994504  0.0291093  
0.101922  0.0290206  
0.101774  0.0234662  
0.117851  0.0430144  
0.118577  0.0380804  
0.129676  0.0478424  
0.140111  0.0552098  
0.12553  0.0488342  
0.121813  0.0478303  
0.122068  0.0418243  
0.131052  0.0531502  
0.151704  0.0739152  
0.129003  0.0550212  
0.113241  0.0515241  
0.112876  0.0467623  
0.109347  0.0394891  
0.118537  0.0520056  
0.0968109  0.0327671  
0.0884825  0.031497  
0.0884247  0.0296532  
0.0718849  0.0235559  
0.0719519  0.02184  
0.0599263  0.0181254  
0.0310296  -0.00104885  
0.0412873  0.0119777  
0.0180593  0.00191628  
0.0173812  0.00208442  
0.00831167  0.00481175  
0.00705927  0.00472881  
0.0174271  0.0159936  
0.00764664  0.0123339  
0.0111322  0.0221941  
0.0114211  0.0207278  
0.0257581  0.0251591  
0.0262474  0.0259133  
0.0390038  0.0354727  
0.0388919  0.0380303  
0.0389298  0.0364798  
0.0458888  0.0451126  
0.04584  0.0434698  
0.0705537  0.0713831  
0.0702856  0.0694753  
0.0408711  0.049759  
0.0408316  0.0481249  
0.0603913  0.0648754  
0.0601977  0.0631338  
0.0629081  0.0613936  
0.0808952  0.0791575  
0.080586  0.0772962  
0.0825311  0.0771943  
0.0795034  0.0735258  
0.0658255  0.0696017  
0.0698453  0.0742391  
0.0698453  0.0742391  
0.0793748  0.0917718  
0.0780918  0.0845501  
0.0413582  0.0689408  
0.0371924  0.0585686  
0.0402046  0.0698553  
0.0438859  0.0835488  
0.0438665  0.0818277  
0.053153  0.0866588  
0.0500283  0.0983393  
0.0248013  0.0854752  
0.017365  0.0752328  
0.0292161  0.0897849  
0.0334462  0.0997169  
0.0333894  0.0979273  
0.0251899  0.0963263  
0.0406727  0.113467  
-5.41592e-05  0.0985314  
0.000133931  0.0968765  
0.00650397  0.104723  
0.00663994  0.103029  
0.0182175  0.119769  
0.0314759  0.13707  
0.00364253  0.116576  
0.011762  0.124504  
0.0126718  0.125531  
-0.0089433  0.113574  
-0.00874178  0.111882  
0.0246155  0.142413  
0.0151941  0.135248  
0.0151941  0.135248  
0.0355866  0.184944  
0.0373491  0.189103  
0.033859  0.196772  
0.0310545  0.213381  
0.0304474  0.205373  
0.0242012  0.222162  
0.0308525  0.222367  
0.0217389  0.221654  
0.0300985  0.220598  
0.033208  0.226243  
0.0489694  0.215828  
0.0466345  0.212764  
0.0409458  0.21054  
0.0618877  0.227205  
0.0619778  0.224633  
0.0713992  0.21426  
0.0763391  0.226072  
0.0753471  0.227656  
0.0753471  0.227656  
0.0741596  0.238677  
0.094807  0.236872  
0.0997126  0.251032  
0.0990858  0.255499  
0.0900442  0.247872  
0.092579  0.247871  
0.0908574  0.259188  
0.083833  0.26308  
0.0998089  0.270702  
0.104674  0.284764  
0.0965331  0.291251  
0.0968726  0.288413  
0.0771606  0.295588  
0.0770301  0.309437  
0.0824461  0.320279  
0.0767077  0.325836  
0.0787487  0.325434  
0.0706451  0.331672  
0.0503383  0.332739  
0.0511864  0.329608  
0.0687708  0.345774  
0.0532197  0.345326  
0.0364623  0.351917  
0.0448379  0.367021  
0.0457763  0.363652  
0.0483835  0.368082  
0.0483835  0.368082  
0.0378997  0.384837  
0.0378997  0.384837  
0.0490981  0.410323  
0.051074  0.399035  
0.0394817  0.415694  
0.0346944  0.414072  
0.0357175  0.410519  
0.0399766  0.412029  
0.0409512  0.408658  
0.0309719  0.403735  
0.0319681  0.400474  
0.0298613  0.395744  
0.0353799  0.40581  
0.0390853  0.387297  
0.0217038  0.368733  
0.0227075  0.366035  
0.0247892  0.370359  
0.019586  0.364245  
0.00997276  0.36944  
0.0151213  0.350228  
0.0196519  0.363025  
-0.0165626  0.342397  
-0.0172814  0.333132  
-0.0225598  0.32409  
-0.0178639  0.33647  
-0.0173087  0.337298  
-0.0132165  0.338071  
-0.0122392  0.335966  
-0.00654472  0.336274  
-0.00567585  0.334272  
0.0197361  0.357557  
0.00904368  0.35631  
0.013297  0.369039  
0.0360831  0.388712  
0.0240449  0.380481  
0.0246438  0.393329  
0.0246438  0.393329  
0.0386257  0.408454  
0.0243683  0.397082  
0.0333508  0.402894  
0.0422334  0.40679  
0.0243445  0.394147  
0.0369462  0.387258  
0.042133  0.396843  
0.0326808  0.398283  
0.0333169  0.396094  
0.0338123  0.408941  
0.0390683  0.418322  
0.0561528  0.437022  
0.056693  0.434527  
0.0519375  0.441779  
0.0434793  0.448956  
0.0440966  0.446377  
0.0566382  0.45694  
0.0492304  0.459319  
0.0492304  0.459319  
0.0384523  0.454567  
0.0473333  0.456682  
0.0224778  0.443026  
0.0273827  0.454827  
0.0297187  0.458287  
0.0286466  0.449219  
0.0332834  0.461808  
0.0305651  0.456996  
0.0355205  0.468761  
0.0228712  0.462354  
0.0247526  0.459521  
0.0413456  0.475869  
0.0482207  0.494892  
0.0471152  0.485834  
0.0402464  0.479492  
0.0458861  0.488682  
0.0476119  0.494727  
0.0482265  0.49229  
0.0595197  0.486349  
0.040732  0.475109  
0.0430189  0.478803  
0.0436133  0.476707  
0.0533548  0.48316  
0.0509076  0.467231  
0.0514785  0.465329  
0.0535164  0.458337  
0.0540126  0.456557  
0.0547061  0.4529  
0.0552205  0.451227  
0.0586322  0.452858  
0.0563629  0.450062  
0.0560392  0.443483  
0.0572331  0.446899  
0.0542969  0.440006  
0.0554642  0.439317  
0.0569427  0.430349  
0.0585411  0.428584  
0.0594649  0.43386  
0.054722  0.418978  
0.055082  0.417927  
0.05464  0.415309  
0.0565187  0.411686  
0.0514695  0.408556  
0.0532036  0.404141  
0.058223  0.413658  
0.0583179  0.401185  
0.0491895  0.407786  
0.064279  0.40893  
0.0645557  0.408072  
0.0651729  0.414736  
0.0627168  0.409466  
0.0633553  0.416132  
0.060597  0.421163  
0.0608413  0.420222  
0.041886  0.416793  
0.0422325  0.41592  
0.0404091  0.417323  
0.040745  0.416472  
0.0382458  0.4196  
0.0385877  0.418729  
0.0285009  0.415021  
0.0411676  0.422218  
0.0292712  0.423488  
0.0252539  0.417039  
0.0256755  0.416266  
0.0327792  0.423469  
0.0330859  0.422636  
0.036869  0.436652  
0.037163  0.43569  
0.0350844  0.438079  
0.0333012  0.439509  
0.0335899  0.43855  
0.0594928  0.455312  
0.0588366  0.459702  
0.0695803  0.455621  
0.0626524  0.454806  
0.0675418  0.460294  
0.0640867  0.452872  
0.0640867  0.452872  
0.0623182  0.454324  
0.0683514  0.465226  
0.0669713  0.46242  
0.0660918  0.451939  
0.0660918  0.451939  
0.0581389  0.456297  
0.0642971  0.453393  
0.0632415  0.464646  
0.0700295  0.470165  
0.0666689  0.481063  
0.0520584  0.467291  
0.0620602  0.483365  
0.0445424  0.480838  
0.0567484  0.491229  
0.0567484  0.491229  
0.0428324  0.494849  
0.0488814  0.505832  
0.0450501  0.499655  
0.0375381  0.502678  
0.0479905  0.501945  
0.0455578  0.507836  
0.0687567  0.520632  
0.0729758  0.533068  
0.0731671  0.531565  
0.0586405  0.535682  
0.0677334  0.551286  
0.0660597  0.542406  
0.0760901  0.565927  
0.0760901  0.565927  
0.0784186  0.581736  
0.0786355  0.579822  
0.0550959  0.574331  
0.0534697  0.575732  
0.059759  0.585049  
0.0664608  0.578592  
0.0668279  0.57684  
0.056979  0.584376  
0.0599998  0.586213  
0.0599998  0.586213  
0.0535333  0.586143  
0.052204  0.581013  
0.0485008  0.595397  
0.0537975  0.593307  
0.0399742  0.59833  
0.0478604  0.596938  
0.0407486  0.593106  
0.0546917  0.602759  
0.0372817  0.598736  
0.0427908  0.613352  
0.0543287  0.617228  
0.0535226  0.611333  
0.035365  0.614664  
0.0379681  0.618311  
0.0513732  0.629975  
0.0478862  0.640866  
0.0484974  0.644889  
0.039154  0.646349  
0.070049  0.66229  
0.0700002  0.658607  
0.0525921  0.670877  
0.0589998  0.679818  
0.0762801  0.691352  
0.0766131  0.689072  
0.0773487  0.696488  
0.0834918  0.705224  
0.104521  0.720912  
0.102689  0.746867  
0.102956  0.744148  
0.0890566  0.757576  
0.0894741  0.754842  
0.0974103  0.762894  
0.0907838  0.759946  
0.100878  0.773994  
0.100345  0.790483  
0.098791  0.781549  
0.0908168  0.781802  
0.102619  0.790085  
0.088381  0.78912  
0.102974  0.794324  
0.10349  0.791524  
0.104253  0.800704  
0.108368  0.801867  
0.126548  0.80361  
0.119991  0.80634  
0.108646  0.793689  
0.120814  0.804346  
0.120167  0.804476  
0.11239  0.791761  
0.119355  0.78462  
0.118718  0.782153  
0.0970402  0.772505  
0.0976358  0.770383  
0.102673  0.769475  
0.112298  0.767961  
0.112758  0.766076  
0.10842  0.763134  
0.108965  0.761281  
0.118953  0.762813  
0.128353  0.768055  
0.122275  0.76475  
0.0978457  0.758276  
0.105495  0.755972  
0.116299  0.767902  
0.11877  0.758623  
0.11411  0.762532  
0.10999  0.764446  
0.109234  0.756729  
0.105727  0.772445  
0.104118  0.774005  
0.108458  0.779381  
0.105414  0.779325  
0.114593  0.787529  
0.110623  0.78699  
0.106648  0.794338  
0.106664  0.798425  
0.118668  0.823111  
0.119102  0.82108  
0.114315  0.815291  
0.114754  0.813421  
0.111182  0.81844  
0.105739  0.829843  
0.121506  0.833999  
0.118274  0.826656  
0.106643  0.827074  
0.10055  0.836327  
0.101113  0.834437  
0.101339  0.843645  
0.101916  0.841708  
0.108226  0.858546  
0.103117  0.870018  
0.107436  0.858202  
0.101293  0.867519  
0.101293  0.867519  
0.102094  0.871262  
0.103511  0.876324  
0.0951733  0.873886  
0.0923405  0.872704  
0.0897029  0.870177  
0.0875923  0.867826  
0.0938462  0.865313  
0.0943792  0.863475  
0.0707262  0.85675  
0.0679596  0.849931  
0.0721474  0.8622  
0.0736723  0.869855  
0.0743074  0.868087  
0.0766912  0.87027  
0.0837148  0.87961  
0.0865753  0.895915  
0.0802516  0.904475  
0.0780074  0.900048  
0.096806  0.932858  
0.0972273  0.930582  
0.0982742  0.93835  
0.102685  0.942301  
0.101653  0.939927  
0.111351  0.965432  
0.109469  0.956538  
0.117261  0.973173  
0.126266  0.974179  
0.13251  0.98531  
0.150358  0.990748  
0.150358  0.990748  
0.169969  1.00509  
0.176072  1.01627  
0.19159  1.03133  
0.20291  1.03962  
0.208972  1.04801  
0.238748  1.05098  
0.238684  1.04815  
0.248036  1.04602  
0.261455  1.05278  
0.261375  1.05008  
0.284156  1.04959  
0.305172  1.05578  
0.304993  1.05339  
0.326847  1.04978  
0.326631  1.04739  
0.32465  1.05343  
0.3391  1.05745  
0.339003  1.05522  
0.332702  1.06651  
0.33268  1.06412  
0.344408  1.05486  
0.332972  1.05167  
0.338757  1.06311  
0.333751  1.0519  
0.339541  1.06336  
0.34314  1.05693  
0.324776  1.03309  
0.324776  1.03309  
0.330983  1.03619  
0.339417  1.04583  
0.339689  1.04411  
0.341897  1.04655  
0.340497  1.04686  
0.340835  1.04522  
0.328858  1.05446  
0.329277  1.05277  
0.325525  1.06385  
0.32571  1.05845  
0.331945  1.06779  
0.319439  1.07046  
0.319089  1.06341  
0.322721  1.0744  
0.288015  1.06292  
0.286185  1.05494  
0.290234  1.05852  
0.319229  1.06803  
0.295686  1.05346  
0.296249  1.05205  
0.3048  1.05427  
0.305295  1.05289  
0.308608  1.05682  
0.315037  1.06632  
0.329059  1.05703  
0.330333  1.07491  
0.330643  1.07344  
0.340895  1.06507  
0.340895  1.06507  
0.358685  1.07195  
0.364776  1.08192  
0.368094  1.08585  
0.368222  1.08434  
0.383725  1.08694  
0.383784  1.08547  
0.387527  1.09787  
0.387636  1.09643  
0.402864  1.09772  
0.40291  1.09634  
0.418095  1.09899  
0.436415  1.12089  
0.436377  1.11928  
0.430172  1.1068  
0.430173  1.10536  
0.440787  1.11448  
0.439849  1.11118  
0.442243  1.1058  
0.442259  1.10447  
0.424968  1.09246  
0.429982  1.09344  
0.414177  1.07895  
0.405093  1.0812  
0.411239  1.0807  
0.402382  1.07749  
0.402716  1.07655  
0.384881  1.06284  
0.382949  1.06916  
0.38379  1.06387  
0.379103  1.05805  
0.375869  1.06348  
0.36722  1.05253  
0.364309  1.04575  
0.345952  1.04616  
0.343813  1.04831  
0.335493  1.03809  
0.346828  1.04681  
0.346828  1.04681  
0.325947  1.03952  
0.332345  1.0461  
0.315704  1.04091  
0.31629  1.04046  
0.325055  1.03503  
0.323147  1.03658  
0.344032  1.03867  
0.337426  1.0393  
0.337731  1.03888  
0.322219  1.01819  
0.322547  1.018  
0.32823  1.01499  
0.328485  1.01484  
0.313608  1.00354  
0.313886  1.0035  
0.313886  1.0035  
0.312545  0.994403  
0.312545  0.994403  
0.319386  0.991685  
0.300753  0.979454  
0.299036  0.977765  
0.312855  0.976819  
0.311685  0.974847  
0.306546  0.966497  
0.314089  0.968565  
0.280125  0.965346  
0.28125  0.966855  
0.279383  0.964352  
0.274843  0.956563  
0.272837  0.953249  
0.277339  0.957582  
0.276706  0.956077  
0.271603  0.960522  
0.250047  0.960999  
0.250047  0.960999  
0.271131  0.948925  
0.271131  0.948925  
0.271488  0.950573  
0.272596  0.957617  
0.272672  0.957942  
0.252012  0.95387  
0.25208  0.959783  
0.265417  0.959201  
0.251495  0.954398  
0.251591  0.954709  
0.247037  0.966563  
0.247188  0.966724  
0.26682  0.975609  
0.26682  0.975609  
0.266422  0.974988  
0.275496  0.979872  
0.275438  0.979897  
0.282058  0.980095  
0.281588  0.980301  
0.290991  0.98502  
0.296139  0.995026  
0.297496  0.996096  
0.290042  0.99022  
0.289269  0.989611  
0.289948  0.990146  
0.301288  0.987032  
0.302506  0.987289  
0.307619  0.997313  
0.302139  1.00013  
0.302947  1.00148  
0.302139  1.00013  
0.301462  0.992439  
0.300787  0.991905  
0.300787  0.991905  
0.301556  0.992513  
0.301887  1.00665  
0.301887  1.00665  
0.300419  0.997609  
0.300419  0.997609  
0.300419  0.997609  
0.300401  0.997499  
0.300401  0.997499  
0.300384  0.997391  
0.300318  0.996985  
0.300303  0.996889  
0.288175  0.99962  
0.279863  0.980315  
0.279955  0.980388  
0.257811  0.973113  
0.258013  0.973245  
0.246245  0.976274  
0.247444  0.976689  
0.245179  0.975905  
0.247215  0.97661  
0.239411  0.965426  
0.239687  0.965617  
0.246206  0.96358  
0.245959  0.970652  
0.2559  0.976245  
0.255214  0.975709  
0.277134  0.983004  
0.282613  0.980221  
0.283375  0.979801  
0.282613  0.980221  
0.283375  0.979801  
0.278021  0.977944  
0.265723  0.980602  
0.265705  0.980615  
0.265577  0.980709  
0.265723  0.980602  
0.257348  0.976234  
0.244059  0.978476  
0.244059  0.978476  
0.244059  0.978476  
0.244226  0.978512  
0.216992  0.979902  
0.217251  0.97989  
0.204731  0.982542  
0.205054  0.982496  
0.204731  0.982542  
0.205054  0.982496  
0.215648  0.991805  
0.220002  0.989651  
0.220222  0.989542  
0.220851  0.989231  
0.226015  0.986676  
0.235293  0.991119  
0.247897  0.999909  
0.247837  0.999698  
0.226153  0.991346  
0.225769  0.992417  
0.226153  0.991346  
0.223276  0.98413  
0.222608  0.984489  
0.222515  0.984538  
0.222608  0.984489  
0.23516  0.981781  
0.233745  0.973518  
0.233464  0.972805  
0.242611  0.977765  
0.242611  0.977765  
0.242611  0.977765  
0.242611  0.977765  
0.23568  0.967311  
0.235882  0.96675  
0.235882  0.96675  
0.229869  0.969713  
0.22989  0.969822  
0.229869  0.969713  
0.22989  0.969822  
0.229869  0.969713  
0.22989  0.969822  
0.229869  0.969713  
0.219032  0.981384  
0.219105  0.981348  
0.218957  0.981421  
0.219032  0.981384  
0.218957  0.981421  
0.206468  0.984068  
0.206468  0.984068  
0.207669  0.983481  
0.206468  0.984068  
0.195529  0.985936  
0.195529  0.985936  
0.199915  0.983805  
0.188979  0.985661  
0.18736  0.986444  
0.188979  0.985661  
0.180587  0.986274  
0.180812  0.986166  
0.180812  0.986166  
0.181032  0.98606  
0.181246  0.985957  
0.175506  0.985293  
0.174485  0.985783  
0.174699  0.98568  
0.180409  0.982944  
0.180552  0.982876  
0.18109  0.982618  
0.18626  0.980141  
0.186333  0.980106  
0.152345  0.975299  
0.152581  0.975293  
0.146423  0.965076  
0.151871  0.962509  
0.150089  0.961366  
0.163923  0.960186  
0.162902  0.958929  
0.163923  0.960186  
0.163923  0.960186  
0.16276  0.958754  
0.190967  0.964479  
0.200832  0.968384  
0.189951  0.959847  
0.191726  0.967957  
0.192804  0.967445  
0.186885  0.970259  
0.18681  0.970295  
