7.13972  1.73143  
7.13963  1.73146  
7.13959  1.73148  
6.68071  1.92513  
6.39247  2.03325  
6.37359  2.03822  
6.18669  2.05878  
6.16464  2.0647  
5.65805  2.24354  
5.4462  2.2867  
5.43114  2.28798  
3.95975  1.66494  
3.93058  1.6465  
3.48719  1.5881  
3.24281  1.39201  
3.26215  1.20616  
2.96283  1.18278  
2.89541  1.16379  
2.27304  1.4751  
1.95631  1.41162  
1.92432  1.41711  
1.48734  1.58846  
1.35334  1.70957  
0.730166  1.95951  
0.553582  1.93694  
0.514123  1.95287  
0.340056  1.90088  
0.301746  1.91301  
0.050125  1.84493  
-0.089312  1.82448  
-0.0415284  1.7682  
-0.2876  1.73047  
-0.331413  1.75091  
-0.660069  1.75437  
-0.723471  1.7099  
-0.741913  1.70335  
-1.01146  1.75901  
-1.05039  1.8029  
-1.11833  1.77843  
-0.881319  1.65869  
-0.846387  1.64162  
-0.785899  1.6597  
-0.77422  1.65397  
-0.451312  1.53064  
-0.353121  1.49329  
-0.31558  1.52551  
-0.254743  1.60275  
-0.212258  1.5848  
0.0902392  1.47062  
0.169042  1.42923  
0.151884  1.49848  
0.259436  1.47612  
0.343888  1.46714  
0.668491  1.28023  
0.730509  1.29472  
0.765141  1.29933  
0.933499  1.21295  
1.00634  1.15852  
1.23664  1.03942  
1.25544  1.11903  
1.26697  1.11011  
1.39274  1.07226  
1.42469  1.06801  
1.52808  1.03186  
1.55553  1.10115  
1.5659  1.0898  
1.75415  1.0025  
1.76366  0.990808  
1.76227  1.03434  
1.7814  1.01914  
1.89688  0.922189  
1.94968  0.878789  
1.92452  0.897966  
1.83957  1.00166  
1.82473  1.00453  
1.87361  0.954536  
1.82996  0.992195  
1.7995  1.02652  
1.7311  1.09772  
1.75124  1.08157  
1.75838  1.08914  
1.70276  1.11892  
1.69752  1.12782  
1.67466  1.11716  
1.70208  1.07917  
1.6236  1.1314  
1.52513  1.1973  
1.5127  1.20999  
1.53943  1.14556  
1.51184  1.17124  
1.43638  1.21506  
1.33652  1.27655  
1.34265  1.26983  
1.33453  1.2366  
1.29819  1.28056  
1.1971  1.33003  
1.21359  1.27115  
1.20457  1.27502  
1.12025  1.31488  
1.10869  1.32616  
1.00955  1.3656  
1.00279  1.33007  
0.99663  1.32965  
0.923987  1.3747  
0.915374  1.36533  
0.902774  1.35281  
0.909457  1.34246  
0.900145  1.34624  
0.866313  1.35585  
0.854347  1.36679  
0.909462  1.31632  
0.873749  1.35018  
0.897738  1.3352  
0.849332  1.3799  
0.859304  1.3798  
0.815525  1.42605  
0.802708  1.43597  
0.775662  1.4563  
0.811014  1.44026  
0.824309  1.43547  
0.805104  1.46039  
0.782878  1.46993  
0.840389  1.43565  
0.844143  1.43097  
0.848723  1.39115  
0.872025  1.35965  
0.875183  1.36808  
0.885336  1.35498  
0.89733  1.35063  
0.882095  1.34679  
0.888348  1.33266  
0.900847  1.32363  
0.923433  1.30841  
0.93511  1.30413  
0.956387  1.31981  
0.96559  1.32226  
0.967901  1.31788  
0.99426  1.30785  
1.05121  1.29396  
1.10159  1.27338  
1.09415  1.28176  
1.13791  1.26539  
1.14779  1.26042  
1.17338  1.25981  
1.18304  1.25467  
1.16758  1.26985  
1.2317  1.23783  
1.22322  1.25273  
1.20831  1.2877  
1.20936  1.28208  
1.25436  1.25599  
1.27017  1.25984  
1.27874  1.25965  
1.28333  1.25454  
1.28288  1.26873  
1.33407  1.23178  
1.3214  1.24041  
1.31432  1.24138  
1.3192  1.23429  
1.34011  1.22001  
1.32361  1.22646  
1.32466  1.22023  
1.31578  1.22108  
1.33663  1.19416  
1.31267  1.21623  
1.30758  1.22746  
1.29117  1.25172  
1.28466  1.2366  
1.28599  1.24263  
1.30482  1.21721  
1.30634  1.21074  
1.2944  1.20903  
1.29601  1.20259  
1.29137  1.19678  
1.28457  1.203  
1.27099  1.17609  
1.26682  1.15925  
1.24361  1.16857  
1.24267  1.14306  
1.21638  1.16404  
1.23483  1.12371  
1.18566  1.13912  
1.19659  1.13284  
1.17008  1.13375  
1.1725  1.12788  
1.13846  1.12698  
1.13199  1.10752  
1.13459  1.10197  
1.09369  1.122  
1.09635  1.12905  
1.08029  1.13806  
1.06678  1.14294  
1.04768  1.14549  
1.05954  1.13353  
1.03598  1.14034  
1.03683  1.12137  
1.00943  1.14239  
0.986469  1.15202  
0.970108  1.12626  
0.981898  1.12046  
0.942528  1.12304  
0.945483  1.11781  
0.94831  1.10247  
0.925236  1.1127  
0.908342  1.0931  
0.90079  1.09173  
0.877733  1.10213  
0.900548  1.05397  
0.912443  1.04906  
0.910932  1.03056  
0.910991  1.02333  
0.909503  1.00451  
0.912131  1.00058  
0.947607  0.955226  
0.944583  0.963438  
0.946875  0.959819  
0.944422  0.955037  
0.95448  0.925842  
0.953806  0.927415  
0.939155  0.938902  
0.974855  0.910651  
0.951127  0.922956  
0.994184  0.882973  
1.01431  0.867358  
1.01613  0.864245  
1.02284  0.837713  
1.03319  0.822376  
1.05358  0.78723  
1.04654  0.782701  
1.05527  0.760467  
1.03771  0.767616  
1.04338  0.753727  
1.03454  0.725978  
1.00589  0.73934  
1.01887  0.713949  
0.998902  0.721636  
1.00124  0.719523  
0.994228  0.71056  
1.01095  0.69254  
1.01328  0.690551  
1.03309  0.648334  
1.00867  0.663688  
1.03121  0.627399  
1.04301  0.61827  
1.01941  0.625314  
0.987423  0.641221  
0.989897  0.639647  
0.984246  0.635043  
0.992663  0.620973  
0.943447  0.65604  
0.93516  0.66131  
0.946999  0.658686  
0.933673  0.665741  
0.909016  0.681067  
0.919155  0.64913  
0.895959  0.663884  
0.892175  0.629542  
0.872315  0.650858  
0.849214  0.665626  
0.836486  0.651274  
0.822431  0.665327  
0.791576  0.674039  
0.770553  0.677831  
0.764988  0.68476  
0.760926  0.686609  
0.762856  0.686045  
0.734824  0.720037  
0.748929  0.695012  
0.734216  0.696808  
0.734238  0.669612  
0.755486  0.65471  
0.73271  0.649947  
0.726631  0.643623  
0.739176  0.641713  
0.701432  0.638545  
0.714108  0.63677  
0.685167  0.647157  
0.674262  0.65741  
0.655443  0.673565  
0.666929  0.667789  
0.668286  0.67154  
0.684113  0.656346  
0.6985  0.644197  
0.687697  0.643505  
0.710216  0.634347  
0.695063  0.633736  
0.695775  0.647203  
0.713044  0.623572  
0.717728  0.61275  
0.697224  0.63166  
0.719975  0.613104  
0.704558  0.620849  
0.714517  0.628156  
0.701378  0.630779  
0.723831  0.614972  
0.70838  0.614476  
0.747304  0.581111  
0.750307  0.564074  
0.722642  0.588657  
0.703706  0.584136  
0.689301  0.593384  
0.685959  0.584524  
0.676058  0.593232  
0.652568  0.597208  
0.675395  0.586739  
0.667643  0.602956  
0.681319  0.600339  
0.680486  0.59884  
0.701061  0.584736  
0.705762  0.564353  
0.730379  0.545122  
0.701423  0.564025  
0.701575  0.549036  
0.694967  0.552017  
0.692404  0.546405  
0.6729  0.552987  
0.652067  0.559343  
0.640806  0.553557  
0.617323  0.576331  
0.601886  0.579984  
0.634219  0.566692  
0.637294  0.566213  
0.640042  0.550119  
0.663788  0.537292  
0.674962  0.524808  
0.665141  0.526966  
0.685546  0.513565  
0.644017  0.536892  
0.636853  0.551885  
0.649085  0.550724  
0.624943  0.579484  
0.610205  0.594464  
0.608965  0.59214  
0.637348  0.578337  
0.618042  0.584872  
0.603519  0.60022  
0.606647  0.599355  
0.620736  0.583403  
0.639722  0.569421  
0.606624  0.581199  
0.587962  0.588523  
0.600362  0.587099  
0.544547  0.626341  
0.557145  0.624648  
0.551202  0.654086  
0.536669  0.66804  
0.571777  0.639453  
0.591486  0.629362  
0.567474  0.644391  
0.600427  0.63418  
0.616024  0.612274  
0.63202  0.599601  
0.651549  0.593438  
0.627085  0.608977  
0.64135  0.59345  
0.653027  0.591773  
0.658343  0.583675  
0.640094  0.60101  
0.654751  0.598859  
0.645601  0.590396  
0.648152  0.589407  
0.653456  0.579908  
0.638151  0.590457  
0.654127  0.573006  
0.649918  0.577314  
0.651361  0.564179  
0.648172  0.572396  
0.656764  0.564622  
0.671436  0.552118  
0.66199  0.564426  
0.667951  0.552882  
0.652852  0.558498  
0.657303  0.54148  
0.674401  0.518922  
0.660299  0.519089  
0.643851  0.522971  
0.621859  0.542456  
0.572163  0.564899  
0.584766  0.557474  
0.573862  0.562822  
0.558339  0.566589  
0.548105  0.585135  
0.527679  0.610875  
0.505096  0.632088  
0.499603  0.62218  
0.500364  0.626238  
0.496695  0.607939  
0.526417  0.587132  
0.512462  0.590965  
0.511822  0.597246  
0.498555  0.596781  
0.5225  0.561778  
0.52718  0.566395  
0.522176  0.551066  
0.50986  0.569286  
0.521479  0.556693  
0.533599  0.559399  
0.527066  0.566163  
0.538423  0.558999  
0.558928  0.533365  
0.535251  0.549636  
0.533833  0.576569  
0.514132  0.595501  
0.525465  0.582942  
0.540298  0.57777  
0.522108  0.582905  
0.527212  0.582237  
0.539902  0.569649  
0.543286  0.568698  
0.546541  0.566674  
0.572428  0.547201  
0.579304  0.527711  
0.600952  0.499927  
0.57937  0.496691  
0.589611  0.494896  
0.572019  0.505641  
0.577546  0.495203  
0.55443  0.513376  
0.556363  0.512108  
0.528536  0.535872  
0.540531  0.535008  
0.506296  0.561912  
0.49467  0.582514  
0.488189  0.579004  
0.493257  0.565898  
0.509221  0.543486  
0.491107  0.545842  
0.46841  0.544011  
0.480781  0.531188  
0.460091  0.519558  
0.447384  0.52049  
0.448363  0.504512  
0.440841  0.497075  
0.451943  0.496896  
0.461267  0.490291  
0.469945  0.48487  
0.488971  0.461455  
0.475298  0.477788  
0.497465  0.468923  
0.474837  0.485801  
0.468658  0.511129  
0.472299  0.502824  
0.44969  0.519264  
0.425652  0.521872  
0.427229  0.517234  
0.409742  0.514449  
0.422797  0.50186  
0.437924  0.471274  
0.473497  0.433383  
0.486313  0.42109  
0.487107  0.400231  
0.480883  0.397058  
0.471686  0.414456  
0.490146  0.408681  
0.467789  0.426387  
0.472577  0.442062  
0.485322  0.429633  
0.459521  0.455502  
0.474836  0.451218  
0.471225  0.469396  
0.464626  0.458261  
0.477707  0.445375  
0.457082  0.445596  
0.446069  0.451963  
0.453771  0.446781  
0.425828  0.457378  
0.423536  0.450982  
0.384569  0.462511  
0.384217  0.46466  
0.389538  0.454828  
0.355244  0.477195  
0.354468  0.474549  
0.359802  0.468425  
0.346506  0.467061  
0.342324  0.471276  
0.372949  0.454043  
0.351613  0.470988  
0.355781  0.467514  
0.347733  0.474996  
0.357244  0.468864  
0.353506  0.464723  
0.367562  0.452027  
0.364856  0.456124  
0.365561  0.442719  
0.381612  0.432025  
0.344397  0.443986  
0.347482  0.435296  
0.317834  0.451603  
0.29335  0.467093  
0.292738  0.48039  
0.299685  0.481596  
0.278893  0.498037  
0.283874  0.49381  
0.298639  0.480899  
0.296305  0.47932  
0.283903  0.483727  
0.308132  0.453282  
0.29576  0.457978  
0.318293  0.418049  
0.324662  0.417745  
0.308824  0.428726  
0.277568  0.432976  
0.292567  0.420487  
0.253124  0.459347  
0.268261  0.446733  
0.267553  0.460945  
0.273168  0.491073  
0.28813  0.477912  
0.279165  0.480555  
0.285974  0.479536  
0.29041  0.470456  
0.289953  0.471844  
0.316661  0.46481  
0.294583  0.499109  
0.30472  0.492381  
0.297283  0.48843  
0.30389  0.471848  
0.336846  0.431594  
0.362784  0.405847  
0.350777  0.410549  
0.362483  0.388545  
0.377186  0.375312  
0.399398  0.310612  
0.405865  0.310406  
0.395912  0.319648  
0.408006  0.312843  
0.396222  0.318304  
0.397561  0.327664  
0.388641  0.340651  
0.392091  0.361235  
0.404546  0.363339  
0.393048  0.367956  
0.433214  0.372977  
0.452174  0.343447  
0.441116  0.347876  
0.452493  0.336503  
0.474167  0.311637  
0.456094  0.324756  
0.462726  0.323455  
0.436893  0.328536  
0.411688  0.356749  
0.426828  0.342254  
0.386659  0.381034  
0.402084  0.366329  
0.391837  0.39632  
0.379286  0.407312  
0.389708  0.399472  
0.383618  0.395189  
0.366545  0.409859  
0.395246  0.406459  
0.375145  0.430164  
0.377347  0.420163  
0.372059  0.413296  
0.367633  0.429532  
0.354242  0.446425  
0.346177  0.461021  
0.35373  0.458308  
0.339939  0.474706  
0.327855  0.483407  
0.332501  0.460456  
0.345276  0.458455  
0.344833  0.428119  
0.341477  0.427051  
0.349183  0.424514  
0.323691  0.414653  
0.331606  0.412257  
0.341094  0.39214  
0.32305  0.408398  
0.320427  0.403359  
0.310673  0.406808  
0.328898  0.414173  
0.294969  0.436839  
0.303146  0.434195  
0.300112  0.424517  
0.31405  0.422074  
0.31435  0.411843  
0.332431  0.401689  
0.346723  0.39168  
0.33438  0.400576  
0.324808  0.403769  
0.355459  0.364949  
0.329472  0.394552  
0.341481  0.390079  
0.346609  0.393283  
0.346239  0.393784  
0.354114  0.390987  
0.365025  0.37991  
0.372959  0.376079  
0.400516  0.339406  
0.394109  0.353198  
0.409898  0.337401  
0.410462  0.339264  
0.39298  0.355767  
0.38787  0.36219  
0.409121  0.347507  
0.407144  0.355248  
0.408485  0.368876  
0.395379  0.371383  
0.399132  0.374066  
0.382106  0.389872  
0.3869  0.380379  
0.400956  0.350222  
0.409133  0.346927  
0.415263  0.323598  
0.398491  0.339914  
0.401651  0.33606  
0.41391  0.318934  
0.409506  0.328518  
0.435412  0.302613  
0.418766  0.319052  
0.421307  0.331896  
0.429769  0.320591  
0.417322  0.341065  
0.429486  0.334311  
0.422237  0.348958  
0.428202  0.329254  
0.439277  0.319527  
0.434932  0.300124  
0.401993  0.327519  
0.420117  0.305431  
0.398088  0.323683  
0.403224  0.323244  
0.395409  0.325486  
0.42428  0.298532  
0.408441  0.314627  
0.424281  0.305209  
0.438046  0.310846  
0.454278  0.293369  
0.442608  0.328295  
0.458979  0.310299  
0.445425  0.324634  
0.451775  0.31351  
0.439613  0.327366  
0.451039  0.306868  
0.434367  0.322365  
0.443947  0.312769  
0.424033  0.328744  
0.410086  0.329219  
0.38469  0.350878  
0.36283  0.375913  
0.358551  0.377365  
0.334033  0.404625  
0.343556  0.399777  
0.314714  0.432211  
0.332481  0.413622  
0.334006  0.399754  
0.310908  0.416585  
0.320906  0.402955  
0.315093  0.418567  
0.332838  0.400073  
0.318852  0.40969  
0.313124  0.418694  
0.315589  0.406867  
0.292123  0.431303  
0.272964  0.449025  
0.271263  0.451232  
0.256116  0.462485  
0.234441  0.47594  
0.230081  0.485863  
0.215436  0.499765  
0.232302  0.477076  
0.217689  0.491083  
0.236805  0.467861  
0.245452  0.457487  
0.261384  0.432474  
0.276378  0.424101  
0.286231  0.419313  
0.295583  0.402447  
0.303371  0.405523  
0.31326  0.397407  
0.308744  0.404645  
0.323185  0.39454  
0.306694  0.406983  
0.292084  0.419814  
0.309973  0.401263  
0.297813  0.413227  
0.318685  0.399492  
0.339288  0.371546  
0.324529  0.376214  
0.327239  0.370586  
0.33643  0.358485  
0.346166  0.35358  
0.337576  0.370874  
0.344425  0.357889  
0.33454  0.37196  
0.365583  0.352515  
0.345461  0.375406  
0.350646  0.383296  
0.363983  0.376277  
0.366267  0.377387  
0.355976  0.376181  
0.359152  0.375627  
0.373719  0.3548  
0.366016  0.354954  
0.375805  0.34949  
0.377569  0.335928  
0.385785  0.325853  
0.404018  0.313748  
0.403946  0.3204  
0.391337  0.320223  
0.422751  0.302752  
0.409082  0.317686  
0.424669  0.311121  
0.427939  0.326452  
0.420158  0.345077  
0.42114  0.342892  
0.407655  0.357171  
0.387992  0.358552  
0.402739  0.346656  
0.372445  0.368607  
0.392102  0.350758  
0.37897  0.364945  
0.373495  0.358877  
0.376946  0.351766  
0.372963  0.358679  
0.366302  0.373721  
0.389351  0.351265  
0.395891  0.352977  
0.382932  0.367052  
0.372143  0.396589  
0.362464  0.404527  
0.349467  0.423082  
0.328317  0.433919  
0.342504  0.429275  
0.307819  0.445293  
0.287397  0.438023  
0.299994  0.420921  
0.280724  0.420152  
0.266357  0.43994  
0.253989  0.444558  
0.238531  0.438924  
0.226473  0.452473  
0.2244  0.45986  
0.229098  0.452375  
0.209101  0.48091  
0.240043  0.471048  
0.221821  0.485768  
0.249224  0.486496  
0.236962  0.499534  
0.261553  0.481129  
0.236788  0.494584  
0.261182  0.45405  
0.274816  0.435792  
0.262612  0.449388  
0.257695  0.435062  
0.268816  0.428798  
0.25002  0.428229  
0.238136  0.44191  
0.242639  0.447135  
0.245495  0.440871  
0.242827  0.451419  
0.265824  0.459026  
0.258042  0.46683  
0.291367  0.435358  
0.289433  0.458428  
0.293696  0.450481  
0.290858  0.439638  
0.285096  0.444589  
0.292722  0.429116  
0.277058  0.423239  
0.296188  0.402583  
0.286249  0.404701  
0.282613  0.404327  
0.259767  0.426731  
0.271237  0.420153  
0.250213  0.452557  
0.255171  0.444567  
0.239699  0.469563  
0.251255  0.462697  
0.241146  0.505018  
0.207605  0.545623  
0.219337  0.538339  
0.173107  0.565945  
0.160327  0.579649  
0.159951  0.568978  
0.149134  0.581094  
0.149366  0.576485  
0.159205  0.551027  
0.164871  0.542499  
0.190199  0.508321  
0.17945  0.521083  
0.195653  0.505774  
0.186271  0.50334  
0.216426  0.486034  
0.217654  0.486052  
0.233225  0.473626  
0.210888  0.479541  
0.221953  0.476504  
0.20599  0.49337  
0.188342  0.505249  
0.201257  0.476292  
0.201998  0.474759  
0.217727  0.469477  
0.229876  0.437554  
0.242166  0.423607  
0.218872  0.436359  
0.23704  0.436746  
0.228198  0.436675  
0.223115  0.475253  
0.228776  0.466599  
0.198628  0.520724  
0.188549  0.503266  
0.165231  0.515659  
0.160859  0.532691  
0.154016  0.539893  
0.124435  0.548735  
0.113489  0.550461  
0.104232  0.562697  
0.0915754  0.564316  
0.100495  0.542757  
0.0914869  0.554919  
0.100559  0.543578  
0.0914948  0.555983  
0.100085  0.569959  
0.0909608  0.582098  
0.109685  0.588101  
0.0842871  0.611018  
0.0972598  0.608451  
0.0909559  0.623133  
0.0751697  0.633084  
0.0834267  0.632313  
0.09975  0.636383  
0.105752  0.628623  
0.087586  0.634277  
0.100282  0.617186  
0.0913375  0.628652  
0.091833  0.618455  
0.109446  0.588568  
0.124118  0.58552  
0.135432  0.572982  
0.158776  0.552982  
0.132974  0.553756  
0.122405  0.570001  
0.137746  0.536345  
0.137094  0.541757  
0.116747  0.548548  
0.13063  0.536693  
0.134873  0.537993  
0.118855  0.544329  
0.111834  0.557861  
0.129328  0.534179  
0.124611  0.545222  
0.119157  0.543445  
0.140295  0.553927  
0.162846  0.555175  
0.155789  0.550861  
0.146076  0.586526  
0.145467  0.583964  
0.153975  0.569799  
0.166236  0.570513  
0.165709  0.567981  
0.160657  0.555592  
0.153379  0.569603  
0.160224  0.555464  
0.145256  0.558964  
0.156031  0.553115  
0.171976  0.527861  
0.16416  0.539655  
0.163525  0.561863  
0.171265  0.556849  
0.197446  0.55155  
0.218129  0.528645  
0.219184  0.568814  
0.193185  0.594109  
0.213603  0.5902  
0.235408  0.561537  
0.220505  0.574452  
0.229619  0.586166  
0.256016  0.576416  
0.241804  0.584819  
0.255889  0.558489  
0.255358  0.554853  
0.270936  0.540839  
0.253892  0.550249  
0.274  0.526596  
0.265105  0.542844  
0.251431  0.551156  
0.249299  0.537264  
0.239967  0.544606  
0.234455  0.551274  
0.202278  0.578803  
0.213842  0.573952  
0.202865  0.573607  
0.213021  0.573045  
0.224466  0.568811  
0.21855  0.58225  
0.232062  0.561488  
0.230326  0.568987  
0.223838  0.594105  
0.231271  0.581564  
0.218835  0.598617  
0.2395  0.586984  
0.225685  0.591311  
0.228984  0.590835  
0.214785  0.603255  
0.224387  0.587441  
0.239195  0.56007  
0.219157  0.593994  
0.224917  0.593644  
0.217357  0.60511  
0.238458  0.569687  
0.224486  0.581993  
0.227699  0.584932  
0.225971  0.589213  
0.215871  0.591895  
0.22735  0.597094  
0.215326  0.603571  
0.248661  0.537583  
0.234495  0.541676  
0.224609  0.544208  
0.221007  0.543866  
0.211467  0.529964  
0.225099  0.519731  
0.229459  0.523279  
0.243998  0.518605  
0.233075  0.525157  
0.2392  0.520515  
0.228413  0.52695  
0.224224  0.54778  
0.218897  0.55695  
0.219902  0.566709  
0.214691  0.575546  
0.210664  0.595517  
0.205762  0.57644  
0.195214  0.582056  
0.207974  0.576514  
0.197452  0.581986  
0.207449  0.566677  
0.202642  0.575298  
0.228926  0.557875  
0.245557  0.541035  
0.242089  0.545883  
0.267206  0.5286  
0.269582  0.536551  
0.284438  0.53865  
0.31375  0.534971  
0.308447  0.561246  
0.295647  0.574868  
0.285266  0.581684  
0.278406  0.584991  
0.271034  0.594916  
0.266109  0.602559  
0.247989  0.619458  
0.250849  0.612346  
0.238936  0.616228  
0.229662  0.623007  
0.221413  0.612994  
0.22593  0.618788  
0.228698  0.626173  
0.239293  0.628353  
0.242132  0.635672  
0.254243  0.612479  
0.24295  0.634609  
0.25008  0.606879  
0.23661  0.620946  
0.233793  0.625022  
0.21385  0.652111  
0.207949  0.636439  
0.215593  0.638661  
0.235494  0.626512  
0.21916  0.633613  
0.239168  0.62127  
0.23717  0.634043  
0.233289  0.640475  
0.260627  0.653978  
0.2581  0.65772  
0.267971  0.657724  
0.276985  0.650874  
0.270032  0.664126  
0.266973  0.661983  
0.264585  0.665564  
0.244888  0.663734  
0.240685  0.65802  
0.254864  0.644458  
0.249931  0.635182  
0.235172  0.637843  
0.247962  0.612627  
0.240383  0.611919  
0.259744  0.588714  
0.285099  0.569967  
0.281586  0.576147  
0.299286  0.556599  
0.305888  0.563366  
0.294357  0.563625  
0.324078  0.539084  
0.332469  0.52091  
0.335238  0.508049  
0.343631  0.489753  
0.335117  0.518265  
0.328673  0.531899  
0.315775  0.534317  
0.317824  0.534912  
0.331653  0.520525  
0.355469  0.501024  
0.353716  0.517111  
0.368437  0.515412  
0.380731  0.494553  
0.374147  0.510079  
0.360979  0.517288  
0.373399  0.503062  
0.378703  0.496355  
0.363729  0.506996  
0.374837  0.493894  
0.363584  0.511415  
0.349956  0.519188  
0.340413  0.527572  
0.336074  0.552327  
0.343623  0.544977  
0.32087  0.579928  
0.335321  0.569576  
0.335645  0.585905  
0.32493  0.6165  
0.33108  0.605943  
0.32881  0.587834  
0.344824  0.576695  
0.339341  0.586602  
0.349758  0.55504  
0.333547  0.579847  
0.356484  0.576244  
0.357553  0.56028  
0.350038  0.578748  
0.354048  0.573608  
0.372785  0.555234  
0.364645  0.585967  
0.364654  0.590986  
0.380455  0.590981  
0.389571  0.574222  
0.402791  0.557561  
0.40816  0.543556  
0.405348  0.533366  
0.412329  0.540059  
0.417933  0.525658  
0.426012  0.503529  
0.442222  0.503763  
0.449152  0.503183  
0.442457  0.487915  
0.459556  0.479605  
0.46004  0.481161  
0.45338  0.491085  
0.445357  0.509699  
0.445656  0.495755  
0.440195  0.512185  
0.440409  0.516084  
0.431657  0.505892  
0.426311  0.502776  
0.416703  0.498338  
0.408054  0.510649  
0.40743  0.508901  
0.424211  0.487375  
0.417223  0.478786  
0.427886  0.479655  
0.424579  0.482784  
0.433275  0.480568  
0.430562  0.49091  
0.424462  0.486251  
0.440685  0.506398  
0.433626  0.523772  
0.426256  0.530476  
0.433763  0.52842  
0.425258  0.5216  
0.426788  0.523388  
0.434368  0.521197  
0.416131  0.54162  
0.429411  0.522795  
0.438169  0.513593  
0.44743  0.498222  
0.43588  0.506156  
0.444462  0.509154  
0.444232  0.50483  
0.447668  0.516489  
0.456394  0.513957  
0.437782  0.552776  
0.450689  0.533592  
0.457841  0.516072  
0.447779  0.502581  
0.455254  0.499962  
0.435165  0.502423  
0.442822  0.499728  
0.446993  0.475936  
0.441047  0.492195  
0.45349  0.453431  
0.455278  0.454183  
0.444845  0.463893  
0.453751  0.44024  
0.461472  0.437588  
0.476875  0.433748  
0.48755  0.43111  
0.51442  0.384534  
0.510798  0.395174  
0.518291  0.368353  
0.500278  0.390628  
0.494683  0.406737  
0.49189  0.41043  
0.48853  0.411074  
0.494501  0.398594  
0.4979  0.394734  
0.492544  0.410516  
0.492948  0.41749  
0.495995  0.406669  
0.49881  0.417889  
0.501366  0.41724  
0.52222  0.419764  
0.499866  0.445261  
0.507382  0.441313  
0.488026  0.459928  
0.452928  0.506979  
0.431788  0.518059  
0.427161  0.532172  
0.410869  0.548341  
0.406444  0.562116  
0.38529  0.56357  
0.36923  0.59444  
0.370287  0.591079  
0.358551  0.590599  
0.383714  0.569086  
0.393608  0.577703  
0.401345  0.572828  
0.406649  0.561758  
0.391545  0.541958  
0.401183  0.531571  
0.389273  0.528612  
0.398137  0.523889  
0.377369  0.501499  
0.379522  0.520666  
0.367406  0.542144  
0.368823  0.514591  
0.378105  0.509778  
0.386059  0.509632  
0.39996  0.487497  
0.418307  0.505171  
0.418468  0.491214  
0.42686  0.501403  
0.437855  0.468913  
0.439768  0.463549  
0.44832  0.432989  
0.443044  0.432962  
0.439544  0.420742  
0.434414  0.430258  
0.436183  0.41399  
0.42852  0.437381  
0.420127  0.433834  
0.429102  0.428507  
0.446277  0.423292  
0.438615  0.427715  
0.445842  0.438721  
0.44417  0.426157  
0.445678  0.441113  
0.443735  0.425043  
0.447947  0.410555  
0.450213  0.376925  
0.449892  0.372657  
0.443469  0.380644  
0.462621  0.352938  
0.470633  0.34015  
0.468104  0.352387  
0.473327  0.339926  
0.480571  0.330181  
0.467825  0.391352  
0.465327  0.403134  
0.466695  0.375955  
0.464358  0.38765  
0.465866  0.389961  
0.453372  0.392599  
0.457827  0.371869  
0.444281  0.376535  
0.437822  0.378394  
0.440611  0.365032  
0.438384  0.374029  
0.436717  0.385142  
0.421448  0.398255  
0.427731  0.404115  
0.423948  0.396796  
0.414596  0.407742  
0.408702  0.40867  
0.391252  0.399025  
0.390422  0.400328  
0.385225  0.400914  
0.378253  0.378148  
0.370434  0.385828  
0.403431  0.354417  
0.402717  0.36479  
0.414143  0.344605  
0.418287  0.348646  
0.435948  0.342307  
0.459488  0.366956  
0.477646  0.375025  
0.474169  0.374529  
0.493889  0.363327  
0.50612  0.358489  
0.501556  0.334066  
0.496894  0.345595  
0.510659  0.294754  
0.514362  0.268028  
0.505964  0.279578  
0.492203  0.247421  
0.491173  0.252583  
0.497246  0.222111  
0.505991  0.214229  
0.514478  0.211338  
0.506518  0.228271  
0.510177  0.209334  
0.488936  0.19312  
0.497747  0.184865  
0.492292  0.179116  
0.47366  0.185995  
0.481965  0.17342  
0.485163  0.167125  
0.477328  0.177934  
0.489295  0.200343  
0.49817  0.190449  
0.500459  0.177517  
0.528011  0.218156  
0.534094  0.241898  
0.546343  0.233178  
0.579048  0.233626  
0.566064  0.232672  
0.558729  0.214918  
0.562112  0.23204  
0.560395  0.217476  
0.550811  0.18051  
0.54963  0.195541  
0.535669  0.15126  
0.535221  0.155076  
0.525175  0.143234  
0.528598  0.134842  
0.532437  0.162257  
0.544517  0.188908  
0.544552  0.195304  
0.547259  0.19237  
0.542079  0.18674  
0.536889  0.20949  
0.537142  0.215217  
0.533187  0.20871  
0.528371  0.202354  
0.529244  0.191811  
0.531664  0.19401  
0.532197  0.199393  
0.516303  0.167619  
0.525051  0.156887  
0.534054  0.13277  
0.535373  0.138699  
0.528055  0.149733  
0.54475  0.161254  
0.545423  0.166213  
0.54627  0.0921483  
0.547077  0.0973164  
0.544329  0.0685369  
0.545263  0.0735845  
0.540716  0.0717647  
0.542702  0.0712249  
0.542682  0.0735208  
0.553121  0.0523589  
0.553129  0.0545442  
0.546004  0.0629134  
0.549664  0.0874457  
0.550833  0.0914315  
0.543473  0.109174  
0.55358  0.113407  
0.559658  0.106647  
0.552551  0.103404  
0.561049  0.0911905  
0.558342  0.0615809  
0.559688  0.0648719  
0.556287  0.0717825  
0.549822  0.0790836  
0.55431  0.050937  
0.555831  0.0539544  
0.559101  0.0078475  
0.568004  0.0113375  
0.569484  0.0142585  
0.564396  0.0116828  
0.565523  0.0118338  
0.568637  -0.0049662  
0.578869  0.0136923  
0.57908  0.0145828  
0.57633  0.00848541  
0.576024  0.0107663  
0.561807  -0.00730257  
0.550407  -0.0233112  
0.558877  -0.0362986  
0.574925  -0.0460577  
0.569569  -0.0460806  
0.585002  -0.0578895  
0.586958  -0.0885682  
0.580408  -0.102651  
0.584311  -0.0870595  
0.5862  -0.0856914  
0.594017  -0.125736  
0.595525  -0.168062  
0.595804  -0.157728  
0.585036  -0.192836  
0.587041  -0.19167  
0.567149  -0.244039  
0.562769  -0.238632  
0.555313  -0.249076  
0.559834  -0.262895  
0.554837  -0.276983  
0.554388  -0.252705  
0.549521  -0.267233  
0.56505  -0.258676  
0.573193  -0.247192  
0.575566  -0.247323  
0.592105  -0.253425  
0.599227  -0.255725  
0.630617  -0.23501  
0.631787  -0.2496  
0.634556  -0.231666  
0.638137  -0.305098  
0.637544  -0.315538  
0.62341  -0.368657  
0.61902  -0.386022  
0.612144  -0.39278  
0.605487  -0.415063  
0.605584  -0.416552  
0.569789  -0.474649  
0.575096  -0.452965  
0.577511  -0.454089  
0.579812  -0.454756  
0.560833  -0.465553  
0.579383  -0.488137  
0.583412  -0.476401  
0.58571  -0.47835  
0.591114  -0.499406  
0.58445  -0.517437  
0.58315  -0.537648  
0.585907  -0.575477  
0.587852  -0.584723  
0.590104  -0.621571  
0.594635  -0.605403  
0.58759  -0.616224  
0.583091  -0.622379  
0.587794  -0.606773  
0.603002  -0.562627  
0.600542  -0.554252  
0.602277  -0.568156  
0.604608  -0.552676  
0.626982  -0.533289  
0.635601  -0.522348  
0.639759  -0.508485  
0.634971  -0.551156  
0.636517  -0.555656  
0.627097  -0.593302  
0.627521  -0.622328  
0.622048  -0.631462  
0.640509  -0.654006  
0.62944  -0.681161  
0.622258  -0.663929  
0.605401  -0.690628  
0.60288  -0.684315  
0.61492  -0.662774  
0.613216  -0.650947  
0.639362  -0.623413  
0.636878  -0.615908  
0.638204  -0.621747  
0.653785  -0.616813  
0.654876  -0.622902  
0.658463  -0.666761  
0.660643  -0.668385  
0.665173  -0.672495  
0.661735  -0.728047  
0.662417  -0.73403  
0.650414  -0.790821  
0.66262  -0.780051  
0.666758  -0.785797  
0.646877  -0.803428  
0.643097  -0.817071  
0.643208  -0.784915  
0.646453  -0.76802  
0.657865  -0.756125  
0.66001  -0.745396  
0.668727  -0.716302  
0.668493  -0.736578  
0.676241  -0.737594  
0.670148  -0.733157  
0.6932  -0.699869  
0.698479  -0.699582  
0.692796  -0.757998  
0.688178  -0.802957  
0.691988  -0.790381  
0.684476  -0.841291  
0.682069  -0.859608  
0.671898  -0.889206  
0.669706  -0.896741  
0.671543  -0.891803  
0.644678  -0.920195  
0.644061  -0.916032  
0.637241  -0.942  
0.619038  -0.945637  
0.62296  -0.937094  
0.607142  -0.983392  
0.607058  -0.966389  
0.583946  -1.01048  
0.564176  -1.04861  
0.568323  -1.04051  
0.54473  -1.12721  
0.548842  -1.11903  
0.509034  -1.20396  
0.490442  -1.24342  
0.475004  -1.25793  
0.450029  -1.2953  
0.455531  -1.28034  
0.442679  -1.29888  
0.435116  -1.31027  
0.447055  -1.29633  
0.444304  -1.27944  
0.450728  -1.26488  
0.460631  -1.25858  
0.466755  -1.25819  
0.480419  -1.26719  
0.473918  -1.2715  
0.47495  -1.26894  
0.492102  -1.28669  
0.49397  -1.27769  
0.484575  -1.32502  
0.480632  -1.35002  
0.481472  -1.34781  
0.475258  -1.33606  
0.481977  -1.3482  
0.468392  -1.33535  
0.494679  -1.29593  
0.486971  -1.30034  
0.472044  -1.29767  
0.47402  -1.29377  
0.462111  -1.30111  
0.460919  -1.30974  
0.457366  -1.32153  
0.438219  -1.35429  
0.439854  -1.35087  
0.405928  -1.414  
0.404064  -1.44344  
0.389128  -1.4658  
0.365947  -1.49521  
0.364683  -1.49766  
0.328291  -1.54508  
0.293866  -1.57021  
0.284672  -1.58817  
0.258683  -1.59219  
0.26092  -1.59207  
0.268939  -1.566  
0.275616  -1.55136  
0.267798  -1.5366  
0.270312  -1.56076  
0.286202  -1.54133  
0.285548  -1.54828  
0.308212  -1.5244  
0.319958  -1.52047  
0.336603  -1.53936  
0.33604  -1.53913  
0.340535  -1.55879  
0.33717  -1.56198  
0.356222  -1.5399  
0.360918  -1.53217  
0.359212  -1.53138  
0.352599  -1.53245  
0.350694  -1.53187  
0.33273  -1.54074  
0.29978  -1.56692  
0.297834  -1.56654  
0.286103  -1.5979  
0.283895  -1.59753  
0.266578  -1.62358  
0.226007  -1.67269  
0.209137  -1.68996  
0.186233  -1.72671  
0.208117  -1.71272  
0.189028  -1.75254  
0.18754  -1.75321  
0.203603  -1.75416  
0.207069  -1.75028  
0.205446  -1.75108  
0.200438  -1.76228  
0.199558  -1.75728  
0.203645  -1.75954  
0.202263  -1.75138  
0.202014  -1.75556  
0.199768  -1.75326  
0.196416  -1.76497  
0.175959  -1.76582  
0.153748  -1.77125  
0.136433  -1.78416  
0.0952245  -1.82188  
0.0889021  -1.82034  
0.0702055  -1.84686  
0.0654118  -1.85613  
0.0530958  -1.85778  
0.046479  -1.87294  
0.039646  -1.88117  
0.0409953  -1.88388  
0.0367987  -1.90119  
0.0312091  -1.89626  
0.0449935  -1.9005  
0.0423579  -1.90211  
0.0335041  -1.91545  
0.0258387  -1.92939  
0.0254037  -1.91875  
0.0224562  -1.91675  
0.00601062  -1.93434  
-0.00753398  -1.95069  
-0.0113814  -1.95958  
-0.0269185  -1.976  
-0.0485673  -1.99317  
-0.0604125  -1.99267  
-0.0887476  -2.00586  
-0.0993345  -2.01333  
-0.13369  -2.03267  
-0.169562  -2.05476  
-0.15878  -2.04254  
-0.206048  -2.07734  
-0.213853  -2.08  
-0.255939  -2.09842  
-0.273415  -2.11591  
-0.268241  -2.1085  
-0.297981  -2.13312  
-0.298919  -2.14856  
-0.314449  -2.14997  
-0.326873  -2.15994  
-0.321631  -2.15865  
-0.339481  -2.1758  
-0.336043  -2.17344  
-0.339797  -2.18128  
-0.336626  -2.19505  
-0.346628  -2.19679  
-0.334493  -2.18423  
-0.344854  -2.18615  
-0.35429  -2.18892  
-0.351789  -2.1896  
-0.35742  -2.1914  
-0.380121  -2.20549  
-0.372502  -2.19348  
-0.412022  -2.20142  
-0.40091  -2.17747  
-0.419929  -2.18767  
-0.415978  -2.16674  
-0.437773  -2.18377  
-0.437411  -2.15875  
-0.450059  -2.16025  
-0.460574  -2.17186  
-0.466746  -2.16681  
-0.441688  -2.14914  
-0.477172  -2.15629  
-0.490481  -2.17208  
-0.486397  -2.16301  
-0.515007  -2.17369  
-0.521184  -2.18199  
-0.542068  -2.1956  
-0.545589  -2.19604  
-0.551396  -2.19693  
-0.562803  -2.20253  
-0.559998  -2.19451  
-0.563606  -2.19111  
-0.56077  -2.19535  
-0.56798  -2.21544  
-0.558022  -2.19854  
-0.555498  -2.20546  
-0.571074  -2.20105  
-0.584781  -2.19546  
-0.583447  -2.19531  
-0.603413  -2.20532  
-0.598076  -2.18954  
-0.585621  -2.18845  
-0.617161  -2.19146  
-0.615253  -2.18384  
-0.6253  -2.17247  
-0.642233  -2.18368  
-0.635832  -2.17413  
-0.636643  -2.17931  
-0.607664  -2.13743  
-0.626569  -2.11865  
-0.627415  -2.12389  
-0.650728  -2.10795  
-0.637083  -2.09823  
-0.627417  -2.08705  
-0.631398  -2.09308  
-0.634782  -2.09587  
-0.640109  -2.08991  
-0.639908  -2.08558  
-0.656577  -2.08414  
-0.660244  -2.083  
-0.645243  -2.09748  
-0.665783  -2.09914  
-0.653434  -2.09667  
-0.707583  -2.12446  
-0.719315  -2.12101  
-0.721104  -2.12148  
-0.732581  -2.12534  
-0.739335  -2.11748  
-0.743597  -2.11589  
-0.742119  -2.11694  
-0.727847  -2.1099  
-0.737479  -2.11419  
-0.723737  -2.11758  
-0.714935  -2.10637  
-0.684994  -2.10301  
-0.686743  -2.10378  
-0.671677  -2.09033  
-0.670498  -2.08051  
-0.689052  -2.10945  
-0.706345  -2.11193  
-0.707266  -2.1176  
-0.70797  -2.11469  
-0.727282  -2.12789  
-0.727576  -2.13057  
-0.728866  -2.11965  
-0.720726  -2.12323  
-0.740304  -2.11684  
-0.733021  -2.12043  
-0.736917  -2.11372  
-0.736407  -2.10378  
-0.759506  -2.10092  
-0.749333  -2.0942  
-0.792498  -2.09169  
-0.787903  -2.07476  
-0.809643  -2.08864  
-0.819289  -2.07632  
-0.821624  -2.07717  
-0.84369  -2.07351  
-0.848588  -2.07105  
-0.846956  -2.07322  
-0.838926  -2.06049  
-0.824521  -2.05591  
-0.844979  -2.05292  
-0.823614  -2.03627  
-0.826326  -2.04457  
-0.820909  -2.032  
-0.815621  -2.03486  
-0.809129  -2.01261  
-0.812148  -2.01482  
-0.799856  -2.00652  
-0.817895  -2.01393  
-0.818026  -2.01349  
-0.794915  -2.00232  
-0.803123  -2.00582  
-0.793232  -2.00036  
-0.798195  -1.98952  
-0.784378  -1.99829  
-0.788163  -1.9917  
-0.786352  -1.98918  
-0.773149  -1.98531  
-0.771513  -1.97523  
-0.760092  -1.97635  
-0.76719  -1.95981  
-0.77744  -1.94758  
-0.781914  -1.9485  
-0.811911  -1.94228  
-0.80993  -1.94392  
-0.805122  -1.92577  
-0.811244  -1.91375  
-0.817671  -1.90591  
-0.811346  -1.89742  
-0.812585  -1.88729  
-0.819463  -1.88902  
-0.823788  -1.89011  
-0.818296  -1.89376  
-0.822771  -1.89477  
-0.821814  -1.88156  
-0.813558  -1.87532  
-0.821837  -1.8812  
-0.823447  -1.88129  
-0.82196  -1.8745  
-0.813918  -1.85014  
-0.816337  -1.84527  
-0.818423  -1.83609  
-0.812799  -1.8061  
-0.819242  -1.78293  
-0.813989  -1.78702  
-0.802602  -1.77427  
-0.801424  -1.76457  
-0.784358  -1.73742  
-0.783395  -1.74291  
-0.785029  -1.73705  
-0.777695  -1.72574  
-0.776197  -1.72216  
-0.764991  -1.70936  
-0.764021  -1.71486  
-0.751765  -1.70008  
-0.757729  -1.69317  
-0.753094  -1.69712  
-0.755241  -1.68446  
-0.758518  -1.68043  
-0.75481  -1.66965  
-0.757866  -1.65861  
-0.757878  -1.64718  
-0.760673  -1.64823  
-0.762122  -1.65841  
-0.772621  -1.65459  
-0.778117  -1.67202  
-0.783634  -1.67307  
-0.795064  -1.66993  
-0.790098  -1.67372  
-0.80263  -1.67487  
-0.817677  -1.67728  
-0.812605  -1.68091  
-0.813632  -1.67239  
-0.806047  -1.66595  
-0.81896  -1.65803  
-0.827939  -1.6623  
-0.832636  -1.65991  
-0.83873  -1.66776  
-0.832709  -1.65988  
-0.840475  -1.67525  
-0.835609  -1.67874  
-0.839048  -1.68425  
-0.843592  -1.69521  
-0.842136  -1.69156  
-0.838903  -1.68062  
-0.832148  -1.69115  
-0.858708  -1.66683  
-0.859605  -1.66643  
-0.858189  -1.64882  
-0.860269  -1.62924  
-0.853099  -1.62301  
-0.852734  -1.61356  
-0.856035  -1.6048  
-0.853596  -1.59021  
-0.856925  -1.58163  
-0.855528  -1.57987  
-0.848502  -1.57391  
-0.841549  -1.55673  
-0.842195  -1.55667  
-0.848282  -1.55795  
-0.871969  -1.53988  
-0.865637  -1.54151  
-0.891727  -1.53345  
-0.905521  -1.52295  
-0.901718  -1.5269  
-0.920538  -1.52065  
-0.914922  -1.5149  
-0.943049  -1.50688  
-0.946772  -1.50843  
-0.95291  -1.50814  
-0.959612  -1.49731  
-0.961086  -1.50229  
-0.951711  -1.50038  
-0.956783  -1.49709  
-0.967762  -1.48453  
-0.972433  -1.49575  
-0.97603  -1.4876  
-0.993921  -1.50897  
-1.00164  -1.51529  
-1.00535  -1.50849  
-1.02294  -1.5175  
-1.01884  -1.52349  
-1.04894  -1.51448  
-1.03778  -1.50923  
-1.03578  -1.49944  
-1.05889  -1.50474  
-1.04738  -1.50504  
-1.06752  -1.49732  
-1.08794  -1.48649  
-1.05869  -1.48448  
-1.0649  -1.49147  
-1.07342  -1.47901  
-1.10435  -1.48803  
-1.10958  -1.48969  
-1.1168  -1.46943  
-1.13172  -1.47598  
-1.13231  -1.46523  
-1.1535  -1.47454  
-1.14625  -1.46626  
-1.15818  -1.45357  
-1.14664  -1.44071  
-1.15952  -1.43371  
-1.161  -1.44226  
-1.166  -1.43967  
-1.16651  -1.42996  
-1.15925  -1.42773  
-1.14947  -1.42512  
-1.15681  -1.43616  
-1.14094  -1.44127  
-1.18335  -1.44299  
-1.17415  -1.43224  
-1.1825  -1.43898  
-1.19802  -1.43765  
-1.19768  -1.44163  
-1.19733  -1.44026  
-1.19535  -1.43057  
-1.20417  -1.42419  
-1.21874  -1.39656  
-1.21334  -1.40152  
-1.21228  -1.39479  
-1.21773  -1.39708  
-1.24019  -1.37642  
-1.24544  -1.37889  
-1.25654  -1.36866  
-1.24203  -1.3594  
-1.24003  -1.35145  
-1.25111  -1.34208  
-1.25641  -1.34478  
-1.27883  -1.32509  
-1.27987  -1.3244  
-1.2755  -1.32419  
-1.26464  -1.32238  
-1.24901  -1.32669  
-1.22712  -1.31532  
-1.23263  -1.3081  
-1.2316  -1.30253  
-1.22841  -1.31078  
-1.23422  -1.31342  
-1.23164  -1.30482  
-1.24179  -1.32015  
-1.24749  -1.32263  
-1.23121  -1.30943  
-1.22633  -1.31461  
-1.25021  -1.31872  
-1.23631  -1.31331  
-1.23168  -1.31811  
-1.24122  -1.33704  
-1.24727  -1.33899  
-1.25321  -1.34111  
-1.25933  -1.3433  
-1.25166  -1.34795  
-1.2802  -1.34762  
-1.29411  -1.34851  
-1.28763  -1.34378  
-1.31785  -1.34965  
-1.33107  -1.35079  
-1.32443  -1.34611  
-1.3441  -1.34898  
-1.35614  -1.34811  
-1.35134  -1.35265  
-1.37509  -1.3549  
-1.36841  -1.35029  
-1.37118  -1.35124  
-1.38036  -1.35486  
-1.38372  -1.35376  
-1.37176  -1.33532  
-1.37007  -1.34158  
-1.37366  -1.34074  
-1.37526  -1.34915  
-1.38871  -1.34286  
-1.3794  -1.33849  
-1.38291  -1.33857  
-1.37682  -1.3335  
-1.3777  -1.33966  
-1.37861  -1.32648  
-1.37398  -1.33155  
-1.37338  -1.33742  
-1.36384  -1.33533  
-1.35744  -1.32738  
-1.35314  -1.33223  
-1.36282  -1.31299  
-1.33957  -1.31725  
-1.34465  -1.31017  
-1.34414  -1.30644  
-1.34921  -1.29945  
-1.3543  -1.28616  
-1.35256  -1.26744  
-1.36176  -1.27124  
-1.33885  -1.24908  
-1.33238  -1.24867  
-1.33229  -1.23941  
-1.33559  -1.24485  
-1.33941  -1.23896  
-1.3424  -1.23616  
-1.35188  -1.22754  
-1.35167  -1.24722  
-1.36244  -1.24311  
-1.3622  -1.25334  
-1.36072  -1.25355  
-1.36582  -1.26392  
-1.37196  -1.26738  
-1.36293  -1.26278  
-1.37222  -1.27182  
-1.3689  -1.26882  
-1.35872  -1.28021  
-1.36694  -1.2724  
-1.36123  -1.2678  
-1.36796  -1.26637  
-1.3586  -1.2712  
-1.37284  -1.26507  
-1.37092  -1.26508  
-1.38182  -1.26792  
-1.37768  -1.27274  
-1.36323  -1.25289  
-1.36201  -1.24911  
-1.36023  -1.25556  
-1.35712  -1.25376  
-1.36542  -1.25478  
-1.33089  -1.2332  
-1.33035  -1.22915  
-1.33035  -1.22915  
-1.30744  -1.20954  
-1.29574  -1.21508  
-1.31621  -1.20476  
-1.3062  -1.19452  
-1.29708  -1.19041  
-1.30646  -1.1833  
-1.3101  -1.18552  
-1.30855  -1.16947  
-1.31221  -1.1719  
-1.31579  -1.1739  
-1.32027  -1.17098  
-1.31401  -1.15841  
-1.31626  -1.16158  
-1.31295  -1.15881  
-1.34458  -1.14596  
-1.34051  -1.1512  
-1.3238  -1.13199  
-1.32938  -1.12571  
-1.34096  -1.12691  
-1.34785  -1.12992  
-1.34566  -1.11869  
-1.34725  -1.11644  
-1.35408  -1.11952  
-1.33013  -1.10358  
-1.32455  -1.09987  
-1.33347  -1.09263  
-1.32257  -1.08391  
-1.31344  -1.09528  
-1.32539  -1.08706  
-1.3167  -1.09424  
-1.30639  -1.089  
-1.31045  -1.08248  
-1.31739  -1.07352  
-1.31159  -1.06449  
-1.31416  -1.07454  
-1.30364  -1.07025  
-1.31451  -1.07413  
-1.31249  -1.07579  
-1.30663  -1.06562  
-1.29724  -1.07341  
-1.28586  -1.0674  
-1.2954  -1.0676  
-1.30262  -1.07071  
-1.29132  -1.05746  
-1.30128  -1.05054  
-1.28915  -1.06058  
-1.30449  -1.05708  
-1.31163  -1.06027  
-1.32231  -1.06308  
-1.31817  -1.06849  
-1.34601  -1.06267  
-1.33739  -1.05502  
-1.32806  -1.06168  
-1.32732  -1.04234  
-1.32308  -1.0479  
-1.34469  -1.03319  
-1.33192  -1.02361  
-1.3249  -1.02187  
-1.3314  -1.00872  
-1.33681  -1.01131  
-1.30701  -0.986882  
-1.32222  -0.985722  
-1.31335  -0.988008  
-1.28843  -0.974221  
-1.28305  -0.977199  
-1.27895  -0.974095  
-1.26102  -0.956225  
-1.25614  -0.967846  
-1.25164  -0.956356  
-1.24346  -0.951704  
-1.24892  -0.952267  
-1.24523  -0.94088  
-1.23979  -0.938042  
-1.25599  -0.927392  
-1.25419  -0.934007  
-1.25046  -0.922599  
-1.253  -0.916333  
-1.23387  -0.910486  
-1.22826  -0.907808  
-1.22693  -0.897183  
-1.22183  -0.88547  
-1.21618  -0.882979  
-1.20928  -0.879796  
-1.2044  -0.875012  
-1.19589  -0.869363  
-1.18678  -0.864342  
-1.18756  -0.864792  
-1.18959  -0.855351  
-1.19764  -0.851094  
-1.18941  -0.830032  
-1.18762  -0.836629  
-1.18017  -0.819771  
-1.18254  -0.800716  
-1.19062  -0.796534  
-1.18246  -0.776091  
-1.19209  -0.780599  
-1.17808  -0.779059  
-1.18536  -0.780416  
-1.18124  -0.774286  
-1.19804  -0.786519  
-1.19773  -0.780276  
-1.19558  -0.770247  
-1.19354  -0.777248  
-1.20013  -0.782163  
-1.19752  -0.786843  
-1.19109  -0.785101  
-1.18454  -0.764516  
-1.17388  -0.736855  
-1.17886  -0.733555  
-1.16615  -0.71132  
-1.15961  -0.710336  
-1.15099  -0.701441  
-1.14541  -0.69922  
-1.15518  -0.686265  
-1.14544  -0.66554  
-1.13765  -0.656461  
-1.14054  -0.640338  
-1.14587  -0.632977  
-1.14365  -0.629889  
-1.14299  -0.625816  
-1.13413  -0.626893  
-1.12566  -0.613312  
-1.11178  -0.613741  
-1.12304  -0.601616  
-1.10894  -0.607238  
-1.10019  -0.607751  
-1.09605  -0.603344  
-1.08049  -0.604683  
-1.08276  -0.603659  
-1.05804  -0.58743  
-1.06631  -0.583818  
-1.06592  -0.585973  
-1.05516  -0.588754  
-1.05455  -0.589166  
-1.06132  -0.570463  
-1.05396  -0.570788  
-1.05276  -0.566278  
-1.04538  -0.56662  
-1.05995  -0.565433  
-1.06415  -0.563974  
-1.05375  -0.555617  
-1.05053  -0.546193  
-1.04701  -0.544663  
-1.03907  -0.537968  
-1.05046  -0.550215  
-1.03057  -0.546171  
-1.02252  -0.553176  
-1.01746  -0.550114  
-1.0309  -0.560933  
-1.02764  -0.559568  
-0.996882  -0.551951  
-0.997547  -0.555329  
-0.987668  -0.560992  
-0.988893  -0.556844  
-0.982213  -0.560226  
-0.976876  -0.55758  
-0.97751  -0.561236  
-0.976789  -0.556277  
-0.953203  -0.550588  
-0.947483  -0.546837  
-0.937312  -0.543058  
-0.92888  -0.543588  
-0.9338  -0.543898  
-0.92651  -0.542117  
-0.916865  -0.545798  
-0.899346  -0.549592  
-0.894456  -0.553394  
-0.886665  -0.5541  
-0.899636  -0.555158  
-0.891671  -0.555893  
-0.876712  -0.565955  
-0.880958  -0.564883  
-0.873321  -0.571021  
-0.86412  -0.575209  
-0.872469  -0.572254  
-0.861924  -0.574093  
-0.862976  -0.57514  
-0.860678  -0.574139  
-0.8526  -0.574754  
-0.834046  -0.571119  
-0.817335  -0.568774  
-0.821474  -0.567904  
-0.79673  -0.565091  
-0.788786  -0.56576  
-0.76504  -0.556892  
-0.759952  -0.564887  
-0.742557  -0.561491  
-0.734778  -0.562135  
-0.746712  -0.579409  
-0.739836  -0.588148  
-0.744093  -0.58724  
-0.724137  -0.586073  
-0.716138  -0.586547  
-0.693664  -0.593725  
-0.677108  -0.600214  
-0.688756  -0.594334  
-0.67651  -0.60966  
-0.68381  -0.612208  
-0.679962  -0.618247  
-0.649824  -0.611663  
-0.650284  -0.611381  
-0.650863  -0.60773  
-0.646327  -0.610473  
-0.642221  -0.617274  
-0.663196  -0.618657  
-0.664862  -0.613242  
-0.664338  -0.615093  
-0.666712  -0.608816  
-0.671273  -0.624953  
-0.663361  -0.621554  
-0.67199  -0.62943  
-0.648102  -0.631738  
-0.651867  -0.63081  
-0.660918  -0.63216  
-0.626791  -0.630953  
-0.655829  -0.639393  
-0.619519  -0.636107  
-0.623286  -0.635283  
-0.61299  -0.634956  
-0.601663  -0.625374  
-0.593088  -0.625792  
-0.564798  -0.613109  
-0.555444  -0.606316  
-0.555927  -0.61768  
-0.528738  -0.61282  
-0.534913  -0.612189  
-0.543968  -0.616199  
-0.538892  -0.615968  
-0.527554  -0.607649  
-0.518565  -0.614848  
-0.529796  -0.617279  
-0.525611  -0.626656  
-0.522059  -0.626463  
-0.523527  -0.629201  
-0.512606  -0.620043  
-0.507978  -0.619926  
-0.529207  -0.628539  
-0.532184  -0.628355  
-0.520779  -0.637666  
-0.556296  -0.639768  
-0.57538  -0.644313  
-0.577832  -0.644186  
-0.588211  -0.658784  
-0.590488  -0.658579  
-0.622374  -0.688011  
-0.648666  -0.698319  
-0.638311  -0.698953  
-0.651931  -0.711347  
-0.648171  -0.713794  
-0.663346  -0.739134  
-0.653094  -0.739544  
-0.646238  -0.740889  
-0.648152  -0.740289  
-0.607543  -0.721666  
-0.597557  -0.722262  
-0.584727  -0.717575  
-0.586833  -0.717402  
-0.537677  -0.703409  
-0.533084  -0.682972  
-0.535466  -0.683164  
-0.494621  -0.67156  
-0.4971  -0.67188  
-0.447497  -0.668189  
-0.437842  -0.669269  
-0.387543  -0.67207  
-0.39049  -0.67232  
-0.401123  -0.686331  
-0.376344  -0.700706  
-0.379128  -0.700668  
-0.349937  -0.704763  
-0.352774  -0.704687  
-0.3534  -0.713112  
-0.386642  -0.723353  
-0.384191  -0.715474  
-0.401625  -0.720881  
-0.402001  -0.721644  
-0.41118  -0.70986  
-0.406043  -0.70834  
-0.394723  -0.701977  
-0.419802  -0.705864  
-0.407834  -0.70724  
-0.397897  -0.706537  
-0.39817  -0.707247  
-0.405022  -0.720943  
-0.39521  -0.72359  
-0.395922  -0.721674  
-0.416164  -0.735656  
-0.411035  -0.742962  
-0.394246  -0.72917  
-0.383218  -0.730032  
-0.381547  -0.727661  
-0.395153  -0.731702  
-0.395262  -0.732327  
-0.358115  -0.713936  
-0.35908  -0.714413  
-0.305346  -0.672284  
-0.284803  -0.663296  
-0.279317  -0.655753  
-0.253862  -0.652975  
-0.257139  -0.656004  
-0.269345  -0.664106  
-0.219078  -0.632118  
-0.206901  -0.632903  
-0.223856  -0.648738  
-0.223759  -0.649249  
-0.164541  -0.645602  
-0.164414  -0.646095  
-0.147742  -0.652178  
-0.125419  -0.654814  
-0.108401  -0.647331  
-0.0981293  -0.640994  
-0.0583154  -0.620032  
-0.0598847  -0.625798  
-0.0605831  -0.626899  
-0.0323075  -0.603091  
-0.0212406  -0.604274  
-0.0166582  -0.606093  
-0.0171524  -0.607319  
-0.013086  -0.593071  
-0.0138588  -0.598356  
-0.0115005  -0.60042  
-0.0178538  -0.612627  
-0.0361843  -0.614425  
-0.0358413  -0.615625  
-0.0652076  -0.632313  
-0.0523911  -0.634822  
-0.0451679  -0.627246  
-0.0486997  -0.624036  
-0.0411792  -0.616445  
-0.0449234  -0.60906  
-0.0443526  -0.609279  
0.0067724  -0.596786  
0.00767298  -0.598147  
0.028533  -0.593222  
0.0356401  -0.583445  
0.043381  -0.575755  
0.0814425  -0.573628  
0.0604223  -0.579469  
0.090599  -0.600036  
0.0914188  -0.60123  
0.119664  -0.596605  
0.121091  -0.594155  
0.121186  -0.591821  
0.161701  -0.569969  
0.163417  -0.577763  
0.163636  -0.570325  
0.16539  -0.563227  
0.159669  -0.569092  
0.138965  -0.574384  
0.139827  -0.574374  
0.159262  -0.558017  
0.132075  -0.573739  
0.15382  -0.585847  
0.153176  -0.592726  
0.165216  -0.592296  
0.190075  -0.589959  
0.191727  -0.591017  
0.241391  -0.562239  
0.257037  -0.553787  
0.231711  -0.567109  
0.25303  -0.573223  
0.243647  -0.571616  
0.235348  -0.581506  
0.243643  -0.571347  
0.246392  -0.579699  
0.246375  -0.590095  
0.226295  -0.594456  
0.188387  -0.632322  
0.207711  -0.621834  
0.231576  -0.612109  
0.232486  -0.602575  
0.24346  -0.6034  
0.231797  -0.613061  
0.24472  -0.606781  
0.222245  -0.616882  
0.228075  -0.611276  
0.23791  -0.60201  
0.229961  -0.614621  
0.22555  -0.616959  
0.201426  -0.639142  
0.225382  -0.638576  
0.20896  -0.652308  
0.227499  -0.645659  
0.202033  -0.647343  
0.232814  -0.639824  
0.206984  -0.654709  
0.210457  -0.659703  
0.202979  -0.664068  
0.189018  -0.674156  
0.172403  -0.679074  
0.186064  -0.679295  
0.20517  -0.668755  
0.192426  -0.676176  
0.216495  -0.68997  
0.225785  -0.681296  
0.251944  -0.668018  
0.288152  -0.640464  
0.283446  -0.642824  
0.309246  -0.622942  
0.329694  -0.613052  
0.352273  -0.594786  
0.325949  -0.607217  
0.355062  -0.597095  
0.350465  -0.582958  
0.347718  -0.599253  
0.321848  -0.614636  
0.309253  -0.642045  
0.328641  -0.641437  
0.326829  -0.642115  
0.309065  -0.668531  
0.315367  -0.65768  
0.333408  -0.650453  
0.357399  -0.640788  
0.373784  -0.623533  
0.347357  -0.648526  
0.396746  -0.607888  
0.363626  -0.621665  
0.408104  -0.603798  
0.400015  -0.616833  
0.41933  -0.599395  
0.422687  -0.605877  
0.435313  -0.59978  
0.445934  -0.575304  
0.429654  -0.579856  
0.449721  -0.569734  
0.440766  -0.577562  
0.465058  -0.567394  
0.478304  -0.567006  
0.452142  -0.582975  
0.487405  -0.556924  
0.489022  -0.557966  
0.478732  -0.589489  
0.487924  -0.579576  
0.505718  -0.572327  
0.507163  -0.573059  
0.50679  -0.560386  
0.529077  -0.535926  
0.503098  -0.552094  
0.501995  -0.521413  
0.476193  -0.537692  
0.498241  -0.508087  
0.472363  -0.524556  
0.44803  -0.541997  
0.460606  -0.542613  
0.411311  -0.567557  
0.42109  -0.558029  
0.423618  -0.566964  
0.440843  -0.579033  
0.422425  -0.583976  
0.440242  -0.574269  
0.440775  -0.582543  
0.452635  -0.570715  
0.452178  -0.568152  
0.46136  -0.558412  
0.460042  -0.55503  
0.438545  -0.566602  
0.481613  -0.54055  
0.463241  -0.556362  
0.470161  -0.543169  
0.496457  -0.527722  
0.515247  -0.515994  
0.51971  -0.52387  
0.53141  -0.511823  
0.542103  -0.519479  
0.579128  -0.497154  
0.583018  -0.494604  
0.596879  -0.493948  
0.581375  -0.508593  
0.617752  -0.485409  
0.643888  -0.468133  
0.649845  -0.465307  
0.633805  -0.465189  
0.652933  -0.44716  
0.62292  -0.462632  
0.624335  -0.460145  
0.597165  -0.475099  
0.600328  -0.466226  
0.616873  -0.446666  
0.557987  -0.508118  
0.542097  -0.523001  
0.523742  -0.545156  
0.504996  -0.553312  
0.505738  -0.554138  
0.475682  -0.554219  
0.494951  -0.543839  
0.484201  -0.530672  
0.464345  -0.535674  
0.440535  -0.537302  
0.431991  -0.541612  
0.442489  -0.502677  
0.454415  -0.49654  
0.434115  -0.502036  
0.486976  -0.471813  
0.477736  -0.47691  
0.499575  -0.479375  
0.500485  -0.499347  
0.507396  -0.490258  
0.522853  -0.496268  
0.540895  -0.486485  
0.543423  -0.50159  
0.567751  -0.488141  
0.588634  -0.474342  
0.595711  -0.463544  
0.609196  -0.473463  
0.64821  -0.437848  
0.663279  -0.427732  
0.695503  -0.397333  
0.691463  -0.398717  
0.713034  -0.381489  
0.734825  -0.369064  
0.720905  -0.385824  
0.728761  -0.392707  
0.72037  -0.404764  
0.719323  -0.400341  
0.706483  -0.443827  
0.709068  -0.443434  
0.72107  -0.451938  
0.698945  -0.457033  
0.713107  -0.450083  
0.695455  -0.465139  
0.699842  -0.45581  
0.686543  -0.453897  
0.673032  -0.468761  
0.672698  -0.476712  
0.677421  -0.466991  
0.676554  -0.466367  
0.654158  -0.471159  
0.673845  -0.482734  
0.692734  -0.48788  
0.687862  -0.482157  
0.703353  -0.475243  
0.706361  -0.481316  
0.732548  -0.45981  
0.749477  -0.453156  
0.735847  -0.460785  
0.760935  -0.442719  
0.770449  -0.444131  
0.752443  -0.458379  
0.774482  -0.430267  
0.755761  -0.443627  
0.768682  -0.438848  
0.769144  -0.44625  
0.757508  -0.449928  
0.782143  -0.422332  
0.770185  -0.426285  
0.762234  -0.433424  
0.776843  -0.422881  
0.748321  -0.437481  
0.756587  -0.43757  
0.770672  -0.440665  
0.767296  -0.441514  
0.768763  -0.437676  
0.776536  -0.437526  
0.784609  -0.442838  
0.785656  -0.460049  
0.788282  -0.450025  
0.781164  -0.459843  
0.795191  -0.448924  
0.780392  -0.444721  
0.737605  -0.460289  
0.745631  -0.460078  
0.699993  -0.482912  
0.704358  -0.480885  
0.699836  -0.483134  
0.681345  -0.496534  
0.687315  -0.490208  
0.668943  -0.503361  
0.668429  -0.509748  
0.650059  -0.522606  
0.638607  -0.535669  
0.652594  -0.525138  
0.66324  -0.514234  
0.647599  -0.518085  
0.655547  -0.517482  
0.651681  -0.515097  
0.638968  -0.517647  
0.622181  -0.536286  
0.624124  -0.527956  
0.626792  -0.519931  
0.611385  -0.531414  
0.629107  -0.520694  
0.628841  -0.513572  
0.606314  -0.523397  
0.6222  -0.518248  
0.598795  -0.523672  
0.571213  -0.531181  
0.584906  -0.520872  
0.57345  -0.522063  
0.58725  -0.511545  
0.591556  -0.509189  
0.586685  -0.509617  
0.584309  -0.535883  
0.593643  -0.536159  
0.630354  -0.521949  
0.65539  -0.519893  
0.670051  -0.511333  
0.695245  -0.499556  
0.701736  -0.499115  
0.725943  -0.493152  
0.721517  -0.490999  
0.720892  -0.490377  
0.737121  -0.46062  
0.740956  -0.458937  
0.759455  -0.450288  
0.759104  -0.440694  
0.743616  -0.436599  
0.722706  -0.454352  
0.724411  -0.462137  
0.69785  -0.476988  
0.694822  -0.488065  
0.671749  -0.501317  
0.66297  -0.517312  
0.668909  -0.525196  
0.650473  -0.522866  
0.634574  -0.530386  
0.648951  -0.535303  
0.634801  -0.53531  
0.635925  -0.530667  
0.639433  -0.517742  
0.650802  -0.510024  
0.661233  -0.490183  
0.678575  -0.472278  
0.68745  -0.458483  
0.688659  -0.463615  
0.699712  -0.468551  
0.694621  -0.470862  
0.719225  -0.454704  
0.712625  -0.455339  
0.740744  -0.455338  
0.719682  -0.471006  
0.725447  -0.470566  
0.733254  -0.47581  
0.726549  -0.476094  
0.737196  -0.46428  
0.748499  -0.453754  
0.754751  -0.445046  
0.782905  -0.414607  
0.786381  -0.415893  
0.787782  -0.402192  
0.780813  -0.403227  
0.778484  -0.398987  
0.774232  -0.410711  
0.785303  -0.406035  
0.769995  -0.429534  
0.780981  -0.419294  
0.77463  -0.443995  
0.759703  -0.446407  
0.758386  -0.45153  
0.763972  -0.451091  
0.748416  -0.480303  
0.741636  -0.48036  
0.727844  -0.480085  
0.732074  -0.461408  
0.72525  -0.461727  
0.72691  -0.443873  
0.738101  -0.433542  
0.723365  -0.42731  
0.714849  -0.431334  
0.702116  -0.435708  
0.693212  -0.417817  
0.701651  -0.41847  
0.687774  -0.430228  
0.693559  -0.430262  
0.682224  -0.430908  
0.687999  -0.430957  
0.662462  -0.441005  
0.657245  -0.44204  
0.65019  -0.442838  
0.652643  -0.418447  
0.658437  -0.418762  
0.649847  -0.404159  
0.671755  -0.370982  
0.674966  -0.369793  
0.639457  -0.384145  
0.654877  -0.363832  
0.677431  -0.344151  
0.682885  -0.345321  
0.682594  -0.346338  
0.666643  -0.350193  
0.698505  -0.344734  
0.721193  -0.344753  
0.726181  -0.345867  
0.722179  -0.346848  
0.752494  -0.32545  
0.757237  -0.326622  
0.791441  -0.303692  
0.800187  -0.29228  
0.809177  -0.285346  
0.836798  -0.278532  
0.841003  -0.280048  
0.839992  -0.269163  
0.820279  -0.281443  
0.839599  -0.260526  
0.815738  -0.294523  
0.820204  -0.296021  
0.796397  -0.311693  
0.806347  -0.302935  
0.813473  -0.310868  
0.801105  -0.319799  
0.8038  -0.304926  
0.775204  -0.329901  
0.794035  -0.311688  
0.755889  -0.351807  
0.758813  -0.350787  
0.741208  -0.361415  
0.717104  -0.387251  
0.727477  -0.378054  
0.723616  -0.385094  
0.71071  -0.388299  
0.704188  -0.415014  
0.714647  -0.40556  
0.702303  -0.409719  
0.712648  -0.400464  
0.726294  -0.39397  
0.736397  -0.384857  
0.74357  -0.372777  
0.744404  -0.375502  
0.749153  -0.376318  
0.757767  -0.367817  
0.73631  -0.380843  
0.742435  -0.381389  
0.747075  -0.382198  
0.733667  -0.385748  
0.725218  -0.408588  
0.735192  -0.399361  
0.753576  -0.396199  
0.737395  -0.399016  
0.758318  -0.379815  
0.768039  -0.370842  
0.754664  -0.361537  
0.752294  -0.362621  
0.755122  -0.361709  
0.741187  -0.383152  
0.737692  -0.375111  
0.738509  -0.379041  
0.716145  -0.384706  
0.716757  -0.398781  
0.706891  -0.413049  
0.707299  -0.421165  
0.687376  -0.444224  
0.69019  -0.443392  
0.693557  -0.446518  
0.709873  -0.432045  
0.717878  -0.434944  
0.733712  -0.405249  
0.747526  -0.397644  
0.751465  -0.389472  
0.763212  -0.371195  
0.771071  -0.367349  
0.798701  -0.361331  
0.810978  -0.347752  
0.7915  -0.379283  
0.81333  -0.380089  
0.814401  -0.386863  
0.83136  -0.394241  
0.830134  -0.412022  
0.827109  -0.437204  
0.833164  -0.467984  
0.837168  -0.467826  
0.838137  -0.474461  
0.829154  -0.474847  
0.874297  -0.438042  
0.904405  -0.420271  
0.882769  -0.432449  
0.906636  -0.427595  
0.910392  -0.427735  
0.925055  -0.396615  
0.928085  -0.402033  
0.932662  -0.404724  
0.937785  -0.412219  
0.932636  -0.413951  
0.929845  -0.427974  
0.933673  -0.428019  
0.932273  -0.444952  
0.936155  -0.444782  
0.932572  -0.433589  
0.91672  -0.443026  
0.926066  -0.432813  
0.9026  -0.423099  
0.906767  -0.423243  
0.914168  -0.413041  
0.885502  -0.419983  
0.889884  -0.420198  
0.890961  -0.405667  
0.890425  -0.408672  
0.878479  -0.433421  
0.856631  -0.461489  
0.86661  -0.45111  
0.864839  -0.472783  
0.86936  -0.472438  
0.841036  -0.511647  
0.837931  -0.515427  
0.85801  -0.503481  
0.825702  -0.525565  
0.830476  -0.524686  
0.842591  -0.486384  
0.834621  -0.46949  
0.834622  -0.478074  
0.84075  -0.476332  
0.832837  -0.452255  
0.814744  -0.444816  
0.819438  -0.444964  
0.803243  -0.455811  
0.794866  -0.456451  
0.786509  -0.469414  
0.768409  -0.487338  
0.773402  -0.487085  
0.740402  -0.519641  
0.723475  -0.529675  
0.720263  -0.54496  
0.700193  -0.566825  
0.708482  -0.556137  
0.705587  -0.548433  
0.687849  -0.560495  
0.698476  -0.552366  
0.668199  -0.564434  
0.64511  -0.574553  
0.632222  -0.580415  
0.640711  -0.570262  
0.611636  -0.577353  
0.614815  -0.583954  
0.591708  -0.602876  
0.597851  -0.59091  
0.604079  -0.590096  
0.598157  -0.609764  
0.606945  -0.611282  
0.619741  -0.61462  
0.637151  -0.595913  
0.620542  -0.606695  
0.663348  -0.581389  
0.686512  -0.560647  
0.691137  -0.559896  
0.696669  -0.548184  
0.7044  -0.561514  
0.703277  -0.556545  
0.716865  -0.531315  
0.721409  -0.530823  
0.703433  -0.54905  
0.682195  -0.559214  
0.680272  -0.562604  
0.666306  -0.586259  
0.676921  -0.575234  
0.650373  -0.614145  
0.655482  -0.61273  
0.674658  -0.601945  
0.667897  -0.609388  
0.672763  -0.609154  
0.676549  -0.60151  
0.682504  -0.588823  
0.687187  -0.581289  
0.705623  -0.579863  
0.702016  -0.576032  
0.734608  -0.549545  
0.717602  -0.549547  
0.714429  -0.575067  
0.717438  -0.574225  
0.7168  -0.578948  
0.7423  -0.571511  
0.742506  -0.579937  
0.719407  -0.629017  
0.717092  -0.626405  
0.781413  -0.613226  
0.781138  -0.607351  
0.776615  -0.619133  
0.804307  -0.605646  
0.815273  -0.587722  
0.84144  -0.563833  
0.855825  -0.57029  
0.835001  -0.579754  
0.883673  -0.50821  
0.887793  -0.50721  
0.846683  -0.526801  
0.839857  -0.527629  
0.844474  -0.52639  
0.842737  -0.511886  
0.822142  -0.522073  
0.805368  -0.546888  
0.788861  -0.557843  
0.784216  -0.55244  
0.792275  -0.552219  
0.777319  -0.57882  
0.787885  -0.570279  
0.786743  -0.555612  
0.765336  -0.566815  
0.765178  -0.571348  
0.767916  -0.572976  
0.761995  -0.571303  
0.764903  -0.581269  
0.771268  -0.574489  
0.765006  -0.58727  
0.742789  -0.601802  
0.759384  -0.602795  
0.769949  -0.605587  
0.760062  -0.628014  
0.767663  -0.620061  
0.745621  -0.638306  
0.786727  -0.615883  
0.769555  -0.625723  
0.776523  -0.616672  
0.797193  -0.595201  
0.810189  -0.595394  
0.850352  -0.573514  
0.864566  -0.558944  
0.850716  -0.555864  
0.887  -0.52998  
0.877373  -0.545101  
0.882129  -0.542988  
0.893314  -0.536478  
0.898099  -0.534331  
0.878498  -0.554239  
0.889312  -0.56126  
0.869878  -0.569705  
0.845351  -0.612542  
0.850752  -0.609424  
0.840613  -0.629364  
0.846095  -0.626007  
0.837782  -0.625115  
0.830047  -0.63823  
0.830122  -0.640757  
0.83931  -0.641178  
0.820151  -0.64853  
0.852827  -0.626192  
0.854185  -0.619705  
0.833472  -0.622725  
0.858909  -0.614682  
0.867789  -0.608348  
0.89542  -0.603908  
0.877185  -0.619486  
0.889898  -0.604431  
0.872924  -0.625299  
0.881937  -0.620982  
0.881529  -0.623158  
0.857343  -0.648632  
0.873494  -0.642388  
0.87215  -0.656374  
0.872445  -0.664046  
0.884304  -0.659103  
0.889154  -0.670726  
0.894772  -0.666198  
0.917168  -0.653174  
0.908596  -0.663308  
0.921247  -0.671336  
0.927759  -0.660257  
0.949882  -0.652517  
0.955891  -0.648003  
0.96119  -0.643439  
0.971332  -0.641314  
0.970091  -0.647938  
0.985238  -0.641576  
0.99343  -0.638532  
1.00205  -0.627868  
0.992422  -0.634215  
0.995643  -0.633159  
0.982737  -0.649713  
1.00156  -0.63862  
0.998557  -0.642799  
1.00401  -0.637902  
0.999025  -0.636628  
0.995084  -0.654874  
1.00069  -0.649742  
0.996712  -0.652041  
1.02607  -0.617516  
1.0078  -0.623835  
1.02358  -0.612137  
1.02917  -0.607238  
1.02385  -0.618285  
1.02587  -0.618029  
1.02753  -0.617164  
1.04992  -0.588425  
1.04876  -0.595185  
1.0477  -0.599063  
1.05473  -0.590328  
1.07553  -0.594263  
1.09084  -0.578558  
1.09032  -0.580122  
1.11804  -0.557902  
1.12333  -0.553076  
1.12907  -0.552819  
1.12558  -0.565107  
1.12891  -0.565791  
1.13814  -0.55494  
1.14345  -0.549944  
1.12772  -0.569861  
1.11466  -0.578897  
1.10935  -0.593903  
1.12911  -0.584122  
1.12599  -0.586544  
1.11701  -0.598201  
1.11672  -0.59558  
1.11587  -0.588939  
1.13669  -0.57829  
1.11816  -0.599524  
1.12392  -0.593866  
1.12587  -0.590772  
1.13639  -0.583279  
1.15187  -0.575727  
1.15584  -0.571016  
1.14269  -0.5702  
1.16392  -0.544997  
1.17214  -0.545203  
1.16406  -0.540598  
1.16472  -0.525042  
1.16162  -0.513342  
1.17972  -0.499377  
1.18447  -0.489282  
1.16373  -0.501673  
1.16467  -0.496191  
1.16285  -0.494596  
1.15952  -0.493867  
1.15604  -0.504858  
1.14651  -0.513431  
1.14988  -0.512226  
1.14118  -0.514197  
1.1278  -0.526943  
1.1312  -0.525738  
1.13564  -0.509718  
1.14182  -0.504044  
1.14322  -0.505657  
1.14936  -0.499956  
1.13892  -0.502895  
1.16823  -0.475617  
1.16473  -0.486698  
1.18899  -0.459962  
1.1855  -0.471079  
1.19578  -0.447774  
1.20162  -0.442362  
1.21658  -0.441861  
1.23817  -0.420293  
1.23697  -0.427399  
1.23175  -0.419664  
1.25158  -0.396943  
1.25302  -0.390181  
1.25857  -0.385135  
1.24082  -0.401127  
1.23973  -0.408114  
1.2767  -0.387791  
1.25319  -0.40636  
1.26864  -0.390939  
1.25815  -0.408119  
1.26398  -0.402452  
1.26978  -0.400215  
1.27561  -0.394534  
1.27037  -0.402487  
1.29508  -0.379013  
1.30077  -0.373411  
1.29732  -0.379575  
1.29186  -0.373044  
1.31265  -0.348142  
1.31178  -0.35043  
1.31658  -0.339689  
1.32685  -0.331629  
1.32854  -0.33137  
1.31692  -0.342441  
1.3392  -0.318044  
1.34076  -0.317704  
1.32696  -0.331031  
1.32394  -0.333838  
1.34309  -0.32452  
1.33429  -0.352416  
1.32463  -0.34851  
1.32194  -0.356043  
1.32326  -0.365954  
1.32716  -0.374379  
1.30163  -0.397559  
1.295  -0.412284  
1.29504  -0.411268  
1.30196  -0.398289  
1.28992  -0.428277  
1.30605  -0.406665  
1.30104  -0.411144  
1.30237  -0.394581  
1.31977  -0.388723  
1.31271  -0.375852  
1.32878  -0.354128  
1.32195  -0.373241  
1.32812  -0.366394  
1.34243  -0.348113  
1.34846  -0.341506  
1.33227  -0.356388  
1.33836  -0.349639  
1.34384  -0.342809  
1.32867  -0.36251  
1.3349  -0.355489  
1.34744  -0.346186  
1.33178  -0.350633  
1.33846  -0.337064  
1.3309  -0.337722  
1.33721  -0.330697  
1.32441  -0.334064  
1.33072  -0.327031  
1.3185  -0.330745  
1.30812  -0.335314  
1.30762  -0.341416  
1.31122  -0.340781  
1.31076  -0.346748  
1.3001  -0.347432  
1.2862  -0.36791  
1.29356  -0.364197  
1.27691  -0.374874  
1.28038  -0.373579  
1.28612  -0.378087  
1.27439  -0.382064  
1.28167  -0.380788  
1.29606  -0.355202  
1.26658  -0.385508  
1.27577  -0.378163  
1.29223  -0.357975  
1.29667  -0.357271  
1.29393  -0.367757  
1.30555  -0.355086  
1.30538  -0.354351  
1.30365  -0.347747  
1.31205  -0.335415  
1.31514  -0.334261  
1.30874  -0.353935  
1.33639  -0.329049  
1.35238  -0.317224  
1.35165  -0.322768  
1.34412  -0.315727  
1.35035  -0.307852  
1.36917  -0.298695  
1.37526  -0.290911  
1.37679  -0.295432  
1.37598  -0.300978  
1.38616  -0.30068  
1.39158  -0.296474  
1.39082  -0.301894  
1.37665  -0.322737  
1.38505  -0.316507  
1.37496  -0.339317  
1.39768  -0.33709  
1.37582  -0.344931  
1.39819  -0.356752  
1.3836  -0.354391  
1.38962  -0.361147  
1.3965  -0.347566  
1.38566  -0.358672  
1.39166  -0.353862  
1.39535  -0.352542  
1.38091  -0.347739  
1.38091  -0.347739  
1.37049  -0.358346  
1.37167  -0.345996  
1.37041  -0.346625  
1.37224  -0.337443  
1.36053  -0.337751  
1.36028  -0.341988  
1.35157  -0.345806  
1.3553  -0.344458  
1.35601  -0.343729  
1.35601  -0.343729  
1.3564  -0.339118  
1.35616  -0.343352  
1.34591  -0.33277  
1.34572  -0.337035  
1.33962  -0.334853  
1.35704  -0.31627  
1.35674  -0.320651  
1.35428  -0.313306  
1.35754  -0.311558  
1.37874  -0.285948  
1.36041  -0.277977  
1.35623  -0.288253  
1.36119  -0.281347  
1.36773  -0.272229  
1.3618  -0.276525  
1.36834  -0.267397  
1.36243  -0.271677  
1.34325  -0.279911  
1.34992  -0.270663  
1.33303  -0.273229  
1.33975  -0.264001  
1.33464  -0.277388  
1.31851  -0.289711  
1.32236  -0.282165  
1.30213  -0.295932  
1.30536  -0.28927  
1.30297  -0.290967  
1.3053  -0.28777  
1.29918  -0.284338  
1.289  -0.29394  
1.29716  -0.295752  
1.29801  -0.296683  
1.30037  -0.293469  
1.29456  -0.291552  
1.30571  -0.293867  
1.31008  -0.293141  
1.30653  -0.292585  
1.3169  -0.285691  
1.29967  -0.299487  
1.32502  -0.270736  
1.32502  -0.270736  
1.34213  -0.254787  
1.349  -0.240863  
1.36031  -0.243558  
1.36162  -0.235545  
1.36796  -0.226072  
1.37994  -0.220623  
1.38616  -0.211248  
1.39152  -0.225404  
1.39094  -0.229774  
1.40156  -0.219315  
1.39265  -0.218398  
1.39646  -0.216993  
1.40274  -0.212277  
1.40655  -0.210873  
1.41024  -0.191088  
1.40832  -0.19347  
1.41809  -0.172666  
1.39799  -0.176299  
1.39654  -0.175559  
1.39594  -0.167273  
1.39976  -0.165837  
1.39095  -0.180166  
1.37828  -0.177628  
1.38485  -0.167999  
1.37141  -0.189718  
1.37818  -0.175601  
1.34286  -0.20914  
1.35173  -0.204854  
1.35847  -0.194773  
1.33107  -0.204841  
1.33092  -0.213492  
1.33347  -0.226049  
1.32504  -0.221999  
1.32211  -0.234685  
1.29876  -0.241791  
1.29895  -0.2452  
1.30458  -0.228928  
1.30468  -0.232447  
1.30239  -0.22839  
1.29239  -0.244765  
1.31209  -0.231665  
1.28325  -0.250442  
1.28341  -0.253576  
1.2923  -0.235244  
1.29236  -0.238552  
1.28916  -0.233254  
1.28731  -0.247123  
1.29416  -0.232975  
1.30616  -0.228631  
1.30609  -0.231933  
1.29605  -0.223122  
1.32211  -0.198339  
1.33072  -0.190308  
1.32076  -0.195635  
1.32735  -0.185019  
1.33565  -0.181731  
1.33915  -0.17002  
1.34105  -0.169123  
1.35631  -0.166981  
1.35573  -0.179126  
1.34771  -0.175854  
1.36416  -0.175162  
1.34461  -0.18162  
1.37016  -0.170079  
1.37408  -0.168642  
1.36296  -0.161828  
1.36017  -0.174643  
1.37374  -0.155362  
1.3801  -0.144849  
1.37723  -0.121059  
1.3829  -0.104596  
1.38255  -0.108717  
1.37305  -0.109051  
1.37279  -0.113068  
1.36065  -0.112125  
1.36715  -0.101785  
1.35821  -0.0983983  
1.35189  -0.111042  
1.35641  -0.104005  
1.34761  -0.114788  
1.32425  -0.134541  
1.32081  -0.148534  
1.30554  -0.141274  
1.30149  -0.156161  
1.31725  -0.139814  
1.29437  -0.155111  
1.29458  -0.158185  
1.29459  -0.143395  
1.29304  -0.146572  
1.28885  -0.14043  
1.28551  -0.149923  
1.29154  -0.145475  
1.29647  -0.131054  
1.29647  -0.131054  
1.3036  -0.125829  
1.30091  -0.138733  
1.30301  -0.12695  
1.30298  -0.130236  
1.32093  -0.124127  
1.32786  -0.113106  
1.32769  -0.11647  
1.31554  -0.12448  
1.32203  -0.113438  
1.32019  -0.129065  
1.33669  -0.117963  
1.33669  -0.117963  
1.33615  -0.100754  
1.3377  -0.10048  
1.32709  -0.0887042  
1.32709  -0.0887042  
1.31879  -0.0824806  
1.34381  -0.0594129  
1.33049  -0.0699001  
1.31324  -0.0770351  
1.31064  -0.0899999  
1.32216  -0.0708446  
1.32148  -0.0846231  
1.32148  -0.0846231  
1.31875  -0.0821874  
1.32317  -0.0776925  
1.3505  -0.0676183  
1.3457  -0.0497034  
1.33942  -0.0599675  
1.3566  -0.0471736  
1.36078  -0.0359902  
1.35582  -0.0277055  
1.38264  0.00494029  
1.38234  0.000862653  
1.38564  0.0229782  
1.38531  0.0187352  
1.38534  0.0195701  
1.40653  0.016495  
1.41263  0.0269941  
1.40311  0.0245476  
1.40282  0.0204584  
1.41446  0.0267401  
1.41781  0.0241898  
1.41314  0.0167962  
1.40734  0.00711952  
1.40734  0.00711952  
1.41479  0.0125177  
1.41459  0.00883745  
1.38879  -0.00791581  
1.38716  0.000430866  
1.38713  -0.00304011  
1.38146  -0.00922024  
1.38784  0.00190189  
1.3539  -0.0133697  
1.34965  -0.0195956  
1.34983  -0.0227757  
1.33999  -0.0261465  
1.34668  -0.014589  
1.34416  -0.0139374  
1.33631  -0.0349161  
1.34145  -0.0277525  
1.33924  -0.0179992  
1.31788  -0.0350543  
1.31739  -0.0256515  
1.34002  -0.016131  
1.3417  -0.00971593  
1.31359  -0.0196895  
1.31819  -0.0169786  
1.31035  -0.0161765  
1.34173  0.0131016  
1.32617  0.0156044  
1.33848  0.0166211  
1.33141  0.00327565  
1.33167  0.0231031  
1.32767  0.00928893  
1.32767  0.00928893  
1.33866  0.0302831  
1.34618  0.0343616  
1.34126  0.0543028  
1.34124  0.0508262  
1.36448  0.0832337  
1.36436  0.0794888  
1.35733  0.0900984  
1.35352  0.0807594  
1.35349  0.0771167  
1.36825  0.0818847  
1.35442  0.0822571  
1.33889  0.0649844  
1.34523  0.0761479  
1.33988  0.0701491  
1.33996  0.066782  
1.33461  0.0606282  
1.35311  0.0751042  
1.35315  0.0717741  
1.34845  0.0783797  
1.3278  0.0549457  
1.3432  0.0758372  
1.3357  0.0878131  
1.33985  0.0893709  
1.32122  0.0648025  
1.32748  0.0795176  
1.3444  0.0972249  
1.32441  0.0831887  
1.34549  0.102459  
1.32718  0.104172  
1.33349  0.115345  
1.34189  0.115003  
1.35347  0.127427  
1.35917  0.136732  
1.35915  0.133094  
1.35311  0.138003  
1.3531  0.134435  
1.35193  0.13035  
1.35196  0.126922  
1.34801  0.131115  
1.34147  0.11835  
1.34773  0.129806  
1.34031  0.110422  
1.32666  0.111482  
1.33319  0.116179  
1.31597  0.109472  
1.31535  0.10301  
1.30517  0.0995722  
1.30658  0.110115  
1.29563  0.0990378  
1.29563  0.0990378  
1.29012  0.0951192  
1.2947  0.102837  
1.29035  0.117599  
1.28108  0.122746  
1.28138  0.119727  
1.27961  0.122239  
1.27989  0.119307  
1.28605  0.149171  
1.28628  0.146016  
1.27527  0.125666  
1.28159  0.137128  
1.27354  0.143377  
1.28785  0.156778  
1.2683  0.143329  
1.28502  0.160621  
1.28518  0.157458  
1.27484  0.153952  
1.28711  0.162891  
1.28051  0.148182  
1.27271  0.162636  
1.27291  0.159476  
1.28171  0.165054  
1.28685  0.17833  
1.29699  0.179286  
1.26577  0.144258  
1.27206  0.15623  
1.28193  0.170201  
1.28014  0.157006  
1.28422  0.161305  
1.28438  0.158432  
1.26646  0.136871  
1.2727  0.148938  
1.28349  0.164286  
1.27732  0.152201  
1.27746  0.149531  
1.27062  0.15966  
1.27081  0.156946  
1.27715  0.166082  
1.27471  0.172616  
1.27445  0.169495  
1.27908  0.173437  
1.27664  0.176939  
1.2827  0.188442  
1.28896  0.194115  
1.29139  0.199573  
1.27918  0.197607  
1.27983  0.189992  
1.29535  0.22307  
1.28976  0.214957  
1.28988  0.211885  
1.28176  0.237233  
1.28784  0.248738  
1.2983  0.257539  
1.27629  0.250562  
1.27653  0.247198  
1.29325  0.278223  
1.27511  0.276165  
1.27535  0.272754  
1.26833  0.277658  
1.2742  0.292471  
1.27482  0.278348  
1.27325  0.265162  
1.26215  0.260958  
1.24247  0.250697  
1.23692  0.253633  
1.24328  0.252458  
1.22405  0.239262  
1.21884  0.240955  
1.20211  0.226197  
1.20507  0.239056  
1.19183  0.240745  
1.18112  0.232829  
1.18755  0.244773  
1.17686  0.236867  
1.16393  0.237602  
1.17036  0.249546  
1.16486  0.256232  
1.16538  0.253459  
1.14628  0.258429  
1.14778  0.25375  
1.14692  0.258343  
1.15825  0.265636  
1.16317  0.265877  
1.17277  0.265294  
1.17857  0.280113  
1.19924  0.293617  
1.20355  0.303916  
1.20355  0.303916  
1.22445  0.327494  
1.22445  0.327494  
1.2553  0.355238  
1.26521  0.356286  
1.26521  0.356286  
1.2465  0.338269  
1.25009  0.350674  
1.26028  0.356021  
1.26756  0.344459  
1.248  0.334402  
1.25688  0.340539  
1.25694  0.337306  
1.23399  0.313902  
1.2399  0.325654  
1.22708  0.334932  
1.22736  0.331847  
1.24136  0.322906  
1.23053  0.329232  
1.23083  0.326307  
1.22609  0.350714  
1.22235  0.337172  
1.20988  0.335962  
1.21418  0.349262  
1.21817  0.347259  
1.21254  0.358629  
1.21829  0.363336  
1.20585  0.378214  
1.20986  0.377633  
1.20915  0.375701  
1.2193  0.377451  
1.22475  0.389918  
1.23532  0.402766  
1.23555  0.405679  
1.23642  0.401901  
1.23915  0.398357  
1.24412  0.38953  
1.25248  0.394624  
1.25423  0.394939  
1.25438  0.391764  
1.2645  0.41444  
1.2904  0.415801  
1.27131  0.403159  
1.27953  0.405153  
1.27965  0.402028  
1.27588  0.396213  
1.27161  0.392779  
1.27181  0.390016  
1.27014  0.383743  
1.27277  0.387393  
1.26149  0.392795  
1.26715  0.378982  
1.26341  0.379468  
1.27354  0.400764  
1.28576  0.388273  
1.27065  0.386533  
1.2608  0.367664  
1.2679  0.385558  
1.26941  0.387115  
1.26967  0.384563  
1.25071  0.363319  
1.25654  0.375665  
1.27506  0.377799  
1.27532  0.375485  
1.27684  0.37709  
1.27708  0.374849  
1.26849  0.384828  
1.28595  0.396293  
1.28617  0.393914  
1.29252  0.409356  
1.29267  0.406826  
1.30171  0.415386  
1.30926  0.416103  
1.31472  0.430798  
1.33671  0.444242  
1.33452  0.446348  
1.35061  0.445299  
1.36143  0.430529  
1.36138  0.427978  
1.36471  0.432146  
1.37008  0.444295  
1.35765  0.406354  
1.36309  0.421036  
1.37111  0.403104  
1.3545  0.377554  
1.35994  0.392238  
1.34945  0.387852  
1.36077  0.382342  
1.35091  0.37115  
1.36381  0.375531  
1.36292  0.362569  
1.36524  0.391523  
1.36435  0.378565  
1.32346  0.36632  
1.32888  0.381  
1.34519  0.385232  
1.34028  0.393313  
1.33595  0.397325  
1.33195  0.398651  
1.33195  0.398651  
1.34726  0.411047  
1.33998  0.401947  
1.3413  0.407015  
1.35135  0.401701  
1.35848  0.395059  
1.35353  0.403612  
1.35912  0.416528  
1.36117  0.424731  
1.33691  0.426185  
1.33717  0.424213  
1.33651  0.436496  
1.33683  0.434456  
1.32566  0.446938  
1.32124  0.475501  
1.32124  0.475501  
1.30228  0.46641  
1.30779  0.483627  
1.28762  0.466538  
1.26539  0.456899  
1.27649  0.478079  
1.25816  0.47133  
1.25695  0.458739  
1.24302  0.448873  
1.22678  0.454812  
1.22496  0.440415  
1.21888  0.457544  
1.21781  0.456011  
1.19219  0.451429  
1.1841  0.477661  
1.18339  0.464826  
1.19281  0.491243  
1.19281  0.491243  
1.17153  0.511888  
1.15822  0.515526  
1.16431  0.527423  
1.15559  0.532975  
1.15641  0.530143  
1.14808  0.515408  
1.13474  0.517915  
1.14378  0.520425  
1.15344  0.516036  
1.15413  0.513504  
1.15125  0.513179  
1.15313  0.524394  
1.16403  0.535612  
1.16655  0.532063  
1.17219  0.536321  
1.1639  0.548136  
1.16499  0.551769  
1.16814  0.553462  
1.16781  0.550562  
1.17  0.572453  
1.14815  0.544908  
1.14941  0.559609  
1.14981  0.550644  
1.16116  0.553321  
1.14838  0.541026  
1.14777  0.531162  
1.16375  0.535158  
1.14513  0.523945  
1.158  0.545696  
1.15938  0.546649  
1.14255  0.536336  
1.14544  0.54755  
1.13359  0.548685  
1.11322  0.548912  
1.11406  0.55073  
1.08855  0.530112  
1.08826  0.529145  
1.05954  0.532952  
1.05367  0.518028  
1.03164  0.495589  
1.03791  0.497338  
1.03716  0.505875  
1.03213  0.52182  
1.0279  0.511788  
1.03742  0.517107  
1.03701  0.517491  
1.04262  0.541963  
1.03588  0.543696  
1.02313  0.558438  
1.02383  0.556138  
1.02868  0.568602  
1.0293  0.566217  
1.00284  0.571177  
0.983478  0.568777  
0.984257  0.566413  
0.971133  0.575839  
0.977027  0.587705  
0.979889  0.576524  
0.983169  0.581241  
0.982707  0.569951  
0.971314  0.587867  
0.975479  0.591227  
0.987792  0.598156  
0.988794  0.597193  
0.995516  0.605651  
0.986244  0.613065  
1.02642  0.635064  
1.00772  0.623632  
1.01102  0.634028  
1.0127  0.638004  
1.0035  0.636751  
1.00518  0.640719  
1.02042  0.638316  
1.01641  0.628425  
0.998632  0.624391  
1.00894  0.631168  
1.02375  0.629726  
1.00148  0.616937  
1.01262  0.613698  
1.01394  0.603752  
1.02399  0.624872  
1.02595  0.615618  
1.02453  0.605668  
1.01649  0.61095  
1.0186  0.609956  
1.02789  0.622122  
1.03022  0.623942  
1.01373  0.621776  
1.00331  0.623863  
1.00379  0.621683  
1.00294  0.614386  
0.9966  0.613725  
0.997114  0.611823  
0.982084  0.610393  
0.982656  0.608453  
0.977976  0.587048  
0.976756  0.593981  
0.982231  0.605861  
0.980544  0.600655  
0.962838  0.587897  
0.963357  0.592828  
0.959199  0.597142  
0.96524  0.606685  
0.952071  0.611101  
0.953187  0.607702  
0.953187  0.614399  
0.949545  0.615836  
0.950836  0.624584  
0.931997  0.621974  
0.937508  0.633078  
0.938778  0.631174  
0.946508  0.629087  
0.947404  0.616009  
0.971978  0.635467  
0.97466  0.632855  
0.949417  0.617683  
0.981619  0.629677  
0.978764  0.62138  
0.982658  0.621967  
0.986078  0.618981  
0.990275  0.608875  
0.982361  0.62523  
0.986025  0.62064  
0.992538  0.615064  
0.992794  0.613594  
1.03143  0.642069  
1.01215  0.631544  
1.02139  0.643185  
1.02485  0.625044  
1.02485  0.625044  
1.04064  0.65354  
1.04048  0.641445  
1.04369  0.644912  
1.05443  0.655761  
1.05956  0.653511  
1.05559  0.660647  
1.04968  0.654676  
1.06369  0.664373  
1.0545  0.659943  
1.05439  0.671929  
1.0514  0.678184  
1.04942  0.668819  
1.0282  0.66749  
1.02028  0.683826  
1.01631  0.6766  
1.02154  0.687171  
1.02295  0.692087  
1.01829  0.694441  
1.00907  0.690086  
0.990795  0.680355  
1.01645  0.706551  
1.01697  0.704557  
0.988293  0.695607  
0.988293  0.695607  
0.986966  0.689949  
0.999894  0.684954  
1.00041  0.683281  
0.995568  0.698716  
0.996066  0.696913  
0.98961  0.689692  
0.982119  0.679265  
0.977781  0.667802  
1.00946  0.695408  
1.00982  0.693731  
1.00596  0.696882  
1.00634  0.673459  
1.00355  0.67264  
1.02087  0.690031  
1.02925  0.680341  
1.02764  0.693315  
1.04377  0.680836  
1.04869  0.686105  
1.05909  0.690394  
1.06313  0.691841  
1.07921  0.701876  
1.07756  0.70346  
1.08249  0.715789  
1.09202  0.707683  
1.09202  0.707683  
1.09349  0.723018  
1.09349  0.723018  
1.09601  0.737249  
1.10019  0.724018  
1.10521  0.736284  
1.09552  0.731456  
1.09552  0.731456  
1.08773  0.732356  
1.07706  0.734102  
1.06549  0.7364  
1.06157  0.727548  
1.06687  0.739822  
1.05831  0.733759  
1.05831  0.733759  
1.03889  0.727069  
1.03324  0.734492  
1.03324  0.734492  
1.01786  0.739963  
1.01786  0.739963  
1.02432  0.739093  
1.02489  0.737567  
1.01384  0.758299  
1.00549  0.746086  
1.00549  0.746086  
1.00008  0.760942  
1.00008  0.760942  
0.9991  0.755833  
1.01723  0.76995  
0.9983  0.759652  
0.993979  0.752593  
0.994827  0.749425  
1.01839  0.761499  
1.01744  0.770317  
1.01744  0.770317  
1.01655  0.757032  
1.01694  0.75553  
1.01844  0.770571  
1.01882  0.768967  
1.03182  0.770158  
1.03214  0.768605  
1.01928  0.788526  
1.01967  0.786812  
0.997884  0.780978  
1.00326  0.79204  
1.00488  0.808495  
0.978887  0.801508  
0.98442  0.81313  
0.991835  0.802896  
0.99732  0.814673  
0.974958  0.80833  
0.960163  0.81187  
0.960145  0.800274  
0.967997  0.798173  
0.968614  0.796497  
0.970131  0.799989  
0.951377  0.790123  
0.958505  0.789671  
0.959111  0.788177  
0.961781  0.801713  
0.962358  0.800136  
0.9666  0.806792  
0.978619  0.823649  
0.984597  0.842665  
0.96556  0.832254  
0.976497  0.853408  
0.972023  0.849249  
1.00146  0.879192  
0.984891  0.872183  
0.989007  0.887234  
0.991378  0.889176  
0.995955  0.900938  
1.00231  0.910754  
1.00743  0.916453  
1.00782  0.914085  
1.01354  0.924372  
1.01249  0.920652  
1.01296  0.918142  
1.01948  0.923653  
1.01994  0.921204  
1.03764  0.927835  
1.03804  0.925376  
1.02419  0.927347  
1.0214  0.926406  
1.0214  0.926406  
1.02054  0.919662  
1.02054  0.919662  
1.00699  0.919041  
1.00325  0.915766  
1.0043  0.906908  
0.990312  0.905088  
0.986048  0.90843  
0.985708  0.906586  
0.982443  0.897776  
0.983467  0.895789  
0.964244  0.904388  
0.959477  0.907093  
0.947946  0.909391  
0.963727  0.908393  
0.948901  0.913719  
0.957243  0.921792  
0.957896  0.909807  
0.953145  0.923819  
0.944536  0.930934  
0.94532  0.928867  
0.92626  0.920191  
0.932001  0.931529  
0.939551  0.942965  
0.940257  0.940832  
0.949603  0.949125  
0.94303  0.950134  
0.943735  0.948004  
0.942901  0.966654  
0.943607  0.964387  
0.93292  0.977066  
0.93812  0.990275  
0.956619  0.985322  
0.963358  0.990972  
0.963358  0.990972  
0.950456  0.988355  
0.955429  1.00158  
0.940337  0.998384  
0.944775  0.996235  
0.930803  0.998799  
0.938449  0.988206  
0.944086  0.999072  
0.92894  1.01308  
0.925093  1.00311  
0.915609  1.01313  
0.920621  1.00983  
0.90176  0.999426  
0.915141  1.01065  
0.915925  1.00843  
0.927808  1.02423  
0.928531  1.02188  
0.936283  1.02242  
0.938153  1.02606  
0.938794  1.02378  
0.951652  1.03737  
0.952212  1.03502  
0.967032  1.04988  
0.964593  1.04953  
0.966566  1.05481  
0.97652  1.07744  
0.978469  1.07382  
0.994474  1.10043  
0.990394  1.10903  
0.992835  1.10478  
1.00336  1.11989  
1.00478  1.12371  
1.01528  1.12779  
1.01319  1.13617  
1.01367  1.13314  
1.01771  1.13192  
1.01821  1.12902  
1.02784  1.14108  
1.01189  1.13517  
1.01248  1.13234  
1.00416  1.1459  
1.00482  1.14301  
0.971487  1.12401  
0.97939  1.13817  
0.959624  1.12997  
0.952039  1.13314  
0.938248  1.12256  
0.92715  1.12363  
0.928199  1.12118  
0.889971  1.10936  
0.891146  1.10713  
0.885093  1.11036  
0.886241  1.10818  
0.884537  1.10324  
0.885559  1.10131  
0.866546  1.10152  
0.87543  1.11066  
0.8566  1.10059  
0.864298  1.10109  
0.86533  1.0991  
0.882243  1.09831  
0.883094  1.09127  
0.882531  1.09169  
0.890596  1.09187  
0.896515  1.10294  
0.904068  1.11235  
0.912906  1.08529  
0.926882  1.10231  
0.921256  1.09395  
0.924268  1.09149  
0.948827  1.11009  
0.93454  1.09504  
0.942959  1.10663  
0.92368  1.09625  
0.933183  1.08059  
0.933491  1.07925  
0.906193  1.06368  
0.908803  1.0849  
0.897997  1.05954  
0.900086  1.06448  
0.895071  1.06125  
0.887807  1.06141  
0.887669  1.05084  
0.859248  1.0539  
0.859248  1.0539  
0.855659  1.05666  
0.85632  1.05563  
0.820014  1.05442  
0.832925  1.06075  
0.832925  1.06075  
0.817496  1.06622  
0.82274  1.07878  
0.816877  1.06471  
0.830313  1.07791  
0.811946  1.0745  
0.82741  1.07963  
0.816634  1.08767  
0.838401  1.09673  
0.855091  1.09987  
0.851204  1.10178  
0.864877  1.10849  
0.862077  1.10948  
0.881361  1.11753  
0.891437  1.10642  
0.896688  1.11321  
0.907895  1.11545  
0.917749  1.1102  
0.92299  1.12108  
0.933366  1.12978  
0.932866  1.13098  
0.948608  1.1303  
0.948645  1.13257  
0.958664  1.13457  
0.963728  1.13899  
0.968897  1.15021  
0.973754  1.14099  
0.984012  1.15823  
0.983988  1.15665  
0.99392  1.15183  
0.993899  1.15037  
0.989273  1.16101  
0.994559  1.15729  
0.994616  1.15592  
1.01024  1.17639  
1.00966  1.17865  
1.00498  1.1895  
0.992005  1.17016  
0.995388  1.18418  
0.981419  1.19397  
0.978486  1.19706  
0.977498  1.20262  
0.988727  1.2  
0.991022  1.21582  
0.981112  1.20166  
0.986348  1.21438  
0.983369  1.20554  
0.976751  1.22016  
0.973238  1.21318  
0.973769  1.21147  
0.981185  1.21291  
0.980649  1.21358  
0.961251  1.20414  
0.982467  1.21916  
0.982926  1.21748  
0.96701  1.21405  
0.982295  1.2229  
0.977893  1.22729  
0.994882  1.21103  
0.995258  1.20954  
0.99981  1.21239  
1.00507  1.22507  
1.02354  1.22228  
1.01286  1.21431  
1.01286  1.21431  
1.03564  1.21975  
1.03564  1.21975  
1.04629  1.21866  
1.05086  1.22622  
1.05086  1.22622  
1.05996  1.21408  
1.05892  1.20529  
1.07005  1.21951  
1.07497  1.21202  
1.08115  1.2171  
1.09156  1.2308  
1.0913  1.22139  
1.09633  1.21366  
1.08663  1.21993  
1.08671  1.21879  
1.09237  1.21274  
1.09288  1.21985  
1.08447  1.21834  
1.08815  1.21951  
1.0883  1.21845  
1.07337  1.20222  
1.07337  1.20222  
1.08373  1.21707  
1.09063  1.2224  
1.07546  1.20702  
1.08079  1.2083  
1.06843  1.21216  
1.06567  1.21398  
1.06597  1.21309  
1.07077  1.21612  
1.07107  1.21523  
1.06801  1.21794  
1.06832  1.21705  
1.07311  1.22007  
1.08514  1.22753  
1.08536  1.22658  
1.0704  1.21635  
1.07063  1.21553  
1.08057  1.23215  
1.08589  1.23332  
1.08589  1.23332  
1.09046  1.24787  
1.09067  1.24677  
1.09556  1.25002  
1.10254  1.25282  
1.10087  1.25107  
1.11788  1.25332  
1.11148  1.27094  
1.12271  1.27558  
1.12781  1.27774  
1.12677  1.27742  
1.13274  1.27026  
1.14261  1.27756  
1.14823  1.28042  
1.15333  1.28258  
1.133  1.27404  
1.13908  1.26773  
1.13792  1.2656  
1.15442  1.26822  
1.15952  1.27037  
1.1588  1.26886  
1.14544  1.26519  
1.14416  1.26221  
1.15565  1.26949  
1.16076  1.27164  
1.1663  1.27499  
1.16032  1.28216  
1.15903  1.28107  
1.16527  1.27465  
1.15667  1.27856  
1.13704  1.2698  
1.14447  1.27513  
1.14885  1.27825  
1.14387  1.276  
1.14118  1.26288  
1.14677  1.27487  
1.15753  1.27283  
1.15753  1.27283  
1.15032  1.27887  
1.15032  1.27887  
1.15424  1.2835  
1.15856  1.28929  
1.15856  1.28929  
1.17463  1.30002  
1.17463  1.30002  
1.16076  1.29068  
1.15501  1.30263  
1.15271  1.3004  
1.16543  1.31659  
1.1688  1.31113  
1.16079  1.30023  
1.16079  1.30023  
1.15255  1.30341  
1.13864  1.29007  
1.14398  1.30279  
1.13615  1.30249  
1.13615  1.30249  
1.12321  1.27736  
1.11426  1.27553  
1.11472  1.27491  
1.12634  1.28298  
1.13169  1.29566  
1.12365  1.26854  
1.12396  1.26803  
1.12878  1.27068  
1.12127  1.26992  
1.12127  1.26992  
1.12824  1.27521  
1.11808  1.26462  
1.12132  1.26444  
1.12814  1.26338  
1.13363  1.26028  
1.13376  1.25994  
1.13363  1.26028  
1.13376  1.25994  
1.14683  1.2715  
1.15275  1.26863  
