-0.00905011 0.238262 0.000158723 0.00099459
-0.00904603 0.238354 -0.00115769 0.00341806
-0.00918628 0.238695 -0.00351604 0.00799325
-0.00957514 0.239498 -0.0063433 0.0148841
-0.0101897 0.240939 -0.00859002 0.0233223
-0.0109441 0.243103 -0.0102764 0.0324563
-0.0118186 0.246015 -0.0115255 0.0413894
-0.0127799 0.249626 -0.0121387 0.0491633
-0.0137639 0.253787 -0.0116883 0.05486
-0.0146518 0.258281 -0.0102852 0.0588431
-0.0153985 0.263034 -0.0085863 0.0623399
-0.0160094 0.268047 -0.00669593 0.065695
-0.0164607 0.27333 -0.00460854 0.0690003
-0.0167511 0.278874 -0.00225588 0.0717399
-0.0168434 0.284604 0.000717969 0.0734834
-0.0166734 0.290422 0.00429634 0.0745604
-0.0161939 0.29631 0.00830625 0.075104
-0.0153786 0.302211 0.0122405 0.0751226
-0.0142643 0.308113 0.0156876 0.0744988
-0.0129038 0.313937 0.0186099 0.0727192
-0.0113421 0.319562 0.0212459 0.0697465
-0.00957764 0.324908 0.0239233 0.0660362
-0.00759394 0.329921 0.0265056 0.0620946
-0.00541227 0.334624 0.0286375 0.058741
-0.00309723 0.339095 0.0304311 0.0562933
-0.000660319 0.343409 0.032459 0.0546284
0.00195846 0.347627 0.0352868 0.0537156
0.00485424 0.351797 0.0383495 0.0533631
0.007993 0.355959 0.0405892 0.0537383
0.0112577 0.360205 0.0416351 0.0544039
0.0145484 0.36449 0.0419639 0.054634
0.017843 0.368767 0.0421273 0.0548442
0.0211519 0.373075 0.0422461 0.0553384
0.0244602 0.377427 0.0423945 0.0560338
0.0277829 0.381848 0.0428453 0.0569227
0.0311576 0.386347 0.043656 0.0577409
0.0346103 0.390905 0.0446611 0.0582428
0.0381492 0.395494 0.0457974 0.0583433
0.0417863 0.400076 0.0468309 0.0577141
0.0454966 0.404578 0.0475522 0.0561758
0.049252 0.408917 0.0479899 0.0538668
0.0530236 0.413031 0.0480748 0.0512023
0.0567863 0.41692 0.0482758 0.0492791
0.0605766 0.420715 0.0487105 0.048411
0.0644065 0.424479 0.049294 0.0479461
0.0682845 0.428208 0.0503314 0.0480046
0.0722751 0.431983 0.0516438 0.0484724
0.0763726 0.435806 0.0530527 0.0488649
0.0805895 0.439653 0.0543095 0.0488703
0.084897 0.443476 0.0552544 0.0486091
0.0892584 0.447268 0.0557354 0.0483345
0.0936323 0.451044 0.0561515 0.0482244
0.0980375 0.454813 0.0570373 0.0483599
0.102536 0.458614 0.0585676 0.0487385
0.107174 0.462467 0.0609029 0.0487667
0.112043 0.466308 0.0640186 0.0475443
0.117198 0.469984 0.0671248 0.0447413
0.122576 0.473366 0.0696238 0.041075
0.128127 0.476436 0.0716777 0.0373213
0.133826 0.479213 0.0732432 0.0337775
0.139628 0.481725 0.0741534 0.030475
0.145474 0.483989 0.0743367 0.0272762
0.1513 0.485998 0.0739369 0.0241681
0.157082 0.487765 0.0732534 0.0214789
0.162805 0.489341 0.0720083 0.0194245
0.168381 0.490789 0.0702322 0.0178932
0.173809 0.492137 0.0687977 0.0165683
0.179145 0.493384 0.0676796 0.0152761
0.184413 0.494535 0.0666536 0.0139658
0.189604 0.495582 0.0653634 0.0125022
0.194668 0.496504 0.0635451 0.0108113
0.199559 0.497278 0.0619847 0.00916398
0.204362 0.497924 0.0609884 0.00793571
0.209122 0.498499 0.0598663 0.00736085
0.213758 0.499072 0.0583202 0.00698355
0.21825 0.499624 0.0571141 0.00588217
0.222673 0.500042 0.0567829 0.00362721
0.227117 0.500228 0.0572211 0.000700074
0.231618 0.500165 0.0578892 -0.00230948
0.236162 0.499866 0.0590575 -0.00514767
0.240846 0.499355 0.0610364 -0.00777443
0.245734 0.498648 0.062581 -0.0103201
0.250689 0.497735 0.0628841 -0.0127355
0.25561 0.49664 0.0628194 -0.0146941
0.260544 0.495407 0.062753 -0.0160787
0.265458 0.494094 0.0620366 -0.0167327
0.270287 0.492767 0.0610469 -0.0169838
0.27503 0.491433 0.0598233 -0.0172625
0.279656 0.490072 0.0587723 -0.0177338
0.284211 0.488669 0.0583924 -0.0184996
0.288763 0.487197 0.0589265 -0.0197267
0.293419 0.485605 0.060157 -0.0215365
0.298181 0.483835 0.0612404 -0.0236165
0.303038 0.48188 0.0620086 -0.0251025
0.30793 0.479842 0.0618084 -0.0250726
0.312755 0.477891 0.0608939 -0.0235648
0.317478 0.476123 0.059842 -0.0216398
0.322105 0.474509 0.0595061 -0.0201129
0.32676 0.472992 0.060389 -0.0191667
0.331541 0.471529 0.061622 -0.0186712
0.336424 0.470095 0.0625381 -0.0187718
0.341349 0.468626 0.0631012 -0.0197675
0.346316 0.467031 0.0636915 -0.0215355
0.351343 0.465263 0.0639398 -0.0234118
0.356374 0.463352 0.0632609 -0.0248965
0.361305 0.461351 0.0614399 -0.025982
0.366047 0.459283 0.058712 -0.0271064
0.370536 0.457121 0.05549 -0.0286422
0.374764 0.454817 0.0519748 -0.0305635
0.378697 0.452364 0.0481568 -0.032959
0.382318 0.449697 0.0442859 -0.0362935
0.385637 0.446716 0.0406579 -0.0404656
0.388684 0.443358 0.0372588 -0.0444625
0.39148 0.439711 0.0339759 -0.0473209
0.394021 0.435894 0.0304424 -0.0489258
0.396264 0.432005 0.0267062 -0.0495995
0.398211 0.428096 0.0230737 -0.0496603
0.399884 0.424213 0.0195479 -0.0495261
0.401275 0.420354 0.0160018 -0.0497346
0.402379 0.416454 0.0129731 -0.0508736
0.403285 0.412413 0.0106995 -0.0526258
0.404048 0.408215 0.00864379 -0.0543647
0.404648 0.403887 0.00634648 -0.055801
0.405047 0.399449 0.00401973 -0.0567629
0.405264 0.394955 0.00215632 -0.0567647
0.405365 0.39051 0.000882903 -0.0558215
0.405386 0.38618 -6.77143e-05 -0.0541928
0.40534 0.382015 -0.000681897 -0.052553
0.405256 0.37796 -0.000745606 -0.0514864
0.405196 0.373958 -0.00016273 -0.0507887
0.40521 0.370002 0.000823152 -0.0498858
0.405316 0.366131 0.00191107 -0.0488606
0.405508 0.36235 0.00297182 -0.0479895
0.405783 0.358621 0.00398791 -0.0473658
0.406137 0.354937 0.00482948 -0.0469012
0.406551 0.351285 0.00540753 -0.0467383
0.407002 0.347634 0.00557107 -0.0470082
0.407447 0.343942 0.00520017 -0.0477621
0.407837 0.340176 0.00439471 -0.0490101
0.40815 0.336282 0.00338546 -0.0507975
0.408377 0.332218 0.0022067 -0.0525034
0.4085 0.32804 0.000921415 -0.0535915
0.408519 0.323801 -0.000175155 -0.0542767
0.408464 0.319527 -0.00104326 -0.0547604
0.408344 0.315213 -0.0016541 -0.055127
0.408189 0.310868 -0.00186378 -0.0550142
0.408039 0.306563 -0.00177075 -0.0541179
0.407908 0.302359 -0.0016334 -0.0526627
0.407783 0.298287 -0.00151909 -0.0508393
0.407669 0.294384 -0.00135515 -0.0487465
0.40757 0.290649 -0.00119678 -0.046781
0.407482 0.287061 -0.00108571 -0.0450866
0.407401 0.283587 -0.000969641 -0.0435998
0.407333 0.280225 -0.000917048 -0.0419789
0.407266 0.277004 -0.00106629 -0.0402548
0.40717 0.273921 -0.0013779 -0.0387652
0.407047 0.270938 -0.00150733 -0.0375082
0.406933 0.268053 -0.00157355 -0.0364145
0.406811 0.26525 -0.0019433 -0.035787
0.406642 0.262471 -0.00261365 -0.0357725
0.40641 0.259666 -0.00343657 -0.0362218
0.406105 0.256806 -0.00423123 -0.0368849
0.405741 0.253886 -0.00485255 -0.0375215
0.405336 0.250905 -0.00523713 -0.0376836
0.404914 0.247943 -0.00546254 -0.0368924
0.404476 0.245088 -0.0056108 -0.0352594
0.404033 0.242399 -0.00571709 -0.0333462
0.403579 0.239865 -0.00581559 -0.0316156
0.403118 0.237464 -0.00580764 -0.0303542
0.402663 0.23514 -0.00565915 -0.0298429
0.402225 0.232822 -0.00542062 -0.0301037
0.401808 0.230453 -0.0050111 -0.0309248
0.401433 0.227999 -0.00448071 -0.0321772
0.401102 0.225435 -0.00393425 -0.0339594
0.400813 0.222696 -0.00331804 -0.036139
0.400577 0.219753 -0.00257135 -0.0378079
0.400407 0.216718 -0.00180886 -0.0381239
0.400293 0.213722 -0.00109089 -0.0370676
0.400234 0.210873 -0.000374161 -0.0352378
0.400232 0.208196 0.000382455 -0.0334844
0.400296 0.205643 0.00109659 -0.0321673
0.400409 0.203176 0.00161882 -0.0313779
0.400549 0.200751 0.00209177 -0.0311477
0.400731 0.198316 0.00276594 -0.0313904
0.400986 0.195838 0.00334361 -0.0317335
0.401271 0.193338 0.00342678 -0.0319087
0.401539 0.19083 0.00319717 -0.0319303
0.40178 0.188328 0.00284737 -0.0317375
0.401988 0.185845 0.00243796 -0.0313608
0.402162 0.183398 0.00205448 -0.0306129
0.402308 0.181021 0.00174394 -0.0293096
0.402432 0.178781 0.00150654 -0.0274675
0.40254 0.17671 0.00134889 -0.0255696
0.40264 0.174787 0.00126955 -0.0240869
0.402738 0.172957 0.0012169 -0.0231267
0.40283 0.171175 0.00117318 -0.0224766
0.40292 0.169434 0.00118254 -0.021823
0.403016 0.16775 0.00120431 -0.0209685
0.403113 0.166149 0.00111575 -0.0201575
0.403195 0.164609 0.000908122 -0.0198217
0.403256 0.163063 0.000691634 -0.0200142
0.403302 0.161484 0.000527584 -0.0203905
0.403339 0.159873 0.000366512 -0.0207695
0.403361 0.158234 0.000178238 -0.021256
0.403367 0.156554 5.29169e-06 -0.021987
0.403361 0.1548 -0.000129725 -0.0229535
0.403345 0.152955 -0.000219631 -0.0237994
0.403325 0.151055 -0.000283461 -0.0242143
0.403301 0.149146 -0.0003605 -0.0242146
0.40327 0.147256 -0.000481124 -0.0241919
0.403226 0.145349 -0.000612791 -0.0241706
0.403171 0.143448 -0.000664267 -0.0235899
0.403119 0.141632 -0.00062138 -0.0224922
0.403077 0.139931 -0.000638371 -0.0215776
0.403027 0.138292 -0.000854265 -0.0216711
0.402949 0.136587 -0.00119863 -0.0229967
0.402839 0.134708 -0.00151494 -0.0247657
0.402707 0.132684 -0.00171238 -0.0257806
0.402568 0.13064 -0.0018474 -0.0260426
0.40242 0.128605 -0.00203728 -0.0263701
0.402254 0.12653 -0.00233386 -0.0272687
0.402057 0.124338 -0.00266889 -0.0283358
0.401833 0.122062 -0.0029138 -0.0285473
0.401596 0.119822 -0.00304273 -0.0277463
0.401354 0.117688 -0.00313613 -0.0264719
0.401103 0.11565 -0.0032068 -0.0249014
0.400845 0.113739 -0.0031443 -0.0223542
0.400591 0.112048 -0.00266302 -0.0178097
0.400432 0.11102 -0.0018237 -0.0120403
