-0.00905011  0.238262
-0.00904603  0.238354
-0.00918628  0.238695
-0.00957514  0.239498
-0.0101897  0.240939
-0.0109441  0.243103
-0.0118186  0.246015
-0.0127799  0.249626
-0.0137639  0.253787
-0.0146518  0.258281
-0.0153985  0.263034
-0.0160094  0.268047
-0.0164607  0.27333
-0.0167511  0.278874
-0.0168434  0.284604
-0.0166734  0.290422
-0.0161939  0.29631
-0.0153786  0.302211
-0.0142643  0.308113
-0.0129038  0.313937
-0.0113421  0.319562
-0.00957764  0.324908
-0.00759394  0.329921
-0.00541227  0.334624
-0.00309723  0.339095
-0.000660319  0.343409
0.00195846  0.347627
0.00485424  0.351797
0.007993  0.355959
0.0112577  0.360205
0.0145484  0.36449
0.017843  0.368767
0.0211519  0.373075
0.0244602  0.377427
0.0277829  0.381848
0.0311576  0.386347
0.0346103  0.390905
0.0381492  0.395494
0.0417863  0.400076
0.0454966  0.404578
0.049252  0.408917
0.0530236  0.413031
0.0567863  0.41692
0.0605766  0.420715
0.0644065  0.424479
0.0682845  0.428208
0.0722751  0.431983
0.0763726  0.435806
0.0805895  0.439653
0.084897  0.443476
0.0892584  0.447268
0.0936323  0.451044
0.0980375  0.454813
0.102536  0.458614
0.107174  0.462467
0.112043  0.466308
0.117198  0.469984
0.122576  0.473366
0.128127  0.476436
0.133826  0.479213
0.139628  0.481725
0.145474  0.483989
0.1513  0.485998
0.157082  0.487765
0.162805  0.489341
0.168381  0.490789
0.173809  0.492137
0.179145  0.493384
0.184413  0.494535
0.189604  0.495582
0.194668  0.496504
0.199559  0.497278
0.204362  0.497924
0.209122  0.498499
0.213758  0.499072
0.21825  0.499624
0.222673  0.500042
0.227117  0.500228
0.231618  0.500165
0.236162  0.499866
0.240846  0.499355
0.245734  0.498648
0.250689  0.497735
0.25561  0.49664
0.260544  0.495407
0.265458  0.494094
0.270287  0.492767
0.27503  0.491433
0.279656  0.490072
0.284211  0.488669
0.288763  0.487197
0.293419  0.485605
0.298181  0.483835
0.303038  0.48188
0.30793  0.479842
0.312755  0.477891
0.317478  0.476123
0.322105  0.474509
0.32676  0.472992
0.331541  0.471529
0.336424  0.470095
0.341349  0.468626
0.346316  0.467031
0.351343  0.465263
0.356374  0.463352
0.361305  0.461351
0.366047  0.459283
0.370536  0.457121
0.374764  0.454817
0.378697  0.452364
0.382318  0.449697
0.385637  0.446716
0.388684  0.443358
0.39148  0.439711
0.394021  0.435894
0.396264  0.432005
0.398211  0.428096
0.399884  0.424213
0.401275  0.420354
0.402379  0.416454
0.403285  0.412413
0.404048  0.408215
0.404648  0.403887
0.405047  0.399449
0.405264  0.394955
0.405365  0.39051
0.405386  0.38618
0.40534  0.382015
0.405256  0.37796
0.405196  0.373958
0.40521  0.370002
0.405316  0.366131
0.405508  0.36235
0.405783  0.358621
0.406137  0.354937
0.406551  0.351285
0.407002  0.347634
0.407447  0.343942
0.407837  0.340176
0.40815  0.336282
0.408377  0.332218
0.4085  0.32804
0.408519  0.323801
0.408464  0.319527
0.408344  0.315213
0.408189  0.310868
0.408039  0.306563
0.407908  0.302359
0.407783  0.298287
0.407669  0.294384
0.40757  0.290649
0.407482  0.287061
0.407401  0.283587
0.407333  0.280225
0.407266  0.277004
0.40717  0.273921
0.407047  0.270938
0.406933  0.268053
0.406811  0.26525
0.406642  0.262471
0.40641  0.259666
0.406105  0.256806
0.405741  0.253886
0.405336  0.250905
-0.0467765  0.150763
-0.0467732  0.150841
-0.046762  0.150991
-0.0466926  0.151284
-0.046484  0.151807
-0.0460882  0.15263
-0.045513  0.153776
-0.0447978  0.155194
-0.0439794  0.156787
-0.0430899  0.158515
-0.0421603  0.160392
-0.0411964  0.162491
0.154144  0.394132
0.162395  0.396846
0.170585  0.399239
0.17864  0.401256
0.186621  0.402875
0.194513  0.404117
0.202358  0.405031
0.210174  0.405628
0.217984  0.405898
0.225693  0.405865
0.233142  0.405598
0.240271  0.405149
0.247047  0.404527
0.253503  0.403703
0.259629  0.402663
0.265375  0.401419
0.270753  0.399969
0.275797  0.398329
0.280578  0.396553
0.285135  0.394705
0.289443  0.392822
0.293552  0.390873
0.297424  0.388857
0.301064  0.386721
0.304506  0.384405
0.307729  0.381945
0.310741  0.379399
0.313532  0.376786
0.316114  0.374057
0.318515  0.371188
0.320789  0.368198
0.322957  0.36511
0.324999  0.361989
0.663541  0.198402
0.663379  0.198687
0.663213  0.199269
0.663007  0.200311
0.662752  0.201884
0.662448  0.203997
0.662078  0.206589
0.661627  0.20951
0.66111  0.212514
0.660546  0.215535
0.65988  0.218828
0.659071  0.222573
0.658143  0.226683
0.657117  0.231023
0.656021  0.235466
0.654847  0.239936
0.653517  0.244591
0.65203  0.249473
0.650422  0.254491
0.648672  0.259568
0.646766  0.264694
0.644767  0.269726
0.642768  0.274514
0.640634  0.27939
0.638277  0.28447
0.635687  0.289667
0.632842  0.294903
0.629696  0.300167
0.626318  0.305328
0.622705  0.310352
0.618852  0.315163
0.614761  0.319694
0.610432  0.323937
0.605949  0.327835
0.601354  0.331332
0.59657  0.334478
0.591571  0.33745
0.586357  0.34032
0.580986  0.343093
0.575624  0.34566
0.570358  0.347966
0.565084  0.350031
0.55419  0.353586
0.548567  0.355043
0.542856  0.356128
0.537118  0.356703
0.531367  0.356718
0.525697  0.356164
0.520189  0.355144
0.514939  0.353946
0.509928  0.352618
0.505065  0.350949
0.500377  0.348971
0.495819  0.34693
0.491164  0.34493
