-1.43032  -1.99917  
-1.42655  -2.00368  
-1.44396  -1.91235  
-1.4491  -1.89017  
-1.45277  -1.81088  
-1.4491  -1.81529  
-1.46082  -1.70846  
-1.46216  -1.701  
-1.48661  -1.55235  
-1.48305  -1.55657  
-1.49791  -1.43088  
-1.50272  -1.40632  
-1.28842  -0.330376  
-1.28638  -0.305096  
-1.25116  -0.331951  
-1.2416  -0.319864  
-1.25547  -0.26444  
-1.24793  -0.244368  
-1.23773  -0.269053  
-1.21855  -0.269623  
-1.23224  -0.246599  
-1.24543  -0.191487  
-1.24904  -0.188949  
-1.21724  -0.289263  
-1.20806  -0.308909  
-1.31316  -0.0314751  
-1.32395  0.00439937  
-1.26216  -0.141252  
-1.28454  -0.0844849  
-1.33332  0.0698454  
-1.33512  0.0794917  
-1.25705  -0.103881  
-1.23181  -0.177898  
-1.25218  -0.155615  
-1.26274  -0.132367  
-1.15383  -0.445149  
-1.15831  -0.435831  
-1.18176  -0.4402  
-1.1958  -0.398324  
-1.20853  -0.398238  
-1.10818  -0.712009  
-1.11553  -0.697631  
-1.22191  -0.502859  
-1.21359  -0.516996  
-1.1847  -0.608702  
-1.14482  -0.73336  
-1.14846  -0.722009  
-1.21148  -0.595528  
-1.21444  -0.585445  
-1.12711  -0.816671  
-1.12007  -0.834447  
-1.16459  -0.72315  
-1.1632  -0.729797  
-1.05206  -1.01985  
-1.05599  -1.00715  
-1.11019  -0.870925  
-1.12071  -0.828911  
-1.02382  -1.05971  
-1.02794  -1.04683  
-1.08722  -0.886493  
-1.12698  -0.779135  
-1.1228  -0.763132  
-1.03165  -0.968533  
-1.03535  -0.957134  
-1.13396  -0.668411  
-1.14435  -0.626964  
-1.02495  -0.911871  
-1.03048  -0.898926  
-1.13597  -0.57935  
-1.13848  -0.571578  
-1.00623  -0.894669  
-0.996506  -0.909308  
-1.10635  -0.608261  
-1.10789  -0.600148  
-0.992302  -0.885134  
-0.984717  -0.897472  
-1.0066  -0.84113  
-1.12564  -0.496163  
-1.12806  -0.488914  
-0.991758  -0.826709  
-1.00083  -0.800728  
-1.14736  -0.414395  
-1.15718  -0.374973  
-1.01528  -0.734904  
-1.00786  -0.773168  
-1.13486  -0.432637  
-1.13693  -0.42575  
-1.03462  -0.695229  
-0.994009  -0.79581  
-1.10086  -0.544103  
-1.11657  -0.511173  
-0.993595  -0.819109  
-0.977554  -0.864089  
-0.969673  -0.879278  
-1.14213  -0.44766  
-1.13063  -0.465581  
-0.975611  -0.888668  
-0.971163  -0.910506  
-1.16602  -0.399321  
-1.16737  -0.394134  
-1.089  -0.579377  
-0.971123  -0.893441  
-0.974057  -0.883247  
-1.13001  -0.452384  
-1.11065  -0.503233  
-0.952636  -0.940394  
-1.06709  -0.620511  
-1.08597  -0.569243  
-0.974053  -0.852298  
-0.963678  -0.867126  
-1.02896  -0.71551  
-1.03121  -0.706939  
-1.0318  -0.704024  
-1.02093  -0.719984  
-0.969756  -0.874593  
-0.980081  -0.832224  
-1.0324  -0.699933  
-1.03468  -0.690864  
-0.932937  -0.947127  
-0.976351  -0.84246  
-1.03733  -0.67001  
-1.03951  -0.661026  
-0.980898  -0.80082  
-1.00282  -0.746129  
-1.01352  -0.703101  
-0.981654  -0.773438  
-0.97773  -0.793924  
-0.952499  -0.854257  
-1.02027  -0.675765  
-1.03941  -0.625792  
-0.979338  -0.779638  
-0.95747  -0.832747  
-1.03013  -0.657254  
-1.02955  -0.643359  
-0.965589  -0.794728  
-0.968303  -0.783844  
-1.01166  -0.685036  
-1.03508  -0.616971  
-0.977725  -0.77499  
-0.965033  -0.792981  
-1.00148  -0.704485  
-1.01724  -0.669038  
-1.01094  -0.676416  
-0.972095  -0.766345  
-0.999552  -0.734175  
-1.0095  -0.690815  
-1.02592  -0.645159  
-0.991927  -0.739061  
-0.998114  -0.723093  
-1.00807  -0.679692  
-1.03251  -0.621437  
-1.01118  -0.662012  
-0.999102  -0.714508  
-1.00134  -0.703842  
-1.03865  -0.619427  
-1.02462  -0.64384  
-0.993134  -0.726239  
-0.999623  -0.714777  
-1.04539  -0.599842  
-1.04296  -0.612921  
-1.01574  -0.694672  
-1.01793  -0.683205  
-1.05002  -0.59756  
-1.05192  -0.586733  
-1.04507  -0.590189  
-1.02697  -0.632642  
-1.03172  -0.609084  
-1.05107  -0.555294  
-1.05309  -0.544216  
-1.03949  -0.575985  
-1.0533  -0.537394  
-1.08059  -0.449931  
-1.08243  -0.439357  
-1.0499  -0.535272  
-1.05135  -0.528016  
-1.07984  -0.459135  
-1.0817  -0.448246  
-1.04723  -0.535481  
-1.04804  -0.53162  
-1.06747  -0.477069  
-1.06949  -0.466306  
-1.04002  -0.551865  
-1.03464  -0.572557  
-1.07489  -0.45457  
-1.09028  -0.418005  
-1.07128  -0.46494  
-1.03834  -0.564162  
-1.0407  -0.551569  
-1.08557  -0.437619  
-1.08816  -0.429672  
-1.04316  -0.545232  
-1.04158  -0.539048  
-1.09006  -0.430755  
-1.09207  -0.418517  
-1.01802  -0.625542  
-1.03039  -0.593437  
-1.08427  -0.449086  
-1.0864  -0.436161  
-1.05893  -0.495442  
-1.02877  -0.591886  
-1.03142  -0.577435  
-1.08005  -0.471985  
-1.08228  -0.458244  
-1.01836  -0.633202  
-1.02858  -0.598758  
-1.0807  -0.464822  
-1.08354  -0.457694  
-1.02986  -0.606221  
-1.01965  -0.615281  
-1.08856  -0.448916  
-1.09627  -0.427705  
-1.04197  -0.561658  
-1.03135  -0.57577  
-1.09064  -0.431637  
-1.0929  -0.417173  
-1.04163  -0.556857  
-1.04408  -0.54334  
-1.10075  -0.394326  
-1.10568  -0.384386  
-1.04293  -0.533133  
-1.04542  -0.519421  
-1.10484  -0.374719  
-1.10708  -0.360054  
-1.05568  -0.501314  
-1.05842  -0.48529  
-1.10413  -0.391683  
-1.10643  -0.376414  
-1.07882  -0.45985  
-1.07913  -0.440829  
-1.06929  -0.454272  
-1.12839  -0.309895  
-1.12301  -0.327017  
-1.052  -0.531093  
-1.05771  -0.517794  
-1.1306  -0.345099  
-1.13685  -0.314522  
-1.09161  -0.448994  
-1.07807  -0.49059  
-1.11616  -0.400884  
-1.13768  -0.350123  
-1.08916  -0.492887  
-1.08438  -0.506778  
-1.12607  -0.396062  
-1.16264  -0.298832  
-1.15182  -0.333388  
-1.0808  -0.533876  
-1.08385  -0.513841  
-1.16759  -0.290079  
-1.16991  -0.271832  
-1.09769  -0.475446  
-1.0982  -0.46965  
-1.15623  -0.315808  
-1.13783  -0.370888  
-1.12454  -0.402434  
-1.10019  -0.454732  
-1.15757  -0.321212  
-1.16013  -0.301698  
-1.12752  -0.417671  
-1.09597  -0.494389  
-1.10801  -0.45666  
-1.14916  -0.347946  
-1.14439  -0.359948  
-1.06967  -0.5612  
-1.07312  -0.539085  
-1.08962  -0.497119  
-1.12115  -0.398671  
-1.09133  -0.477086  
-1.06304  -0.552539  
-1.08091  -0.493296  
-1.0989  -0.453175  
-1.09316  -0.448648  
-1.04609  -0.577129  
-1.05234  -0.559284  
-1.09828  -0.423752  
-1.09395  -0.41081  
-1.02384  -0.621642  
-1.02343  -0.614857  
-1.07617  -0.461185  
-1.06285  -0.498456  
-1.05892  -0.508521  
-1.02762  -0.590253  
-1.04451  -0.542728  
-1.06001  -0.477688  
-1.05612  -0.487577  
-1.01486  -0.602683  
-1.01879  -0.57933  
-1.06409  -0.444845  
-1.02942  -0.514056  
-1.02574  -0.52354  
-1.01797  -0.53042  
-1.05117  -0.42823  
-1.05241  -0.423652  
-0.995255  -0.569379  
-1.00257  -0.530351  
-1.02603  -0.457361  
-1.0299  -0.434127  
-0.973948  -0.589089  
-0.97087  -0.596536  
-1.01131  -0.488394  
-1.01529  -0.464507  
-0.9552  -0.635782  
-0.962606  -0.595943  
-1.00026  -0.493712  
-1.00379  -0.47228  
-1.00363  -0.465064  
-0.957828  -0.610058  
-0.95423  -0.618549  
-1.00145  -0.473082  
-0.998455  -0.477896  
-0.970597  -0.537128  
-0.926422  -0.663958  
-0.968218  -0.550491  
-0.978101  -0.522145  
-0.963516  -0.535118  
-0.932149  -0.617322  
-0.929262  -0.623151  
-0.960799  -0.512997  
-0.965149  -0.487191  
-0.91276  -0.651537  
-0.917482  -0.624407  
-0.955032  -0.503413  
-0.950015  -0.494087  
-0.896476  -0.62312  
-0.89915  -0.603934  
-0.911834  -0.562834  
-0.932248  -0.494934  
-0.936814  -0.468335  
-0.884544  -0.601002  
-0.89154  -0.579665  
-0.932348  -0.448514  
-0.925381  -0.470655  
-0.872496  -0.611435  
-0.877553  -0.583047  
-0.919119  -0.471669  
-0.923719  -0.44417  
-0.871178  -0.578803  
-0.886971  -0.548836  
-0.891879  -0.519773  
-0.909671  -0.454358  
-0.860664  -0.597711  
-0.852471  -0.592394  
-0.887806  -0.505063  
-0.90537  -0.453112  
-0.839178  -0.639584  
-0.838283  -0.635692  
-0.838828  -0.622696  
-0.881184  -0.503514  
-0.878942  -0.503743  
-0.816249  -0.67424  
-0.82178  -0.641338  
-0.886016  -0.492315  
-0.890917  -0.460579  
-0.82306  -0.630666  
-0.856709  -0.547163  
-0.864852  -0.500391  
-0.878931  -0.460933  
-0.822983  -0.634795  
-0.828343  -0.601436  
-0.873139  -0.504857  
-0.877976  -0.472632  
-0.818988  -0.643806  
-0.823376  -0.615174  
-0.868657  -0.514806  
-0.890239  -0.442567  
-0.850061  -0.590447  
-0.839091  -0.612933  
-0.860187  -0.553868  
-0.897988  -0.448344  
-0.865086  -0.56162  
-0.869556  -0.532393  
-0.84679  -0.596049  
-0.925312  -0.392647  
-0.922184  -0.39267  
-0.848225  -0.592949  
-0.853232  -0.558723  
-0.915956  -0.404323  
-0.92862  -0.355642  
-0.860567  -0.5531  
-0.851389  -0.570538  
-0.930153  -0.372414  
-0.934369  -0.340469  
-0.860947  -0.537561  
-0.858448  -0.536528  
-0.868931  -0.511498  
-0.942724  -0.31309  
-0.94686  -0.281818  
-0.855569  -0.541164  
-0.866384  -0.51527  
-0.958684  -0.262106  
-0.957128  -0.257095  
-0.866752  -0.498156  
-0.890077  -0.454855  
-0.921094  -0.357613  
-0.945049  -0.287636  
-0.949316  -0.255905  
-0.895026  -0.427404  
-0.912769  -0.369688  
-0.972486  -0.198444  
-0.976613  -0.166768  
-0.886158  -0.401792  
-0.88388  -0.399811  
-0.971512  -0.166379  
-0.989112  -0.109049  
-0.891434  -0.361837  
-0.896546  -0.330723  
-0.977868  -0.107882  
-0.982174  -0.075518  
-0.900342  -0.309059  
-0.885896  -0.340592  
-0.965011  -0.131727  
-0.969501  -0.0985642  
-0.893032  -0.330227  
-0.862082  -0.374082  
-0.921852  -0.241365  
-0.926757  -0.206677  
-0.887473  -0.33268  
-0.851234  -0.41327  
-0.872974  -0.341421  
-0.895396  -0.262009  
-0.913842  -0.201408  
-0.796806  -0.518647  
-0.782336  -0.537693  
-0.867746  -0.31056  
-0.884668  -0.251947  
-0.753806  -0.592293  
-0.75302  -0.585186  
-0.824295  -0.37737  
-0.845734  -0.302309  
-0.735762  -0.598357  
-0.72144  -0.628109  
-0.780343  -0.46365  
-0.811884  -0.368727  
-0.797647  -0.395061  
-0.649953  -0.761432  
-0.649928  -0.751884  
-0.758423  -0.453998  
-0.764592  -0.414759  
-0.589101  -0.876696  
-0.591837  -0.857027  
-0.608644  -0.812059  
-0.71339  -0.530908  
-0.712793  -0.521412  
-0.580366  -0.866901  
-0.665821  -0.63329  
-0.674899  -0.57957  
-0.551458  -0.913001  
-0.536394  -0.93427  
-0.612435  -0.734162  
-0.633571  -0.660734  
-0.523348  -0.938492  
-0.531036  -0.89389  
-0.539522  -0.887365  
-0.546933  -0.843288  
-0.552203  -0.827946  
-0.498283  -0.942743  
-0.498087  -0.9409  
-0.529628  -0.846586  
-0.501328  -0.907674  
-0.501763  -0.895434  
-0.440527  -1.03855  
-0.481832  -0.912759  
-0.517749  -0.823254  
-0.490791  -0.853665  
-0.437506  -1.02696  
-0.45579  -0.957264  
-0.469453  -0.930647  
-0.463676  -0.911113  
-0.383293  -1.15369  
-0.400476  -1.09213  
-0.447932  -0.991444  
-0.453822  -0.953306  
-0.419977  -1.03195  
-0.410806  -1.06494  
-0.411364  -1.05115  
-0.432575  -0.995869  
-0.431271  -0.987466  
-0.391949  -1.11175  
-0.399599  -1.06538  
-0.432856  -0.983095  
-0.427794  -0.971389  
-0.372594  -1.14217  
-0.373337  -1.12663  
-0.417355  -1.01661  
-0.420117  -0.996332  
-0.364273  -1.18543  
-0.364844  -1.16971  
-0.399985  -1.10742  
-0.420433  -1.03524  
-0.357333  -1.21304  
-0.363526  -1.17244  
-0.40088  -1.07251  
-0.408907  -1.01843  
-0.414282  -1.01218  
-0.356849  -1.18209  
-0.35734  -1.16485  
-0.40534  -1.03734  
-0.412379  -0.98946  
-0.331986  -1.22506  
-0.326981  -1.23108  
-0.39464  -1.06118  
-0.394805  -1.04433  
-0.384893  -1.05744  
-0.34076  -1.20528  
-0.348301  -1.15542  
-0.387817  -1.06781  
-0.388013  -1.05037  
-0.345412  -1.17092  
-0.352921  -1.1208  
-0.411199  -0.977154  
-0.415056  -0.939993  
-0.349234  -1.14656  
-0.355632  -1.11747  
-0.396181  -1.03195  
-0.403195  -0.982358  
-0.329162  -1.21998  
-0.319481  -1.22417  
-0.37859  -1.10348  
-0.378439  -1.09143  
-0.304819  -1.33746  
-0.312613  -1.28468  
-0.31534  -1.28905  
-0.375911  -1.15834  
-0.383062  -1.10669  
-0.29297  -1.39372  
-0.300779  -1.34  
-0.360076  -1.23336  
-0.360332  -1.21236  
-0.269961  -1.50086  
-0.274244  -1.46342  
-0.334004  -1.34615  
-0.34875  -1.27761  
-0.211744  -1.68846  
-0.226258  -1.63807  
-0.249248  -1.57994  
-0.290531  -1.48587  
-0.291292  -1.46164  
-0.196734  -1.74305  
-0.205135  -1.68533  
-0.278397  -1.5038  
-0.279278  -1.47974  
-0.177171  -1.77523  
-0.195546  -1.69428  
-0.241027  -1.5769  
-0.255264  -1.52828  
-0.135768  -1.86947  
-0.139854  -1.83656  
-0.209338  -1.66467  
-0.223736  -1.61572  
-0.0952045  -1.99252  
-0.0993802  -1.95943  
-0.167876  -1.82482  
-0.17623  -1.76787  
-0.115371  -1.96564  
-0.0906514  -2.00537  
-0.155714  -1.88841  
-0.157241  -1.8626  
-0.0924742  -2.06405  
-0.0592008  -2.14355  
-0.115925  -2.04438  
-0.127074  -1.97854  
-0.130406  -1.96297  
-0.01024  -2.35558  
-0.0129028  -2.32615  
-0.0850042  -2.16829  
-0.0906322  -2.13068  
0.0113805  -2.42588  
0.0086536  -2.39698  
-0.0845509  -2.18538  
-0.0912486  -2.14587  
0.00408311  -2.47561  
0.0247226  -2.52827  
-0.055193  -2.3333  
-0.0727828  -2.27615  
0.0570375  -2.69878  
0.0544482  -2.67119  
0.0456723  -2.65817  
-0.016699  -2.58649  
-0.0184958  -2.56047  
0.117285  -3.00322  
0.114448  -2.97435  
0.0268702  -2.74682  
0.0109102  -2.7099  
0.153215  -3.17378  
0.150314  -3.14479  
0.0470935  -2.87041  
0.0326379  -2.8208  
0.134005  -3.09847  
0.153204  -3.12068  
0.073045  -2.88575  
0.0302143  -2.74849  
0.159808  -3.1016  
0.15718  -3.07683  
0.0574844  -2.80322  
0.0333488  -2.7177  
0.153116  -3.05916  
0.157015  -3.04286  
0.0649331  -2.82544  
0.0633534  -2.80465  
0.0537419  -2.77524  
0.177382  -3.15855  
0.174734  -3.13461  
0.053562  -2.83087  
0.0394602  -2.77317  
0.182071  -3.20232  
0.179358  -3.17757  
0.040342  -2.83259  
0.038902  -2.81076  
0.182081  -3.26122  
0.166486  -3.21128  
0.0519856  -2.91151  
0.0380133  -2.857  
0.0646825  -2.92884  
0.178163  -3.25552  
0.162679  -3.2057  
0.0662062  -2.9469  
0.0515974  -2.89941  
0.190509  -3.28277  
0.174763  -3.23237  
0.0537732  -2.92207  
0.0508313  -2.88602  
0.195708  -3.33712  
0.179903  -3.28608  
0.055428  -2.98008  
0.0344877  -2.90076  
0.200097  -3.40387  
0.189758  -3.37127  
0.132349  -3.23195  
0.0853273  -3.12589  
0.0831323  -3.09881  
0.197033  -3.47487  
0.174929  -3.38993  
0.103339  -3.23634  
0.101082  -3.19858  
0.147269  -3.32694  
0.203976  -3.56866  
0.18248  -3.48371  
0.208048  -3.59784  
0.204672  -3.56477  
0.191193  -3.59772  
0.18766  -3.55354  
0.14227  -3.40626  
0.218364  -3.64177  
0.243574  -3.67585  
0.167901  -3.47747  
0.158683  -3.41435  
0.266803  -3.72669  
0.262834  -3.69144  
0.21631  -3.54804  
0.200092  -3.48988  
0.261294  -3.65801  
0.278262  -3.67376  
0.240836  -3.58602  
0.218654  -3.50187  
0.223587  -3.51885  
0.297506  -3.73406  
0.29319  -3.69651  
0.229349  -3.52851  
0.218661  -3.4771  
0.31366  -3.78763  
0.314253  -3.76757  
0.25299  -3.62388  
0.251709  -3.5806  
0.274818  -3.64302  
0.336999  -3.87987  
0.326376  -3.80873  
0.320217  -3.81353  
0.31586  -3.77295  
0.378046  -3.96947  
0.359396  -3.89149  
0.34841  -3.87311  
0.343922  -3.83134  
0.404007  -4.02371  
0.399128  -3.98037  
0.35229  -3.83862  
0.351421  -3.80184  
0.432288  -4.0533  
0.414562  -3.98484  
0.381454  -3.8987  
0.384385  -3.87304  
0.463035  -4.13093  
0.457898  -4.08536  
0.436206  -4.0213  
0.414425  -3.93989  
0.498902  -4.23768  
0.492569  -4.18473  
0.475134  -4.13337  
0.450333  -4.0848  
0.450245  -4.05729  
0.488622  -4.19483  
0.485926  -4.14237  
0.45132  -4.03529  
0.448962  -3.98389  
0.468025  -4.03046  
0.480512  -4.09327  
0.458549  -4.00906  
0.456316  -3.95753  
0.485516  -4.01198  
0.508925  -4.09321  
0.497204  -4.03014  
0.513804  -4.09108  
0.511108  -4.03819  
0.55129  -4.19575  
0.539755  -4.17434  
0.536829  -4.12051  
0.575006  -4.25499  
0.569345  -4.20548  
0.556215  -4.22525  
0.550825  -4.17586  
0.587841  -4.32181  
0.582244  -4.27152  
0.571679  -4.2959  
0.560565  -4.21631  
0.581789  -4.31231  
0.574122  -4.25266  
0.590002  -4.3346  
0.579744  -4.26844  
0.618542  -4.41618  
0.603065  -4.33599  
0.615188  -4.38077  
0.59989  -4.3033  
0.631932  -4.40642  
0.638305  -4.37602  
0.650908  -4.44535  
0.644449  -4.39359  
0.646978  -4.38974  
0.68264  -4.51408  
0.668003  -4.4473  
0.683144  -4.49312  
0.677205  -4.4408  
0.706414  -4.53494  
0.698644  -4.47901  
0.705586  -4.50925  
0.687157  -4.43307  
0.73125  -4.58744  
0.725084  -4.53419  
0.720607  -4.54388  
0.715763  -4.4879  
0.717882  -4.48041  
0.752281  -4.62791  
0.740334  -4.56233  
0.765572  -4.7015  
0.749355  -4.61861  
0.780082  -4.74055  
0.78172  -4.71021  
0.772335  -4.67949  
0.780539  -4.73377  
0.789633  -4.70717  
0.791705  -4.71486  
0.785569  -4.66015  
0.79034  -4.71051  
0.786858  -4.65051  
0.793749  -4.68201  
0.775535  -4.60414  
0.800032  -4.66888  
0.796712  -4.60929  
0.805754  -4.68016  
0.802492  -4.64414  
0.805051  -4.70723  
0.807365  -4.6764  
0.814268  -4.74906  
0.798047  -4.65896  
0.809717  -4.76379  
0.804074  -4.70833  
0.811907  -4.748  
0.788384  -4.66104  
0.806749  -4.72631  
0.788448  -4.64786  
0.812309  -4.74394  
0.788109  -4.64127  
0.805897  -4.70852  
0.802428  -4.64852  
0.813934  -4.72553  
0.801316  -4.64567  
0.799932  -4.64023  
0.833787  -4.77004  
0.833639  -4.75144  
0.862623  -4.88933  
0.856239  -4.83268  
0.868436  -4.91674  
0.863695  -4.87353  
0.876732  -4.97933  
0.872724  -4.91644  
0.885963  -4.9649  
0.86721  -4.88418  
0.888196  -4.95813  
0.881832  -4.90087  
0.874707  -4.86726  
0.903966  -4.9374  
0.89594  -4.89586  
0.889606  -4.83926  
0.894681  -4.82862  
0.918136  -4.92297  
0.934232  -4.9405  
0.915371  -4.86033  
0.938312  -4.96805  
0.931819  -4.91096  
0.945799  -5.00277  
0.927299  -4.92251  
0.957691  -5.04496  
0.951992  -5.00712  
0.955499  -5.04004  
0.949047  -4.9819  
0.932911  -4.93981  
0.969979  -5.06459  
0.962622  -4.99859  
0.966511  -5.00601  
0.960091  -4.94758  
0.991763  -5.03827  
0.98238  -4.97511  
1.00008  -5.00879  
0.993375  -4.95021  
1.039  -5.07187  
1.03192  -5.01276  
1.01949  -4.99824  
1.01259  -4.93975  
1.05443  -5.06117  
1.04211  -4.97365  
1.05525  -5.0396  
1.04797  -4.98077  
1.07519  -5.07856  
1.06772  -5.01939  
1.06505  -5.04953  
1.06157  -5.00682  
1.05944  -4.98328  
1.08866  -5.096  
1.0849  -5.05194  
1.10344  -5.11166  
1.09594  -5.05169  
1.1327  -5.15587  
1.12507  -5.09548  
1.11104  -5.03981  
1.13558  -5.10637  
1.12813  -5.04551  
1.14409  -5.09188  
1.13691  -5.03112  
1.16961  -5.12875  
1.16256  -5.07962  
1.17581  -5.13086  
1.1647  -5.05316  
1.16956  -5.04251  
1.19234  -5.15493  
1.18854  -5.10879  
1.20301  -5.17928  
1.19576  -5.11767  
1.23287  -5.2548  
1.22038  -5.16464  
1.22917  -5.24142  
1.22163  -5.17943  
1.24715  -5.27427  
1.23762  -5.21378  
1.24571  -5.21051  
1.23805  -5.14872  
1.25614  -5.24083  
1.25101  -5.17925  
1.25264  -5.16373  
1.25457  -5.16715  
1.27673  -5.20669  
1.26593  -5.14455  
1.27875  -5.18831  
1.27088  -5.12686  
1.27385  -5.11196  
1.30683  -5.23347  
1.30547  -5.18264  
1.31345  -5.22475  
1.3055  -5.16228  
1.32962  -5.26851  
1.33535  -5.32955  
1.32764  -5.26638  
1.33247  -5.24051  
1.34615  -5.34605  
1.33363  -5.2546  
1.34304  -5.31285  
1.33461  -5.24735  
1.35127  -5.31543  
1.33497  -5.24448  
1.3342  -5.21209  
1.35372  -5.3075  
1.34615  -5.2444  
1.36323  -5.31197  
1.35574  -5.24898  
1.3616  -5.30284  
1.35426  -5.23997  
1.37708  -5.35546  
1.36486  -5.26425  
1.37643  -5.33378  
1.36504  -5.27054  
1.38709  -5.34959  
1.37941  -5.28625  
1.38779  -5.35805  
1.38019  -5.29456  
1.40749  -5.38816  
1.38681  -5.29914  
1.40814  -5.36017  
1.38877  -5.27536  
1.41733  -5.38162  
1.39675  -5.29197  
1.4039  -5.3491  
1.39909  -5.29695  
1.40109  -5.29576  
1.41867  -5.37715  
1.41117  -5.31251  
1.40952  -5.37177  
1.40207  -5.30718  
1.4036  -5.35078  
1.39623  -5.28623  
1.40795  -5.35757  
1.40062  -5.2927  
1.40383  -5.34903  
1.39972  -5.29505  
1.39469  -5.24976  
1.41333  -5.37783  
1.40625  -5.3125  
1.40546  -5.33944  
1.39854  -5.27432  
1.41458  -5.372  
1.40762  -5.30638  
1.40738  -5.3503  
1.40053  -5.28476  
1.39472  -5.27372  
1.39924  -5.35422  
1.39263  -5.28845  
1.40203  -5.35028  
1.39268  -5.28146  
1.40515  -5.39386  
1.40301  -5.35482  
1.39817  -5.3404  
1.40717  -5.43552  
1.40066  -5.36813  
1.40232  -5.454  
1.4005  -5.41377  
1.39845  -5.48771  
1.3923  -5.41989  
1.40774  -5.49765  
1.39317  -5.4828  
1.38706  -5.41494  
1.37997  -5.38039  
1.4016  -5.45902  
1.38803  -5.4305  
1.38159  -5.36277  
1.3869  -5.39372  
1.36875  -5.3043  
1.38438  -5.39397  
1.37772  -5.32652  
1.37409  -5.31013  
1.39187  -5.42511  
1.38528  -5.35742  
1.3951  -5.46544  
1.39882  -5.42133  
1.4259  -5.56809  
1.4076  -5.47685  
1.43268  -5.56033  
1.41452  -5.46901  
1.42956  -5.5512  
1.42567  -5.48513  
1.42682  -5.5239  
1.42085  -5.45496  
1.42656  -5.4888  
1.41683  -5.41677  
1.43722  -5.49315  
1.42577  -5.41256  
1.45093  -5.54413  
1.44177  -5.47169  
1.47709  -5.70693  
1.47352  -5.6934  
1.46731  -5.62403  
1.45355  -5.55539  
1.44703  -5.51706  
1.43192  -5.42351  
1.43715  -5.43471  
1.42879  -5.36392  
1.4457  -5.43159  
1.42863  -5.34334  
1.4335  -5.32184  
1.44549  -5.36344  
1.42768  -5.27477  
1.47432  -5.4663  
1.47542  -5.4384  
1.49003  -5.56532  
1.48296  -5.49582  
1.49798  -5.62066  
1.49101  -5.55048  
1.48376  -5.60158  
1.47707  -5.53142  
1.46817  -5.48649  
1.45669  -5.46309  
1.45041  -5.39373  
1.46045  -5.44587  
1.45434  -5.37673  
1.4779  -5.43625  
1.45887  -5.32885  
1.49307  -5.43187  
1.48719  -5.36283  
1.51181  -5.46642  
1.51203  -5.40912  
1.53819  -5.55232  
1.53594  -5.50852  
1.54897  -5.60185  
1.54268  -5.53258  
1.55011  -5.63545  
1.53164  -5.5423  
1.54481  -5.6181  
1.51734  -5.49067  
1.51653  -5.52113  
1.4982  -5.42887  
1.51568  -5.52177  
1.48741  -5.39914  
1.49254  -5.42643  
1.48597  -5.35699  
1.51532  -5.47548  
1.50804  -5.39763  
1.52053  -5.49892  
1.51385  -5.42878  
1.55406  -5.60904  
1.55354  -5.5528  
1.56403  -5.63824  
1.55695  -5.56655  
1.5687  -5.67282  
1.56882  -5.62131  
1.55391  -5.61291  
1.55086  -5.56733  
1.5656  -5.64962  
1.55549  -5.56924  
1.55363  -5.62032  
1.54016  -5.52671  
1.57092  -5.65791  
1.54884  -5.55392  
1.58284  -5.68772  
1.56337  -5.59357  
1.60366  -5.77183  
1.59734  -5.69923  
1.61383  -5.82003  
1.60747  -5.74721  
1.60694  -5.71642  
1.62371  -5.79594  
1.6171  -5.72315  
1.61134  -5.68182  
1.60455  -5.60983  
1.62198  -5.6727  
1.60308  -5.57026  
1.61725  -5.63311  
1.61245  -5.55534  
1.62514  -5.6164  
1.62745  -5.57703  
1.6314  -5.65696  
1.62431  -5.58544  
1.63764  -5.61917  
1.66129  -5.77584  
1.64961  -5.71811  
1.67366  -5.84022  
1.66643  -5.76689  
1.65571  -5.71638  
1.65952  -5.76119  
1.64669  -5.68642  
1.65798  -5.72435  
1.65106  -5.65144  
1.66137  -5.71555  
1.64665  -5.63325  
1.64338  -5.58516  
1.66411  -5.67386  
1.65714  -5.6012  
1.67999  -5.71259  
1.67827  -5.71746  
1.68027  -5.68061  
1.68077  -5.66107  
1.71232  -5.8237  
1.69438  -5.72853  
1.70477  -5.78826  
1.7021  -5.73754  
1.71037  -5.80097  
1.70622  -5.72106  
1.69252  -5.63327  
1.70086  -5.65926  
1.71305  -5.72399  
1.70668  -5.65115  
1.72023  -5.6738  
1.71724  -5.62668  
1.73702  -5.74769  
1.73096  -5.68484  
1.73448  -5.69244  
1.76352  -5.88874  
1.75588  -5.83369  
1.76001  -5.94641  
1.75304  -5.87103  
1.77157  -5.98559  
1.75243  -5.91236  
1.7454  -5.89177  
1.73877  -5.81672  
1.74039  -5.80846  
1.71879  -5.69599  
1.72115  -5.69876  
1.72485  -5.64817  
1.73859  -5.67445  
1.71975  -5.57874  
1.7331  -5.62533  
1.73335  -5.56262  
1.75976  -5.72654  
1.74563  -5.65658  
1.76613  -5.81798  
1.76311  -5.75405  
1.7592  -5.74591  
1.7702  -5.84933  
1.77124  -5.8  
1.76204  -5.82462  
1.75351  -5.74962  
1.75111  -5.78416  
1.74761  -5.70303  
1.7405  -5.6661  
1.75218  -5.71019  
1.76481  -5.72575  
1.74897  -5.62605  
1.76956  -5.71049  
1.76404  -5.63675  
1.79039  -5.77927  
1.78334  -5.70469  
1.8058  -5.85655  
1.80003  -5.78132  
1.81642  -5.9223  
1.80263  -5.84982  
1.81025  -5.94476  
1.80438  -5.86843  
1.80343  -5.87577  
1.79198  -5.79305  
1.79922  -5.83014  
1.79382  -5.75474  
1.79431  -5.77152  
1.78794  -5.67803  
1.79704  -5.7255  
1.7999  -5.65932  
1.79706  -5.62621  
1.82332  -5.76108  
1.82126  -5.71083  
1.84477  -5.87289  
1.84389  -5.79626  
1.85461  -5.92125  
1.84921  -5.84503  
1.84878  -5.93517  
1.84871  -5.8754  
1.84314  -5.90794  
1.84052  -5.85132  
1.83043  -5.83785  
1.81948  -5.75277  
1.8171  -5.72159  
1.80074  -5.62554  
1.8234  -5.71534  
1.80628  -5.61057  
1.83527  -5.7027  
1.83341  -5.65236  
1.8526  -5.79225  
1.85032  -5.71444  
1.87394  -5.85149  
1.87403  -5.81051  
1.89487  -5.92379  
1.89029  -5.84762  
1.88659  -5.91238  
1.88848  -5.84904  
1.87252  -5.82771  
1.86808  -5.75203  
1.87385  -5.77249  
1.8676  -5.69711  
1.87151  -5.70693  
1.86866  -5.65233  
1.86262  -5.61095  
1.8941  -5.75609  
1.87986  -5.65908  
1.91903  -5.79354  
1.91319  -5.74564  
1.94511  -5.89287  
1.94032  -5.81653  
1.94395  -5.79479  
1.9662  -5.92012  
1.9508  -5.82358  
1.96271  -5.91262  
1.9578  -5.83564  
1.95854  -5.8705  
1.95372  -5.79397  
1.95324  -5.79677  
1.94351  -5.73373  
1.9459  -5.7104  
1.96632  -5.76342  
1.96705  -5.72089  
1.97726  -5.76135  
1.97808  -5.71917  
1.98256  -5.70737  
2.00923  -5.81065  
2.00677  -5.73553  
2.0336  -5.84942  
2.01861  -5.75367  
2.03281  -5.85265  
2.02843  -5.7766  
2.03154  -5.83815  
2.0274  -5.76235  
2.02634  -5.79907  
2.02169  -5.72492  
2.02648  -5.76572  
2.01408  -5.68119  
2.0247  -5.75373  
2.02006  -5.67665  
2.04532  -5.77779  
2.03063  -5.68189  
2.05161  -5.77375  
2.04797  -5.69798  
2.0688  -5.79594  
2.06372  -5.72083  
2.08609  -5.83929  
2.08201  -5.76317  
2.08315  -5.73939  
2.10015  -5.82357  
2.1049  -5.83169  
2.08971  -5.73473  
2.10496  -5.81246  
2.08865  -5.71633  
2.10112  -5.7809  
2.09682  -5.7046  
2.11729  -5.80142  
2.10328  -5.70739  
2.12007  -5.77244  
2.10498  -5.67596  
2.11674  -5.73331  
2.11385  -5.65566  
2.12178  -5.73032  
2.12018  -5.67743  
2.13119  -5.73971  
2.12771  -5.66463  
2.14148  -5.72771  
2.1376  -5.65209  
2.15133  -5.73763  
2.14364  -5.66491  
2.16021  -5.76531  
2.14607  -5.66951  
2.15824  -5.75761  
2.15898  -5.69246  
2.16355  -5.74863  
2.16089  -5.67393  
2.17087  -5.73948  
2.14942  -5.63618  
2.16134  -5.70613  
2.15844  -5.63106  
2.16598  -5.68554  
2.16294  -5.61041  
2.16427  -5.58582  
2.18273  -5.6467  
2.18194  -5.59424  
2.1893  -5.63711  
2.18579  -5.5617  
2.2101  -5.67963  
2.20631  -5.60365  
2.2226  -5.72445  
2.21865  -5.648  
2.23841  -5.75573  
2.23661  -5.70734  
2.24093  -5.79524  
2.23712  -5.7183  
2.25023  -5.81988  
2.24635  -5.74256  
2.24693  -5.71666  
2.26273  -5.74675  
2.24915  -5.66578  
2.26761  -5.72001  
2.26234  -5.63526  
2.2892  -5.7183  
2.28544  -5.64201  
2.30719  -5.74242  
2.306  -5.68833  
2.32008  -5.78505  
2.3179  -5.71627  
2.33693  -5.81125  
2.33288  -5.74906  
2.34512  -5.82492  
2.34409  -5.75944  
2.34997  -5.8226  
2.34751  -5.74753  
2.34846  -5.71027  
2.3439  -5.7108  
2.34593  -5.66675  
2.36212  -5.70311  
2.34845  -5.60816  
2.36168  -5.7099  
2.35847  -5.63451  
2.38075  -5.75363  
2.37735  -5.67787  
2.38039  -5.66963  
2.39898  -5.7567  
2.39761  -5.70243  
2.39472  -5.75331  
2.39352  -5.69911  
2.40683  -5.77978  
2.40337  -5.70321  
2.39998  -5.72169  
2.39543  -5.63845  
2.40591  -5.69701  
2.40111  -5.61215  
2.41105  -5.67278  
2.40558  -5.58498  
2.42926  -5.70375  
2.42871  -5.64686  
2.45093  -5.76639  
2.44667  -5.69172  
2.47159  -5.80414  
2.46841  -5.72796  
2.48312  -5.82459  
2.48019  -5.7486  
2.50575  -5.87319  
2.50456  -5.82162  
2.50691  -5.86233  
2.50479  -5.78734  
2.50838  -5.82191  
2.50567  -5.74947  
2.50836  -5.78697  
2.50637  -5.71258  
2.52549  -5.78962  
2.51898  -5.71479  
2.52914  -5.79613  
2.52479  -5.72622  
2.52618  -5.69993  
2.54138  -5.79984  
2.53866  -5.72428  
2.55064  -5.80786  
2.54796  -5.73986  
2.55225  -5.80734  
2.54927  -5.73979  
2.54485  -5.79524  
2.5422  -5.71957  
2.54076  -5.75211  
2.53673  -5.68231  
2.54967  -5.75247  
2.5368  -5.65761  
2.55033  -5.74339  
2.548  -5.66841  
2.54508  -5.62026  
2.55895  -5.6908  
2.54609  -5.59623  
2.55828  -5.64111  
2.54766  -5.5685  
2.56019  -5.67357  
2.54456  -5.57109  
2.56072  -5.66327  
2.55066  -5.59099  
2.55361  -5.65769  
2.55826  -5.62034  
2.5506  -5.6988  
2.55761  -5.65923  
2.55853  -5.75148  
2.56166  -5.77764  
2.5513  -5.68552  
2.54564  -5.65362  
2.54887  -5.70498  
2.54921  -5.65111  
2.54804  -5.72732  
2.5446  -5.64264  
2.55314  -5.66984  
2.5516  -5.60637  
2.55796  -5.66037  
2.55422  -5.57538  
2.56908  -5.68623  
2.5699  -5.633  
2.57535  -5.74323  
2.57405  -5.66829  
2.57727  -5.65765  
2.58454  -5.75716  
2.5854  -5.70314  
2.58932  -5.78108  
2.59406  -5.8118  
2.59509  -5.75773  
2.60096  -5.81002  
2.58693  -5.70574  
2.59429  -5.77679  
2.59752  -5.71808  
2.59629  -5.78168  
2.59529  -5.70684  
2.60206  -5.79018  
2.59303  -5.71706  
2.6089  -5.78501  
2.6078  -5.72334  
2.61229  -5.73827  
2.61428  -5.68445  
2.63618  -5.7684  
2.63536  -5.70601  
2.64665  -5.7618  
2.6489  -5.71049  
2.66458  -5.81247  
2.6733  -5.74415  
2.67664  -5.85965  
2.66641  -5.77948  
2.67054  -5.79857  
2.6849  -5.88598  
2.67658  -5.81402  
2.68109  -5.85599  
2.68291  -5.79431  
2.68825  -5.85641  
2.68997  -5.8034  
2.69342  -5.83393  
2.69412  -5.75844  
2.70707  -5.825  
2.71283  -5.77573  
2.71382  -5.75708  
2.72775  -5.82767  
2.71885  -5.7554  
2.73282  -5.87466  
2.73251  -5.80118  
2.73815  -5.87308  
2.74074  -5.80642  
2.73514  -5.77391  
2.74357  -5.87471  
2.73787  -5.8089  
2.73176  -5.76432  
2.74995  -5.84992  
2.74531  -5.76964  
2.75423  -5.83629  
2.7472  -5.74533  
2.75046  -5.81491  
2.7542  -5.76325  
2.75526  -5.85067  
2.75563  -5.77808  
2.77047  -5.84122  
2.76293  -5.77051  
2.77197  -5.8358  
2.7732  -5.79437  
2.79192  -5.88409  
2.78154  -5.79702  
2.79788  -5.88199  
2.80218  -5.81696  
2.81536  -5.90508  
2.81671  -5.83435  
2.82937  -5.91852  
2.82214  -5.83661  
2.83165  -5.90495  
2.82164  -5.82501  
2.83147  -5.84992  
2.82781  -5.76951  
2.82967  -5.79809  
2.83193  -5.74652  
2.84119  -5.81876  
2.84142  -5.72556  
2.85118  -5.82083  
2.85204  -5.74977  
2.85417  -5.83719  
2.86439  -5.79348  
2.85972  -5.77583  
2.87012  -5.92841  
2.87269  -5.87609  
2.88587  -5.93255  
2.88193  -5.92872  
2.87442  -5.85762  
2.88455  -5.83772  
2.89189  -5.89402  
2.89259  -5.82189  
2.90301  -5.86728  
2.89523  -5.79627  
2.91353  -5.84643  
2.91441  -5.77538  
2.92093  -5.86118  
2.92369  -5.81007  
2.93306  -5.90801  
2.93487  -5.83821  
2.93961  -5.81275  
2.94667  -5.86868  
2.95183  -5.80996  
2.9606  -5.87589  
2.96401  -5.88783  
2.96839  -5.84899  
2.97404  -5.90608  
2.97775  -5.85663  
2.9964  -5.99231  
2.98399  -5.90443  
2.99092  -6.00551  
2.99411  -5.95405  
2.99836  -6.07216  
3.00147  -6.01982  
2.99044  -6.02727  
2.99247  -5.95656  
2.99689  -6.01991  
2.98809  -5.9333  
2.98483  -5.91886  
2.9922  -5.86161  
3.00172  -5.93164  
2.99392  -5.82527  
3.00289  -5.92543  
3.00465  -5.83843  
3.01592  -5.85966  
3.0349  -5.99626  
3.03153  -5.93253  
3.04265  -6.03043  
3.04664  -5.95157  
3.05235  -6.03388  
3.04863  -5.96874  
3.04906  -5.94962  
3.0692  -6.01174  
3.06557  -5.93807  
3.06671  -5.97831  
3.07059  -5.92774  
3.07385  -5.97647  
3.07797  -5.92643  
3.08468  -6.04036  
3.08764  -5.97156  
3.09902  -6.03454  
3.10481  -5.98754  
3.10775  -6.07301  
3.11395  -6.00984  
3.12245  -6.08041  
3.11777  -5.99505  
3.12333  -6.05195  
3.11837  -5.98075  
3.12415  -5.9614  
3.12973  -6.05248  
3.12436  -5.98424  
3.14375  -6.09802  
3.13741  -6.03869  
3.14405  -6.11355  
3.15076  -6.05516  
3.16691  -6.15755  
3.15908  -6.07103  
3.17189  -6.15719  
3.17501  -6.10764  
3.17786  -6.16039  
3.18163  -6.11078  
3.18472  -6.17752  
3.18916  -6.12652  
3.18445  -6.1107  
3.19127  -6.19066  
3.18481  -6.10301  
3.18876  -6.1707  
3.1933  -6.11943  
3.19069  -6.15326  
3.18742  -6.07534  
3.19956  -6.15715  
3.20431  -6.10628  
3.20776  -6.1777  
3.21144  -6.109  
3.20864  -6.08778  
3.21479  -6.19011  
3.21863  -6.12141  
3.21929  -6.16895  
3.22625  -6.10999  
3.21963  -6.18049  
3.21967  -6.13491  
3.21866  -6.19265  
3.21333  -6.10668  
3.22075  -6.19099  
3.22714  -6.12189  
3.23611  -6.21767  
3.22945  -6.15233  
3.24112  -6.23197  
3.23624  -6.14666  
3.24851  -6.23562  
3.25636  -6.1777  
3.25892  -6.24448  
3.26604  -6.19362  
3.27661  -6.29193  
3.27328  -6.19753  
3.28453  -6.3027  
3.2814  -6.2099  
3.27974  -6.31802  
3.29317  -6.28477  
3.29047  -6.26206  
3.29664  -6.32353  
3.30665  -6.28097  
3.31226  -6.33199  
3.30704  -6.24515  
3.31906  -6.28521  
3.32882  -6.30978  
3.32625  -6.23146  
3.33012  -6.19821  
3.33254  -6.25927  
3.34105  -6.20751  
3.3403  -6.21959  
3.3421  -6.14374  
3.33966  -6.20385  
3.34849  -6.1478  
3.34455  -6.17018  
3.34997  -6.11962  
3.3492  -6.10371  
3.35042  -6.14792  
3.3558  -6.09714  
3.35768  -6.17846  
3.35777  -6.22728  
3.36009  -6.16205  
3.3626  -6.15286  
3.35554  -6.21309  
3.35384  -6.21387  
3.3532  -6.16712  
3.3549  -6.13147  
3.35741  -6.18932  
3.3641  -6.1402  
3.37986  -6.22151  
3.37693  -6.15444  
3.39142  -6.27017  
3.38849  -6.20267  
3.39858  -6.20946  
3.40548  -6.2868  
3.41162  -6.23581  
3.41083  -6.32365  
3.41204  -6.27571  
3.4146  -6.35291  
3.42091  -6.30134  
3.41163  -6.33278  
3.40871  -6.26398  
3.41045  -6.23932  
3.4099  -6.30056  
3.42126  -6.27093  
3.42462  -6.3249  
3.43111  -6.2735  
3.4448  -6.34463  
3.44062  -6.25819  
3.45307  -6.35571  
3.45898  -6.3028  
3.47059  -6.37209  
3.47627  -6.31875  
3.47953  -6.38382  
3.47567  -6.31254  
3.47145  -6.33224  
3.47754  -6.27463  
3.47616  -6.3419  
3.47507  -6.26902  
3.47586  -6.31376  
3.47274  -6.24882  
3.47253  -6.30273  
3.47983  -6.23666  
3.48901  -6.3189  
3.4865  -6.25073  
3.48726  -6.23793  
3.49636  -6.29087  
3.49761  -6.22756  
3.49717  -6.30956  
3.49506  -6.24184  
3.49963  -6.3008  
3.50685  -6.25033  
3.50881  -6.30477  
3.50671  -6.23684  
3.51771  -6.22757  
3.52759  -6.32155  
3.52537  -6.25314  
3.53593  -6.31598  
3.54233  -6.24918  
3.54685  -6.33172  
3.55343  -6.26539  
3.55949  -6.26158  
3.55555  -6.31471  
3.56243  -6.26291  
3.57036  -6.33262  
3.56764  -6.26252  
3.56154  -6.32543  
3.56781  -6.27162  
3.56402  -6.32241  
3.56945  -6.25236  
3.57191  -6.31904  
3.57121  -6.24896  
3.58434  -6.32169  
3.59051  -6.26752  
3.60138  -6.26242  
3.60985  -6.32844  
3.61643  -6.27535  
3.61985  -6.36295  
3.63075  -6.31496  
3.63594  -6.39566  
3.64193  -6.32689  
3.63482  -6.37498  
3.64172  -6.32223  
3.64127  -6.31745  
3.64072  -6.26124  
3.65252  -6.25789  
3.66239  -6.27632  
3.66434  -6.22757  
3.66762  -6.29041  
3.66593  -6.22264  
3.6671  -6.29261  
3.67458  -6.2418  
3.67362  -6.21991  
3.67678  -6.30635  
3.67496  -6.224  
3.67674  -6.33464  
3.68415  -6.26874  
3.68177  -6.33519  
3.68974  -6.28413  
3.67756  -6.31388  
3.68536  -6.26224  
3.68531  -6.29341  
3.69434  -6.2283  
3.70097  -6.25838  
3.69852  -6.18725  
3.70129  -6.22227  
3.7048  -6.17001  
3.71462  -6.22508  
3.71306  -6.16601  
3.72414  -6.17246  
3.7445  -6.30617  
3.74586  -6.25279  
3.75397  -6.36144  
3.76083  -6.30691  
3.75112  -6.35757  
3.75826  -6.30338  
3.76201  -6.3434  
3.76023  -6.27275  
3.76755  -6.25715  
3.76543  -6.27836  
3.76312  -6.19311  
3.76094  -6.25838  
3.7687  -6.20598  
3.77439  -6.26625  
3.787  -6.22281  
3.79965  -6.31453  
3.80763  -6.2628  
3.81407  -6.3322  
3.82215  -6.28065  
3.8272  -6.34999  
3.83389  -6.31185  
3.84162  -6.28404  
3.84515  -6.35555  
3.84467  -6.28808  
3.85006  -6.3404  
3.84941  -6.27231  
3.84536  -6.29073  
3.85337  -6.23873  
3.85267  -6.20879  
3.85447  -6.26101  
3.85331  -6.19101  
3.86934  -6.29676  
3.86745  -6.22504  
3.8681  -6.27388  
3.87491  -6.21807  
3.87401  -6.26663  
3.87159  -6.17993  
3.88822  -6.25247  
3.88624  -6.16728  
3.88867  -6.20772  
3.89615  -6.1625  
3.90836  -6.22911  
3.91167  -6.23562  
3.91743  -6.19081  
3.9277  -6.17601  
3.92841  -6.23621  
3.93435  -6.19542  
3.94217  -6.23628  
3.94366  -6.25508  
3.95093  -6.18751  
3.95814  -6.23208  
3.96077  -6.17941  
3.96894  -6.15157  
3.97076  -6.20488  
3.97748  -6.15161  
3.98994  -6.21086  
3.9945  -6.16486  
4.00464  -6.2447  
4.00446  -6.16456  
4.00546  -6.19341  
4.01443  -6.14447  
4.01973  -6.204  
4.02828  -6.15287  
4.03271  -6.22174  
4.0398  -6.15764  
4.05314  -6.2801  
4.06096  -6.22632  
4.0643  -6.31708  
4.07154  -6.25224  
4.08233  -6.34712  
4.08714  -6.27424  
4.08863  -6.32014  
4.09409  -6.27346  
4.09719  -6.28716  
4.09342  -6.21105  
4.09101  -6.20564  
4.09597  -6.133  
4.09976  -6.19314  
4.10758  -6.13929  
4.11015  -6.12554  
4.11841  -6.20175  
4.12812  -6.13219  
4.12764  -6.17157  
4.13927  -6.14424  
4.14526  -6.21041  
4.14793  -6.15644  
4.15182  -6.11762  
4.14833  -6.15383  
4.15636  -6.08862  
4.15677  -6.12832  
4.16029  -6.07702  
4.15574  -6.05778  
4.16318  -6.11877  
4.16188  -6.0691  
4.16331  -6.10112  
4.17284  -6.03985  
4.17971  -6.11888  
4.17848  -6.04878  
4.18387  -6.12151  
4.19688  -6.08327  
4.20187  -6.13887  
4.20233  -6.05457  
4.20561  -6.14327  
4.21978  -6.08994  
4.22183  -6.16618  
4.2188  -6.09943  
4.22825  -6.16242  
4.2297  -6.11634  
4.23441  -6.09278  
4.23444  -6.12938  
4.23763  -6.08064  
4.24544  -6.15291  
4.24495  -6.06894  
4.24906  -6.12089  
4.25777  -6.06708  
4.26029  -6.1248  
4.26913  -6.07143  
4.2671  -6.02744  
4.27273  -6.09858  
4.27488  -6.05349  
4.27311  -6.07867  
4.27745  -6.02526  
4.28497  -6.01062  
4.29466  -6.0539  
4.30374  -6.00137  
4.3085  -6.05399  
4.31619  -6.01133  
4.32878  -6.07552  
4.33685  -6.03457  
4.35392  -6.07613  
4.36215  -6.02414  
4.37092  -6.07093  
4.37405  -6.02775  
4.38018  -6.08997  
4.38982  -6.02741  
4.38912  -5.9895  
4.4009  -6.06973  
4.40481  -6.0165  
4.40886  -6.07172  
4.41804  -6.01961  
4.42209  -6.047  
4.42259  -5.97835  
4.43007  -6.02481  
4.43933  -5.973  
4.43474  -6.00574  
4.45032  -5.96053  
4.44257  -5.99533  
4.44784  -5.94248  
4.45362  -5.94762  
4.45833  -6.00756  
4.45798  -5.95082  
4.46339  -6.00856  
4.47591  -5.96994  
4.47383  -5.93578  
4.47665  -6.00513  
4.48618  -5.95311  
4.49673  -6.02491  
4.49799  -5.95737  
4.50722  -6.02434  
4.50698  -5.96679  
4.51804  -6.01515  
4.51945  -5.94774  
4.52507  -6.01067  
4.54057  -5.96941  
4.53887  -6.02776  
4.54387  -5.97471  
4.5568  -5.97875  
4.55714  -6.04181  
4.56792  -5.99297  
4.57002  -6.05292  
4.57208  -5.98709  
4.58252  -6.07408  
4.58443  -6.00755  
4.5874  -6.03923  
4.59249  -5.98544  
4.59984  -5.96447  
4.60007  -6.00141  
4.61179  -5.96901  
4.62036  -6.02033  
4.62942  -5.98103  
4.63127  -6.04223  
4.6418  -5.99217  
4.64655  -6.07239  
4.65701  -6.02197  
4.66728  -6.0359  
4.66692  -6.08183  
4.6772  -6.03043  
4.67896  -6.09417  
4.68902  -6.04188  
4.6968  -6.09615  
4.69859  -6.02097  
4.71185  -6.1007  
4.71377  -6.03345  
4.71356  -6.09057  
4.72392  -6.03253  
4.72789  -6.1116  
4.72797  -6.04372  
4.73113  -6.1126  
4.7399  -6.06165  
4.74175  -6.12042  
4.75096  -6.08005  
4.7519  -6.11671  
4.74921  -6.04437  
4.7531  -6.12029  
4.75911  -6.06977  
4.76863  -6.05161  
4.77539  -6.13009  
4.77836  -6.06489  
4.79326  -6.14354  
4.79434  -6.08755  
4.80563  -6.16191  
4.81683  -6.11244  
4.82702  -6.0986  
4.83639  -6.17265  
4.83951  -6.11804  
4.8588  -6.20337  
4.86999  -6.15409  
4.8741  -6.19142  
4.88021  -6.1383  
4.88866  -6.20602  
4.9001  -6.15775  
4.91133  -6.20959  
4.92152  -6.17351  
4.92848  -6.23113  
4.93976  -6.19339  
4.94755  -6.17927  
4.95188  -6.1927  
4.95457  -6.12732  
4.95528  -6.18112  
4.95705  -6.10966  
4.95452  -6.14702  
4.96904  -6.12101  
4.96707  -6.17408  
4.9789  -6.13762  
4.98964  -6.21307  
4.99963  -6.16673  
5.00772  -6.24563  
5.01805  -6.20884  
5.03141  -6.25865  
5.03511  -6.19597  
5.04336  -6.16114  
5.04539  -6.20771  
5.05348  -6.15826  
5.05045  -6.1954  
5.05394  -6.13186  
5.05126  -6.20096  
5.06021  -6.15339  
5.05917  -6.19034  
5.05935  -6.1326  
5.05665  -6.25026  
5.06071  -6.18697  
5.06546  -6.2559  
5.08151  -6.22124  
5.07533  -6.23889  
5.08823  -6.20414  
5.08906  -6.16935  
5.08142  -6.20624  
5.09455  -6.16158  
5.0909  -6.23239  
5.08979  -6.25409  
5.09772  -6.20043  
5.09057  -6.2319  
5.10205  -6.20684  
5.10768  -6.20763  
5.1145  -6.27914  
5.11683  -6.23846  
5.13372  -6.33362  
5.13922  -6.29007  
5.14625  -6.27513  
5.15439  -6.33463  
5.16518  -6.28378  
5.17154  -6.35869  
5.17727  -6.29929  
5.1715  -6.35614  
5.18348  -6.33173  
5.17337  -6.38374  
5.17935  -6.3245  
5.18066  -6.34133  
5.19479  -6.29173  
5.20737  -6.33966  
5.21369  -6.29246  
5.24087  -6.32283  
5.25516  -6.28449  
5.29597  -6.33016  
5.30667  -6.26279  
5.35734  -6.29569  
5.37215  -6.24939  
5.42304  -6.28995  
5.43054  -6.24618  
5.47169  -6.28631  
5.48079  -6.23348  
5.5024  -6.29063  
5.52339  -6.25062  
5.54404  -6.34372  
5.55261  -6.30295  
5.56124  -6.39041  
5.5699  -6.34951  
5.57168  -6.43837  
5.57681  -6.39919  
5.57715  -6.45264  
5.58415  -6.41781  
5.59146  -6.43374  
5.59285  -6.40689  
5.59865  -6.38394  
5.60332  -6.32691  
5.60284  -6.28566  
5.61253  -6.22962  
5.63022  -6.18645  
5.64158  -6.15791  
5.65293  -6.13197  
5.6738  -6.15802  
5.68703  -6.11178  
5.69267  -6.08411  
5.71875  -6.13952  
5.72905  -6.10273  
5.74409  -6.15407  
5.75869  -6.1196  
5.75813  -6.14014  
5.76885  -6.09151  
5.77538  -6.08254  
5.77297  -6.0868  
5.77957  -6.047  
5.77838  -6.07922  
5.79206  -6.03417  
5.79852  -6.07027  
5.80253  -6.01032  
5.80949  -6.03543  
5.82215  -6.00454  
5.82853  -5.98833  
5.84209  -6.08481  
5.85445  -6.04132  
5.87007  -6.12829  
5.8824  -6.08466  
5.8926  -6.09905  
5.89553  -6.1553  
5.90799  -6.12138  
5.91257  -6.19678  
5.92752  -6.23621  
5.94002  -6.20197  
5.94206  -6.1773  
5.94123  -6.2322  
5.94919  -6.22346  
5.95512  -6.18301  
5.95938  -6.18695  
5.97188  -6.15211  
5.98299  -6.13492  
5.98255  -6.15918  
5.99116  -6.15576  
6.00394  -6.12227  
6.02017  -6.16895  
6.02523  -6.12111  
6.04157  -6.17399  
6.05507  -6.14577  
6.05741  -6.16498  
6.06827  -6.12848  
6.06512  -6.14735  
6.07803  -6.11439  
6.07626  -6.13169  
6.08676  -6.10198  
6.08664  -6.11634  
6.09298  -6.06675  
6.10374  -6.10045  
6.10292  -6.04499  
6.11556  -6.0944  
6.12303  -6.04155  
6.13436  -6.10155  
6.15154  -6.07499  
6.15488  -6.10375  
6.1642  -6.06001  
6.17636  -6.0596  
6.17927  -6.10712  
6.19343  -6.07876  
6.19307  -6.09949  
6.2072  -6.07512  
6.21055  -6.12759  
6.21671  -6.07382  
6.21199  -6.10785  
6.21953  -6.06609  
6.22301  -6.05003  
6.22025  -6.06755  
6.23453  -6.02906  
6.24107  -6.0703  
6.25688  -6.04509  
6.25874  -6.01109  
6.25858  -6.04165  
6.27224  -6.00583  
6.28268  -6.04055  
6.28972  -5.99853  
6.3002  -6.04397  
6.31515  -6.01826  
6.32669  -6.05963  
6.33016  -6.01  
6.33429  -6.05325  
6.34461  -6.02278  
6.33943  -6.06565  
6.35435  -6.03915  
6.3444  -6.04313  
6.35217  -6.02115  
6.34286  -6.03658  
6.34807  -5.98006  
6.34104  -6.01626  
6.34847  -5.96565  
6.33999  -5.96343  
6.34929  -5.93691  
6.3567  -5.94925  
6.36225  -5.90387  
6.36699  -5.95242  
6.38299  -5.91957  
6.39003  -5.91737  
6.37729  -5.95279  
6.39084  -5.93295  
6.37705  -5.96376  
6.38978  -5.94898  
6.37219  -5.9937  
6.38045  -5.9537  
6.36095  -5.98705  
6.37755  -5.95402  
6.38045  -5.94171  
6.3594  -5.94404  
6.37646  -5.92156  
6.36178  -5.92174  
6.37895  -5.89972  
6.37138  -5.90368  
6.38878  -5.87388  
6.37956  -5.91169  
6.38705  -5.88639  
6.36978  -5.95168  
6.37973  -5.90495  
6.35373  -5.95476  
6.36937  -5.9343  
6.37193  -5.94134  
6.36998  -5.99233  
6.37946  -5.95367  
6.37341  -5.99278  
6.37934  -5.9667  
6.37161  -5.98334  
6.38125  -5.962  
6.38423  -5.96383  
6.40225  -5.94339  
6.40353  -5.98834  
6.41614  -5.96196  
6.42087  -5.96502  
6.42577  -6.03445  
6.43567  -5.99836  
6.44287  -6.05815  
6.45275  -6.01318  
6.45576  -6.05777  
6.46402  -6.02252  
6.46721  -6.05243  
6.48543  -6.03208  
6.47842  -6.04504  
6.49616  -6.01676  
6.49061  -5.9997  
6.50647  -5.97388  
6.49152  -5.97896  
6.51191  -5.96122  
6.51102  -5.99177  
6.52919  -5.98463  
6.52669  -6.01158  
6.53672  -5.98395  
6.55244  -5.98834  
6.55588  -6.03064  
6.56602  -5.99864  
6.56359  -6.01776  
6.58162  -6.00141  
6.59508  -5.98369  
6.5921  -5.99627  
6.60045  -5.95797  
6.59976  -5.96198  
6.60956  -5.92909  
6.59396  -5.9286  
6.60139  -5.89712  
6.59818  -5.93207  
6.61039  -5.90638  
6.59135  -5.92605  
6.6098  -5.91175  
6.61715  -5.90009  
6.60401  -5.93404  
6.62036  -5.93073  
6.61373  -5.94325  
6.63019  -5.9405  
6.63314  -5.98537  
6.64385  -5.95652  
6.65103  -5.99075  
6.66665  -5.99083  
6.65926  -6.01224  
6.67879  -5.99182  
6.67214  -6.0746  
6.69065  -6.05191  
6.68506  -6.08649  
6.6958  -6.06989  
6.68833  -6.1138  
6.70715  -6.08826  
6.69638  -6.09695  
6.70144  -6.06331  
6.70856  -6.09354  
6.71923  -6.05643  
6.72105  -6.08373  
6.73499  -6.03003  
6.74099  -6.03605  
6.75697  -6.01607  
6.75712  -6.0268  
6.76775  -6.0005  
6.77293  -6.03249  
6.786  -5.99919  
6.78053  -6.02505  
6.7939  -6.00369  
6.80356  -5.98447  
6.78748  -5.99152  
6.7979  -5.95609  
6.7794  -5.96174  
6.79825  -5.94412  
6.7947  -5.95766  
6.80567  -5.92491  
6.79727  -5.94736  
6.81179  -5.93075  
6.82108  -5.92742  
6.80956  -5.95237  
6.83308  -5.95437  
6.81708  -6.00603  
6.8405  -6.01048  
6.82913  -6.05342  
6.8444  -6.04707  
6.84625  -6.11178  
6.85343  -6.08978  
6.85406  -6.14199  
6.86335  -6.11571  
6.86025  -6.13992  
6.87938  -6.12331  
6.88536  -6.13675  
6.89396  -6.12418  
6.89266  -6.105  
6.91674  -6.08533  
6.9043  -6.09155  
6.91568  -6.07086  
6.91283  -6.10998  
6.92402  -6.09893  
6.92467  -6.15327  
6.93251  -6.12258  
6.92192  -6.19356  
6.93787  -6.16021  
6.91964  -6.21496  
6.93101  -6.18442  
6.92331  -6.19357  
6.93863  -6.18379  
6.92742  -6.17907  
6.93507  -6.14239  
6.92228  -6.10855  
6.93389  -6.07996  
6.93644  -6.05247  
6.92027  -6.03725  
6.93836  -6.01024  
6.91891  -6.04685  
6.92859  -6.01838  
6.92009  -6.06085  
6.93059  -6.04531  
6.92458  -6.09069  
6.93717  -6.07481  
6.93317  -6.14479  
6.95326  -6.14309  
6.94977  -6.17032  
6.9614  -6.17712  
6.95573  -6.17719  
6.97607  -6.1768  
6.96598  -6.1995  
6.98012  -6.18262  
6.96231  -6.19915  
6.9846  -6.19346  
6.96834  -6.21781  
6.97704  -6.19621  
6.97243  -6.25561  
6.98595  -6.24229  
7.00224  -6.2479  
7.00584  -6.32  
7.02176  -6.31431  
7.02618  -6.35892  
7.02909  -6.36211  
7.04659  -6.37311  
7.06527  -6.37339  
7.05436  -6.38086  
7.0663  -6.35661  
7.04877  -6.3666  
7.05309  -6.34145  
7.05294  -6.33316  
7.02975  -6.32169  
7.04731  -6.33318  
7.02821  -6.34199  
7.03852  -6.33099  
7.02108  -6.34039  
7.04183  -6.33522  
7.03816  -6.3718  
7.05438  -6.37147  
7.06336  -6.43155  
7.07901  -6.41174  
7.08617  -6.44204  
7.10372  -6.44764  
7.11294  -6.48272  
7.12716  -6.48325  
7.13375  -6.52183  
7.14288  -6.51053  
7.13617  -6.52604  
7.15691  -6.52496  
7.14548  -6.52609  
7.15868  -6.51898  
7.1678  -6.52901  
7.1795  -6.5046  
7.202  -6.53929  
7.19938  -6.55952  
7.21172  -6.54989  
7.2222  -6.5936  
7.23718  -6.58251  
7.25565  -6.5998  
7.25318  -6.62255  
7.27589  -6.62733  
7.27332  -6.66562  
7.28352  -6.65477  
7.29629  -6.66371  
7.26976  -6.66852  
7.28014  -6.65369  
7.27146  -6.65739  
7.27535  -6.62616  
7.26287  -6.62575  
7.27498  -6.60837  
7.26427  -6.5905  
7.27667  -6.57486  
7.27548  -6.59683  
7.29142  -6.59254  
7.30811  -6.61943  
7.33426  -6.63486  
7.34653  -6.62122  
7.36345  -6.69279  
7.38562  -6.70995  
7.40335  -6.7082  
7.41611  -6.75351  
7.43367  -6.76356  
7.4326  -6.81163  
7.44506  -6.80151  
7.4371  -6.8348  
7.447  -6.83634  
7.42219  -6.82742  
7.44297  -6.83463  
7.43166  -6.85727  
7.45254  -6.86464  
7.45193  -6.8886  
7.47235  -6.89408  
7.47417  -6.92591  
7.4857  -6.90591  
7.49253  -6.92766  
7.5155  -6.93962  
7.53353  -6.96841  
7.55039  -6.99146  
7.54912  -7.00352  
7.56998  -6.9977  
7.57568  -7.03406  
7.58364  -7.02447  
7.58457  -7.04907  
7.60016  -7.04089  
7.59582  -7.08384  
7.60773  -7.07302  
7.60635  -7.08632  
7.61793  -7.07907  
7.62752  -7.08191  
7.62286  -7.07982  
7.63829  -7.07611  
7.63405  -7.07654  
7.6424  -7.0684  
7.63955  -7.06865  
7.65206  -7.06138  
7.66238  -7.06008  
7.67493  -7.05388  
7.68106  -7.05931  
7.70448  -7.0597  
7.70997  -7.09396  
7.72048  -7.08661  
7.75177  -7.12677  
7.76462  -7.12508  
7.78628  -7.14108  
7.80194  -7.14989  
7.81784  -7.15815  
7.81923  -7.17782  
7.82945  -7.17036  
7.82526  -7.18662  
7.83786  -7.18474  
7.83304  -7.1996  
7.85048  -7.20449  
7.85952  -7.2156  
7.84451  -7.20541  
7.8647  -7.21793  
7.85002  -7.20983  
7.87317  -7.21135  
7.87189  -7.21481  
7.89264  -7.2245  
7.88783  -7.23504  
7.91172  -7.23488  
7.91221  -7.25924  
7.9352  -7.26226  
7.9396  -7.30088  
7.95967  -7.31408  
7.97149  -7.36483  
7.98886  -7.36661  
7.99464  -7.43041  
8.00697  -7.43561  
8.01872  -7.47768  
8.03215  -7.48252  
8.05039  -7.51596  
8.04759  -7.5496  
8.06011  -7.54841  
8.053  -7.57803  
8.06588  -7.57828  
8.04809  -7.59157  
8.06144  -7.59339  
8.03373  -7.59623  
8.04759  -7.59968  
7.99551  -7.56086  
8.01037  -7.5747  
7.93921  -7.5575  
7.95343  -7.57832  
7.93607  -7.57127  
7.84167  -7.50275  
7.85507  -7.51999  
7.77067  -7.47597  
7.78783  -7.48273  
7.70349  -7.41627  
7.71826  -7.43414  
7.62986  -7.36868  
7.6482  -7.3757  
7.63796  -7.36697  
7.5466  -7.26526  
7.55469  -7.26489  
7.47978  -7.22286  
7.49945  -7.23123  
7.42224  -7.20379  
7.44232  -7.21238  
7.41237  -7.19628  
7.35773  -7.20985  
7.37818  -7.22527  
7.31241  -7.2477  
7.32255  -7.2575  
7.26086  -7.28435  
7.27088  -7.28521  
7.2089  -7.26321  
7.22125  -7.26073  
7.18604  -7.28548  
7.19959  -7.27647  
7.20041  -7.27524  
7.16639  -7.29975  
7.1803  -7.2931  
7.15979  -7.27274  
7.17888  -7.30349  
7.17782  -7.37883  
7.1881  -7.38343  
7.17659  -7.40428  
7.19731  -7.41368  
7.16115  -7.41368  
7.1743  -7.40749  
7.13057  -7.35705  
7.1496  -7.37471  
7.1095  -7.3755  
7.1265  -7.38951  
7.08922  -7.35947  
7.1071  -7.35988  
7.0552  -7.39345  
7.07671  -7.40659  
7.08316  -7.44079  
7.09032  -7.50333  
7.10792  -7.52593  
7.10482  -7.5459  
7.12198  -7.56782  
7.08163  -7.51718  
7.09878  -7.53963  
7.07836  -7.46836  
7.08728  -7.47348  
7.06876  -7.4499  
7.08792  -7.44555  
7.05391  -7.41492  
7.0656  -7.40817  
7.04573  -7.41169  
7.05417  -7.41149  
7.04126  -7.4098  
7.06745  -7.44821  
7.06729  -7.47557  
7.09266  -7.51121  
7.10589  -7.53978  
7.09397  -7.52312  
7.11737  -7.52059  
7.09387  -7.47807  
7.1001  -7.47919  
7.09869  -7.47291  
7.0691  -7.43043  
7.08747  -7.44298  
7.05741  -7.40453  
7.06054  -7.37919  
7.0353  -7.37576  
7.05434  -7.39783  
7.05397  -7.39866  
7.02954  -7.37268  
7.04926  -7.39382  
7.06765  -7.45938  
7.08539  -7.47177  
7.09432  -7.49167  
7.10848  -7.51592  
7.10122  -7.50501  
7.12049  -7.51235  
7.10497  -7.48441  
7.12191  -7.50748  
7.10216  -7.48966  
7.11933  -7.50415  
7.11477  -7.46262  
7.07791  -7.38578  
7.09544  -7.40283  
7.07307  -7.40035  
7.08803  -7.41245  
7.09102  -7.40992  
7.0822  -7.39422  
7.09841  -7.39371  
7.10918  -7.39798  
7.08584  -7.36606  
7.102  -7.37824  
7.10619  -7.39256  
7.12194  -7.40396  
7.11232  -7.37534  
7.12782  -7.38646  
7.10974  -7.35553  
7.12672  -7.3665  
7.09344  -7.33691  
7.10571  -7.36004  
7.08499  -7.31382  
7.10039  -7.32558  
7.06625  -7.25279  
7.07727  -7.25812  
7.05184  -7.21015  
7.03837  -7.17333  
7.0617  -7.20419  
7.06195  -7.18346  
7.04078  -7.11609  
7.05729  -7.12699  
7.03606  -7.0635  
7.06079  -7.09428  
7.05471  -7.09273  
7.06426  -7.08893  
7.08015  -7.10767  
7.08423  -7.10906  
7.09993  -7.12836  
7.09069  -7.14975  
7.10624  -7.16847  
7.10347  -7.2092  
7.11867  -7.22674  
7.11156  -7.24738  
7.1266  -7.26458  
7.10813  -7.24785  
7.12116  -7.27671  
7.10114  -7.2683  
7.11658  -7.2913  
7.09995  -7.27045  
7.11394  -7.27739  
7.10706  -7.24397  
7.12135  -7.25831  
7.10637  -7.21338  
7.12044  -7.22702  
7.0997  -7.22291  
7.12218  -7.25393  
7.12262  -7.2488  
7.14324  -7.27369  
7.12671  -7.28766  
7.14869  -7.32012  
7.15304  -7.32432  
7.13462  -7.35331  
7.14846  -7.37343  
7.12248  -7.42176  
7.14038  -7.42578  
7.11517  -7.4165  
7.12578  -7.4288  
7.12551  -7.43454  
7.09613  -7.39383  
7.10587  -7.40708  
7.08237  -7.3851  
7.09715  -7.40285  
7.07716  -7.36088  
7.09912  -7.39471  
7.08981  -7.371  
7.10533  -7.39275  
7.08543  -7.37027  
7.10357  -7.37791  
7.08519  -7.35309  
7.10344  -7.36084  
7.09519  -7.36613  
7.11066  -7.38601  
7.09004  -7.36791  
7.1008  -7.38513  
7.1069  -7.41528  
7.0875  -7.41319  
7.10201  -7.41921  
7.08092  -7.41597  
7.10257  -7.43869  
7.09978  -7.44778  
7.07084  -7.42416  
7.0847  -7.42627  
7.06997  -7.42065  
7.08408  -7.44075  
7.07743  -7.44289  
7.0918  -7.46333  
7.09175  -7.45422  
7.10589  -7.47443  
7.10104  -7.46495  
7.11123  -7.48277  
7.11662  -7.50273  
7.10879  -7.49273  
7.13303  -7.51651  
7.12894  -7.51553  
7.14324  -7.53553  
7.12717  -7.51159  
7.14107  -7.51716  
7.12554  -7.52582  
7.13922  -7.54693  
7.12966  -7.56576  
7.1437  -7.58186  
7.10725  -7.5705  
7.12113  -7.59222  
7.12604  -7.60595  
7.09329  -7.59291  
7.10378  -7.6129  
7.09049  -7.59787  
7.10782  -7.63347  
7.11433  -7.64887  
7.09544  -7.64003  
7.10964  -7.64187  
7.10483  -7.65787  
7.1188  -7.68095  
7.10553  -7.69901  
7.12323  -7.71086  
7.11795  -7.72724  
7.13201  -7.74687  
7.12224  -7.76121  
7.13594  -7.78722  
7.1142  -7.77495  
7.13919  -7.80507  
7.09918  -7.81708  
7.11457  -7.84355  
7.09625  -7.82499  
7.10829  -7.858  
7.06902  -7.8272  
7.08027  -7.85152  
7.08171  -7.8814  
7.05704  -7.88131  
7.07169  -7.90753  
7.05702  -7.90288  
7.07161  -7.929  
7.08049  -7.93126  
7.0907  -7.9466  
7.09502  -7.97105  
7.08326  -7.95883  
7.09747  -7.9849  
7.09231  -7.95357  
7.10635  -7.98058  
7.10428  -7.94733  
7.11457  -7.97364  
7.11396  -7.97574  
7.09392  -7.96614  
7.10152  -7.97152  
7.06018  -7.92971  
7.07456  -7.95871  
7.049  -7.92549  
7.05615  -7.93168  
7.01267  -7.91468  
7.0274  -7.94435  
6.99934  -7.93356  
7.01247  -7.96574  
6.99201  -7.97763  
7.00398  -8.01246  
6.99829  -8.04828  
7.01343  -8.08025  
6.9974  -8.09628  
7.01184  -8.12838  
7.00161  -8.15385  
7.02826  -8.2116  
7.01174  -8.22108  
7.02548  -8.26064  
7.02503  -8.28955  
7.00202  -8.26812  
6.98906  -8.28503  
7.00151  -8.3145  
6.98967  -8.33114  
6.94975  -8.32971  
6.96489  -8.36049  
6.92196  -8.31836  
6.93712  -8.34868  
6.9004  -8.35483  
6.91309  -8.38164  
6.88698  -8.37094  
6.90234  -8.40166  
6.87085  -8.37196  
6.89017  -8.39234  
6.88412  -8.37513  
6.90245  -8.39276  
6.90968  -8.42275  
6.88401  -8.40274  
6.90067  -8.42201  
6.88345  -8.36216  
6.89096  -8.37078  
6.89811  -8.39105  
6.86444  -8.35176  
6.88262  -8.38095  
6.84698  -8.36292  
6.85434  -8.38378  
6.82463  -8.33961  
6.83985  -8.37398  
6.81901  -8.3886  
6.83427  -8.42341  
6.79689  -8.40348  
6.81243  -8.4394  
6.81249  -8.44912  
6.82709  -8.47699  
6.83553  -8.51129  
6.82301  -8.46967  
6.83808  -8.50606  
6.81936  -8.47252  
6.83423  -8.50827  
6.81087  -8.4615  
6.82545  -8.49627  
6.80599  -8.45524  
6.82031  -8.48913  
6.79826  -8.47558  
6.81301  -8.48956  
6.79862  -8.5049  
6.81263  -8.53763  
6.79537  -8.57042  
6.81097  -8.58956  
6.81049  -8.60132  
6.78789  -8.58706  
6.80433  -8.62908  
6.79819  -8.66535  
6.8097  -8.67229  
6.78467  -8.63041  
6.79865  -8.66453  
6.80227  -8.67863  
6.78013  -8.63877  
6.76338  -8.59765  
6.78376  -8.63255  
6.76649  -8.60684  
6.78079  -8.64025  
6.76329  -8.64288  
6.77523  -8.68347  
6.77593  -8.6825  
6.77166  -8.71599  
6.785  -8.75118  
6.75982  -8.72417  
6.77345  -8.75931  
6.74863  -8.74974  
6.75939  -8.78482  
6.75207  -8.79736  
6.73136  -8.77728  
6.74003  -8.7995  
6.69468  -8.73132  
6.70888  -8.7688  
6.6692  -8.69652  
6.68359  -8.73475  
6.66463  -8.71158  
6.67972  -8.75249  
6.66123  -8.72114  
6.67766  -8.75604  
6.68579  -8.78421  
6.67621  -8.78793  
6.69437  -8.81439  
6.69312  -8.85998  
6.6915  -8.8683  
6.70546  -8.90307  
6.7039  -8.87523  
6.71711  -8.91191  
6.70024  -8.88291  
6.71247  -8.91053  
6.68556  -8.86706  
6.69862  -8.903  
6.69906  -8.87705  
6.65539  -8.82534  
6.65134  -8.80128  
6.66363  -8.82963  
6.64071  -8.80877  
6.64331  -8.8384  
6.63167  -8.82374  
6.64272  -8.86477  
6.63404  -8.89249  
6.64941  -8.90795  
6.64213  -8.91539  
6.65505  -8.9521  
6.64459  -8.95299  
6.66183  -8.99427  
6.65953  -8.98825  
6.67304  -9.02271  
6.67245  -9.01428  
6.65327  -8.96801  
6.66585  -9.00564  
6.63231  -8.95541  
6.65116  -8.97646  
6.6282  -8.94947  
6.6224  -8.9292  
6.63591  -8.96453  
6.63812  -8.97849  
6.6159  -8.97101  
6.63886  -9.01311  
6.63364  -9.04351  
6.64548  -9.0876  
6.63921  -9.13945  
6.65996  -9.18981  
6.64951  -9.23425  
6.66163  -9.27162  
6.64819  -9.27962  
6.6614  -9.3275  
6.6482  -9.32347  
6.66448  -9.34918  
6.66558  -9.34889  
6.63623  -9.28629  
6.64829  -9.3242  
6.61353  -9.26394  
6.62574  -9.30232  
6.59621  -9.22801  
6.60759  -9.26873  
6.5776  -9.19878  
6.58373  -9.22898  
6.5535  -9.23483  
6.56506  -9.26503  
6.54916  -9.27564  
6.55701  -9.31308  
6.54533  -9.31694  
6.5439  -9.34715  
6.55599  -9.3845  
6.553  -9.39348  
6.56487  -9.43041  
6.56487  -9.47639  
6.57631  -9.49302  
6.5841  -9.52539  
6.57461  -9.50897  
6.5873  -9.54381  
6.56783  -9.49892  
6.58268  -9.51568  
6.5676  -9.48298  
6.57922  -9.51653  
6.56645  -9.48643  
6.57841  -9.51342  
6.5621  -9.47072  
6.57777  -9.49811  
6.57511  -9.51102  
6.58637  -9.54982  
6.59614  -9.59119  
6.61647  -9.64248  
6.6309  -9.68431  
6.64603  -9.71155  
6.6381  -9.72881  
6.65727  -9.78096  
6.66695  -9.81604  
6.66726  -9.87072  
6.68074  -9.90972  
6.68058  -9.89872  
6.69515  -9.92236  
6.67998  -9.90573  
6.69351  -9.92454  
6.6807  -9.92865  
6.69085  -9.96655  
6.67309  -9.93834  
6.68737  -9.96479  
6.67249  -9.94027  
6.67903  -9.96161  
6.64777  -9.94922  
6.65491  -9.96458  
6.62493  -9.96372  
6.63513  -10.0013  
6.61678  -10.008  
6.62636  -10.0364  
6.60698  -10.0366  
6.61715  -10.078  
6.60675  -10.0951  
6.6113  -10.1372  
6.6001  -10.1124  
6.59443  -10.1418  
6.60487  -10.1794  
6.61552  -10.2171  
6.5997  -10.208  
6.58447  -10.2096  
6.60541  -10.2512  
6.58494  -10.2268  
6.60154  -10.2801  
6.59564  -10.2819  
6.57916  -10.2701  
6.56286  -10.2657  
6.5753  -10.2834  
6.54807  -10.2576  
6.55892  -10.2976  
6.53396  -10.2681  
6.5387  -10.294  
6.53988  -10.3107  
6.50823  -10.2853  
6.51958  -10.3091  
6.4929  -10.2941  
6.50045  -10.3358  
6.49588  -10.3369  
6.47661  -10.3359  
6.48784  -10.3763  
6.46869  -10.3499  
6.47989  -10.3904  
6.46009  -10.404  
6.47123  -10.4446  
6.44849  -10.4038  
6.45874  -10.4469  
6.43916  -10.3953  
6.45382  -10.4454  
6.4242  -10.3889  
6.43634  -10.4271  
6.41522  -10.3826  
6.42734  -10.4208  
6.41217  -10.3797  
6.42426  -10.4179  
6.40398  -10.3893  
6.41165  -10.4331  
6.41109  -10.4246  
6.39985  -10.3731  
6.41683  -10.4295  
6.40484  -10.4047  
6.41566  -10.4466  
6.38729  -10.4167  
6.40275  -10.4473  
6.37793  -10.4104  
6.38234  -10.4155  
6.36831  -10.3859  
6.37915  -10.4283  
6.34417  -10.4026  
6.35631  -10.4213  
6.33868  -10.4335  
6.35056  -10.4537  
6.35199  -10.476  
6.34079  -10.4734  
6.356  -10.5039  
6.35009  -10.5027  
6.33651  -10.4821  
6.33119  -10.4772  
6.34143  -10.5009  
6.34168  -10.5221  
6.32265  -10.4941  
6.3375  -10.5251  
6.30042  -10.4516  
6.30975  -10.4692  
6.27643  -10.3861  
6.28999  -10.4242  
6.26148  -10.3515  
6.2683  -10.3659  
6.2475  -10.3475  
6.26167  -10.3695  
6.24305  -10.3329  
6.25304  -10.3701  
6.26369  -10.392  
6.24999  -10.3788  
6.26102  -10.425  
6.2543  -10.4281  
6.2652  -10.474  
6.26532  -10.5106  
6.28061  -10.5447  
6.24911  -10.4904  
6.26176  -10.5346  
6.24241  -10.5067  
6.25018  -10.5351  
6.23571  -10.5345  
6.20556  -10.4717  
6.18954  -10.4245  
6.20619  -10.4548  
6.18066  -10.3763  
6.18874  -10.4243  
6.18127  -10.3797  
6.19768  -10.4092  
6.17664  -10.369  
6.1859  -10.3896  
6.18601  -10.3667  
6.20652  -10.4151  
6.20381  -10.4026  
6.22286  -10.4539  
6.205  -10.427  
6.22  -10.4471  
6.22085  -10.4584  
6.20186  -10.4012  
6.21592  -10.4494  
6.19996  -10.3826  
6.21562  -10.4168  
6.18263  -10.3331  
6.19316  -10.3769  
6.17702  -10.3159  
6.19176  -10.353  
6.18465  -10.3343  
6.19914  -10.3872  
6.19375  -10.3575  
6.20894  -10.4116  
6.19819  -10.3705  
6.21846  -10.4338  
6.22699  -10.4363  
6.24358  -10.4682  
6.24373  -10.455  
6.25181  -10.5049  
6.23998  -10.4492  
6.25258  -10.4772  
6.26084  -10.5047  
6.23692  -10.4343  
6.25078  -10.4718  
6.21855  -10.3756  
6.22656  -10.4154  
6.18803  -10.2976  
6.19748  -10.3466  
6.19931  -10.3554  
6.18035  -10.2749  
6.19411  -10.3126  
6.18151  -10.2898  
6.19535  -10.3275  
6.18633  -10.3082  
6.18418  -10.3012  
6.20114  -10.338  
6.20178  -10.336  
6.22095  -10.3914  
6.21041  -10.3644  
6.21927  -10.413  
6.21705  -10.3871  
6.22904  -10.4155  
6.20107  -10.3279  
6.21319  -10.357  
6.20132  -10.2916  
6.21709  -10.3167  
6.1854  -10.2248  
6.19897  -10.2641  
6.1819  -10.1919  
6.19024  -10.243  
6.17973  -10.1901  
6.19211  -10.2204  
6.18799  -10.1959  
6.20492  -10.2542  
6.1953  -10.2166  
6.20867  -10.2562  
6.20607  -10.227  
6.2317  -10.2928  
6.22955  -10.2843  
6.24724  -10.3324  
6.24371  -10.3082  
6.25788  -10.3689  
6.25237  -10.3542  
6.26507  -10.3929  
6.26488  -10.3626  
6.27712  -10.4024  
6.27629  -10.4256  
6.25818  -10.3724  
6.27068  -10.411  
6.2616  -10.3421  
6.27268  -10.3719  
6.26077  -10.3345  
6.27324  -10.3739  
6.25995  -10.3273  
6.27245  -10.367  
6.26022  -10.3263  
6.28174  -10.3734  
6.2639  -10.3428  
6.27544  -10.3772  
6.25965  -10.3383  
6.27033  -10.3824  
6.25622  -10.3707  
6.26738  -10.401  
6.24898  -10.4068  
6.26162  -10.4464  
6.23978  -10.4345  
6.24878  -10.4687  
6.21892  -10.4358  
6.23482  -10.4816  
6.20507  -10.4414  
6.20918  -10.4884  
6.20569  -10.4872  
6.16114  -10.4021  
6.16974  -10.4466  
6.16998  -10.4561  
6.14646  -10.4349  
6.14915  -10.4675  
6.1228  -10.4093  
6.13044  -10.4515  
6.09931  -10.3786  
6.10854  -10.4306  
6.08859  -10.4008  
6.10248  -10.4416  
6.07875  -10.4155  
6.09073  -10.4579  
6.05612  -10.3972  
6.07024  -10.4385  
6.04592  -10.4045  
6.05463  -10.4419  
6.0306  -10.4099  
6.03957  -10.4534  
6.04106  -10.4674  
6.0194  -10.4136  
6.02915  -10.4675  
6.01377  -10.4386  
6.0283  -10.4879  
6.0085  -10.4647  
6.02286  -10.5072  
6.00605  -10.4706  
6.0142  -10.5146  
5.99898  -10.4771  
6.01027  -10.5217  
5.99088  -10.4819  
6.00223  -10.5294  
5.97339  -10.4561  
5.98204  -10.4934  
5.97708  -10.4982  
5.95285  -10.4135  
5.96093  -10.4575  
5.93575  -10.3812  
5.94301  -10.4008  
5.92107  -10.346  
5.93388  -10.3795  
5.91741  -10.356  
5.92699  -10.41  
5.9111  -10.3813  
5.92188  -10.3982  
5.91262  -10.4019  
5.92436  -10.467  
5.92039  -10.4689  
5.93805  -10.5272  
5.93089  -10.5195  
5.93683  -10.577  
5.93554  -10.5654  
5.92916  -10.562  
5.94292  -10.6041  
5.92948  -10.543  
5.94167  -10.5762  
5.92112  -10.5127  
5.93265  -10.5482  
5.9101  -10.4565  
5.92397  -10.5012  
5.90432  -10.4369  
5.92221  -10.5054  
5.92298  -10.4938  
5.91233  -10.4498  
5.9261  -10.4956  
5.91625  -10.4803  
5.92516  -10.5308  
5.93668  -10.5548  
5.92642  -10.5344  
5.94206  -10.5855  
5.92795  -10.5536  
5.94386  -10.5956  
5.92116  -10.5439  
5.93453  -10.589  
5.90581  -10.5141  
5.91923  -10.5592  
5.89893  -10.4623  
5.90102  -10.5076  
5.90539  -10.5029  
5.88606  -10.4416  
5.89778  -10.4769  
5.89298  -10.4396  
5.90963  -10.4829  
5.91256  -10.4905  
5.91376  -10.4736  
5.92498  -10.5087  
5.92334  -10.4869  
5.94155  -10.5351  
5.95196  -10.5501  
5.96262  -10.5839  
5.96605  -10.5491  
5.9781  -10.5925  
5.96582  -10.5275  
5.97782  -10.571  
5.97964  -10.5676  
5.96902  -10.5123  
5.9794  -10.5467  
5.94728  -10.4617  
5.96488  -10.5199  
5.94438  -10.4562  
5.95939  -10.5  
5.96023  -10.5205  
5.95174  -10.5027  
5.9625  -10.5393  
5.96219  -10.5655  
5.97284  -10.6016  
5.96937  -10.6218  
5.97996  -10.6577  
5.96926  -10.6561  
5.98144  -10.7016  
5.97671  -10.6999  
5.98877  -10.745  
5.98755  -10.7747  
5.9693  -10.742  
5.98147  -10.7871  
5.96347  -10.7368  
5.97041  -10.7712  
5.96331  -10.7518  
5.974  -10.7934  
5.94908  -10.7293  
5.95502  -10.7759  
5.92422  -10.6811  
5.93669  -10.7272  
5.93629  -10.7385  
5.91312  -10.6857  
5.92935  -10.7352  
5.90232  -10.6749  
5.91493  -10.7211  
5.89972  -10.6831  
5.90759  -10.74  
5.88884  -10.6764  
5.90143  -10.7225  
5.88443  -10.6796  
5.89701  -10.7256  
5.87947  -10.672  
5.89353  -10.7288  
5.8807  -10.6642  
5.89046  -10.6994  
5.87013  -10.6238  
5.89083  -10.6754  
5.88037  -10.6311  
5.89293  -10.6622  
5.87914  -10.62  
5.89006  -10.6493  
5.87453  -10.5984  
5.88996  -10.6385  
5.88157  -10.573  
5.89384  -10.6232  
5.89886  -10.6382  
5.88962  -10.6063  
5.88006  -10.568  
5.89246  -10.6192  
5.88506  -10.5629  
5.89591  -10.6241  
5.90229  -10.6266  
5.88486  -10.5819  
5.89555  -10.6341  
5.87823  -10.5703  
5.86354  -10.5221  
5.86943  -10.571  
5.85669  -10.5107  
5.86821  -10.5574  
5.86689  -10.5833  
5.84734  -10.5238  
5.85514  -10.5646  
5.84438  -10.5397  
5.85411  -10.5763  
5.8481  -10.5589  
5.8538  -10.6074  
5.85173  -10.59  
5.86538  -10.6467  
5.8496  -10.6135  
5.85993  -10.6508  
5.85221  -10.6229  
5.86878  -10.6781  
5.85925  -10.6443  
5.87156  -10.696  
5.84793  -10.6661  
5.86419  -10.7112  
5.84927  -10.6639  
5.85297  -10.7185  
5.84216  -10.6839  
5.84818  -10.7345  
5.85062  -10.7661  
5.82458  -10.6984  
5.83638  -10.7438  
5.82736  -10.7386  
5.83736  -10.7737  
5.82345  -10.742  
5.83346  -10.7773  
5.83192  -10.7689  
5.83889  -10.8251  
5.81929  -10.7682  
5.83031  -10.8084  
5.8269  -10.8324  
5.81035  -10.7963  
5.81769  -10.8255  
5.79092  -10.7678  
5.80309  -10.8148  
5.77916  -10.7689  
5.79143  -10.8161  
5.74862  -10.7521  
5.75402  -10.7717  
5.75702  -10.785  
5.74013  -10.7697  
5.74796  -10.8278  
5.7133  -10.7619  
5.72312  -10.8059  
5.71039  -10.7998  
5.72127  -10.8369  
5.72236  -10.8682  
5.70855  -10.8518  
5.72941  -10.899  
5.71065  -10.8598  
5.71644  -10.9012  
5.71392  -10.9252  
5.70346  -10.8926  
5.71611  -10.9458  
5.6987  -10.9088  
5.7065  -10.9651  
5.67461  -10.8906  
5.68711  -10.9369  
5.65808  -10.8918  
5.67229  -10.9415  
5.65154  -10.8931  
5.65987  -10.9477  
5.64225  -10.9013  
5.65145  -10.9422  
5.62791  -10.9192  
5.63883  -10.9558  
5.62733  -10.9547  
5.63919  -11.0172  
5.62589  -11.0207  
5.63703  -11.068  
5.61615  -11.071  
5.63138  -11.1124  
5.61738  -11.1254  
5.63018  -11.1724  
5.63088  -11.1924  
5.60212  -11.137  
5.62009  -11.1972  
5.59722  -11.1458  
5.60323  -11.1706  
5.58512  -11.141  
5.59142  -11.1907  
5.56549  -11.1306  
5.57853  -11.1786  
5.55772  -11.1659  
5.56998  -11.2142  
5.56018  -11.2347  
5.56778  -11.2756  
5.56163  -11.2795  
5.57265  -11.351  
5.56193  -11.3266  
5.56984  -11.3838  
5.55436  -11.3683  
5.56655  -11.4159  
5.55259  -11.3903  
5.56513  -11.4397  
5.5421  -11.3858  
5.55123  -11.4105  
5.52767  -11.3599  
5.53359  -11.4067  
5.51079  -11.3529  
5.51969  -11.3847  
5.49729  -11.3335  
5.50752  -11.3556  
5.47593  -11.3078  
5.48887  -11.3554  
5.49048  -11.3806  
5.46589  -11.3655  
5.47528  -11.4013  
5.45684  -11.3905  
5.46856  -11.4282  
5.45902  -11.4321  
5.46488  -11.4853  
5.46489  -11.5235  
5.47625  -11.5553  
5.46161  -11.5551  
5.46983  -11.6141  
5.47902  -11.6553  
5.46957  -11.625  
5.48249  -11.6738  
5.46817  -11.6311  
5.47625  -11.6907  
5.44651  -11.6145  
5.45761  -11.6538  
5.42924  -11.5902  
5.43769  -11.6505  
5.42023  -11.5884  
5.43332  -11.6389  
5.4056  -11.6089  
5.41829  -11.6622  
5.39176  -11.6347  
5.40385  -11.6882  
5.39958  -11.68  
5.39675  -11.692  
5.40502  -11.7519  
5.41348  -11.78  
5.3959  -11.7643  
5.40982  -11.8218  
5.38368  -11.7988  
5.39621  -11.8351  
5.37377  -11.8035  
5.38491  -11.8531  
5.34443  -11.7907  
5.32661  -11.7983  
5.33428  -11.8378  
5.33923  -11.8539  
5.3103  -11.8385  
5.31597  -11.8717  
5.2896  -11.8629  
5.29677  -11.8846  
5.27893  -11.8949  
5.2921  -11.9358  
5.27779  -11.9391  
5.29296  -12.0053  
5.2753  -11.9952  
5.28893  -12.0455  
5.26752  -12.0167  
5.28113  -12.0674  
5.26441  -12.0624  
5.27798  -12.1131  
5.25454  -12.0946  
5.26406  -12.1496  
5.24627  -12.1255  
5.25986  -12.1765  
5.24601  -12.1715  
5.25753  -12.2345  
5.24233  -12.2246  
5.25099  -12.2858  
5.24174  -12.247  
5.24823  -12.3092  
5.24176  -12.2721  
5.2503  -12.3289  
5.23427  -12.291  
5.24776  -12.3326  
5.2255  -12.2882  
5.23734  -12.3163  
5.22728  -12.3324  
5.20868  -12.2833  
5.22033  -12.3346  
5.19778  -12.2925  
5.2044  -12.3536  
5.18694  -12.3116  
5.19132  -12.3618  
5.17607  -12.344  
5.18642  -12.3992  
5.16563  -12.375  
5.17922  -12.4377  
5.15208  -12.3709  
5.15861  -12.4342  
5.14108  -12.4151  
5.15015  -12.4563  
5.12601  -12.4158  
5.1382  -12.4727  
5.1111  -12.427  
5.1195  -12.4766  
5.08867  -12.4114  
5.09115  -12.469  
5.06174  -12.4057  
5.07773  -12.4716  
5.04792  -12.4126  
5.05714  -12.4685  
5.05163  -12.4721  
5.04228  -12.4408  
5.05171  -12.5062  
5.03475  -12.4246  
5.04205  -12.4796  
5.04189  -12.4989  
5.03577  -12.4721  
5.04524  -12.5157  
5.03265  -12.4666  
5.04441  -12.5115  
5.02323  -12.4574  
5.02903  -12.4912  
5.00713  -12.4161  
5.01228  -12.4706  
4.9933  -12.412  
5.00505  -12.457  
4.99224  -12.4291  
5.00371  -12.4787  
4.99374  -12.4708  
5.00624  -12.54  
4.99559  -12.5297  
5.01284  -12.5863  
5.00517  -12.6085  
5.01771  -12.6588  
5.02652  -12.7053  
5.00755  -12.6824  
5.02106  -12.7376  
5.0028  -12.6732  
5.01415  -12.718  
4.98658  -12.6207  
5.00013  -12.6767  
4.96826  -12.5663  
4.97976  -12.6122  
4.94333  -12.4786  
4.95503  -12.5255  
4.94084  -12.4607  
4.95271  -12.4921  
4.93264  -12.4177  
4.94154  -12.4865  
4.94617  -12.5123  
4.94604  -12.4904  
4.95477  -12.5589  
4.95258  -12.5671  
4.96392  -12.6142  
4.92837  -12.5086  
4.92853  -12.5168  
4.92837  -12.52  
4.93942  -12.5667  
4.91813  -12.5142  
4.92925  -12.5613  
4.93777  -12.5937  
4.93237  -12.58  
4.94108  -12.6471  
4.93785  -12.6357  
4.94884  -12.6838  
4.94717  -12.6777  
4.95912  -12.7341  
4.95658  -12.7179  
4.96938  -12.7749  
4.97193  -12.7596  
4.97894  -12.8225  
4.97595  -12.8086  
4.98973  -12.8477  
4.97657  -12.8156  
4.98908  -12.8723  
4.99058  -12.8912  
4.97997  -12.858  
4.99247  -12.9148  
4.96563  -12.8615  
4.97337  -12.9015  
4.94075  -12.8333  
4.95365  -12.8909  
4.93202  -12.8328  
4.94501  -12.8907  
4.92282  -12.8728  
4.92915  -12.908  
4.93073  -12.9375  
4.9124  -12.8985  
4.92332  -12.9454  
4.90806  -12.9312  
4.92122  -12.9889  
4.90438  -12.9665  
4.91755  -13.024  
4.90104  -12.9973  
4.91425  -13.0548  
4.89023  -12.9887  
4.90121  -13.0383  
4.8764  -12.9792  
4.88757  -13.0311  
4.8656  -12.9474  
4.87193  -13.0056  
4.8537  -12.9258  
4.86357  -12.9721  
4.86987  -13.0051  
4.85035  -12.9623  
4.86103  -13.0066  
4.85321  -12.9711  
4.85973  -13.0272  
4.87409  -13.0774  
4.86782  -13.0633  
4.87437  -13.1213  
4.87385  -13.1131  
4.86781  -13.1436  
4.87882  -13.1909  
4.88729  -13.2345  
4.86936  -13.2073  
4.86044  -13.1871  
4.8718  -13.2493  
4.86903  -13.2575  
4.83329  -13.1803  
4.851  -13.2375  
4.82206  -13.183  
4.83417  -13.2398  
4.81014  -13.1885  
4.82387  -13.2474  
4.79913  -13.2144  
4.80823  -13.266  
4.79411  -13.2419  
4.80557  -13.2896  
4.79411  -13.3014  
4.80111  -13.337  
4.80026  -13.379  
4.78076  -13.3531  
4.768  -13.3361  
4.77332  -13.3882  
4.77394  -13.4132  
4.74925  -13.3807  
4.75724  -13.4134  
4.73151  -13.374  
4.74349  -13.4221  
4.72072  -13.3875  
4.73516  -13.4471  
4.7131  -13.4094  
4.71674  -13.4533  
4.7123  -13.4719  
4.69482  -13.4467  
4.70792  -13.4921  
4.6851  -13.4521  
4.6974  -13.5009  
4.67733  -13.4637  
4.6847  -13.5222  
4.653  -13.4579  
4.66777  -13.5178  
4.66397  -13.5268  
4.64288  -13.4987  
4.65033  -13.5567  
4.62917  -13.5254  
4.6393  -13.5609  
4.61641  -13.5275  
4.63126  -13.5867  
4.60814  -13.5426  
4.62299  -13.6017  
4.60526  -13.5594  
4.61268  -13.6169  
4.61496  -13.6485  
4.59418  -13.5987  
4.60509  -13.6642  
4.57974  -13.6023  
4.58652  -13.6569  
4.58181  -13.665  
4.55239  -13.6077  
4.5574  -13.6667  
4.53085  -13.6169  
4.54579  -13.676  
4.51611  -13.6081  
4.52648  -13.6777  
4.50005  -13.615  
4.51127  -13.6643  
4.48941  -13.6262  
4.5064  -13.6919  
4.49684  -13.6566  
4.50931  -13.7139  
4.50018  -13.6698  
4.5156  -13.731  
4.49784  -13.68  
4.50889  -13.7225  
4.51053  -13.7187  
4.49438  -13.6748  
4.50844  -13.7226  
4.49329  -13.6838  
4.50219  -13.7463  
4.48031  -13.6925  
4.49554  -13.7538  
4.48019  -13.7181  
4.49042  -13.7891  
4.48571  -13.7987  
4.5018  -13.8641  
4.50719  -13.909  
4.49473  -13.8974  
4.50969  -13.9576  
4.49174  -13.9357  
4.50671  -13.9957  
4.48141  -13.9346  
4.49104  -13.9754  
4.46023  -13.8894  
4.44298  -13.8583  
4.45826  -13.9194  
4.45878  -13.9343  
4.43235  -13.8581  
4.44526  -13.9082  
4.41962  -13.8457  
4.42926  -13.8886  
4.4161  -13.8297  
4.42558  -13.9017  
4.41441  -13.8456  
4.42607  -13.925  
4.4101  -13.8837  
4.42552  -13.946  
4.40359  -13.901  
4.38197  -13.8851  
4.3922  -13.924  
4.39214  -13.9439  
4.36347  -13.9049  
4.38109  -13.9594  
4.35413  -13.92  
4.36766  -13.9638  
4.3419  -13.9133  
4.35282  -13.9622  
4.33539  -13.9283  
4.35075  -13.9898  
4.34237  -13.9561  
4.35184  -13.998  
4.33599  -13.9648  
4.35702  -14.0279  
4.33686  -13.961  
4.34398  -14.0206  
4.32423  -13.9548  
4.33502  -14.0186  
4.31478  -13.948  
4.32486  -14.0244  
4.32528  -14.038  
4.30213  -14.0019  
4.29261  -13.9811  
4.30873  -14.0445  
4.2975  -14.0308  
4.30847  -14.1036  
4.31334  -14.1297  
4.30577  -14.1174  
4.31311  -14.1816  
4.29673  -14.1441  
4.28697  -14.1394  
4.30302  -14.2025  
4.2847  -14.1654  
4.29616  -14.2167  
4.2764  -14.1636  
4.289  -14.2186  
4.27244  -14.1633  
4.28059  -14.192  
4.28816  -14.234  
4.26604  -14.1597  
4.28085  -14.2111  
4.26446  -14.1542  
4.27819  -14.2074  
4.28259  -14.2293  
4.26527  -14.1585  
4.25358  -14.1299  
4.26736  -14.1837  
4.23818  -14.1133  
4.24055  -14.1452  
4.23527  -14.1464  
4.20819  -14.0773  
4.21731  -14.1209  
4.19437  -14.0673  
4.20079  -14.1241  
4.16848  -14.0428  
4.18436  -14.0971  
4.18566  -14.136  
4.1714  -14.0959  
4.18335  -14.1398  
4.16941  -14.0932  
4.18357  -14.147  
4.18747  -14.1651  
4.16609  -14.1158  
4.16982  -14.152  
4.15762  -14.0885  
4.17883  -14.1547  
4.15904  -14.094  
4.17437  -14.1477  
4.17511  -14.18  
4.16618  -14.1415  
4.17814  -14.2158  
4.17359  -14.1739  
4.1836  -14.2361  
4.18565  -14.2608  
4.17771  -14.2174  
4.1822  -14.2758  
4.15601  -14.1774  
4.16641  -14.2311  
4.13343  -14.1611  
4.144  -14.2054  
4.12464  -14.1167  
4.13912  -14.1716  
4.12475  -14.115  
4.13409  -14.1773  
4.11865  -14.1269  
4.13299  -14.1691  
4.1202  -14.1168  
4.13666  -14.2069  
4.12472  -14.1404  
4.14187  -14.2072  
4.13173  -14.1647  
4.14245  -14.2368  
4.14434  -14.2281  
4.11767  -14.1587  
4.12898  -14.2243  
4.10828  -14.1403  
4.12371  -14.1949  
4.12159  -14.2142  
4.1099  -14.1795  
4.12513  -14.2247  
4.10427  -14.187  
4.11494  -14.2313  
4.11774  -14.2431  
4.11802  -14.2407  
4.13243  -14.2949  
4.1166  -14.2467  
4.13216  -14.3076  
4.11168  -14.2482  
4.12118  -14.3118  
4.10285  -14.2459  
4.11139  -14.3118  
4.08867  -14.239  
4.10738  -14.3067  
4.08253  -14.2384  
4.09784  -14.2957  
4.10438  -14.3252  
4.08757  -14.2914  
4.10522  -14.3584  
4.10102  -14.3631  
4.11579  -14.4177  
4.12834  -14.4599  
4.14073  -14.5108  
4.15524  -14.5649  
4.17031  -14.6039  
4.18876  -14.695  
4.1918  -14.7173  
4.20964  -14.7796  
4.22409  -14.8237  
4.2379  -14.8753  
4.24676  -14.9143  
4.25598  -14.9819  
4.26182  -15.0055  
4.27822  -15.0682  
4.28725  -15.121  
4.29026  -15.15  
4.30197  -15.2141  
4.31249  -15.257  
4.30894  -15.2982  
4.3205  -15.3686  
4.32008  -15.4054  
4.3259  -15.4625  
4.32065  -15.4842  
4.33318  -15.5453  
4.34253  -15.6035  
4.33748  -15.6297  
4.34329  -15.6885  
4.32746  -15.6926  
4.34812  -15.7642  
4.3255  -15.7556  
4.34634  -15.8275  
4.32036  -15.798  
4.33488  -15.8482  
4.31728  -15.8314  
4.32966  -15.9033  
4.31093  -15.8975  
4.33237  -15.9703  
4.3241  -15.9881  
4.32967  -16.0429  
4.33714  -16.0842  
4.31844  -16.1182  
4.33644  -16.181  
4.32482  -16.195  
4.33613  -16.2546  
4.31757  -16.2388  
4.32598  -16.306  
4.28574  -16.2293  
4.30513  -16.2902  
4.2591  -16.2191  
4.26696  -16.2862  
4.21427  -16.163  
4.2256  -16.2246  
4.22015  -16.2214  
4.17161  -16.1027  
4.1834  -16.1653  
4.1434  -16.0815  
4.16054  -16.1355  
4.11435  -16.0262  
4.13172  -16.0808  
4.12975  -16.0967  
4.09998  -16.0038  
4.11733  -16.0591  
4.07988  -15.9537  
4.08937  -15.9933  
4.04865  -15.8718  
4.06503  -15.9465  
4.05065  -15.8364  
4.06386  -15.8871  
4.06133  -15.882  
4.04453  -15.7328  
4.0592  -15.777  
4.03492  -15.62  
4.04808  -15.6835  
4.04003  -15.5336  
4.05742  -15.5916  
4.03459  -15.456  
4.05563  -15.5242  
4.04209  -15.4399  
4.06478  -15.4952  
4.0621  -15.4487  
4.07607  -15.4942  
4.08099  -15.5237  
4.08432  -15.5073  
4.09807  -15.5521  
4.09329  -15.5177  
4.11719  -15.5773  
4.11198  -15.5427  
4.12537  -15.5869  
4.12005  -15.5352  
4.13639  -15.5923  
4.1235  -15.5128  
4.14034  -15.5439  
4.14769  -15.5605  
4.14535  -15.5067  
4.16514  -15.5738  
4.17735  -15.5769  
4.19324  -15.6338  
4.21126  -15.6218  
4.22683  -15.6782  
4.23443  -15.7074  
4.25718  -15.7137  
4.27248  -15.7695  
4.29056  -15.7444  
4.30608  -15.7961  
4.31146  -15.7446  
4.32311  -15.7829  
4.31577  -15.6781  
4.33569  -15.7246  
4.32471  -15.6065  
4.34385  -15.6542  
4.31962  -15.5106  
4.33441  -15.5672  
4.33149  -15.4806  
4.34697  -15.5403  
4.34005  -15.4684  
4.35488  -15.5254  
4.34962  -15.4919  
4.3674  -15.5476  
4.3601  -15.5212  
4.37867  -15.5875  
4.36755  -15.5212  
4.38952  -15.6084  
4.37402  -15.5446  
4.38667  -15.603  
4.36635  -15.5228  
4.38291  -15.5915  
4.35734  -15.4843  
4.36948  -15.5278  
4.35069  -15.4669  
4.3645  -15.5163  
4.34182  -15.4407  
4.35885  -15.4965  
4.33236  -15.4355  
4.35178  -15.5022  
4.35585  -15.5128  
4.3501  -15.521  
4.36282  -15.5902  
4.35638  -15.5871  
4.37214  -15.6428  
4.36142  -15.6254  
4.37856  -15.6943  
4.35767  -15.6425  
4.37731  -15.7078  
4.34998  -15.6054  
4.36609  -15.6616  
4.36882  -15.6364  
4.33759  -15.5101  
4.35436  -15.5629  
4.32143  -15.4324  
4.34156  -15.4991  
4.3145  -15.3412  
4.32948  -15.4172  
4.3133  -15.3257  
4.31459  -15.2946  
4.33063  -15.347  
4.33653  -15.3753  
4.33335  -15.3481  
4.35256  -15.4091  
4.33889  -15.3774  
4.35628  -15.4376  
4.34632  -15.3858  
4.34075  -15.3553  
4.35719  -15.4123  
4.34055  -15.3546  
4.35372  -15.4219  
4.34618  -15.3601  
4.35985  -15.4054  
4.35409  -15.4142  
4.3351  -15.357  
4.35574  -15.4253  
4.34939  -15.3966  
4.36399  -15.4506  
4.35658  -15.4233  
4.37831  -15.491  
4.37583  -15.5002  
4.3925  -15.5568  
4.3939  -15.5625  
4.41528  -15.6301  
4.42509  -15.6454  
4.43979  -15.6997  
4.42752  -15.6627  
4.44757  -15.7276  
4.43848  -15.684  
4.45486  -15.7395  
4.43973  -15.6705  
4.45443  -15.7215  
4.44015  -15.6263  
4.46002  -15.6897  
4.44588  -15.5932  
4.46243  -15.6497  
4.45929  -15.6005  
4.48088  -15.6645  
4.47078  -15.5838  
4.48687  -15.6318  
4.48292  -15.5799  
4.50513  -15.6441  
4.50638  -15.5947  
4.52624  -15.6607  
4.51554  -15.5905  
4.53885  -15.6577  
4.5243  -15.579  
4.53991  -15.6131  
4.54763  -15.6325  
4.54418  -15.584  
4.56404  -15.6507  
4.53996  -15.5366  
4.55994  -15.6039  
4.56532  -15.6188  
4.53458  -15.5085  
4.55472  -15.5762  
4.53122  -15.4843  
4.54201  -15.5267  
4.52065  -15.4435  
4.53794  -15.5004  
4.54251  -15.5064  
4.51657  -15.4267  
4.51114  -15.3958  
4.52831  -15.4554  
4.52924  -15.4714  
4.51117  -15.4075  
4.52542  -15.4554  
4.53038  -15.4893  
4.51108  -15.4369  
4.52814  -15.5028  
4.51289  -15.4462  
4.53017  -15.5046  
4.53428  -15.5383  
4.50786  -15.4616  
4.5253  -15.5199  
4.50402  -15.4353  
4.52489  -15.5024  
4.50714  -15.4383  
4.52543  -15.4935  
4.5065  -15.3856  
4.52402  -15.4443  
4.50722  -15.3481  
4.52306  -15.3939  
4.51801  -15.3292  
4.53043  -15.398  
4.53203  -15.3655  
4.54809  -15.4184  
4.55592  -15.4187  
4.53752  -15.3652  
4.55918  -15.4266  
4.54038  -15.3856  
4.5581  -15.4399  
4.5435  -15.3631  
4.56471  -15.432  
4.54359  -15.3522  
4.55599  -15.4205  
4.52199  -15.2824  
4.53525  -15.3359  
4.51177  -15.2084  
4.52396  -15.2509  
4.50086  -15.1563  
4.51862  -15.2211  
4.51556  -15.2253  
4.50158  -15.1822  
4.49633  -15.1713  
4.51809  -15.241  
4.50968  -15.2741  
4.52775  -15.3338  
4.51502  -15.3245  
4.52952  -15.4026  
4.51147  -15.3911  
4.53464  -15.4826  
4.54333  -15.536  
4.50877  -15.4745  
4.52436  -15.5304  
4.48979  -15.4314  
4.51167  -15.4982  
4.4697  -15.349  
4.48822  -15.4076  
4.45951  -15.312  
4.47961  -15.3673  
4.47862  -15.3376  
4.45039  -15.2365  
4.47077  -15.2938  
4.45603  -15.2618  
4.47481  -15.3221  
4.44779  -15.2673  
4.47021  -15.3365  
4.44639  -15.3265  
4.4635  -15.4034  
4.43085  -15.345  
4.44867  -15.4203  
4.40172  -15.3067  
4.4128  -15.3508  
4.41098  -15.3502  
4.37543  -15.2538  
4.38948  -15.3161  
4.35148  -15.2326  
4.36703  -15.2623  
4.34097  -15.1992  
4.35991  -15.2607  
4.34668  -15.24  
4.37301  -15.3304  
4.35948  -15.3269  
4.37426  -15.4022  
4.37286  -15.4335  
4.38843  -15.4879  
4.39643  -15.547  
4.37524  -15.5438  
4.39798  -15.6097  
4.36002  -15.5241  
4.37935  -15.5813  
4.34399  -15.4471  
4.35973  -15.4899  
4.31833  -15.3302  
4.3401  -15.3847  
4.32775  -15.3543  
4.29364  -15.2132  
4.3097  -15.2582  
4.28019  -15.1536  
4.26692  -15.1147  
4.28143  -15.184  
4.29534  -15.2186  
4.25827  -15.1772  
4.27825  -15.2381  
4.24689  -15.1706  
4.2277  -15.1412  
4.24773  -15.2019  
4.22192  -15.1215  
4.2419  -15.1822  
4.2119  -15.0934  
4.23549  -15.1526  
4.23289  -15.144  
4.21404  -15.051  
4.21242  -15.0094  
4.22693  -15.0786  
4.208  -14.9706  
4.22508  -15.0306  
4.24295  -15.0463  
4.22924  -15.0144  
4.25984  -15.0873  
4.25353  -15.0535  
4.27141  -15.1042  
4.26483  -15.0594  
4.28254  -15.1137  
4.2692  -15.0376  
4.28003  -15.098  
4.26609  -15.0203  
4.28279  -15.0839  
4.25187  -14.9516  
4.27103  -15.0163  
4.27274  -15.0184  
4.23771  -14.8896  
4.25571  -14.9387  
4.21708  -14.8237  
4.24018  -14.8843  
4.21037  -14.7617  
4.2293  -14.8227  
4.2006  -14.6982  
4.21334  -14.749  
4.18954  -14.6705  
4.20296  -14.7057  
4.21358  -14.7206  
4.19729  -14.6437  
4.21616  -14.7051  
4.19724  -14.6339  
4.216  -14.695  
4.19953  -14.642  
4.2216  -14.7112  
4.20343  -14.6023  
4.22001  -14.6795  
4.23733  -14.7148  
4.23419  -14.6822  
4.24942  -14.7229  
4.23531  -14.6486  
4.25296  -14.7012  
4.25615  -14.6392  
4.27011  -14.683  
4.26567  -14.6291  
4.28382  -14.6849  
4.29258  -14.6934  
4.29152  -14.6451  
4.29901  -14.6339  
4.31646  -14.6889  
4.3288  -14.6991  
4.3268  -14.6456  
4.34372  -14.7001  
4.33547  -14.6259  
4.35583  -14.6928  
4.36443  -14.713  
4.35743  -14.6488  
4.35612  -14.6091  
4.37632  -14.676  
4.35668  -14.5902  
4.37691  -14.6571  
4.36259  -14.5881  
4.3848  -14.6388  
4.37583  -14.5918  
4.39335  -14.6524  
4.39883  -14.6642  
4.42272  -14.7465  
4.42394  -14.7405  
4.43976  -14.7939  
4.45315  -14.8364  
4.44598  -14.8356  
4.47001  -14.9175  
4.45722  -14.8862  
4.48139  -14.9702  
4.45729  -14.8719  
4.4736  -14.9284  
4.45054  -14.8277  
4.46905  -14.8902  
4.44376  -14.7827  
4.46036  -14.8401  
4.43547  -14.7069  
4.44799  -14.7455  
4.416  -14.6049  
4.43274  -14.6572  
4.41196  -14.5588  
4.4296  -14.6186  
4.43979  -14.6432  
4.4328  -14.6029  
4.44122  -14.616  
4.45782  -14.674  
4.46536  -14.6833  
4.4841  -14.7464  
4.48886  -14.7493  
4.50504  -14.8057  
4.51197  -14.8466  
4.49982  -14.7973  
4.51597  -14.8532  
4.49735  -14.7799  
4.51605  -14.8429  
4.48864  -14.7595  
4.50012  -14.8011  
4.4618  -14.6543  
4.48177  -14.7196  
4.48101  -14.7349  
4.44671  -14.5902  
4.46685  -14.656  
4.43371  -14.5788  
4.45067  -14.6366  
4.42551  -14.5532  
4.44252  -14.6109  
4.45692  -14.6383  
4.44427  -14.6  
4.46438  -14.6652  
4.45778  -14.6412  
4.45814  -14.6582  
4.47311  -14.7073  
4.48077  -14.73  
4.45992  -14.6747  
4.47664  -14.7309  
4.46235  -14.6598  
4.47439  -14.7099  
4.43819  -14.5894  
4.45494  -14.6406  
4.45379  -14.6328  
4.42515  -14.5524  
4.44215  -14.6092  
4.42243  -14.5004  
4.43732  -14.573  
4.4437  -14.574  
4.42151  -14.5028  
4.44005  -14.5591  
4.44767  -14.5859  
4.42724  -14.5216  
4.44416  -14.5783  
4.44103  -14.5383  
4.46261  -14.6083  
4.43859  -14.567  
4.45649  -14.6319  
4.46333  -14.6449  
4.44615  -14.5927  
4.45989  -14.646  
4.42536  -14.5364  
4.44223  -14.5924  
4.4179  -14.513  
4.4348  -14.5689  
4.43661  -14.5811  
4.40099  -14.4891  
4.38906  -14.4287  
4.40402  -14.5007  
4.4011  -14.5141  
4.37946  -14.4478  
4.39663  -14.5038  
4.36906  -14.4301  
4.38075  -14.4937  
4.3702  -14.486  
4.38738  -14.5412  
4.3714  -14.5118  
4.38542  -14.5866  
4.36733  -14.5501  
4.3792  -14.6115  
4.38062  -14.6195  
4.35317  -14.5756  
4.36416  -14.6496  
4.33675  -14.5813  
4.35112  -14.6373  
4.31922  -14.5722  
4.33736  -14.6229  
4.30507  -14.5559  
4.31715  -14.6179  
4.30228  -14.5771  
4.31984  -14.6315  
4.28541  -14.5956  
4.305  -14.6579  
4.2803  -14.6216  
4.29915  -14.6893  
4.28806  -14.6884  
4.27644  -14.7209  
4.29405  -14.7737  
4.27931  -14.7902  
4.29687  -14.8425  
4.27857  -14.8746  
4.29935  -14.934  
4.29234  -14.9686  
4.30759  -15.0349  
4.29814  -15.0803  
4.3187  -15.1382  
4.29662  -15.1388  
4.3158  -15.2294  
4.29428  -15.2437  
4.30317  -15.3311  
4.31369  -15.384  
4.30882  -15.4199  
4.32232  -15.482  
4.32571  -15.5162  
4.34223  -15.5895  
4.32047  -15.6141  
4.33751  -15.6984  
4.32897  -15.756  
4.33714  -15.8145  
4.34355  -15.8629  
4.32864  -15.8913  
4.34273  -15.9703  
4.31651  -15.9982  
4.2943  -16.0537  
4.31966  -16.1246  
4.28829  -16.1471  
4.3058  -16.2139  
4.27411  -16.2396  
4.29651  -16.2984  
4.2978  -16.3521  
4.27879  -16.3748  
4.29185  -16.4243  
4.28184  -16.4594  
4.29488  -16.5088  
4.2755  -16.5343  
4.29799  -16.6205  
4.27667  -16.622  
4.29907  -16.6843  
4.28508  -16.7123  
4.30717  -16.7746  
4.29261  -16.8225  
4.311  -16.9053  
4.29903  -16.9571  
4.31174  -17.0255  
4.29909  -17.0993  
4.31248  -17.1781  
4.30039  -17.2532  
4.313  -17.3241  
4.2889  -17.3715  
4.3047  -17.4501  
4.28648  -17.469  
4.30338  -17.5368  
4.27597  -17.5758  
4.29179  -17.6339  
4.27747  -17.6444  
4.29766  -17.72  
4.27695  -17.7377  
4.28954  -17.7728  
4.27224  -17.805  
4.28793  -17.8573  
4.29197  -17.8964  
4.27523  -17.8917  
4.29235  -17.9442  
4.27059  -17.9145  
4.2876  -17.9837  
4.27025  -17.9642  
4.28599  -18.0241  
4.2621  -17.9825  
4.28024  -18.0274  
4.24941  -17.9543  
4.26639  -17.9948  
4.24027  -17.9178  
4.25961  -17.9772  
4.26636  -17.9964  
4.25252  -17.9057  
4.2653  -17.9513  
4.24793  -17.8626  
4.26653  -17.8962  
4.23689  -17.7879  
4.25814  -17.8268  
4.24208  -17.7661  
4.26414  -17.8029  
4.24287  -17.729  
4.25481  -17.7861  
4.23817  -17.722  
4.25564  -17.7713  
4.23791  -17.7113  
4.24824  -17.7734  
4.23322  -17.7196  
4.24195  -17.7656  
4.24418  -17.7877  
4.216  -17.7085  
4.23331  -17.7583  
4.21335  -17.6672  
4.22163  -17.7274  
4.20591  -17.6621  
4.21632  -17.7071  
4.18671  -17.6128  
4.20707  -17.6708  
4.1759  -17.5615  
4.18768  -17.6199  
4.16128  -17.513  
4.17615  -17.5756  
4.14552  -17.4943  
4.16168  -17.5404  
4.14426  -17.4984  
4.1647  -17.5473  
4.15601  -17.5166  
4.17284  -17.5736  
4.17111  -17.5931  
4.19463  -17.6494  
4.194  -17.6639  
4.21097  -17.7046  
4.21446  -17.7536  
4.21526  -17.7461  
4.23252  -17.8042  
4.22087  -17.8033  
4.24627  -17.8657  
4.23383  -17.8671  
4.24958  -17.9144  
4.23444  -17.9226  
4.2532  -17.983  
4.23655  -17.9945  
4.26008  -18.052  
4.23937  -18.0676  
4.25801  -18.1281  
4.24842  -18.1526  
4.25633  -18.2094  
4.24671  -18.2337  
4.26987  -18.3119  
4.24987  -18.3386  
4.27005  -18.4009  
4.25614  -18.4506  
4.2748  -18.5019  
4.2666  -18.5666  
4.28058  -18.6446  
4.28254  -18.7114  
4.29969  -18.7816  
4.31378  -18.8687  
4.31855  -18.9655  
4.34238  -19.0424  
4.36101  -19.1563  
4.38527  -19.2407  
4.41055  -19.3842  
4.43935  -19.4561  
4.47662  -19.6234  
4.4897  -19.6872  
4.52739  -19.8614  
4.54868  -19.9237  
4.57577  -20.0545  
4.59715  -20.1376  
4.62786  -20.2744  
4.64317  -20.3432  
4.65954  -20.4166  
4.66499  -20.4947  
4.68296  -20.5611  
4.69753  -20.6232  
4.71831  -20.6844  
4.73755  -20.7603  
4.75269  -20.8297  
4.75833  -20.8602  
4.77351  -20.93  
4.78713  -20.9992  
4.79809  -21.0588  
4.81878  -21.1207  
4.82851  -21.1867  
4.84734  -21.2397  
4.84785  -21.301  
4.86378  -21.3433  
4.86966  -21.4046  
4.8824  -21.4639  
4.89896  -21.5304  
4.90568  -21.5749  
4.91933  -21.6194  
4.93183  -21.6913  
4.93922  -21.7485  
4.96145  -21.8222  
4.97721  -21.8814  
4.99159  -21.9447  
5.0084  -21.9991  
5.01701  -22.0492  
5.03204  -22.1203  
5.03767  -22.1787  
5.05814  -22.2419  
5.06949  -22.2992  
5.08327  -22.3709  
5.09536  -22.4224  
5.11265  -22.4781  
5.12108  -22.5294  
5.14133  -22.5926  
5.15729  -22.6736  
5.17985  -22.7319  
5.19551  -22.8218  
5.21332  -22.8848  
5.21705  -22.9518  
5.23951  -23.0098  
5.24407  -23.0846  
5.26024  -23.159  
5.26637  -23.2253  
5.27348  -23.3068  
5.2913  -23.3678  
5.29409  -23.4353  
5.31324  -23.4837  
5.31614  -23.5517  
5.33039  -23.6299  
5.34953  -23.7134  
5.36926  -23.7747  
5.38132  -23.8502  
5.39534  -23.9196  
5.41122  -23.9969  
5.42517  -24.0661  
5.4477  -24.16  
5.4614  -24.2343  
5.47936  -24.3104  
5.50141  -24.3674  
5.50361  -24.4332  
5.52537  -24.496  
5.53535  -24.5511  
5.54924  -24.6243  
5.56176  -24.665  
5.57568  -24.7369  
5.58319  -24.7564  
5.6033  -24.8092  
5.61339  -24.8566  
5.63249  -24.9176  
5.64735  -24.9645  
5.66632  -25.0257  
5.67348  -25.0719  
5.69386  -25.1283  
5.70833  -25.1848  
5.72213  -25.2485  
5.73303  -25.3345  
5.75007  -25.3959  
5.7642  -25.4601  
5.76685  -25.5297  
5.78511  -25.5837  
5.79047  -25.6664  
5.80959  -25.7244  
5.82096  -25.7923  
5.83311  -25.8682  
5.85356  -25.9164  
5.8676  -25.9806  
5.88375  -26.0577  
5.90354  -26.1164  
5.91782  -26.1755  
5.9307  -26.2444  
5.94383  -26.3225  
5.96073  -26.3839  
5.9688  -26.4694  
5.98172  -26.5381  
5.99733  -26.6098  
6.00815  -26.7132  
6.02374  -26.7659  
6.03681  -26.8441  
6.05531  -26.9044  
6.0674  -26.9896  
6.08585  -27.0498  
6.10597  -27.1301  
6.11874  -27.1984  
6.13703  -27.2622  
6.15235  -27.3149  
6.16686  -27.3763  
6.18508  -27.4365  
6.19735  -27.496  
6.21409  -27.5574  
6.22485  -27.6082  
6.24157  -27.6695  
6.25476  -27.7102  
6.27101  -27.7577  
6.28267  -27.805  
6.30073  -27.8659  
6.31428  -27.9174  
6.33093  -27.9786  
6.34583  -28.0167  
6.365  -28.0599  
6.3828  -28.1211  
6.4006  -28.1831  
6.41269  -28.2523  
6.43182  -28.2695  
6.44383  -28.3389  
6.45549  -28.3698  
6.46751  -28.4392  
6.48542  -28.4743  
6.50298  -28.5357  
6.50953  -28.5674  
6.52205  -28.6179  
6.52383  -28.6338  
6.54312  -28.6835  
6.54706  -28.7  
6.55689  -28.7408  
6.57074  -28.7877  
6.57131  -28.7883  
6.58015  -28.8278  
6.58168  -28.8123  
6.5994  -28.8752  
6.59779  -28.8443  
6.60819  -28.8826  
6.62386  -28.9255  
6.61576  -28.8507  
6.62284  -28.8864  
6.61975  -28.8231  
6.61304  -28.7974  
6.62732  -28.8551  
6.62985  -28.8602  
6.61674  -28.7562  
6.63193  -28.8151  
6.60751  -28.6971  
6.61838  -28.739  
6.61611  -28.7288  
6.59087  -28.6309  
6.6049  -28.681  
6.57719  -28.5739  
6.56773  -28.4844  
6.58197  -28.5357  
6.57859  -28.5219  
6.53837  -28.3915  
6.55002  -28.4362  
6.5221  -28.3256  
6.53679  -28.378  
6.51251  -28.2574  
6.52726  -28.3102  
6.50209  -28.2153  
6.51267  -28.2541  
6.52189  -28.2606  
6.496  -28.1824  
6.51081  -28.2352  
6.4988  -28.1821  
6.51379  -28.2381  
6.51954  -28.2528  
6.50389  -28.2055  
6.51783  -28.2548  
6.49686  -28.1916  
6.5092  -28.235  
6.48186  -28.165  
6.49663  -28.2168  
6.46739  -28.1205  
6.47821  -28.1578  
6.48145  -28.1586  
6.44965  -28.0542  
6.4646  -28.1063  
6.43578  -28.0215  
6.44698  -28.0594  
6.45567  -28.0794  
6.43333  -28.0407  
6.44827  -28.0924  
6.43539  -28.0653  
6.44753  -28.1097  
6.44871  -28.1364  
6.46063  -28.1797  
6.45708  -28.21  
6.47476  -28.2951  
6.47086  -28.2997  
6.48739  -28.3755  
6.4738  -28.3601  
6.48833  -28.4084  
6.46161  -28.3439  
6.47739  -28.3983  
6.43909  -28.2556  
6.44526  -28.3011  
6.43938  -28.2761  
6.39  -28.0883  
6.39762  -28.1131  
6.34756  -27.9286  
6.36294  -27.9798  
6.30941  -27.7896  
6.32217  -27.8345  
6.26585  -27.6069  
6.24196  -27.5464  
6.24712  -27.5696  
6.23664  -27.5371  
6.19543  -27.4085  
6.20844  -27.4536  
6.16646  -27.3123  
6.17423  -27.3669  
6.1471  -27.2741  
6.15727  -27.3352  
6.15495  -27.3391  
6.14482  -27.3333  
6.16244  -27.3961  
6.14037  -27.3974  
6.15348  -27.4415  
6.12909  -27.4269  
6.14118  -27.4999  
6.13734  -27.5381  
6.15307  -27.5872  
6.14353  -27.5861  
6.15267  -27.6543  
6.14377  -27.6538  
6.1555  -27.723  
6.16175  -27.7472  
6.15699  -27.7646  
6.17092  -27.8207  
6.18532  -27.8765  
6.187  -27.9047  
6.20047  -27.9534  
6.19035  -27.9749  
6.20988  -28.0382  
6.21605  -28.1022  
6.22965  -28.1491  
6.24534  -28.2124  
6.25477  -28.301  
6.2654  -28.3391  
6.28002  -28.4319  
6.29488  -28.5125  
6.31481  -28.6255  
6.33326  -28.6847  
6.35477  -28.8135  
6.37292  -28.8716  
6.39225  -28.9794  
6.40453  -29.0448  
6.4249  -29.1396  
6.44286  -29.2061  
6.45292  -29.265  
6.46954  -29.3243  
6.47897  -29.3796  
6.48196  -29.4164  
6.49104  -29.4735  
6.48932  -29.4552  
6.50404  -29.5046  
6.48995  -29.4636  
6.50476  -29.5136  
6.48105  -29.425  
6.4941  -29.4643  
6.47659  -29.3574  
6.48205  -29.3869  
6.45057  -29.2468  
6.46381  -29.2604  
6.41039  -29.0758  
6.42244  -29.1162  
6.3755  -28.9091  
6.38666  -28.9468  
6.3357  -28.7743  
6.34508  -28.7811  
6.2997  -28.6131  
6.30232  -28.6181  
6.25974  -28.4683  
6.26582  -28.4859  
6.22826  -28.3101  
6.23771  -28.3336  
6.19742  -28.2011  
6.20549  -28.2193  
6.20254  -28.1916  
6.18773  -28.1162  
