0.00010539671171491 0.000996203765271867
0.000247775553017666 0.00180093691104204
0.000800521426330071 0.00333755546101208
0.00212967949250749 0.00584877331567776
0.00419460440306207 0.00929652611390098
0.00651274353814109 0.0132789834452093
0.00858288203422809 0.0170989011972011
0.010213776790818 0.0201129766531544
0.0114032944103069 0.0223712980320232
0.012201773299375 0.0244889904413645
0.0127990494664459 0.0271138151393981
0.0134639408697302 0.0306062929061228
0.0144896441579072 0.0347269254917544
0.0160842948477972 0.0390605163327569
0.0179323283115033 0.0432946234979971
0.0195697043835056 0.0473621162025642
0.0208143806749563 0.0509873528776882
0.0217533026228672 0.0542590009595976
0.0224554415096167 0.057443349134001
0.0231406284023586 0.0607251338446924
0.0240371347160743 0.0640041633194906
0.0253156186678433 0.0671333817970264
0.0268303689847868 0.0697375637057718
0.0282111796781522 0.07177376391571
0.0291531925921085 0.0736218985842229
0.0297857945185391 0.075502632342373
0.0306619524579361 0.0773138117364039
0.0324213204782794 0.0790247983574046
0.0350132024176021 0.0803078959287586
0.0380639033658543 0.0812586750871582
0.0412180847949934 0.0819613516554755
0.0444549444779539 0.0826903737333829
0.0476854835026032 0.0834377009953578
0.0502835913279337 0.0833692971896373
0.0522824734135909 0.0826955043994366
0.0540790021831953 0.0817930205646294
0.056160263106613 0.0808505493366584
0.0586123611618828 0.079624636642536
0.0614913106855441 0.0781763066491491
0.064536466550836 0.0764845731587777
0.0677916789801441 0.0750284669805051
0.0707358635181974 0.0736939267915767
0.073167889819768 0.0726274320410091
0.0753134888493843 0.0719429455291979
0.0775713063126354 0.0716701591925503
0.0798763402428474 0.0714162765715265
0.0819265035270149 0.0707809552349289
0.0838005944622977 0.0696621041492414
0.0861633974710296 0.0682883551173807
0.0890385554664737 0.0667885201082704
0.0915437347443598 0.0651050904393099
0.0935772063161075 0.0630116571560823
0.09601285580149 0.0602417413977473
0.0987684584393238 0.0565160757326675
0.101979866072256 0.0527562075947244
0.104873457546212 0.0492664267973966
0.107022274752621 0.0457038570933691
0.108576762590675 0.0419706653116604
0.109892535588545 0.0381789827324694
0.110471270480909 0.0341952140615755
0.109409764276825 0.0295350210504175
0.108160371846758 0.0244419666244596
0.107141648230276 0.0193403686900221
0.106166843089826 0.0145772882620776
0.105594891428206 0.0101786041042595
0.105175039453733 0.00586852431733215
0.104188898036699 0.00172323622080283
0.101788337519209 -0.00185394129124782
0.0979477883521897 -0.00473909648481925
0.0936363777346143 -0.00725512558038519
0.0891668513999082 -0.00984069823799268
0.084725652918267 -0.0126270228189935
0.0798980951687474 -0.0154044423321054
0.075046960041626 -0.0181402869971126
0.0704177192614717 -0.0207188242041441
0.0664013531768557 -0.0228435856723043
0.0630212430064972 -0.0242775301521281
0.059777865101873 -0.0251206217377904
0.0567391866920312 -0.025908210035181
0.0537457000595451 -0.0268694571229227
0.0506549071518333 -0.0281805377740898
0.0477386648035052 -0.0300819526493093
0.0449041331692403 -0.0321189871897277
0.0419957645929282 -0.0336527022405117
0.0391227775476171 -0.0348365415914279
0.0362790990116801 -0.0361270193842676
0.0337215255123225 -0.0377810843866342
0.0316389109397674 -0.039451564783984
0.029955395404594 -0.0408514677990787
0.0283214102499886 -0.0417714771595075
0.0265578160158419 -0.0423670954429533
0.024701797668297 -0.0431205889699312
0.0230818047190663 -0.0443215410649423
0.0219324043334917 -0.0458639048613965
0.0212225037524376 -0.0474994920305795
0.0208515492338747 -0.0488982209850614
0.0206133301005375 -0.0501106190496018
0.0203049849572255 -0.0508678390751086
0.0201688711458203 -0.0514724074834273
0.0208319019553069 -0.0523340527558231
0.0226435173761035 -0.0528523389306919
0.0254197888634116 -0.0527621487100737
0.0283843074323747 -0.0520344022289202
0.0310109106234431 -0.0514269478053329
0.0328141630916678 -0.0515076947244885
0.0339327643959868 -0.0520834616789095
0.0346162419045148 -0.0528391480515335
0.0345698955256123 -0.0539493429381302
0.0338515386185227 -0.055268002007295
0.0327158683895675 -0.0561405613578454
0.0313303799070841 -0.056326123342196
0.0297984377106068 -0.0559661844796418
0.0282021092244579 -0.055490991015387
0.0267395792485574 -0.0553492412697099
0.025322298371582 -0.0552158653700872
0.023795751764974 -0.0547122451393291
0.0220638710284409 -0.0537751281395119
0.0203007851413574 -0.052922177787538
0.0186892804960442 -0.0527823046757478
0.0171234687288311 -0.0531222381530762
-0.00150651 0.0016007
-0.00146802 0.00391068
-0.00165589 0.00728777
-0.00205926 0.0116719
-0.00248984 0.0163896
-0.00300327 0.0208728
-0.00364748 0.0244058
-0.0043017 0.0262956
-0.00482048 0.0267763
-0.00546401 0.0280542
-0.00656583 0.031302
-0.00771588 0.0348794
-0.00867529 0.0374722
-0.00942805 0.038975
-0.0100904 0.0395561
-0.0111291 0.0405227
-0.0125338 0.0423556
-0.0137358 0.0439292
-0.0149098 0.0447692
-0.0162135 0.0452206
-0.017355 0.0451213
-0.0177457 0.0435658
-0.0183771 0.042931
-0.0199846 0.0442574
-0.0219812 0.0455797
-0.0241459 0.04628
-0.0266326 0.0466085
-0.0289642 0.0462149
-0.0310314 0.0451382
-0.0331572 0.0436155
-0.0352719 0.0414182
-0.0373502 0.0388888
-0.0391394 0.0360999
-0.0402949 0.0328217
-0.0416438 0.0294711
-0.0434733 0.0271987
-0.0453091 0.02593
-0.0469156 0.0250002
-0.0476357 0.0236891
-0.0471815 0.0215933
-0.0467437 0.0193788
-0.0474317 0.0174463
-0.0493441 0.0138915
-0.0503336 0.0112303
-0.0508198 0.00727715
-0.0509166 0.00256044
-0.0506914 -0.00238819
-0.0495466 -0.0069562
-0.0477359 -0.00986243
-0.0454976 -0.0111829
-0.0438709 -0.0133262
-0.0424236 -0.0161857
-0.0410313 -0.0178053
-0.0409667 -0.0178883
-0.04184 -0.0175572
-0.0429479 -0.017315
-0.0438813 -0.0173427
-0.0440748 -0.0173862
-0.0441764 -0.0176761
-0.0440949 -0.0183346
-0.0426774 -0.0195078
-0.0401401 -0.0225621
-0.0364454 -0.0268123
-0.0324018 -0.0286896
-0.0306684 -0.0284584
-0.0289841 -0.0287271
-0.0256209 -0.030426
-0.0214071 -0.0339628
-0.0177603 -0.0378542
-0.0134191 -0.0409842
-0.0145929 -0.039516
-0.0162308 -0.0389188
-0.0167323 -0.0388599
-0.0158579 -0.0383834
-0.0138285 -0.0370219
-0.0110025 -0.0345687
-0.00810618 -0.032242
-0.0050668 -0.0309241
-0.00256469 -0.0301747
-0.00141127 -0.0299538
-0.00180223 -0.0305943
