-1574.22  546.774
546.774  -475.764
-1565.03  555.846
555.846  -484.948
-1531.59  586.465
586.465  -518.37
-1381.48  688.087
688.087  -668.448
-1199.41  755.077
755.077  -850.524
-1003.7  774.686
774.686  -1046.26
-857.718  756.713
756.713  -1192.24
-656.875  681.968
681.968  -1393.05
-456.298  526.476
526.476  -1593.58
-311.38  302.255
302.255  -1738.41
-250.028  6.56698
6.56698  -1799.7
-312.611  -305.143
-305.143  -1737.15
-600.953  -648.666
-648.666  -1448.93
-1268.29  -735.781
-735.781  -781.649
-1559.81  -560.85
-560.85  -490.151
-1385.77  -685.886
-685.886  -664.202
-1559.76  -560.919
-560.919  -490.22
-1745.78  -284.233
-284.233  -304.011
-1787.5  -138.613
-138.613  -262.497
-1781.08  -170.182
-170.182  -268.916
-1780.27  -173.754
-173.754  -269.729
