0.381648  0.924308
0.924308  -0.381648
0.389335  0.921096
0.921096  -0.389335
0.416108  0.909315
0.909315  -0.416108
0.519596  0.854412
0.854412  -0.519596
0.622456  0.782654
0.782654  -0.622456
0.71675  0.697331
0.697331  -0.71675
0.779688  0.626169
0.626169  -0.779688
0.858771  0.512359
0.512359  -0.858771
0.931071  0.364837
0.364837  -0.931071
0.979997  0.19901
0.19901  -0.979997
0.999991  0.00423754
0.00423754  -0.999991
0.979591  -0.200999
0.200999  0.979591
0.879523  -0.475856
0.475856  0.879523
0.585672  -0.810548
0.810548  0.585672
0.393624  -0.919271
0.919271  0.393624
0.516944  -0.856019
0.856019  0.516944
0.393679  -0.919248
0.919248  0.393679
0.186682  -0.98242
0.98242  0.186682
0.0897901  -0.995961
0.995961  0.0897901
0.110471  -0.993879
0.993879  0.110471
0.11282  -0.993615
0.993615  0.11282
