1.39906  4.17345  
1.39907  4.17345  
1.59643  4.05393  
1.62793  4.03437  
1.80923  3.90017  
1.79765  3.90333  
1.75209  3.87821  
1.96808  3.72199  
1.99894  3.70006  
2.1279  3.55528  
2.12262  3.55155  
2.19794  1.50992  
2.20638  1.49083  
2.00953  1.32112  
1.74255  1.34188  
1.74282  1.31727  
1.69521  1.07476  
1.60829  1.09908  
1.42441  1.19784  
0.800415  1.69676  
0.797307  1.70512  
0.653037  1.89313  
0.622117  1.91391  
0.230916  2.30661  
0.191025  2.33481  
0.0852103  2.58735  
0.101532  2.74266  
0.0891976  2.75189  
-0.00252153  3.02979  
-0.0154992  3.03594  
0.0912555  3.17195  
0.191324  3.25389  
0.212368  3.26006  
0.39545  3.33371  
0.39325  3.33663  
0.668558  3.29107  
0.780344  3.24262  
0.845517  3.27698  
0.99042  3.20858  
1.1193  3.15851  
1.34889  3.00956  
1.46365  2.95062  
1.51489  2.92385  
1.57973  2.87817  
1.57707  2.88431  
1.62464  2.89681  
1.63185  2.88883  
1.53423  2.99091  
1.48292  3.07556  
1.47213  3.08261  
1.35793  3.25341  
1.33269  3.2685  
1.20124  3.43888  
1.17461  3.49616  
1.1756  3.49531  
1.10615  3.5871  
1.10333  3.59613  
1.12  3.61542  
1.10522  3.62658  
1.17938  3.58038  
1.18368  3.57558  
1.19449  3.56871  
1.23277  3.53331  
1.2414  3.5336  
1.27118  3.49409  
1.26152  3.50079  
1.27527  3.49005  
1.27208  3.48156  
1.27652  3.47448  
1.27093  3.46504  
1.27076  3.44863  
1.27052  3.44852  
1.31253  3.40159  
1.31028  3.39687  
1.32968  3.37999  
1.3346  3.35163  
1.3346  3.35163  
1.34592  3.32831  
1.35493  3.31617  
1.36832  3.31161  
1.34339  3.32505  
1.34747  3.32924  
1.32491  3.34527  
1.32476  3.34599  
1.31106  3.36155  
1.32216  3.35957  
1.32216  3.35957  
1.35158  3.33797  
1.35147  3.33856  
1.35561  3.32  
1.3664  3.31297  
1.37386  3.29559  
1.38027  3.26912  
1.38009  3.27033  
1.3732  3.24337  
1.37311  3.24483  
1.36053  3.23624  
1.35203  3.23755  
1.32312  3.24758  
1.32353  3.24895  
1.31481  3.24043  
1.31879  3.24835  
1.31064  3.24943  
1.32363  3.24292  
1.32413  3.2442  
1.33598  3.22154  
1.35867  3.19942  
1.36595  3.19867  
1.3613  3.18956  
1.37421  3.17324  
1.35169  3.17491  
1.322  3.17528  
1.3287  3.15805  
1.311  3.1476  
1.28092  3.15296  
1.25142  3.14571  
1.16064  3.17718  
1.17194  3.16608  
1.11426  3.14958  
1.07534  3.1648  
1.03411  3.15383  
0.969258  3.1372  
0.976028  3.13331  
0.940702  3.09141  
0.935541  3.08473  
0.91379  3.05335  
0.89699  3.02216  
0.878277  3.01459  
0.861588  2.99421  
0.872521  2.98737  
0.865114  2.96117  
0.917474  2.91564  
0.903976  2.92084  
0.944357  2.89689  
0.952455  2.89905  
1.04822  2.85085  
1.05946  2.84295  
1.1334  2.8034  
1.19933  2.75525  
1.20891  2.74214  
1.30649  2.67955  
1.29841  2.68236  
1.36275  2.63621  
1.36102  2.62097  
1.38102  2.59644  
1.38935  2.58161  
1.38796  2.55623  
1.37667  2.5345  
1.36809  2.54125  
1.35577  2.51789  
1.31299  2.52326  
1.32168  2.51198  
1.26514  2.52193  
1.26757  2.51508  
1.27534  2.48568  
1.26362  2.48083  
1.27499  2.47419  
1.25411  2.46363  
1.25096  2.46173  
1.27829  2.41943  
1.30357  2.38201  
1.29639  2.38908  
1.28877  2.36695  
1.28162  2.37406  
1.29588  2.36145  
1.31423  2.35796  
1.2966  2.34762  
1.27319  2.35813  
1.29153  2.35466  
1.26262  2.36898  
1.28092  2.36554  
1.24031  2.37656  
1.23091  2.37946  
1.23604  2.36771  
1.19426  2.36449  
1.18773  2.37065  
1.13677  2.35871  
1.13046  2.36492  
1.09407  2.34621  
1.04261  2.3641  
1.0276  2.35968  
0.973275  2.37203  
0.975432  2.36966  
0.916666  2.37295  
0.912905  2.36702  
0.907556  2.37298  
0.917207  2.34325  
0.921344  2.33646  
0.929634  2.29738  
0.936907  2.24423  
0.940732  2.23831  
0.996861  2.14106  
1.00841  2.13866  
1.01558  2.05394  
1.03489  2.0309  
1.02097  1.94868  
1.00697  1.87607  
1.01896  1.86054  
0.983784  1.77459  
0.995831  1.75903  
1.00847  1.65971  
1.01019  1.55876  
1.0002  1.55616  
1.04391  1.46179  
1.01641  1.44368  
1.01907  1.40703  
1.04536  1.31938  
1.02719  1.32839  
1.06016  1.24478  
1.07916  1.23764  
1.14252  1.14303  
1.11996  1.14821  
1.11871  1.09387  
1.12145  1.06968  
1.10823  1.0751  
1.13994  0.985088  
1.12495  0.986736  
1.13137  0.978122  
1.11262  0.961115  
1.11908  0.952566  
1.06352  0.958147  
0.989229  0.99443  
0.986561  0.998898  
0.977289  0.994855  
0.988985  0.982793  
0.908625  1.0229  
0.90621  1.02692  
0.919573  0.994287  
0.916956  0.998425  
0.941661  0.972992  
0.938826  0.977116  
0.963935  0.975557  
1.00605  0.940871  
1.00247  0.944998  
1.03323  0.944231  
1.06708  0.913216  
1.09021  0.894159  
1.12711  0.874409  
1.12008  0.89672  
1.07574  0.980537  
1.07121  0.98348  
1.04594  1.00584  
0.994194  1.05856  
0.989898  1.06056  
0.946436  1.08328  
0.942294  1.08497  
0.911691  1.10964  
0.875648  1.13496  
0.881775  1.12245  
0.851992  1.13755  
0.851967  1.112  
0.884252  1.08758  
0.881058  1.08812  
0.860586  1.07375  
0.847652  1.08304  
0.841278  1.09081  
0.857772  1.06863  
0.856981  1.07812  
0.858287  1.08578  
0.813032  1.12156  
0.827694  1.11971  
0.816525  1.11649  
0.804181  1.12981  
0.767822  1.14588  
0.802755  1.11506  
0.808271  1.10323  
0.835944  1.08551  
0.832513  1.08629  
0.863649  1.04261  
0.849235  1.05648  
0.83286  1.05554  
0.848626  1.04733  
0.838732  1.05178  
0.87906  1.03766  
0.875548  1.03857  
0.879131  1.07359  
0.910479  1.06929  
0.89829  1.08277  
0.909581  1.07727  
0.93125  1.0653  
0.952523  1.04504  
0.932348  1.05458  
0.94362  1.0523  
0.926805  1.04933  
0.910972  1.0615  
0.910197  1.03918  
0.864189  1.068  
0.881101  1.05719  
0.863532  1.05916  
0.875237  1.05671  
0.827191  1.08394  
0.847266  1.05232  
0.840539  1.04631  
0.79901  1.0485  
0.824486  1.02537  
0.756479  1.06045  
0.755056  1.04907  
0.751481  1.04294  
0.703043  1.06251  
0.689023  1.06469  
0.668537  1.07582  
0.623088  1.09785  
0.619177  1.09903  
0.643177  1.07816  
0.65562  1.0717  
0.680533  1.03462  
0.665762  1.04741  
0.668599  1.05204  
0.689074  1.03795  
0.72768  0.996966  
0.735196  0.998593  
0.754912  0.984796  
0.752323  0.994894  
0.745028  0.996009  
0.757392  0.994683  
0.772849  0.988431  
0.77101  0.981153  
0.808844  0.948248  
0.820906  0.941589  
0.818909  0.956416  
0.845512  0.940732  
0.832956  0.936746  
0.863042  0.918449  
0.88835  0.904703  
0.906899  0.89324  
0.930575  0.882747  
0.914351  0.896473  
0.926352  0.887075  
0.947334  0.868747  
0.939123  0.85414  
0.950467  0.829047  
0.9464  0.830762  
0.946382  0.819247  
0.934028  0.819392  
0.911561  0.8238  
0.917411  0.820428  
0.92118  0.812716  
0.93964  0.798851  
0.964417  0.789679  
1.00276  0.769215  
0.986934  0.78349  
1.01861  0.74477  
1.0286  0.743249  
1.04745  0.752032  
1.09535  0.722379  
1.07535  0.735189  
1.12088  0.705739  
1.10746  0.728451  
1.12256  0.733451  
1.11777  0.75717  
1.10179  0.770979  
1.09377  0.782554  
1.11675  0.77978  
1.11856  0.780618  
1.13748  0.766151  
1.1469  0.763388  
1.15195  0.771961  
1.16134  0.76899  
1.17799  0.768881  
1.21025  0.754985  
1.22674  0.739392  
1.207  0.779218  
1.21592  0.775859  
1.21862  0.791316  
1.22747  0.787734  
1.22683  0.816466  
1.21123  0.828303  
1.2283  0.819201  
1.24448  0.802995  
1.24888  0.798165  
1.23376  0.809579  
1.22457  0.813  
1.24593  0.789535  
1.25484  0.785537  
1.23872  0.7967  
1.22638  0.80958  
1.24856  0.778225  
1.21643  0.804871  
1.22234  0.798479  
1.20326  0.819308  
1.20759  0.816759  
1.19287  0.834939  
1.19928  0.839097  
1.18404  0.850382  
1.20933  0.822184  
1.18987  0.833901  
1.22209  0.795129  
1.2401  0.774152  
1.24098  0.770478  
1.23696  0.776922  
1.23817  0.763859  
1.25428  0.748377  
1.2389  0.760503  
1.22292  0.76748  
1.22387  0.763893  
1.2209  0.768634  
1.19761  0.780982  
1.17177  0.822435  
1.17435  0.822621  
1.15099  0.834411  
1.15911  0.829095  
1.13145  0.842389  
1.11446  0.852497  
1.0919  0.848535  
1.09357  0.844305  
1.07322  0.835512  
1.07502  0.831468  
1.06443  0.798924  
1.04747  0.789911  
1.04929  0.786534  
1.02081  0.793846  
1.02275  0.790525  
1.0213  0.760839  
1.03685  0.750045  
1.02615  0.752904  
0.992035  0.767861  
0.994009  0.764955  
0.996918  0.768591  
0.998792  0.765668  
1.01123  0.771248  
1.01149  0.764947  
1.01955  0.759892  
0.974898  0.788279  
0.971765  0.785595  
0.98313  0.783151  
0.990228  0.773027  
0.993502  0.768217  
0.990601  0.766927  
0.99965  0.75189  
0.990882  0.752083  
0.992524  0.749342  
0.988916  0.752885  
1.02093  0.732538  
1.03049  0.731107  
1.04032  0.729182  
1.04138  0.728364  
1.06412  0.725948  
1.0553  0.737893  
1.06175  0.733769  
1.0787  0.729474  
1.09172  0.714874  
1.07505  0.722974  
1.0761  0.720149  
1.05351  0.733078  
1.07039  0.717421  
1.05594  0.710063  
1.05677  0.698433  
1.04161  0.711548  
1.03514  0.726151  
1.04403  0.707769  
1.01043  0.727251  
1.0205  0.723775  
1.01033  0.71818  
0.994927  0.739625  
0.971652  0.752874  
0.978795  0.740965  
0.980636  0.737988  
0.974179  0.73209  
0.976057  0.729206  
0.99326  0.700145  
1.01349  0.672832  
1.02348  0.669809  
1.03917  0.658404  
1.04631  0.648102  
1.05584  0.646862  
1.06656  0.637022  
1.08839  0.635265  
1.07515  0.652177  
1.08463  0.649138  
1.09518  0.660203  
1.07166  0.674135  
1.09365  0.669677  
1.06618  0.709936  
1.07564  0.70856  
1.06845  0.706764  
1.0738  0.703386  
1.03169  0.725737  
1.0227  0.725774  
1.0261  0.727866  
1.01361  0.721405  
1.02218  0.716156  
0.989488  0.734545  
1.00423  0.715424  
1.01434  0.711668  
1.01006  0.708087  
1.00886  0.708776  
1.00585  0.716045  
1.03534  0.701614  
1.01215  0.714965  
1.01036  0.729032  
1.02747  0.712925  
0.999785  0.716649  
0.995073  0.716695  
0.974678  0.725457  
0.979773  0.713007  
0.965045  0.72584  
0.950387  0.721108  
0.92709  0.744305  
0.937014  0.738618  
0.934893  0.735293  
0.909978  0.75292  
0.942341  0.732069  
0.943628  0.743117  
0.958189  0.72072  
0.97543  0.724513  
0.98445  0.709038  
1.02967  0.681753  
1.05638  0.650004  
1.04429  0.651045  
1.09546  0.597113  
1.08633  0.603052  
1.10202  0.577361  
1.11117  0.574559  
1.11135  0.576908  
1.1248  0.558185  
1.14474  0.534143  
1.10696  0.582782  
1.09788  0.588738  
1.08925  0.600397  
1.07445  0.614106  
1.05156  0.650793  
1.03385  0.672564  
1.03835  0.657168  
1.01774  0.652866  
1.03492  0.636912  
1.01488  0.63428  
1.02502  0.630672  
1.01242  0.600715  
1.02187  0.585639  
1.02341  0.558285  
1.00567  0.54697  
1.01527  0.532367  
1.03668  0.510017  
1.04767  0.500649  
1.0335  0.515571  
1.05147  0.49521  
1.05375  0.493221  
1.04792  0.472041  
1.02686  0.488385  
1.00537  0.503624  
0.977375  0.514784  
0.980188  0.51275  
0.928183  0.539109  
0.891677  0.57115  
0.88286  0.573061  
0.824701  0.609536  
0.816402  0.615504  
0.800065  0.609894  
0.784241  0.629445  
0.786174  0.630608  
0.799145  0.615746  
0.80609  0.610751  
0.810406  0.602622  
0.866772  0.531748  
0.86855  0.530378  
0.915783  0.486744  
0.91756  0.485343  
0.943154  0.456867  
0.945975  0.455478  
0.94243  0.44931  
0.9452  0.448018  
0.895909  0.48422  
0.864779  0.506714  
0.852677  0.517908  
0.806325  0.548806  
0.810101  0.54675  
0.759518  0.582805  
0.734407  0.606038  
0.721062  0.624085  
0.687902  0.638172  
0.681842  0.642549  
0.681273  0.639863  
0.681118  0.633191  
0.688395  0.628277  
0.683455  0.621995  
0.712939  0.603678  
0.716986  0.601373  
0.727119  0.558004  
0.731133  0.556132  
0.723326  0.54746  
0.74422  0.515359  
0.73996  0.514445  
0.750013  0.512054  
0.743808  0.510889  
0.728156  0.510386  
0.737614  0.497995  
0.731498  0.496818  
0.733215  0.500206  
0.737316  0.498685  
0.753265  0.491504  
0.757223  0.489942  
0.723161  0.500184  
0.719171  0.4991  
0.714261  0.480334  
0.710435  0.479403  
0.721775  0.453673  
0.7128  0.445351  
0.717323  0.444129  
0.717027  0.413592  
0.721641  0.412587  
0.719851  0.392637  
0.733387  0.374318  
0.740036  0.358115  
0.718542  0.383679  
0.722064  0.382614  
0.710579  0.367043  
0.715733  0.360716  
0.712391  0.360494  
0.705057  0.358235  
0.673812  0.384438  
0.676643  0.379863  
0.653493  0.385365  
0.652192  0.386  
0.648925  0.351907  
0.646266  0.351711  
0.608164  0.366237  
0.614052  0.36544  
0.592591  0.355385  
0.557591  0.368624  
0.5555  0.368452  
0.528314  0.363653  
0.518312  0.37647  
0.478701  0.421004  
0.478006  0.418917  
0.480952  0.420554  
0.502039  0.412538  
0.506765  0.418204  
0.503189  0.444136  
0.501257  0.443127  
0.525882  0.42962  
0.502541  0.435819  
0.50308  0.428104  
0.496169  0.389923  
0.503579  0.377201  
0.47445  0.37171  
0.481272  0.370969  
0.471865  0.355091  
0.470343  0.354924  
0.427561  0.354723  
0.401452  0.374973  
0.400385  0.374751  
0.349069  0.408717  
0.340724  0.411086  
0.338672  0.419163  
0.305319  0.438919  
0.299816  0.436835  
0.296773  0.455111  
0.296223  0.455205  
0.355106  0.428592  
0.358015  0.423117  
0.370941  0.419181  
0.447399  0.374709  
0.461836  0.371602  
0.517836  0.324075  
0.575688  0.283637  
0.547614  0.302694  
0.569591  0.271992  
0.594051  0.243935  
0.6001  0.243281  
0.590642  0.255016  
0.562947  0.274212  
0.573044  0.234944  
0.536838  0.264704  
0.543661  0.263647  
0.530701  0.270913  
0.532772  0.277858  
0.523172  0.256919  
0.510323  0.249398  
0.507883  0.250408  
0.517553  0.223843  
0.492217  0.228202  
0.504342  0.215667  
0.484731  0.232099  
0.466932  0.250809  
0.461052  0.279341  
0.425553  0.300507  
0.451317  0.288603  
0.448588  0.350777  
0.426311  0.367174  
0.463313  0.37605  
0.471298  0.37336  
0.485476  0.372947  
0.516585  0.3525  
0.511611  0.360181  
0.545799  0.316563  
0.564517  0.308472  
0.585761  0.294385  
0.604413  0.267139  
0.619036  0.24837  
0.621865  0.244127  
0.622827  0.238319  
0.597226  0.263307  
0.591296  0.26501  
0.598603  0.262383  
0.585139  0.276574  
0.58567  0.282856  
0.551172  0.307154  
0.530472  0.323848  
0.534347  0.320425  
0.533086  0.310508  
0.506303  0.305666  
0.497574  0.304632  
0.514338  0.287391  
0.523316  0.278576  
0.506765  0.295394  
0.525803  0.275385  
0.509263  0.292219  
0.510809  0.291761  
0.534203  0.292689  
0.542939  0.275067  
0.550077  0.276634  
0.534168  0.295581  
0.52735  0.301111  
0.527001  0.297417  
0.527521  0.293845  
0.529394  0.287444  
0.546109  0.269436  
0.555218  0.253241  
0.527024  0.269769  
0.574811  0.226867  
0.570158  0.214004  
0.584113  0.202799  
0.577042  0.213525  
0.566987  0.223426  
0.575251  0.219935  
0.567701  0.214465  
0.560117  0.225594  
0.566945  0.211947  
0.567613  0.210383  
0.582097  0.213283  
0.557572  0.247444  
0.550194  0.257978  
0.587646  0.234382  
0.595967  0.230223  
0.606334  0.219994  
0.608795  0.223837  
0.644213  0.210014  
0.645879  0.212508  
0.646389  0.207924  
0.649379  0.189135  
0.641868  0.199568  
0.661779  0.161741  
0.660468  0.162253  
0.694464  0.113653  
0.693132  0.119135  
0.697278  0.114747  
0.69737  0.111002  
0.698106  0.106496  
0.691632  0.133737  
0.711173  0.112032  
0.721371  0.101868  
0.727254  0.0997295  
0.701551  0.116102  
0.688946  0.142682  
0.697106  0.137796  
0.683319  0.143175  
0.6673  0.153558  
0.668608  0.148066  
0.675161  0.142876  
0.664865  0.15685  
0.673454  0.15155  
0.670849  0.152167  
0.672316  0.146353  
0.670569  0.135363  
0.679171  0.130123  
0.680868  0.099991  
0.683942  0.102185  
0.69309  0.0887074  
0.676056  0.105625  
0.677671  0.099959  
0.662061  0.130228  
0.650881  0.14782  
0.662859  0.152269  
0.650295  0.166181  
0.64111  0.185411  
0.646691  0.21484  
0.627911  0.223518  
0.606043  0.243974  
0.609383  0.239735  
0.609844  0.239549  
0.62356  0.218045  
0.639598  0.202204  
0.642435  0.187525  
0.670693  0.165585  
0.685598  0.152531  
0.694003  0.146542  
0.691959  0.138295  
0.729608  0.11037  
0.728821  0.113272  
0.731128  0.110512  
0.726333  0.097082  
0.706561  0.111001  
0.715128  0.104992  
0.68378  0.129939  
0.685619  0.12311  
0.659813  0.141443  
0.670167  0.141075  
0.657332  0.155877  
0.638901  0.156992  
0.641256  0.149837  
0.668707  0.163195  
0.648757  0.177201  
0.675778  0.15592  
0.661758  0.158981  
0.676433  0.152846  
0.686102  0.126252  
0.712571  0.0912728  
0.722356  0.0833133  
0.749401  0.0381625  
0.759346  0.0338215  
0.807608  -0.0323082  
0.829237  -0.071545  
0.837055  -0.0772603  
0.851689  -0.0937168  
0.854754  -0.0800612  
0.858669  -0.081092  
0.843433  -0.0626339  
0.847755  -0.0682007  
0.817758  -0.0237523  
0.827037  -0.0261085  
0.797311  0.00670028  
0.799244  -0.00127177  
0.7849  0.0237938  
0.743848  0.0707377  
0.757584  0.0576283  
0.744183  0.0852155  
0.756246  0.0879563  
0.765272  0.0801745  
0.77281  0.0615545  
0.787176  0.0556881  
0.786607  0.0447357  
0.78603  0.0425005  
0.788258  0.0339954  
0.822889  -0.0125536  
0.824802  -0.0209769  
0.844785  -0.0702313  
0.854031  -0.0727626  
0.865097  -0.100338  
0.885735  -0.122212  
0.883575  -0.129363  
0.881962  -0.113297  
0.892185  -0.124592  
0.874626  -0.0841619  
0.882838  -0.0914322  
0.872628  -0.0873741  
0.830395  -0.0605848  
0.834828  -0.0665613  
0.804023  -0.0226577  
0.79325  -0.00870819  
0.779116  -0.0171559  
0.753791  0.000994711  
0.763464  -0.00709761  
0.784405  -0.0188455  
0.770164  -0.0144017  
0.782582  -0.0164858  
0.834707  -0.0374546  
0.823976  -0.0236917  
0.870752  -0.0677222  
0.883907  -0.0811565  
0.914172  -0.109146  
0.906235  -0.0805281  
0.926083  -0.113338  
0.910768  -0.0896394  
0.928723  -0.0996054  
0.923441  -0.0784392  
0.927798  -0.0845695  
0.91299  -0.0735562  
0.902218  -0.0591155  
0.894286  -0.0442473  
0.852763  0.0313181  
0.862826  0.0227796  
0.851492  0.0546651  
0.838844  0.0814547  
0.843453  0.0752713  
0.840905  0.0692245  
0.830315  0.081288  
0.830382  0.074207  
0.833539  0.067605  
0.84428  0.0560242  
0.860335  0.00709977  
0.858441  -0.000895461  
0.895643  -0.0695718  
0.897286  -0.0612165  
0.940089  -0.0989241  
0.964683  -0.122513  
0.966176  -0.132754  
0.993496  -0.110497  
0.982589  -0.0975939  
0.97929  -0.0717687  
0.971428  -0.0459534  
0.974545  -0.0505418  
0.930008  -0.0132883  
0.922242  0.0120688  
0.877061  0.0488384  
0.838598  0.0885462  
0.840688  0.0951593  
0.814728  0.106825  
0.817652  0.0947512  
0.794332  0.118732  
0.797473  0.10658  
0.820375  0.0919117  
0.85254  0.0766859  
0.861432  0.0664874  
0.898027  0.0181233  
0.899684  0.0252664  
0.929098  0.0112491  
0.950375  -0.04173  
0.952422  -0.0401627  
0.982625  -0.0938639  
0.992747  -0.107024  
1.00526  -0.134362  
0.999642  -0.139646  
1.00103  -0.150767  
0.995349  -0.152916  
0.991652  -0.137312  
0.9499  -0.0989056  
0.959409  -0.102004  
0.909928  -0.023361  
0.882075  0.0164734  
0.868229  0.0313418  
0.819117  0.0932345  
0.823892  0.0863753  
0.769789  0.136513  
0.779784  0.125395  
0.745635  0.147155  
0.752791  0.131505  
0.743909  0.1423  
0.764172  0.0949301  
0.792237  0.0691945  
0.801979  0.0586844  
0.83876  0.0123909  
0.843482  0.00530512  
0.882479  -0.0356138  
0.887102  -0.0427184  
0.928996  -0.0791523  
0.935263  -0.0875385  
0.948333  -0.101854  
0.941636  -0.0980501  
0.946125  -0.105198  
0.937693  -0.109487  
0.921934  -0.080022  
0.911401  -0.0544781  
0.907694  -0.0326946  
0.894374  -0.0181386  
0.884059  -0.00140052  
0.897297  -0.0158151  
0.903032  -0.00944282  
0.90737  0.00316806  
0.916221  0.00257682  
0.944699  -0.0283505  
0.943124  -0.0194106  
0.978414  -0.0435692  
1.00582  -0.0852763  
1.01359  -0.0959203  
1.04477  -0.143385  
1.03215  -0.1292  
1.05576  -0.179403  
1.05723  -0.183923  
1.06461  -0.194156  
1.07486  -0.231505  
1.08216  -0.241557  
1.07099  -0.224065  
1.06471  -0.207368  
1.06303  -0.203387  
1.04745  -0.176396  
1.03861  -0.165906  
1.01105  -0.0951566  
1.00494  -0.0988569  
0.992243  -0.0852972  
0.98186  -0.0663139  
0.970691  -0.046152  
0.950681  -0.042751  
0.959488  -0.0547216  
0.953238  -0.067719  
0.974869  -0.0919935  
0.966678  -0.0822575  
0.98062  -0.136502  
0.989143  -0.147852  
1.02719  -0.216309  
1.04054  -0.231734  
1.0694  -0.300356  
1.09224  -0.332034  
1.08399  -0.321072  
1.09241  -0.333274  
1.09988  -0.343549  
1.08782  -0.321053  
1.08488  -0.290515  
1.07406  -0.276628  
1.07044  -0.229044  
1.05864  -0.215486  
1.00947  -0.12212  
1.00168  -0.113194  
1.00828  -0.117708  
0.990163  -0.081823  
0.984175  -0.0653299  
0.98533  -0.0841095  
0.977718  -0.0754997  
0.967664  -0.0944326  
0.9555  -0.119498  
0.968062  -0.134419  
0.965176  -0.164639  
0.977667  -0.179611  
0.958536  -0.200902  
0.955005  -0.194438  
0.940284  -0.190829  
0.941111  -0.186505  
0.934215  -0.176665  
0.942833  -0.20506  
0.930462  -0.177412  
0.935964  -0.175138  
0.926325  -0.145012  
0.930766  -0.153289  
0.933437  -0.128853  
0.946134  -0.144155  
0.939092  -0.145066  
0.950024  -0.16311  
0.957998  -0.182598  
0.956732  -0.174716  
0.968511  -0.190092  
0.975124  -0.202769  
1.00877  -0.257568  
1.01716  -0.269327  
1.03039  -0.29162  
1.02337  -0.282022  
1.04544  -0.295263  
1.07157  -0.313281  
1.06435  -0.303971  
1.08194  -0.298049  
1.08958  -0.31  
1.09786  -0.29372  
1.11423  -0.313743  
1.10815  -0.286628  
1.11653  -0.308289  
1.11857  -0.29969  
1.12079  -0.307744  
1.11712  -0.333768  
1.11979  -0.328517  
1.11393  -0.371612  
1.12147  -0.383906  
1.10171  -0.385295  
1.10137  -0.384715  
1.09623  -0.40242  
1.0946  -0.414105  
1.08818  -0.405657  
1.08918  -0.425447  
1.0975  -0.454161  
1.08678  -0.427847  
1.10046  -0.437254  
1.1001  -0.42068  
1.09161  -0.386927  
1.08593  -0.411006  
1.08  -0.403261  
1.07244  -0.375692  
1.06414  -0.37458  
1.05256  -0.347073  
1.04676  -0.339838  
1.03901  -0.32354  
1.04284  -0.319339  
1.04442  -0.326172  
1.0341  -0.301524  
1.0375  -0.334556  
1.06299  -0.360281  
1.07108  -0.373684  
1.08937  -0.372612  
1.09718  -0.386047  
1.10749  -0.401382  
1.13243  -0.414299  
1.12611  -0.407372  
1.14863  -0.444224  
1.13801  -0.419467  
1.15517  -0.465441  
1.15674  -0.464525  
1.1503  -0.461373  
1.14377  -0.44563  
1.15105  -0.459163  
1.13671  -0.410147  
1.13405  -0.39739  
1.11308  -0.371352  
1.12162  -0.359586  
1.10606  -0.342694  
1.12221  -0.297792  
1.11712  -0.274116  
1.11973  -0.26145  
1.12109  -0.293272  
1.13008  -0.295457  
1.15282  -0.341057  
1.15353  -0.351723  
1.14861  -0.338583  
1.1485  -0.359565  
1.15376  -0.378911  
1.14351  -0.42314  
1.12385  -0.451134  
1.13518  -0.466981  
1.12435  -0.464259  
1.12408  -0.455699  
1.1004  -0.435668  
1.11183  -0.460142  
1.09591  -0.4345  
1.10144  -0.432467  
1.10509  -0.429095  
1.10641  -0.402458  
1.09526  -0.402331  
1.1047  -0.396648  
1.09518  -0.373835  
1.10307  -0.382604  
1.10149  -0.397588  
1.09223  -0.387242  
1.09644  -0.409647  
1.09624  -0.401285  
1.08282  -0.409716  
1.09948  -0.423444  
1.08852  -0.41839  
1.09693  -0.422443  
1.10251  -0.438431  
1.1135  -0.457719  
1.1245  -0.461419  
1.11908  -0.439507  
1.12881  -0.460931  
1.12583  -0.450835  
1.1322  -0.475888  
1.12658  -0.4734  
1.13769  -0.489635  
1.134  -0.477068  
1.12811  -0.474248  
1.11134  -0.461765  
1.09826  -0.444641  
1.09617  -0.439015  
1.09129  -0.407275  
1.08982  -0.403863  
1.08131  -0.363444  
1.08364  -0.362021  
1.08357  -0.353983  
1.08861  -0.36602  
1.09408  -0.356756  
1.10026  -0.356644  
1.10377  -0.355248  
1.11151  -0.358381  
1.1194  -0.369502  
1.12644  -0.386152  
1.11202  -0.376385  
1.11912  -0.39303  
1.09327  -0.371777  
1.08006  -0.363479  
1.08358  -0.362071  
1.05553  -0.326488  
1.0469  -0.325732  
1.02927  -0.282045  
1.0373  -0.299565  
1.01598  -0.266043  
1.00209  -0.23539  
1.00202  -0.227665  
1.00421  -0.209769  
0.995547  -0.189308  
1.01106  -0.199703  
1.01773  -0.196852  
1.01238  -0.175607  
1.01825  -0.190001  
1.02091  -0.196996  
1.02443  -0.215055  
1.02872  -0.243126  
1.03188  -0.245608  
1.04312  -0.280732  
1.04401  -0.258403  
1.05948  -0.278692  
1.06338  -0.299116  
1.07354  -0.323136  
1.06483  -0.308655  
1.07431  -0.312031  
1.08349  -0.313565  
1.09151  -0.320187  
1.10171  -0.311561  
1.09381  -0.278868  
1.09621  -0.27406  
1.07893  -0.24231  
1.08532  -0.229778  
1.0761  -0.210147  
1.07164  -0.203874  
1.05948  -0.185248  
1.04362  -0.182384  
1.04713  -0.18272  
1.03109  -0.151046  
1.02225  -0.131993  
1.00248  -0.142053  
1.00748  -0.145062  
1.00289  -0.144438  
1.0092  -0.141067  
1.01289  -0.14161  
1.02949  -0.15253  
1.03256  -0.17154  
1.03293  -0.172814  
1.04534  -0.20046  
1.04872  -0.200667  
1.06685  -0.206195  
1.05785  -0.186906  
1.06967  -0.198229  
1.05583  -0.204784  
1.05906  -0.205072  
1.04407  -0.20373  
1.03543  -0.184594  
1.03193  -0.164572  
1.03532  -0.16531  
1.02053  -0.130898  
1.02403  -0.131897  
1.02092  -0.106309  
1.02564  -0.107496  
1.02085  -0.107777  
1.02102  -0.093411  
1.03368  -0.0836411  
1.03431  -0.0593994  
1.04285  -0.0590443  
1.04987  -0.0627935  
1.05788  -0.0778795  
1.07022  -0.101364  
1.07401  -0.134687  
1.09274  -0.171085  
1.10112  -0.190624  
1.10761  -0.219294  
1.1206  -0.221547  
1.10945  -0.235749  
1.11383  -0.285717  
1.10504  -0.26707  
1.09114  -0.285244  
1.09736  -0.304371  
1.05667  -0.24918  
1.05678  -0.245066  
1.05205  -0.245572  
1.0405  -0.265265  
1.03605  -0.265831  
1.03364  -0.252974  
1.03421  -0.251004  
1.02522  -0.248508  
1.01648  -0.230166  
1.01976  -0.235848  
1.02712  -0.230674  
1.04646  -0.244396  
1.04844  -0.218157  
1.03491  -0.188595  
1.04599  -0.207197  
1.02523  -0.146551  
1.03224  -0.167451  
1.01971  -0.131945  
1.03221  -0.14595  
1.0369  -0.188485  
1.04766  -0.208641  
1.03993  -0.191777  
1.03334  -0.233169  
1.03692  -0.234989  
1.04374  -0.255298  
1.05702  -0.318939  
1.06395  -0.327897  
1.06379  -0.336676  
1.06566  -0.354009  
1.06031  -0.361968  
1.06868  -0.361106  
1.06309  -0.355912  
1.08491  -0.380956  
1.08344  -0.349773  
1.10125  -0.380977  
1.10832  -0.390758  
1.10291  -0.364807  
1.12253  -0.354192  
1.12153  -0.352224  
1.12795  -0.345091  
1.13879  -0.327934  
1.13894  -0.320804  
1.13136  -0.289328  
1.12564  -0.279578  
1.12387  -0.27646  
1.11572  -0.267099  
1.11358  -0.260564  
1.10572  -0.244714  
1.09894  -0.250939  
1.11209  -0.286282  
1.11659  -0.320651  
1.11459  -0.327246  
1.11493  -0.325107  
1.12902  -0.342817  
1.11544  -0.337817  
1.13161  -0.358979  
1.13739  -0.351752  
1.14122  -0.339553  
1.13622  -0.342967  
1.1411  -0.325753  
1.13612  -0.329455  
1.14822  -0.310004  
1.14064  -0.295719  
1.1459  -0.257407  
1.15212  -0.24521  
1.14697  -0.2497  
1.14498  -0.205343  
1.14297  -0.203219  
1.14483  -0.202214  
1.13145  -0.185673  
1.11479  -0.186013  
1.10805  -0.183856  
1.10558  -0.174618  
1.09994  -0.192286  
1.09879  -0.196415  
1.09414  -0.201271  
1.09695  -0.24635  
1.09237  -0.250866  
1.09719  -0.278956  
1.12215  -0.325037  
1.11735  -0.329255  
1.1106  -0.344859  
1.10932  -0.322224  
1.10627  -0.320908  
1.09756  -0.332725  
1.09643  -0.337752  
1.10523  -0.339533  
1.0977  -0.338582  
1.09927  -0.299699  
1.09418  -0.289476  
1.08605  -0.277081  
1.09134  -0.251021  
1.0808  -0.233409  
1.06624  -0.220323  
1.06765  -0.191668  
1.05572  -0.164448  
1.05602  -0.146114  
1.03981  -0.148121  
1.04806  -0.180263  
1.03455  -0.168203  
1.02445  -0.19127  
1.03625  -0.245359  
1.02121  -0.229283  
1.03701  -0.298859  
1.04157  -0.338418  
1.03752  -0.346349  
1.04691  -0.391952  
1.05237  -0.412584  
1.05971  -0.451385  
1.06218  -0.429258  
1.06694  -0.443324  
1.05912  -0.425681  
1.06996  -0.421835  
1.07036  -0.410478  
1.06551  -0.354911  
1.07064  -0.377913  
1.07204  -0.345016  
1.06801  -0.343252  
1.07149  -0.331111  
1.05989  -0.323081  
1.05966  -0.302204  
1.05739  -0.334354  
1.05158  -0.32212  
1.04643  -0.303502  
1.04242  -0.313139  
1.04489  -0.342174  
1.02694  -0.336252  
1.02153  -0.324015  
1.01376  -0.342994  
1.01329  -0.351381  
1.01024  -0.352018  
1.00394  -0.380816  
0.998001  -0.363836  
0.998184  -0.384172  
1.00047  -0.409722  
1.00675  -0.39781  
0.997109  -0.453586  
0.998898  -0.45694  
1.00487  -0.466314  
1.00352  -0.45341  
1.02362  -0.464024  
1.01527  -0.407912  
1.02152  -0.409555  
1.01909  -0.380877  
1.011  -0.367922  
1.01585  -0.367578  
1.02864  -0.346353  
1.02512  -0.35403  
1.01646  -0.332561  
1.01523  -0.32536  
1.02077  -0.331934  
1.02568  -0.339096  
1.02061  -0.328317  
1.01303  -0.359957  
1.00969  -0.367735  
0.992914  -0.380207  
0.974447  -0.367622  
0.976299  -0.390799  
0.956407  -0.366529  
0.96214  -0.391285  
0.937191  -0.38481  
0.943795  -0.384924  
0.934282  -0.392559  
0.941009  -0.393021  
0.948484  -0.395126  
0.943889  -0.430939  
0.965117  -0.448642  
0.957649  -0.42859  
0.97878  -0.456365  
0.972489  -0.455154  
0.979613  -0.469527  
0.980061  -0.473849  
0.980823  -0.485309  
0.977859  -0.483205  
0.977555  -0.493105  
0.98826  -0.492844  
0.977783  -0.481544  
0.992911  -0.505983  
0.981659  -0.54294  
0.97782  -0.532601  
0.975087  -0.574514  
0.972972  -0.568376  
0.974935  -0.581646  
0.970322  -0.594219  
0.966759  -0.584017  
0.956958  -0.608098  
0.953602  -0.597957  
0.963289  -0.60304  
0.957125  -0.592164  
0.961591  -0.607856  
0.970773  -0.565304  
0.98127  -0.561061  
0.984652  -0.562731  
0.988821  -0.582584  
0.989072  -0.582487  
1.00166  -0.571968  
1.00232  -0.559448  
1.02043  -0.580871  
1.02865  -0.628951  
1.03139  -0.625218  
1.01639  -0.670872  
1.01859  -0.682569  
0.978821  -0.713412  
0.95959  -0.737148  
0.963552  -0.735385  
0.953967  -0.743986  
0.942776  -0.761783  
0.894469  -0.767947  
0.887671  -0.757839  
0.880209  -0.732073  
0.868293  -0.718757  
0.861509  -0.708711  
0.86855  -0.653369  
0.863713  -0.63825  
0.861839  -0.630368  
0.857015  -0.644141  
0.855248  -0.636399  
0.863649  -0.630694  
0.861803  -0.623141  
0.85472  -0.636928  
0.85583  -0.690545  
0.854155  -0.682844  
0.865518  -0.781432  
0.851772  -0.783687  
0.863367  -0.839855  
0.863181  -0.856398  
0.874527  -0.910775  
0.881287  -0.939488  
0.887706  -0.949641  
0.893856  -0.965726  
0.888008  -0.949227  
0.906683  -0.936383  
0.915087  -0.935024  
0.928203  -0.912556  
0.931113  -0.930648  
0.939718  -0.927227  
0.94005  -0.896598  
0.953884  -0.881802  
0.946411  -0.881313  
0.942224  -0.876854  
0.953454  -0.88525  
0.941728  -0.888029  
0.928565  -0.907186  
0.921635  -0.908039  
0.90257  -0.92636  
0.900516  -0.920233  
0.879578  -0.946693  
0.876856  -0.958563  
0.8713  -0.974936  
0.869266  -0.975816  
0.870103  -0.964794  
0.879573  -0.961831  
0.884004  -0.969686  
0.888594  -0.940451  
0.887658  -0.944579  
0.894114  -0.93364  
0.910943  -0.91793  
0.916603  -0.913526  
0.924336  -0.911753  
0.920811  -0.873168  
0.927109  -0.875141  
0.910187  -0.849798  
0.907132  -0.86596  
0.905202  -0.861536  
0.896457  -0.871588  
0.896192  -0.86118  
0.893169  -0.838719  
0.874581  -0.845256  
0.868335  -0.837404  
0.85698  -0.833896  
0.85565  -0.829738  
0.859694  -0.80414  
0.858356  -0.800176  
0.868033  -0.769796  
0.869911  -0.754758  
0.870092  -0.752135  
0.863574  -0.758109  
0.86227  -0.754577  
0.873094  -0.736319  
0.879384  -0.720095  
0.891692  -0.763616  
0.899091  -0.774282  
0.907147  -0.758919  
0.912727  -0.786896  
0.919455  -0.790506  
0.916956  -0.805187  
0.915171  -0.801788  
0.926853  -0.80654  
0.94164  -0.808161  
0.943281  -0.784355  
0.949516  -0.802987  
0.951253  -0.791713  
0.953099  -0.805513  
0.949923  -0.824952  
0.947068  -0.815616  
0.958946  -0.810156  
0.960924  -0.79631  
0.958691  -0.793698  
0.957245  -0.787109  
0.950778  -0.812874  
0.939713  -0.786342  
0.942708  -0.780072  
0.940657  -0.777694  
0.926927  -0.758236  
0.924761  -0.748177  
0.917  -0.753225  
0.924852  -0.751638  
0.921542  -0.748554  
0.933301  -0.739489  
0.93959  -0.724114  
0.94236  -0.740763  
0.957154  -0.736198  
0.949491  -0.731201  
0.960828  -0.734282  
0.966883  -0.719075  
0.973905  -0.695045  
0.98795  -0.676968  
0.98885  -0.673666  
0.989793  -0.692407  
0.982437  -0.697875  
0.986273  -0.684257  
0.978921  -0.689795  
0.987207  -0.667774  
0.988547  -0.632969  
0.981232  -0.638604  
0.976472  -0.643929  
0.970997  -0.631058  
0.945285  -0.638506  
0.947812  -0.609671  
0.938157  -0.600153  
0.948632  -0.588623  
0.937235  -0.5886  
0.918686  -0.599047  
0.922959  -0.611769  
0.92727  -0.615169  
0.942849  -0.600398  
0.935563  -0.606513  
0.95497  -0.583118  
0.960594  -0.595714  
0.9598  -0.58883  
0.974108  -0.586767  
0.974384  -0.586725  
0.974312  -0.594695  
0.985505  -0.580374  
0.982332  -0.569489  
0.979076  -0.566517  
0.986702  -0.566548  
0.979278  -0.545845  
0.985858  -0.548849  
0.971422  -0.543618  
0.957564  -0.528404  
0.948647  -0.52196  
0.948096  -0.487624  
0.938599  -0.471055  
0.948113  -0.474385  
0.934268  -0.461315  
0.920951  -0.46194  
0.91934  -0.461886  
0.927225  -0.448606  
0.926256  -0.438662  
0.934734  -0.424596  
0.953268  -0.453341  
0.974354  -0.451039  
0.973462  -0.452821  
0.963067  -0.464659  
0.962363  -0.466464  
0.971179  -0.436781  
0.970458  -0.438812  
0.973833  -0.426046  
0.986495  -0.431465  
0.979218  -0.439078  
0.955968  -0.446305  
0.956141  -0.447747  
0.933403  -0.501053  
0.929495  -0.486943  
0.930394  -0.51185  
0.929465  -0.54653  
0.929562  -0.54823  
0.918974  -0.55931  
0.919046  -0.561114  
0.923178  -0.560676  
0.943567  -0.579379  
0.943602  -0.581325  
0.947839  -0.568156  
0.966847  -0.543351  
0.973461  -0.552075  
0.954657  -0.544946  
0.954373  -0.548113  
0.973359  -0.548062  
0.972867  -0.551381  
0.96624  -0.539652  
0.946816  -0.554254  
0.94667  -0.557907  
0.943074  -0.610935  
0.942901  -0.614438  
0.924452  -0.67082  
0.939452  -0.683005  
0.939239  -0.685723  
0.943723  -0.680512  
0.943482  -0.683325  
0.962761  -0.714426  
0.962481  -0.717311  
0.986745  -0.707498  
1.00059  -0.691244  
1.00027  -0.69427  
1.01765  -0.662395  
1.012  -0.656274  
1.01837  -0.636866  
1.02894  -0.628018  
1.01117  -0.638551  
1.0194  -0.616888  
1.0183  -0.622355  
1.00816  -0.630526  
1.01698  -0.619886  
1.00075  -0.621108  
1.00317  -0.619032  
0.990151  -0.620232  
0.991071  -0.672515  
0.990199  -0.678254  
0.989565  -0.695709  
0.991086  -0.671513  
0.974433  -0.68272  
0.977818  -0.6635  
0.967345  -0.667379  
0.965717  -0.659186  
0.966767  -0.63916  
0.982217  -0.631172  
0.980233  -0.619763  
0.979511  -0.626879  
0.993435  -0.605144  
0.99842  -0.585882  
1.01542  -0.588135  
1.00998  -0.585773  
1.03602  -0.601948  
1.03855  -0.601573  
1.03713  -0.609284  
1.04642  -0.611531  
1.04485  -0.619351  
1.05053  -0.606791  
1.04172  -0.624655  
1.04012  -0.632697  
1.03932  -0.64858  
1.03767  -0.656573  
1.02864  -0.702664  
1.02085  -0.709277  
1.01351  -0.74369  
1.01689  -0.759685  
1.01117  -0.755692  
1.03196  -0.782921  
1.03051  -0.788265  
1.04327  -0.787018  
1.05098  -0.787718  
1.04943  -0.793198  
1.05882  -0.768778  
1.05591  -0.765749  
1.05771  -0.751013  
1.05654  -0.734029  
1.07651  -0.717745  
1.0727  -0.723936  
1.05839  -0.712783  
1.05706  -0.717425  
1.05872  -0.711329  
1.04726  -0.713314  
1.04355  -0.725766  
1.03759  -0.728083  
1.04199  -0.757437  
1.05934  -0.749702  
1.06352  -0.733863  
1.05092  -0.754102  
1.04768  -0.764314  
1.04166  -0.752321  
1.04191  -0.753822  
1.05059  -0.746826  
1.03763  -0.759953  
1.0399  -0.769445  
1.03641  -0.780016  
1.02566  -0.767814  
1.02062  -0.785378  
1.02291  -0.76746  
1.02038  -0.774334  
1.02621  -0.7948  
1.02238  -0.805884  
1.06075  -0.783009  
1.0521  -0.78645  
1.0527  -0.787462  
1.0559  -0.778879  
1.05142  -0.790506  
1.06174  -0.777283  
1.05574  -0.787022  
1.06761  -0.77908  
1.06271  -0.791029  
1.06751  -0.810847  
1.06226  -0.798642  
1.06185  -0.812181  
1.06779  -0.822257  
1.07512  -0.816619  
1.08433  -0.835408  
1.09127  -0.829873  
1.10517  -0.81598  
1.09909  -0.828248  
1.08158  -0.809186  
1.08843  -0.804045  
1.07564  -0.799579  
1.06957  -0.812361  
1.07393  -0.809389  
1.06183  -0.801047  
1.05559  -0.814178  
1.04841  -0.827687  
1.0386  -0.832779  
1.00168  -0.872749  
0.98576  -0.910691  
0.993187  -0.903447  
0.974152  -0.937635  
0.979362  -0.921218  
0.960942  -0.938397  
0.967764  -0.939214  
0.945448  -0.929548  
0.923289  -0.912561  
0.924681  -0.92468  
0.924773  -0.897267  
0.91682  -0.888988  
0.92438  -0.885058  
0.904185  -0.865738  
0.912705  -0.854481  
0.896699  -0.863805  
0.892026  -0.890436  
0.899146  -0.886991  
0.891084  -0.917334  
0.898325  -0.913757  
0.894085  -0.90722  
0.880084  -0.923111  
0.890761  -0.913267  
0.898554  -0.927825  
0.884436  -0.943717  
0.907183  -0.929597  
0.898657  -0.944473  
0.912577  -0.943815  
0.898797  -0.953059  
0.902774  -0.995748  
0.919623  -1.00726  
0.910046  -1.02184  
0.909353  -1.05716  
0.914742  -1.0536  
0.925247  -1.06762  
0.918972  -1.08806  
0.90848  -1.10227  
0.920463  -1.0936  
0.9045  -1.10263  
0.931939  -1.09619  
0.924914  -1.10194  
0.929292  -1.09862  
0.928663  -1.11898  
0.932732  -1.11575  
0.928251  -1.11004  
0.914879  -1.14048  
0.918912  -1.14282  
0.902411  -1.17628  
0.907406  -1.17981  
0.896842  -1.20612  
0.900086  -1.19897  
0.885503  -1.21713  
0.877029  -1.22546  
0.888696  -1.21364  
0.850001  -1.23537  
0.857249  -1.21653  
0.854209  -1.20487  
0.847452  -1.20694  
0.844443  -1.19538  
0.822527  -1.20288  
0.820961  -1.20257  
0.817168  -1.19445  
0.803322  -1.198  
0.804971  -1.19327  
0.802649  -1.19028  
0.826614  -1.18105  
0.83452  -1.18545  
0.829605  -1.18425  
0.839926  -1.18242  
0.843677  -1.18892  
0.847449  -1.17984  
0.861565  -1.17762  
0.855471  -1.1825  
0.871801  -1.18024  
0.868567  -1.18836  
0.852518  -1.22396  
0.851218  -1.22364  
0.855969  -1.23871  
0.862198  -1.24335  
0.866961  -1.26024  
0.867008  -1.25915  
0.87581  -1.26414  
0.870826  -1.29214  
0.870835  -1.29109  
0.881051  -1.31354  
0.881037  -1.31251  
0.868873  -1.34554  
0.873168  -1.36739  
0.873168  -1.36739  
0.843065  -1.42164  
0.84923  -1.42453  
0.841473  -1.47169  
0.841378  -1.47074  
0.820641  -1.49544  
0.83543  -1.49313  
0.824053  -1.5101  
0.819802  -1.51902  
0.819044  -1.51576  
0.829635  -1.50479  
0.828598  -1.50178  
0.827227  -1.47134  
0.82615  -1.46869  
0.815392  -1.47394  
0.810992  -1.46905  
0.809786  -1.46667  
0.807042  -1.46468  
0.80506  -1.46784  
0.803177  -1.47385  
0.807089  -1.47285  
0.813545  -1.46191  
0.80961  -1.48615  
0.811538  -1.48919  
0.816266  -1.50685  
0.825383  -1.51101  
0.840196  -1.51463  
0.823317  -1.53209  
0.832926  -1.53406  
0.82123  -1.55318  
0.835776  -1.54101  
0.826564  -1.5584  
0.834646  -1.55755  
0.826769  -1.57545  
0.806839  -1.60076  
0.817243  -1.60121  
0.79541  -1.6169  
0.784115  -1.63642  
0.795756  -1.63458  
0.764783  -1.65437  
0.759741  -1.6686  
0.756853  -1.66553  
0.733212  -1.68412  
0.73042  -1.68107  
0.692353  -1.70614  
0.666492  -1.71036  
0.671125  -1.71076  
0.638537  -1.7285  
0.625512  -1.7447  
0.602695  -1.75507  
0.587225  -1.75939  
0.577864  -1.75744  
0.556512  -1.76869  
0.553126  -1.76957  
0.5322  -1.78114  
0.525696  -1.77977  
0.528867  -1.78235  
0.524369  -1.77985  
0.52174  -1.77307  
0.534546  -1.7694  
0.512472  -1.78506  
0.517963  -1.78584  
0.517162  -1.78798  
0.494537  -1.8123  
0.484381  -1.81968  
0.496679  -1.81746  
0.486626  -1.83387  
0.456871  -1.84614  
0.463278  -1.84793  
0.467998  -1.84314  
0.457294  -1.85007  
0.450452  -1.85058  
0.441679  -1.8621  
0.45293  -1.85982  
0.437016  -1.86625  
0.44603  -1.86151  
0.449301  -1.85274  
0.441521  -1.87677  
0.448355  -1.87105  
0.466484  -1.87144  
0.44464  -1.8844  
0.460403  -1.87757  
0.463549  -1.88762  
0.463549  -1.88762  
0.46728  -1.90099  
0.466631  -1.90059  
0.455843  -1.91861  
0.464865  -1.92821  
0.460514  -1.92581  
0.46867  -1.92911  
0.486713  -1.92659  
0.480231  -1.94581  
0.480231  -1.94581  
0.489531  -1.95951  
0.491213  -1.97482  
0.490527  -1.97446  
0.491983  -2.00006  
0.494497  -2.0004  
0.524437  -2.00104  
0.505158  -2.01762  
0.511766  -2.01749  
0.514963  -2.03439  
0.509074  -2.03136  
0.51512  -2.04617  
0.517026  -2.04628  
0.531884  -2.04317  
0.523691  -2.04709  
0.523691  -2.04709  
0.496323  -2.05825  
0.50726  -2.05314  
0.505102  -2.05216  
0.489332  -2.05854  
0.496616  -2.06139  
0.468727  -2.05562  
0.475675  -2.05312  
0.474602  -2.04975  
0.449547  -2.05542  
0.449547  -2.05542  
0.448062  -2.04574  
0.450205  -2.0463  
0.430499  -2.05151  
0.432737  -2.05211  
0.414311  -2.04492  
0.416674  -2.04557  
0.42205  -2.04401  
0.412431  -2.0403  
0.414752  -2.04099  
0.414006  -2.03133  
0.412199  -2.03106  
0.377686  -2.03886  
0.375134  -2.02965  
0.375134  -2.02965  
0.37588  -2.01737  
0.366668  -2.01422  
0.328891  -2.02178  
0.328891  -2.02178  
0.322242  -2.01895  
0.319383  -2.01888  
0.295908  -2.0315  
0.310114  -2.02836  
0.310114  -2.02836  
0.313981  -2.01766  
0.310584  -2.02259  
0.313526  -2.02359  
0.304672  -2.02123  
0.296456  -2.01813  
0.292217  -2.01717  
0.283991  -2.01407  
0.298718  -1.99903  
0.2908  -1.99666  
0.2908  -1.99666  
0.289118  -1.98995  
0.292035  -1.99118  
0.295689  -1.98429  
0.290314  -1.98255  
0.286164  -1.98764  
0.278545  -1.98497  
0.277655  -1.98484  
0.268441  -1.97544  
0.268441  -1.97544  
0.260425  -1.97416  
0.249631  -1.97165  
0.251076  -1.97639  
0.241278  -1.97449  
0.229911  -1.96977  
0.224554  -1.98146  
0.2245  -1.98253  
0.22357  -1.98243  
0.217958  -1.98709  
0.221115  -1.98828  
0.219718  -1.98956  
0.222786  -1.99072  
0.214039  -1.98913  
0.217109  -1.99029  
0.218705  -1.99284  
0.213428  -1.99099  
0.205146  -1.98463  
0.205106  -1.98598  
0.208089  -1.98717  
0.196644  -1.9847  
0.183787  -1.98135  
0.18694  -1.98261  
0.17786  -1.98119  
0.1726  -1.97946  
0.163373  -1.97805  
0.164735  -1.98017  
0.159685  -1.97854  
0.1523  -1.97799  
0.147105  -1.97631  
0.134216  -1.98569  
0.129429  -1.98536  
0.123976  -1.98405  
0.10762  -1.98003  
0.109303  -1.98117  
0.103762  -1.96109  
0.103762  -1.96109  
0.0793963  -1.95561  
0.0570366  -1.94973  
0.0524689  -1.94841  
0.0374854  -1.94434  
0.0369977  -1.92303  
0.0328322  -1.92204  
0.00496475  -1.9045  
-0.00123217  -1.90043  
-0.0116279  -1.89025  
-0.023052  -1.8874  
-0.0269396  -1.88664  
-0.00766824  -1.87886  
-0.0116035  -1.87816  
-0.0112544  -1.88011  
-0.0099918  -1.87128  
-0.0111408  -1.87142  
-0.0112755  -1.87884  
0.00681776  -1.88776  
0.0141782  -1.87742  
0.0287539  -1.85871  
0.027584  -1.85888  
0.00697419  -1.86056  
0.00599408  -1.86505  
0.0124427  -1.85519  
0.0324726  -1.83837  
0.0399066  -1.84142  
0.0592126  -1.8315  
0.0505841  -1.82867  
0.05479  -1.84366  
0.0494321  -1.84274  
0.0725586  -1.84852  
0.0754916  -1.85021  
0.100662  -1.86236  
0.103238  -1.86384  
0.109201  -1.87201  
0.103466  -1.87077  
0.122939  -1.87266  
0.117925  -1.88076  
0.120187  -1.88195  
0.118928  -1.90464  
0.112544  -1.90287  
0.114156  -1.90691  
0.0968597  -1.90644  
0.0968597  -1.90644  
0.0975356  -1.91026  
0.0993887  -1.91064  
0.0855483  -1.92879  
0.0773246  -1.93792  
0.0884616  -1.94389  
0.0613039  -1.95562  
0.0556958  -1.95125  
0.0527026  -1.96513  
0.0557181  -1.98012  
0.0557181  -1.98012  
0.0480446  -1.97819  
0.0383954  -1.98487  
0.0406514  -1.98548  
0.0292357  -1.99358  
0.0232592  -1.99155  
0.032575  -1.98647  
0.0241242  -1.99292  
0.0262405  -1.99358  
0.02492  -1.99262  
0.0182744  -1.99049  
0.0203482  -1.99136  
0.000278328  -2.01809  
-0.00958924  -2.01359  
-0.00737511  -2.01425  
-0.0164063  -2.01028  
-0.0227532  -2.00825  
-0.0231495  -1.99972  
-0.0291797  -1.99791  
-0.0392514  -1.99293  
-0.0468153  -1.99342  
-0.0517426  -1.99184  
-0.0555377  -1.9811  
-0.0555377  -1.9811  
-0.0669437  -1.98108  
-0.0742441  -1.98194  
-0.0700412  -1.98319  
-0.0776681  -1.99962  
-0.0792144  -2.0004  
-0.0581892  -1.99059  
-0.0471021  -1.99726  
-0.0438918  -1.99824  
-0.0373543  -2.00432  
-0.0325945  -2.00597  
-0.0111583  -2.01655  
-0.00167216  -2.0326  
0.0167229  -2.04061  
0.0323462  -2.0428  
0.046533  -2.04856  
0.0541105  -2.07115  
0.0590504  -2.09644  
0.0596463  -2.09646  
0.0823838  -2.10627  
0.0823838  -2.10627  
0.089963  -2.10955  
0.0894858  -2.10447  
0.103125  -2.12107  
0.121809  -2.1068  
0.121809  -2.1068  
0.12134  -2.10172  
0.12134  -2.10172  
0.128334  -2.10743  
0.109724  -2.12058  
0.110579  -2.12193  
0.10696  -2.13053  
0.107773  -2.13219  
0.106515  -2.12591  
0.0967598  -2.13272  
0.0860631  -2.13842  
0.0841706  -2.14624  
0.0832776  -2.14873  
0.101843  -2.13259  
0.0985534  -2.13777  
0.109604  -2.13571  
0.105465  -2.14386  
0.105702  -2.14012  
0.105558  -2.13993  
0.127624  -2.13334  
0.130408  -2.13472  
0.124782  -2.14316  
0.134648  -2.14213  
0.13421  -2.14192  
0.150119  -2.14117  
0.153707  -2.15298  
0.153092  -2.15264  
0.176181  -2.13555  
0.196777  -2.13259  
0.195834  -2.1323  
0.221396  -2.12311  
0.220288  -2.12281  
0.24681  -2.11818  
0.272577  -2.10032  
0.27106  -2.1001  
0.279729  -2.10119  
0.293327  -2.09817  
0.304741  -2.09109  
0.328842  -2.08913  
0.327816  -2.08834  
0.344017  -2.08599  
0.344153  -2.09067  
0.359427  -2.0843  
0.377888  -2.0801  
0.377888  -2.0801  
0.389849  -2.08264  
0.394942  -2.07688  
0.404828  -2.07951  
0.402239  -2.07766  
0.40578  -2.09021  
0.418719  -2.09166  
0.44101  -2.07246  
0.434784  -2.08819  
0.456768  -2.09578  
0.452205  -2.09657  
0.482508  -2.07661  
0.476802  -2.08617  
0.496224  -2.08405  
0.499059  -2.09627  
0.532147  -2.08134  
0.545307  -2.07665  
0.542059  -2.07557  
0.569674  -2.06624  
0.569919  -2.05996  
0.573784  -2.05423  
0.569039  -2.06115  
0.568812  -2.06317  
0.574662  -2.06054  
0.582958  -2.0653  
0.59059  -2.03958  
0.58078  -2.04366  
0.572165  -2.04214  
0.579435  -2.03721  
0.569836  -2.03566  
0.572264  -2.0168  
0.576241  -2.00326  
0.571998  -2.00301  
0.552894  -1.99881  
0.565334  -1.9963  
0.547347  -1.9973  
0.529805  -2.00373  
0.531171  -1.9986  
0.530912  -2.00501  
0.524622  -1.9971  
0.525333  -2.00359  
0.532211  -2.01572  
0.523904  -2.01702  
0.5368  -2.01888  
0.543292  -2.02073  
0.580788  -2.02236  
0.578454  -2.02133  
0.607325  -2.02611  
0.611411  -2.02722  
0.664591  -2.0245  
0.701344  -2.03754  
0.703116  -2.04958  
0.746764  -2.04971  
0.748089  -2.06164  
0.787253  -2.07662  
0.786362  -2.08028  
0.842262  -2.09127  
0.869569  -2.12372  
0.870534  -2.12357  
0.922336  -2.15262  
0.916762  -2.15009  
0.928196  -2.17106  
0.949714  -2.18539  
0.942466  -2.17732  
0.941634  -2.2115  
0.949799  -2.21435  
0.938899  -2.24839  
0.938892  -2.24326  
0.929211  -2.25524  
0.913551  -2.27907  
0.898054  -2.27837  
0.89787  -2.29476  
0.889542  -2.30018  
0.899213  -2.30303  
0.888218  -2.29791  
0.888432  -2.30884  
0.884007  -2.28301  
0.887223  -2.28329  
0.903145  -2.26344  
0.892458  -2.25292  
0.893285  -2.253  
0.887393  -2.23861  
0.890753  -2.23954  
0.881629  -2.2264  
0.882171  -2.23836  
0.890961  -2.22335  
0.908668  -2.22034  
0.914684  -2.21834  
0.918055  -2.22676  
0.91343  -2.22488  
0.940776  -2.2167  
0.940942  -2.22887  
0.965339  -2.21965  
0.968322  -2.22087  
0.984886  -2.2209  
0.992082  -2.22558  
0.994906  -2.22677  
0.996832  -2.24873  
1.00179  -2.26292  
1.02892  -2.28088  
1.01192  -2.32099  
1.04185  -2.31217  
1.03348  -2.35232  
1.03994  -2.36901  
1.05441  -2.39528  
1.07523  -2.40949  
1.06658  -2.4257  
1.10814  -2.44851  
1.10926  -2.46437  
1.11656  -2.45706  
1.14118  -2.46658  
1.16875  -2.44877  
1.16262  -2.46692  
1.19445  -2.46317  
1.1877  -2.46013  
1.20974  -2.45436  
1.2121  -2.44588  
1.2187  -2.43889  
1.24359  -2.41054  
1.24991  -2.38367  
1.25639  -2.37713  
1.27607  -2.33255  
1.26611  -2.34172  
1.2915  -2.29226  
1.2977  -2.28641  
1.33958  -2.20307  
1.34577  -2.19762  
1.36982  -2.13746  
1.38444  -2.09828  
1.39063  -2.09331  
1.43434  -2.03059  
1.47152  -1.98349  
1.48025  -1.96746  
1.5529  -1.90675  
1.55563  -1.90259  
1.60403  -1.83744  
1.66133  -1.79759  
1.6656  -1.79339  
1.73315  -1.75227  
1.73864  -1.73644  
1.79559  -1.71722  
1.78276  -1.72945  
1.83132  -1.73293  
1.83434  -1.72823  
1.86266  -1.7096  
1.89913  -1.70967  
1.90174  -1.7046  
1.9217  -1.68313  
1.92433  -1.67794  
1.95618  -1.66575  
1.9797  -1.65176  
1.9919  -1.64174  
2.03434  -1.59438  
2.02224  -1.60676  
2.06032  -1.57671  
2.05367  -1.58199  
2.10345  -1.52505  
2.1353  -1.51345  
2.14038  -1.51203  
2.18467  -1.46774  
2.20149  -1.45827  
2.2083  -1.45736  
2.2155  -1.45309  
2.21385  -1.45973  
2.2461  -1.43384  
2.24861  -1.42449  
2.25484  -1.41481  
2.25969  -1.39356  
2.26708  -1.39468  
2.2862  -1.39056  
2.29269  -1.3896  
2.32005  -1.37193  
2.32628  -1.37105  
2.37764  -1.36534  
2.41354  -1.36634  
2.4206  -1.36794  
2.48512  -1.39146  
2.48973  -1.39018  
2.56453  -1.44687  
2.56822  -1.44515  
2.66829  -1.47579  
2.66859  -1.48518  
2.73656  -1.51146  
2.77727  -1.55061  
2.78402  -1.55268  
2.83082  -1.63727  
2.83697  -1.63872  
2.87483  -1.68081  
2.88857  -1.71604  
2.90091  -1.71505  
2.89392  -1.7705  
2.88991  -1.77875  
2.91227  -1.80469  
2.89402  -1.86772  
2.89631  -1.88469  
2.90124  -1.89587  
2.89868  -1.90372  
2.89266  -1.91369  
2.87029  -1.94178  
2.8609  -1.93186  
2.8668  -1.92415  
2.86849  -1.92512  
2.83463  -1.94247  
2.82097  -1.96555  
2.82602  -1.94415  
2.7898  -1.98745  
2.77423  -1.97939  
2.74416  -2.05051  
2.73218  -2.06085  
2.72281  -2.07337  
2.69752  -2.11509  
2.68302  -2.12849  
2.67825  -2.14961  
2.66354  -2.17619  
2.66667  -2.17403  
2.69906  -2.17612  
2.69969  -2.1764  
2.73112  -2.13931  
2.72193  -2.15318  
2.73681  -2.11068  
2.72764  -2.12511  
2.75971  -2.11091  
2.76023  -2.12212  
2.76424  -2.1099  
2.77838  -2.09691  
2.76889  -2.11232  
2.74362  -2.12688  
2.72349  -2.14508  
2.72172  -2.1345  
2.68594  -2.19022  
2.67023  -2.19592  
2.6437  -2.23539  
2.59041  -2.25175  
2.59474  -2.25229  
2.57144  -2.2828  
2.53997  -2.2917  
2.5358  -2.32208  
2.54762  -2.2889  
2.54268  -2.29252  
2.56537  -2.2587  
2.57217  -2.24765  
2.59679  -2.21452  
2.63177  -2.16281  
2.65558  -2.14347  
2.68582  -2.07924  
2.6913  -2.06969  
2.73588  -1.9862  
2.74887  -1.93544  
2.74541  -1.93021  
2.74876  -1.89369  
2.76189  -1.87415  
2.75325  -1.84102  
2.75968  -1.83041  
2.75333  -1.83239  
2.73784  -1.85286  
2.74621  -1.84439  
2.72137  -1.8787  
2.71384  -1.88733  
2.6974  -1.90951  
2.68639  -1.93043  
2.69434  -1.9351  
2.67962  -1.97206  
2.67579  -1.99309  
2.68081  -1.99694  
2.67581  -2.01371  
2.66836  -2.0227  
2.66009  -2.04313  
2.66948  -2.04244  
2.66543  -2.05042  
2.6729  -2.04918  
2.68743  -2.05532  
2.68258  -2.06096  
2.7036  -2.04434  
2.71334  -2.01618  
2.7083  -2.02223  
2.72256  -1.99482  
2.71749  -2.00107  
2.75206  -1.96375  
2.79102  -1.91658  
2.79566  -1.90882  
2.83752  -1.83323  
2.85864  -1.79888  
2.85851  -1.77216  
2.87914  -1.69669  
2.88601  -1.6854  
2.89996  -1.64109  
2.92685  -1.5774  
2.92443  -1.56465  
2.93174  -1.50613  
2.91689  -1.46381  
2.91058  -1.473  
2.91918  -1.44502  
2.90483  -1.44567  
2.90553  -1.42046  
2.89632  -1.39777  
2.88904  -1.41995  
2.88207  -1.40385  
2.87367  -1.39479  
2.8684  -1.39659  
2.84795  -1.42108  
2.84253  -1.42966  
2.81621  -1.43426  
2.82095  -1.42806  
2.82034  -1.43319  
2.80676  -1.42511  
2.80071  -1.44231  
2.777  -1.41947  
2.78224  -1.41316  
2.76337  -1.40008  
2.77112  -1.37727  
2.75038  -1.37751  
2.74317  -1.33447  
2.73398  -1.34535  
2.71965  -1.30891  
2.71047  -1.31981  
2.69707  -1.31496  
2.69379  -1.32362  
2.67657  -1.3167  
2.68299  -1.31091  
2.64741  -1.32943  
2.63327  -1.32158  
2.63077  -1.32997  
2.61125  -1.31889  
2.60269  -1.33997  
2.57259  -1.31575  
2.54957  -1.28906  
2.54274  -1.28971  
2.5351  -1.26973  
2.52711  -1.26316  
2.51463  -1.24975  
2.49174  -1.22766  
2.48572  -1.22853  
2.46805  -1.2005  
2.46236  -1.20149  
2.45101  -1.18559  
2.44572  -1.18332  
2.43449  -1.16119  
2.40732  -1.1527  
2.40248  -1.1537  
2.37366  -1.14499  
2.3744  -1.15416  
2.34723  -1.1635  
2.34106  -1.1677  
2.33029  -1.17132  
2.31643  -1.18659  
2.31272  -1.18707  
2.288  -1.24581  
2.29762  -1.23129  
2.28225  -1.27953  
2.27579  -1.31326  
2.26999  -1.3097  
2.26884  -1.35239  
2.2602  -1.35904  
2.26924  -1.3856  
2.26722  -1.39782  
2.27241  -1.40596  
2.27327  -1.41683  
2.27367  -1.42197  
2.29823  -1.40292  
2.29376  -1.39263  
2.29379  -1.38814  
2.30001  -1.35424  
2.30855  -1.34633  
2.3045  -1.32925  
2.29968  -1.31456  
2.29593  -1.31473  
2.29122  -1.29697  
2.29327  -1.28527  
2.27672  -1.29827  
2.26058  -1.2828  
2.26256  -1.29154  
2.24611  -1.27168  
2.25788  -1.26595  
2.25011  -1.23925  
2.24835  -1.20574  
2.23772  -1.20261  
2.2203  -1.13899  
2.21953  -1.12591  
2.19618  -1.05764  
2.18918  -1.01836  
2.18667  -0.996614  
2.17231  -0.943535  
2.16751  -0.919027  
2.14879  -0.868188  
2.13359  -0.826499  
2.12077  -0.825414  
2.1061  -0.80506  
2.10542  -0.811554  
2.10072  -0.831605  
2.09278  -0.833636  
2.09739  -0.891275  
2.10161  -0.901354  
2.10618  -0.969938  
2.11729  -1.03736  
2.11444  -1.05175  
2.14349  -1.15096  
2.14214  -1.15022  
2.16579  -1.24434  
2.18085  -1.30185  
2.18583  -1.33126  
2.21678  -1.41515  
2.22191  -1.41258  
2.22227  -1.52013  
2.2272  -1.54453  
2.23368  -1.55832  
2.24466  -1.6118  
2.24664  -1.62102  
2.2669  -1.66174  
2.26153  -1.67268  
2.26465  -1.72503  
2.26901  -1.77537  
2.27601  -1.76987  
2.26395  -1.86386  
2.27376  -1.92015  
2.28775  -1.91767  
2.29159  -1.99023  
2.28065  -2.009  
2.28135  -2.09636  
2.25636  -2.19975  
2.26033  -2.19588  
2.24977  -2.30008  
2.24362  -2.30996  
2.23427  -2.41716  
2.2323  -2.4217  
2.20768  -2.5054  
2.19682  -2.53989  
2.19458  -2.55159  
2.19605  -2.57429  
2.18919  -2.58578  
2.19736  -2.58646  
2.19427  -2.58519  
2.20284  -2.58626  
2.22306  -2.57531  
2.22654  -2.54874  
2.23477  -2.5419  
2.26262  -2.50306  
2.25857  -2.50618  
2.26654  -2.46377  
2.2681  -2.44646  
2.26642  -2.42525  
2.30738  -2.35671  
2.31083  -2.3425  
2.32683  -2.28029  
2.33612  -2.27415  
2.36724  -2.21579  
2.35965  -2.22049  
2.36228  -2.12686  
2.37989  -2.03836  
2.37422  -2.02456  
2.37664  -1.89568  
2.37087  -1.83793  
2.35749  -1.81143  
2.35527  -1.68395  
2.34425  -1.66234  
2.35036  -1.50696  
2.3412  -1.36727  
2.34116  -1.35322  
2.34512  -1.22598  
2.33593  -1.20131  
2.34715  -1.05101  
2.35348  -0.938791  
2.35552  -0.906533  
2.36924  -0.828369  
2.37367  -0.820425  
2.39696  -0.65546  
2.39849  -0.62042  
2.39775  -0.606931  
2.42328  -0.507152  
2.42733  -0.503034  
2.42777  -0.460187  
2.43316  -0.467996  
2.43702  -0.463006  
2.43203  -0.473877  
2.42822  -0.482149  
2.41616  -0.502237  
2.4063  -0.544415  
2.40554  -0.617694  
2.39579  -0.651986  
2.40082  -0.689236  
2.38781  -0.7937  
2.38935  -0.807001  
2.3785  -0.89006  
2.38556  -0.907979  
2.38476  -0.931576  
2.39902  -0.955842  
2.41877  -0.924586  
2.41599  -0.914857  
2.43555  -0.907024  
2.4459  -0.911354  
2.47759  -0.864335  
2.52061  -0.843274  
2.51645  -0.834203  
2.54652  -0.810341  
2.55835  -0.806849  
2.56918  -0.812241  
2.57933  -0.844385  
2.58748  -0.861143  
2.57478  -0.893401  
2.57836  -0.89782  
2.54305  -0.987047  
2.50264  -1.0616  
2.48534  -1.07831  
2.44403  -1.10939  
2.42981  -1.11823  
2.41691  -1.07158  
2.41091  -1.02126  
2.39073  -1.01454  
2.39115  -0.903134  
2.37557  -0.895204  
2.37104  -0.721691  
2.38208  -0.511118  
2.39051  -0.497725  
2.39033  -0.241817  
2.39317  -0.220226  
2.35538  0.0415892  
2.3518  0.0619247  
2.30412  0.327  
2.24899  0.511503  
2.24626  0.53008  
2.18911  0.712684  
2.18061  0.731683  
2.11366  0.877072  
2.08673  0.960887  
2.06998  0.976051  
2.04769  1.07071  
2.02931  1.13347  
2.02352  1.14022  
2.02992  1.17204  
2.03038  1.14883  
2.05515  1.13851  
2.09924  1.08466  
2.10986  1.08337  
2.17209  1.05686  
2.2012  1.01558  
2.24272  0.964123  
2.27894  0.8924  
2.31072  0.825189  
2.34884  0.721086  
2.36462  0.694163  
2.39463  0.62627  
2.42204  0.585665  
2.43101  0.546528  
2.4482  0.52033  
2.45383  0.491609  
2.46391  0.4819  
2.48918  0.487522  
2.48901  0.482177  
2.48999  0.498611  
2.48654  0.504526  
2.48538  0.476497  
2.482  0.464974  
2.48182  0.459541  
2.45593  0.429464  
2.46205  0.423988  
2.43464  0.3332  
2.43488  0.32848  
2.42596  0.249841  
2.43303  0.257094  
2.39774  0.155436  
2.35818  0.0755247  
2.35857  0.0581486  
2.33668  -0.1063  
2.33198  -0.111525  
2.28728  -0.276027  
2.26293  -0.384119  
2.25906  -0.397024  
2.22874  -0.558834  
2.21024  -0.595726  
2.19894  -0.703021  
2.19042  -0.772863  
2.20183  -0.809445  
2.20011  -0.858373  
2.19473  -0.830032  
2.20548  -0.833643  
2.25311  -0.7893  
2.25012  -0.784807  
2.27994  -0.728861  
2.28402  -0.712805  
2.29246  -0.69004  
2.31352  -0.64409  
2.31625  -0.643099  
2.32133  -0.640589  
2.31149  -0.642642  
2.30404  -0.692648  
2.27514  -0.774146  
2.27127  -0.779799  
2.24738  -0.884694  
2.22696  -0.901399  
2.18419  -0.994151  
2.1665  -1.04462  
2.15088  -1.05664  
2.12384  -1.06706  
2.10548  -1.06627  
2.09909  -1.02784  
2.0936  -0.946472  
2.08047  -0.950353  
2.09103  -0.897256  
2.08646  -0.756829  
2.0886  -0.649029  
2.09398  -0.650434  
2.08792  -0.472778  
2.08876  -0.451198  
2.08324  -0.302935  
2.07494  -0.197767  
2.07399  -0.201327  
2.07323  -0.110057  
2.07376  -0.0903605  
2.07875  -0.0501837  
2.08979  -0.0565475  
2.09466  -0.0477725  
2.141  -0.079617  
2.14597  -0.0699654  
2.20295  -0.165586  
2.21607  -0.213555  
2.23933  -0.223952  
2.28477  -0.264235  
2.30949  -0.274911  
2.36089  -0.26771  
2.39986  -0.24624  
2.42526  -0.250981  
2.45605  -0.192877  
2.47419  -0.181975  
2.4831  -0.132746  
2.50614  -0.0632367  
2.52383  -0.032832  
2.53846  0.0585859  
2.54719  0.078563  
2.54218  0.130489  
2.54533  0.178566  
2.5482  0.196766  
2.55243  0.219404  
2.54977  0.215869  
2.5703  0.238484  
2.5614  0.222572  
2.56135  0.215298  
2.56271  0.185817  
2.55562  0.184243  
2.55713  0.162204  
2.56165  0.14851  
2.55782  0.124424  
2.55691  0.134723  
2.54547  0.0989382  
2.53865  0.0986042  
2.53216  0.11463  
2.53152  0.124952  
2.53267  0.151582  
2.52714  0.190244  
2.52641  0.200554  
2.5141  0.241031  
2.51605  0.25262  
2.52053  0.284331  
2.52005  0.341959  
2.51922  0.35137  
2.52803  0.384379  
2.52705  0.39358  
2.50586  0.416354  
2.50346  0.441597  
2.49664  0.440197  
2.48789  0.469351  
2.48788  0.474937  
2.46654  0.512526  
2.44094  0.537047  
2.44092  0.54269  
2.41447  0.589422  
2.41445  0.595096  
2.39981  0.653881  
2.3865  0.709933  
2.39252  0.720162  
2.37298  0.786587  
2.36476  0.793167  
2.34744  0.85214  
2.32991  0.914218  
2.32985  0.919968  
2.33296  1.03604  
2.32795  1.03339  
2.31836  1.11594  
2.31957  1.12293  
2.30416  1.21781  
2.30305  1.27411  
2.3092  1.28368  
2.30757  1.35719  
2.30892  1.36359  
2.30617  1.43966  
2.30136  1.43663  
2.29965  1.4775  
2.286  1.51925  
2.27961  1.51575  
2.28267  1.5154  
2.27541  1.52496  
2.26315  1.56394  
2.25471  1.57494  
2.2597  1.5778  
2.25813  1.61009  
2.24964  1.59563  
2.2462  1.63561  
2.23813  1.66606  
2.241  1.65642  
2.24352  1.69429  
2.24369  1.69128  
2.25565  1.71047  
2.26383  1.70768  
2.26467  1.72887  
2.25601  1.7257  
2.26359  1.71294  
2.25652  1.69419  
2.27441  1.67045  
2.26939  1.67029  
2.27736  1.62408  
2.27883  1.63357  
2.27527  1.58226  
2.28334  1.54174  
2.28333  1.52183  
2.27885  1.47591  
2.28673  1.44635  
2.29198  1.38303  
2.2947  1.32774  
2.2956  1.31443  
2.29427  1.25813  
2.28774  1.25484  
2.28516  1.20776  
2.29159  1.21716  
2.27488  1.19053  
2.27249  1.14963  
2.26475  1.1558  
2.25468  1.11768  
2.23942  1.12621  
2.24106  1.12243  
2.22388  1.11478  
2.23053  1.11675  
2.23145  1.11491  
2.22357  1.10925  
2.22524  1.12274  
2.22216  1.14079  
2.22841  1.15015  
2.22535  1.19525  
2.22675  1.20568  
2.22675  1.23188  
2.22184  1.23273  
2.21107  1.31352  
2.20361  1.33294  
2.20212  1.34828  
2.17598  1.4042  
2.16952  1.40085  
2.14522  1.45222  
2.13162  1.46331  
2.12726  1.47953  
2.08875  1.52227  
2.08875  1.52227  
2.05825  1.56431  
2.06448  1.57332  
2.03555  1.61023  
2.0168  1.64121  
2.02305  1.65017  
1.99898  1.68601  
1.98406  1.72057  
1.98046  1.7323  
1.96578  1.7539  
1.95664  1.75872  
1.95179  1.78154  
1.9484  1.77739  
1.91303  1.79494  
1.91782  1.80258  
1.89297  1.79031  
1.87812  1.78012  
1.87706  1.77926  
1.86015  1.75693  
1.8593  1.75636  
1.85083  1.71485  
1.8501  1.71464  
1.83395  1.67282  
1.83027  1.63913  
1.8298  1.63948  
1.83459  1.59893  
1.83602  1.57746  
1.83611  1.55835  
1.84628  1.54203  
1.85751  1.53337  
1.86798  1.52535  
1.86706  1.52631  
1.8867  1.52628  
1.88555  1.52715  
1.89958  1.5316  
1.89825  1.53234  
1.89641  1.54786  
1.90693  1.55786  
1.89886  1.56394  
1.90446  1.56717  
1.90446  1.56717  
1.90189  1.59681  
1.89846  1.62441  
1.897  1.62562  
1.903  1.64854  
1.90119  1.66509  
1.90573  1.6736  
1.90358  1.7035  
1.91141  1.70242  
1.90145  1.73513  
1.89978  1.74645  
1.90439  1.77448  
1.8968  1.78982  
1.89755  1.78841  
1.88977  1.80596  
1.88854  1.82077  
1.88604  1.82431  
1.88922  1.82383  
1.8864  1.83247  
1.88831  1.8376  
1.89142  1.82602  
1.88214  1.83833  
1.88709  1.85044  
1.88709  1.85044  
1.89525  1.84169  
1.89525  1.84169  
1.90202  1.86051  
1.90032  1.86013  
1.90216  1.85402  
1.90912  1.83922  
1.90912  1.83922  
1.91722  1.82419  
1.91688  1.82647  
1.92102  1.79654  
1.91745  1.79713  
1.91933  1.78958  
1.90603  1.77444  
1.9068  1.76553  
1.89333  1.75991  
1.89441  1.74267  
1.89578  1.72457  
1.87612  1.71238  
1.88078  1.70429  
1.86409  1.69197  
1.85935  1.66936  
1.84715  1.6675  
1.84741  1.64889  
1.83972  1.65036  
1.81493  1.63792  
1.80639  1.64836  
1.81107  1.63189  
1.80073  1.63066  
1.79547  1.63554  
1.78612  1.64109  
1.7697  1.65884  
1.77122  1.64605  
1.75505  1.65727  
1.75505  1.65727  
1.7499  1.65973  
1.74932  1.64378  
1.74121  1.65727  
1.73473  1.64222  
1.72681  1.65563  
1.73929  1.63845  
1.73217  1.64341  
1.73483  1.6508  
1.73205  1.6443  
1.73559  1.64256  
1.7355  1.64185  
1.74304  1.63744  
1.75118  1.63138  
1.75182  1.6239  
1.75192  1.62315  
1.76047  1.6094  
1.76058  1.60968  
1.75452  1.59804  
1.7547  1.59835  
1.75672  1.57752  
1.75688  1.57789  
1.75931  1.56592  
1.75961  1.55782  
1.75771  1.5612  
1.75944  1.54696  
1.7596  1.54743  
1.75065  1.55849  
1.75092  1.5588  
1.74759  1.58565  
1.73981  1.59118  
1.73981  1.59118  
1.73894  1.59616  
1.73718  1.61063  
1.72895  1.62381  
1.72646  1.64193  
1.71821  1.65509  
1.71557  1.67285  
1.71629  1.67659  
1.71187  1.70321  
1.71719  1.71887  
1.71894  1.72342  
1.71283  1.75701  
1.72093  1.76765  
1.72119  1.78918  
1.72494  1.80889  
1.72547  1.80786  
1.7274  1.8182  
1.73963  1.815  
1.7418  1.81579  
1.75655  1.80831  
1.75666  1.80759  
1.75118  1.80667  
1.758  1.80561  
1.76702  1.78899  
1.77006  1.77427  
1.77006  1.77427  
1.77926  1.76101  
1.77926  1.76101  
1.78782  1.74428  
1.78782  1.74428  
1.8032  1.73984  
1.80272  1.73996  
1.80977  1.74102  
1.81902  1.72063  
1.81834  1.72085  
1.83262  1.70043  
1.836  1.69909  
1.84121  1.68161  
1.84605  1.6686  
1.84605  1.6686  
1.8575  1.62898  
1.859  1.61587  
1.84794  1.58968  
1.85301  1.59939  
1.85301  1.54237  
1.84994  1.56548  
1.84062  1.52699  
1.82695  1.52666  
1.82624  1.52767  
1.80842  1.50377  
1.80143  1.50486  
1.77813  1.47203  
1.77198  1.42381  
1.76635  1.44816  
1.74494  1.38118  
1.73209  1.38413  
1.7125  1.3209  
1.69069  1.26932  
1.69346  1.25765  
1.66974  1.21417  
1.67119  1.21599  
1.64051  1.16858  
1.63606  1.17051  
1.61898  1.11557  
1.59211  1.10519  
1.58908  1.09746  
1.56171  1.06608  
1.56637  1.05425  
1.54737  1.01979  
1.53593  0.999839  
1.53198  0.99376  
1.51716  0.942943  
1.51577  0.956162  
1.50885  0.892986  
1.49975  0.898445  
1.48081  0.846662  
1.485  0.848409  
1.47945  0.795858  
1.47697  0.760356  
1.4813  0.762249  
1.47432  0.708824  
1.48018  0.696797  
1.46946  0.649218  
1.46679  0.664906  
1.47926  0.625599  
1.48904  0.594201  
1.48949  0.571417  
1.51217  0.556253  
1.50536  0.546962  
1.54609  0.5248  
1.54978  0.526581  
1.5884  0.519641  
1.5928  0.507275  
1.63361  0.524284  
1.66516  0.542938  
1.66858  0.530266  
1.72215  0.574998  
1.77451  0.613844  
1.78096  0.624706  
1.79378  0.643837  
1.85235  0.701986  
1.91346  0.723352  
1.9192  0.726174  
1.99772  0.770106  
2.00348  0.779596  
2.09075  0.827535  
2.13673  0.845178  
2.14301  0.840618  
2.22341  0.876505  
2.22503  0.872564  
2.32756  0.917583  
2.34154  0.929497  
2.37679  0.931743  
2.40506  1.00173  
2.46739  1.05579  
2.46595  1.06052  
2.50846  1.1387  
2.52981  1.16076  
2.54962  1.24906  
2.57572  1.33311  
2.57873  1.33642  
2.60844  1.40858  
2.61117  1.4207  
2.61872  1.49027  
2.6219  1.48119  
2.62368  1.57964  
2.64  1.65529  
2.63587  1.65863  
2.63557  1.76038  
2.63854  1.75097  
2.62367  1.86244  
2.60694  1.93581  
2.60556  1.95229  
2.60259  2.05254  
2.61129  2.07366  
2.59312  2.19129  
2.57313  2.27522  
2.56968  2.2636  
2.51349  2.38218  
2.51548  2.41022  
2.48298  2.47909  
2.47888  2.53327  
2.47305  2.5486  
2.44299  2.61773  
2.43528  2.62117  
2.42076  2.69407  
2.3807  2.74563  
2.36806  2.75439  
2.33083  2.81973  
2.33177  2.80358  
2.27479  2.89799  
2.27462  2.89971  
2.2154  2.98707  
2.17203  3.03727  
2.17105  3.04241  
2.10709  3.10681  
2.09943  3.11314  
2.06209  3.18571  
2.04015  3.24435  
2.03178  3.26184  
2.00385  3.34081  
2.00444  3.34585  
1.97446  3.44148  
1.9312  3.50195  
1.92018  3.52225  
1.86877  3.6096  
1.84796  3.6003  
1.77756  3.70516  
1.75642  3.77485  
1.71618  3.78955  
1.65744  3.89437  
1.64003  3.90412  
1.53495  4.02096  
1.46688  4.13064  
1.46785  4.12308  
1.37541  4.26126  
1.37464  4.26805  
1.29558  4.3572  
1.28824  4.36482  
1.19625  4.44043  
1.19012  4.44811  
1.13218  4.48393  
1.09439  4.49153  
1.09678  4.49898  
1.05193  4.51434  
1.05484  4.5222  
1.05214  4.53189  
1.03693  4.54433  
1.04556  4.5398  
1.05034  4.54832  
1.05621  4.5371  
1.06452  4.54256  
1.0765  4.51356  
1.096  4.50533  
1.10805  4.44987  
1.12219  4.43782  
1.13808  4.39551  
1.15916  4.35495  
1.17571  4.32518  
1.21139  4.29317  
1.21497  4.28293  
1.25928  4.26468  
1.31008  4.24517  
1.31008  4.24517  
1.33361  4.26798  
1.3643  4.27858  
1.38318  4.28683  
1.44163  4.32343  
1.44125  4.32349  
1.44873  4.36028  
1.46107  4.36376  
1.47234  4.41463  
1.47921  4.42279  
1.49746  4.49054  
1.49115  4.54286  
1.49016  4.54809  
1.49313  4.67276  
1.49276  4.67384  
1.48126  4.80191  
1.46953  4.90459  
1.46766  4.9245  
1.45005  5.04738  
1.45168  5.08336  
1.42651  5.23113  
1.40055  5.35026  
1.39097  5.38128  
1.36056  5.54512  
1.34106  5.57019  
1.32085  5.72418  
1.31702  5.83767  
1.31323  5.86405  
1.2987  6.03045  
1.29522  6.05314  
1.3012  6.22846  
1.30618  6.35782  
1.30503  6.37026  
1.29481  6.51931  
1.30528  6.536  
1.28548  6.68816  
1.28268  6.78168  
1.27644  6.80104  
1.28385  6.94586  
1.28265  6.95829  
1.26827  7.0676  
1.27452  7.07968  
1.29125  7.17945  
1.31971  7.26707  
1.32005  7.2599  
1.35511  7.37008  
1.35088  7.37573  
1.37964  7.45557  
1.37662  7.52731  
1.39416  7.53921  
1.40669  7.62256  
1.42599  7.62406  
1.4125  7.69444  
1.41059  7.73383  
1.40813  7.73219  
1.39803  7.76328  
1.39624  7.76051  
1.36459  7.79761  
1.34415  7.80107  
1.34297  7.79292  
1.31969  7.8119  
1.30138  7.79552  
1.28263  7.80393  
1.25567  7.80586  
1.23831  7.80803  
1.2205  7.80444  
1.19985  7.80698  
1.17725  7.82047  
1.15114  7.81057  
1.14862  7.80925  
1.11126  7.83015  
1.09556  7.82214  
1.07148  7.82254  
1.02744  7.82849  
1.02635  7.82759  
1.00063  7.83285  
0.999845  7.83205  
0.970581  7.84864  
0.953131  7.87147  
0.930349  7.88149  
0.904429  7.90059  
0.896241  7.91112  
0.845492  7.94129  
0.829988  7.97763  
0.828647  7.97743  
0.798691  8.02762  
0.769102  8.04043  
0.732334  8.10023  
0.714373  8.13568  
0.693421  8.13561  
0.652388  8.19313  
0.652377  8.20051  
0.612343  8.26139  
0.616271  8.25977  
0.604862  8.30745  
0.608888  8.30583  
0.604231  8.32146  
0.600041  8.33113  
0.600782  8.3575  
0.615424  8.36552  
0.611144  8.37533  
0.637382  8.40115  
0.671303  8.40349  
0.662923  8.41469  
0.689008  8.42716  
0.680637  8.43835  
0.712758  8.46585  
0.736025  8.48611  
0.738421  8.48508  
0.760483  8.5212  
0.768087  8.52553  
0.78092  8.56139  
0.808118  8.59047  
0.819674  8.58975  
0.833691  8.63561  
0.857254  8.63483  
0.865009  8.70152  
0.868499  8.73892  
0.88036  8.74315  
0.883398  8.81983  
0.888063  8.83171  
0.887804  8.91697  
0.896162  8.99832  
0.902975  9.00435  
0.884059  9.11199  
0.890041  9.14061  
0.877396  9.25316  
0.877475  9.35594  
0.876297  9.36374  
0.871838  9.49726  
0.862307  9.51583  
0.840551  9.65652  
0.839339  9.67192  
0.803846  9.80017  
0.810773  9.80425  
0.776582  9.92884  
0.752896  10.0093  
0.745451  10.016  
0.717171  10.1502  
0.710041  10.1567  
0.681708  10.2776  
0.674172  10.3628  
0.666086  10.3668  
0.65945  10.4758  
0.654545  10.4813  
0.650572  10.5679  
0.638994  10.5955  
0.639258  10.6028  
0.627952  10.6404  
0.6349  10.6561  
0.61772  10.6711  
0.611298  10.6788  
0.59086  10.702  
0.593639  10.6881  
0.567618  10.7056  
0.567238  10.7124  
0.569332  10.7102  
0.562729  10.7025  
0.553971  10.7071  
0.548719  10.6978  
0.551114  10.6964  
0.538968  10.6933  
0.516386  10.68  
0.51617  10.684  
0.50601  10.6753  
0.500343  10.6558  
0.480949  10.6376  
0.485101  10.6077  
0.488694  10.6076  
0.470653  10.5656  
0.475527  10.5547  
0.477386  10.502  
0.473669  10.429  
0.473669  10.429  
0.490248  10.3124  
0.48779  10.3055  
0.504505  10.1699  
0.502134  10.1636  
0.519939  10.0562  
0.517563  10.0503  
0.547826  9.94034  
0.545347  9.93481  
0.558853  9.82372  
0.563887  9.80784  
0.592163  9.72026  
0.589777  9.71517  
0.599809  9.66006  
0.604767  9.64422  
0.61079  9.59702  
0.593656  9.56889  
0.59802  9.57189  
0.580193  9.5384  
0.578304  9.53275  
0.565759  9.53034  
0.538912  9.54143  
0.544512  9.54354  
0.51855  9.59302  
0.524606  9.5946  
0.516121  9.67973  
0.522238  9.68061  
0.521792  9.7889  
0.520097  9.79992  
0.537167  9.8984  
0.542043  9.98136  
0.540285  9.99121  
0.54753  10.1002  
0.54895  10.1193  
0.546777  10.2255  
0.547737  10.3222  
0.543427  10.3559  
0.553263  10.4634  
0.546613  10.4838  
0.577402  10.5974  
0.580162  10.6878  
0.586462  10.7059  
0.599486  10.8041  
0.606594  10.8069  
0.624425  10.9006  
0.648379  10.953  
0.672135  10.9543  
0.716881  11.0163  
0.712582  11.0349  
0.738475  11.1167  
0.758214  11.1665  
0.766451  11.1628  
0.789462  11.2578  
0.791773  11.2739  
0.813727  11.3294  
0.823224  11.3348  
0.827613  11.4101  
0.830335  11.407  
0.822508  11.4761  
0.824743  11.543  
0.831292  11.5698  
0.838605  11.6593  
0.851439  11.6664  
0.889823  11.7595  
0.914784  11.8282  
0.926243  11.8485  
0.997526  11.9478  
0.996861  11.9635  
1.08261  12.0383  
1.08938  12.0358  
1.14921  12.0983  
1.23054  12.131  
1.22637  12.147  
1.31071  12.1905  
1.31354  12.1848  
1.39447  12.2357  
1.39492  12.2588  
1.42336  12.2481  
1.48647  12.291  
1.47874  12.2965  
1.52655  12.3324  
1.52889  12.3623  
1.53854  12.3794  
1.53915  12.4117  
1.56077  12.3997  
1.51681  12.4378  
1.49369  12.4734  
1.50543  12.4787  
1.45491  12.5417  
1.44134  12.5335  
1.38371  12.587  
1.31324  12.6195  
1.28755  12.6256  
1.18232  12.6895  
1.17387  12.6902  
1.07519  12.7376  
1.07399  12.7357  
0.986494  12.778  
0.885055  12.8181  
0.883329  12.8048  
0.783059  12.8465  
0.709041  12.8829  
0.702009  12.8806  
0.612154  12.9061  
0.612969  12.9043  
0.549334  12.9225  
0.512611  12.9331  
0.514676  12.9317  
0.454029  12.9234  
0.447448  12.919  
0.428402  12.9018  
0.430112  12.8897  
0.420845  12.8529  
0.419882  12.8107  
0.412626  12.8133  
0.430366  12.7468  
0.427797  12.7387  
0.442346  12.6736  
0.439786  12.6659  
0.447344  12.6034  
0.467851  12.5381  
0.46519  12.531  
0.4805  12.4732  
0.48443  12.4667  
0.508864  12.4075  
0.501635  12.3607  
0.506436  12.3435  
0.516636  12.2824  
0.513127  12.2871  
0.52579  12.2094  
0.518002  12.1689  
0.502817  12.1692  
0.501478  12.0849  
0.491742  12.0758  
0.456363  12.0328  
0.460687  12.0116  
0.452191  12.0021  
0.435463  12.0053  
0.422333  12.0016  
0.430078  12.0256  
0.426097  12.0452  
0.41555  12.0769  
0.430189  12.1363  
0.428887  12.1462  
0.450956  12.2055  
0.466076  12.2637  
0.473035  12.2788  
0.493579  12.3218  
0.502956  12.3468  
0.534386  12.3926  
0.567869  12.4564  
0.578098  12.4701  
0.612109  12.5509  
0.618444  12.5644  
0.666115  12.6609  
0.689561  12.7392  
0.718243  12.7534  
0.777318  12.8728  
0.772977  12.8808  
0.825973  12.9983  
0.834705  13.004  
0.856886  13.0925  
0.901892  13.1554  
0.909251  13.1709  
0.927896  13.2447  
0.928694  13.2495  
0.971247  13.3052  
0.971075  13.3295  
0.983215  13.3308  
0.986362  13.3726  
1.00332  13.3528  
1.00718  13.3653  
0.988216  13.3903  
0.988309  13.3817  
0.978298  13.4076  
0.969622  13.3964  
0.94659  13.4446  
0.917419  13.4641  
0.90965  13.4691  
0.878342  13.5277  
0.867056  13.5356  
0.840823  13.6095  
0.813009  13.6718  
0.792754  13.6874  
0.771317  13.7569  
0.747931  13.7728  
0.721275  13.8628  
0.707067  13.8757  
0.693793  13.9534  
0.663861  13.995  
0.667412  14.0035  
0.653655  14.0655  
0.650413  14.0845  
0.649457  14.1494  
0.659626  14.1886  
0.666976  14.1962  
0.690008  14.2529  
0.693518  14.2615  
0.741296  14.2961  
0.763016  14.3274  
0.778554  14.3324  
0.816561  14.3472  
0.828948  14.3578  
0.885619  14.3672  
0.892344  14.3788  
0.9125  14.3827  
0.929616  14.3822  
0.944971  14.3846  
0.952566  14.4001  
0.978296  14.4127  
0.978583  14.4086  
0.987115  14.4406  
0.987402  14.4365  
0.981771  14.4571  
0.984017  14.4476  
0.961596  14.4485  
0.944725  14.4432  
0.945978  14.4424  
0.922506  14.4261  
0.922506  14.4261  
0.901972  14.4291  
0.896964  14.4263  
0.898996  14.426  
0.901737  14.4636  
0.887806  14.4607  
0.927499  14.5112  
0.927499  14.5112  
0.951516  14.5653  
0.976716  14.5939  
0.976033  14.6052  
1.02147  14.6474  
1.02147  14.6474  
1.05489  14.6918  
1.10763  14.7255  
1.10683  14.7242  
1.13873  14.7886  
1.14505  14.7974  
1.19025  14.8776  
1.1943  14.8846  
1.22803  14.9928  
1.2313  14.9994  
1.25291  15.1025  
1.24896  15.1192  
1.24985  15.2616  
1.24647  15.3482  
1.24895  15.3537  
1.22692  15.5188  
1.21668  15.5255  
1.16373  15.6679  
1.11067  15.7675  
1.10237  15.7642  
1.01844  15.913  
1.01046  15.9189  
0.911893  16.0383  
0.905237  16.0442  
0.814012  16.1578  
0.808746  16.1636  
0.71099  16.2613  
0.713617  16.257  
0.651395  16.3154  
0.648027  16.3326  
0.588875  16.3822  
0.551125  16.3968  
0.549685  16.4037  
0.516206  16.4257  
0.515297  16.4253  
0.522175  16.4173  
0.518215  16.4269  
0.524369  16.4247  
0.546414  16.4127  
0.55177  16.4223  
0.586834  16.4045  
0.59482  16.4008  
0.625327  16.3941  
0.676559  16.3735  
0.681363  16.3727  
0.737917  16.3727  
0.767186  16.3779  
0.787008  16.3722  
0.846557  16.3869  
0.847245  16.3636  
0.905847  16.4014  
0.899689  16.3925  
0.955951  16.4205  
0.956878  16.4314  
0.997763  16.4663  
0.998771  16.4657  
1.02476  16.5253  
1.03027  16.5442  
1.05894  16.6035  
1.06789  16.6578  
1.06793  16.6564  
1.09078  16.7189  
1.09651  16.7262  
1.08924  16.7907  
1.08947  16.8417  
1.09412  16.8565  
1.10046  16.9036  
1.09413  16.9609  
1.0936  16.9589  
1.09336  17.0131  
1.09186  17.0325  
1.08872  17.0859  
1.09414  17.123  
1.09296  17.1396  
1.09597  17.2101  
1.10335  17.207  
1.11396  17.2915  
1.13031  17.3891  
1.12865  17.3864  
1.1512  17.5288  
1.15499  17.5345  
1.17088  17.7068  
1.18594  17.8263  
1.18244  17.8414  
1.19562  18.0464  
1.19175  18.1926  
1.19369  18.1965  
1.2062  18.4187  
1.20571  18.4378  
1.18915  18.6446  
1.17965  18.8446  
1.1802  18.858  
1.14604  19.1038  
1.14383  19.1333  
1.10996  19.3776  
1.07127  19.585  
1.07286  19.5855  
1.02572  19.8569  
1.02121  19.8672  
0.948593  20.1325  
0.944768  20.1426  
0.9072  20.3639  
0.902929  20.3854  
0.841111  20.6113  
0.837353  20.6327  
0.79047  20.8298  
0.766808  20.9583  
0.757591  20.9616  
0.726655  21.1568  
0.718543  21.1699  
0.697833  21.3552  
0.674716  21.4712  
0.669093  21.4886  
0.644386  21.6728  
0.644651  21.6732  
0.624742  21.8608  
0.606367  21.9734  
0.607366  21.9991  
0.591626  22.1661  
0.587793  22.1798  
0.590645  22.3533  
0.582879  22.4657  
0.594101  22.4804  
0.587123  22.6624  
0.595234  22.6643  
0.583259  22.8768  
0.586041  23.0429  
0.589497  23.0532  
0.565144  23.301  
0.579516  23.3215  
0.54908  23.5729  
0.53211  23.7905  
0.531766  23.8138  
0.492908  24.0496  
0.489571  24.0863  
0.444386  24.3527  
0.389093  24.5247  
0.384189  24.5456  
0.328311  24.7935  
0.323771  24.8143  
0.253059  25.0521  
0.249104  25.0728  
0.171352  25.3348  
0.116509  25.5392  
0.113736  25.5596  
0.0456336  25.8274  
0.0383365  25.8504  
-0.00943599  26.1013  
-0.0187288  26.1229  
-0.0649247  26.3606  
-0.106846  26.5169  
-0.107885  26.5178  
-0.15166  26.7196  
-0.152585  26.716  
-0.162403  26.8711  
-0.161751  26.9775  
-0.16515  26.9628  
-0.162886  27.0938  
-0.155072  27.0766  
-0.13919  27.199  
-0.123729  27.2508  
-0.10541  27.237  
-0.0721167  27.3179  
-0.0428394  27.3089  
-0.0241269  27.4145  
0.0149102  27.5136  
0.0482385  27.5178  
0.0600346  27.6498  
0.0963829  27.6567  
0.106263  27.7815  
0.159573  27.8951  
0.164066  27.899  
0.162299  28.0373  
0.171142  28.0495  
0.16359  28.1638  
0.157102  28.1781  
0.131437  28.2527  
0.0955618  28.2909  
0.0916288  28.2912  
0.0270057  28.3228  
0.028429  28.3128  
-0.0518445  28.3185  
-0.110228  28.2982  
-0.120854  28.2888  
-0.206717  28.2832  
-0.216163  28.2607  
-0.28668  28.257  
-0.355015  28.2092  
-0.374573  28.1956  
-0.435601  28.1487  
-0.455127  28.127  
-0.517249  28.0505  
-0.560495  27.9959  
-0.566596  27.9696  
-0.623128  27.8741  
-0.637404  27.8493  
-0.705795  27.7348  
-0.749493  27.6446  
-0.764188  27.6206  
-0.796353  27.5018  
-0.820982  27.4846  
-0.859161  27.382  
-0.895235  27.2863  
-0.894944  27.2785  
-0.930018  27.16  
-0.93796  27.1633  
-0.950712  27.0545  
-0.948775  26.9917  
-0.952754  26.9761  
-0.972766  26.8764  
-0.972224  26.869  
-0.980197  26.7499  
-0.978383  26.6609  
-0.988097  26.6449  
-0.991458  26.527  
-0.985559  26.5165  
-1.0027  26.4055  
-1.0027  26.4055  
-1.01175  26.3021  
-1.02316  26.2104  
-1.02891  26.214  
-1.03819  26.1327  
-1.04396  26.1361  
-1.07733  26.042  
-1.08163  26.0332  
-1.11717  25.9464  
-1.12218  25.9497  
-1.17388  25.8574  
-1.19908  25.7893  
-1.20203  25.7805  
-1.23971  25.6778  
-1.24327  25.6811  
-1.29509  25.5783  
-1.29677  25.5696  
-1.32516  25.4728  
-1.32746  25.4762  
-1.36698  25.3687  
-1.38999  25.2947  
-1.39117  25.2983  
-1.4227  25.231  
-1.42675  25.2146  
-1.45494  25.1782  
-1.45388  25.1696  
-1.47782  25.1216  
-1.48044  25.1001  
-1.4788  25.0911  
-1.48358  25.1064  
-1.48179  25.097  
-1.47209  25.1324  
-1.4704  25.1224  
-1.46162  25.1662  
-1.46114  25.1676  
-1.44605  25.2346  
-1.44135  25.2432  
-1.42773  25.3218  
-1.41637  25.3903  
-1.41827  25.4084  
-1.40112  25.5211  
-1.40237  25.5266  
-1.3765  25.6441  
-1.37947  25.6608  
-1.35936  25.7713  
-1.35419  25.8453  
-1.35207  25.8505  
-1.34772  25.8783  
-1.34927  25.9253  
-1.33126  25.9643  
-1.33016  25.9693  
-1.31642  26.0063  
-1.32094  26.01  
-1.32701  26.0296  
-1.32988  26.0479  
-1.32892  26.0415  
-1.34288  26.1016  
-1.33839  26.1028  
-1.35306  26.1445  
-1.34883  26.2074  
-1.33799  26.208  
-1.38517  26.2716  
-1.38655  26.2765  
-1.41911  26.3658  
-1.45337  26.4313  
-1.45705  26.4528  
-1.51867  26.5543  
-1.51981  26.5585  
-1.59708  26.6858  
-1.65247  26.8009  
-1.66804  26.807  
-1.74268  26.9647  
-1.7617  26.9922  
-1.83176  27.1876  
-1.90014  27.3568  
-1.92967  27.3938  
-2.00014  27.6502  
-2.01494  27.7016  
-2.09434  28.0216  
-2.15261  28.2864  
-2.16893  28.3356  
-2.21461  28.676  
-2.22613  28.7243  
-2.27936  29.0473  
-2.32152  29.2946  
-2.31734  29.3368  
-2.35584  29.6138  
-2.35615  29.6458  
-2.41441  29.9438  
-2.43381  30.118  
-2.4306  30.1357  
-2.47703  30.3915  
-2.51167  30.5499  
-2.51764  30.5682  
-2.56797  30.8253  
-2.57047  30.8512  
-2.63153  31.1154  
-2.67423  31.289  
-2.6809  31.3074  
-2.71882  31.5724  
-2.72621  31.5906  
-2.75927  31.8223  
-2.80528  31.9646  
-2.78824  31.977  
-2.83521  32.165  
-2.82043  32.1657  
0  0  
0  0  
0  0  
0  0  
0  0  
0  0  
0  0  
0  0  
0  0  
0  0  
0  0  
0  0  
0  0  
0  0  
0  0  
0  0  
0  0  
0  0  
0  0  
0  0  
0  0  
0  0  
0  0  
0  0  
0  0  
0  0  
0  0  
0  0  
0  0  
0  0  
0  0  
0  0  
0  0  
0  0  
0  0  
0  0  
0  0  
0  0  
0  0  
0  0  
0  0  
0  0  
0  0  
0  0  
0  0  
0  0  
0  0  
0  0  
0  0  
0  0  
0  0  
0  0  
0  0  
0  0  
0  0  
0  0  
0  0  
0  0  
0  0  
0  0  
0  0  
0  0  
0  0  
0  0  
0  0  
0  0  
0  0  
0  0  
0  0  
0  0  
0  0  
0  0  
0  0  
0  0  
0  0  
0  0  
0  0  
0  0  
0  0  
0  0  
0  0  
0  0  
0  0  
0  0  
0  0  
0  0  
0  0  
0  0  
0  0  
0  0  
0  0  
0  0  
0  0  
0  0  
0  0  
0  0  
0  0  
0  0  
0  0  
0  0  
0  0  
0  0  
0  0  
0  0  
0  0  
0  0  
0  0  
0  0  
0  0  
0  0  
0  0  
0  0  
0  0  
0  0  
0  0  
0  0  
0  0  
0  0  
0  0  
0  0  
0  0  
0  0  
0  0  
0  0  
0  0  
0  0  
0  0  
0  0  
0  0  
0  0  
0  0  
0  0  
0  0  
0  0  
0  0  
0  0  
0  0  
0  0  
0  0  
0  0  
0  0  
0  0  
0  0  
0  0  
0  0  
0  0  
0  0  
0  0  
0  0  
0  0  
0  0  
0  0  
0  0  
0  0  
0  0  
0  0  
0  0  
0  0  
0  0  
0  0  
0  0  
0  0  
0  0  
0  0  
0  0  
0  0  
0  0  
0  0  
0  0  
0  0  
0  0  
0  0  
0  0  
0  0  
0  0  
0  0  
0  0  
0  0  
0  0  
0  0  
0  0  
0  0  
0  0  
0  0  
0  0  
0  0  
0  0  
0  0  
0  0  
0  0  
0  0  
0  0  
0  0  
0  0  
0  0  
0  0  
0  0  
0  0  
0  0  
0  0  
0  0  
0  0  
0  0  
0  0  
0  0  
0  0  
0  0  
0  0  
0  0  
0  0  
0  0  
0  0  
0  0  
0  0  
0  0  
0  0  
0  0  
0  0  
0  0  
0  0  
0  0  
0  0  
0  0  
0  0  
0  0  
0  0  
0  0  
0  0  
0  0  
0  0  
0  0  
0  0  
0  0  
0  0  
0  0  
0  0  
0  0  
0  0  
0  0  
0  0  
0  0  
0  0  
0  0  
0  0  
0  0  
0  0  
0  0  
0  0  
0  0  
0  0  
0  0  
0  0  
0  0  
0  0  
0  0  
0  0  
0  0  
0  0  
0  0  
0  0  
0  0  
0  0  
0  0  
0  0  
0  0  
0  0  
0  0  
0  0  
0  0  
0  0  
0  0  
0  0  
0  0  
0  0  
0  0  
0  0  
0  0  
0  0  
0  0  
0  0  
0  0  
0  0  
0  0  
0  0  
0  0  
0  0  
0  0  
0  0  
0  0  
0  0  
0  0  
0  0  
0  0  
0  0  
0  0  
0  0  
0  0  
0  0  
0  0  
0  0  
0  0  
0  0  
0  0  
0  0  
0  0  
0  0  
0  0  
0  0  
0  0  
0  0  
0  0  
0  0  
0  0  
0  0  
0  0  
0  0  
0  0  
0  0  
0  0  
0  0  
0  0  
0  0  
0  0  
0  0  
0  0  
0  0  
0  0  
0  0  
0  0  
0  0  
0  0  
0  0  
0  0  
0  0  
0  0  
0  0  
0  0  
0  0  
0  0  
0  0  
0  0  
0  0  
0  0  
0  0  
0  0  
0  0  
0  0  
0  0  
0  0  
0  0  
0  0  
0  0  
0  0  
0  0  
0  0  
0  0  
0  0  
0  0  
0  0  
0  0  
0  0  
0  0  
0  0  
0  0  
0  0  
0  0  
0  0  
0  0  
0  0  
0  0  
0  0  
0  0  
0  0  
0  0  
0  0  
0  0  
0  0  
0  0  
0  0  
0  0  
0  0  
0  0  
0  0  
0  0  
0  0  
0  0  
0  0  
0  0  
0  0  
0  0  
0  0  
0  0  
0  0  
0  0  
0  0  
0  0  
0  0  
0  0  
0  0  
0  0  
0  0  
0  0  
0  0  
0  0  
0  0  
0  0  
0  0  
0  0  
0  0  
0  0  
0  0  
0  0  
0  0  
0  0  
0  0  
0  0  
0  0  
0  0  
0  0  
0  0  
0  0  
0  0  
0  0  
0  0  
0  0  
0  0  
0  0  
0  0  
0  0  
0  0  
0  0  
0  0  
0  0  
0  0  
0  0  
0  0  
0  0  
0  0  
0  0  
0  0  
0  0  
0  0  
0  0  
0  0  
0  0  
0  0  
0  0  
0  0  
0  0  
0  0  
0  0  
0  0  
0  0  
0  0  
0  0  
0  0  
0  0  
0  0  
0  0  
0  0  
0  0  
0  0  
0  0  
0  0  
0  0  
0  0  
0  0  
0  0  
0  0  
0  0  
0  0  
0  0  
0  0  
0  0  
0  0  
0  0  
0  0  
0  0  
0  0  
0  0  
0  0  
0  0  
0  0  
0  0  
0  0  
0  0  
0  0  
0  0  
0  0  
0  0  
0  0  
0  0  
0  0  
0  0  
0  0  
0  0  
0  0  
0  0  
0  0  
0  0  
0  0  
0  0  
0  0  
0  0  
0  0  
0  0  
0  0  
0  0  
0  0  
0  0  
0  0  
0  0  
0  0  
0  0  
0  0  
0  0  
0  0  
0  0  
0  0  
0  0  
0  0  
0  0  
0  0  
0  0  
0  0  
0  0  
0  0  
0  0  
0  0  
0  0  
0  0  
0  0  
0  0  
0  0  
0  0  
0  0  
0  0  
0  0  
0  0  
0  0  
0  0  
0  0  
0  0  
0  0  
0  0  
0  0  
0  0  
0  0  
0  0  
0  0  
0  0  
0  0  
0  0  
0  0  
0  0  
0  0  
0  0  
0  0  
0  0  
0  0  
0  0  
0  0  
0  0  
0  0  
0  0  
0  0  
0  0  
0  0  
0  0  
0  0  
0  0  
0  0  
0  0  
0  0  
0  0  
0  0  
0  0  
0  0  
0  0  
0  0  
0  0  
0  0  
0  0  
0  0  
0  0  
0  0  
0  0  
0  0  
0  0  
0  0  
0  0  
0  0  
0  0  
0  0  
0  0  
0  0  
0  0  
0  0  
0  0  
0  0  
0  0  
0  0  
0  0  
0  0  
0  0  
0  0  
0  0  
0  0  
0  0  
0  0  
0  0  
0  0  
0  0  
0  0  
0  0  
0  0  
0  0  
0  0  
0  0  
0  0  
0  0  
0  0  
0  0  
0  0  
0  0  
0  0  
0  0  
0  0  
0  0  
0  0  
0  0  
0  0  
0  0  
0  0  
0  0  
0  0  
0  0  
0  0  
0  0  
0  0  
0  0  
0  0  
0  0  
0  0  
0  0  
0  0  
0  0  
0  0  
0  0  
0  0  
0  0  
0  0  
0  0  
0  0  
0  0  
0  0  
0  0  
0  0  
0  0  
0  0  
0  0  
0  0  
0  0  
0  0  
0  0  
0  0  
0  0  
0  0  
0  0  
0  0  
0  0  
0  0  
0  0  
0  0  
0  0  
0  0  
0  0  
0  0  
0  0  
0  0  
0  0  
0  0  
0  0  
0  0  
0  0  
0  0  
0  0  
0  0  
0  0  
0  0  
0  0  
0  0  
0  0  
0  0  
0  0  
0  0  
0  0  
0  0  
0  0  
0  0  
0  0  
0  0  
0  0  
0  0  
0  0  
0  0  
0  0  
0  0  
0  0  
0  0  
0  0  
0  0  
0  0  
0  0  
0  0  
0  0  
0  0  
0  0  
0  0  
0  0  
0  0  
0  0  
0  0  
0  0  
0  0  
0  0  
0  0  
0  0  
0  0  
0  0  
0  0  
0  0  
0  0  
0  0  
0  0  
0  0  
0  0  
0  0  
0  0  
0  0  
0  0  
0  0  
0  0  
0  0  
0  0  
0  0  
0  0  
0  0  
0  0  
0  0  
0  0  
0  0  
0  0  
0  0  
0  0  
0  0  
0  0  
0  0  
0  0  
0  0  
0  0  
0  0  
0  0  
0  0  
0  0  
0  0  
0  0  
0  0  
0  0  
0  0  
0  0  
0  0  
0  0  
0  0  
0  0  
0  0  
0  0  
0  0  
0  0  
0  0  
0  0  
0  0  
0  0  
0  0  
0  0  
0  0  
0  0  
0  0  
0  0  
0  0  
0  0  
0  0  
0  0  
0  0  
0  0  
0  0  
0  0  
0  0  
0  0  
0  0  
0  0  
0  0  
0  0  
0  0  
0  0  
0  0  
0  0  
0  0  
0  0  
0  0  
0  0  
0  0  
0  0  
0  0  
0  0  
0  0  
0  0  
0  0  
0  0  
0  0  
0  0  
0  0  
0  0  
0  0  
0  0  
0  0  
0  0  
0  0  
0  0  
0  0  
0  0  
0  0  
0  0  
0  0  
0  0  
0  0  
0  0  
0  0  
0  0  
0  0  
0  0  
0  0  
0  0  
0  0  
0  0  
0  0  
0  0  
0  0  
0  0  
0  0  
0  0  
0  0  
0  0  
0  0  
0  0  
0  0  
0  0  
0  0  
0  0  
0  0  
0  0  
0  0  
0  0  
0  0  
0  0  
0  0  
0  0  
0  0  
0  0  
0  0  
0  0  
0  0  
0  0  
0  0  
0  0  
0  0  
0  0  
0  0  
0  0  
0  0  
0  0  
0  0  
0  0  
0  0  
0  0  
0  0  
0  0  
0  0  
0  0  
0  0  
0  0  
0  0  
0  0  
0  0  
0  0  
0  0  
0  0  
0  0  
0  0  
0  0  
0  0  
0  0  
0  0  
0  0  
0  0  
0  0  
0  0  
0  0  
0  0  
0  0  
0  0  
0  0  
0  0  
0  0  
0  0  
0  0  
0  0  
0  0  
0  0  
0  0  
0  0  
0  0  
0  0  
0  0  
0  0  
0  0  
0  0  
0  0  
0  0  
0  0  
0  0  
0  0  
0  0  
0  0  
0  0  
0  0  
0  0  
0  0  
0  0  
0  0  
0  0  
0  0  
0  0  
0  0  
0  0  
0  0  
0  0  
0  0  
0  0  
0  0  
0  0  
0  0  
0  0  
0  0  
0  0  
0  0  
0  0  
0  0  
0  0  
0  0  
0  0  
0  0  
0  0  
0  0  
0  0  
0  0  
0  0  
0  0  
0  0  
0  0  
0  0  
0  0  
0  0  
0  0  
0  0  
0  0  
0  0  
0  0  
0  0  
0  0  
0  0  
0  0  
0  0  
0  0  
0  0  
0  0  
0  0  
0  0  
0  0  
0  0  
0  0  
0  0  
0  0  
0  0  
0  0  
0  0  
0  0  
0  0  
0  0  
0  0  
0  0  
0  0  
0  0  
0  0  
0  0  
0  0  
0  0  
0  0  
0  0  
0  0  
0  0  
0  0  
0  0  
0  0  
0  0  
0  0  
0  0  
0  0  
0  0  
0  0  
0  0  
0  0  
0  0  
0  0  
0  0  
0  0  
0  0  
0  0  
0  0  
0  0  
0  0  
0  0  
0  0  
0  0  
0  0  
0  0  
0  0  
0  0  
0  0  
0  0  
0  0  
0  0  
0  0  
0  0  
0  0  
0  0  
0  0  
0  0  
0  0  
0  0  
0  0  
0  0  
0  0  
0  0  
0  0  
0  0  
0  0  
0  0  
0  0  
0  0  
0  0  
0  0  
0  0  
0  0  
0  0  
0  0  
0  0  
0  0  
0  0  
0  0  
0  0  
0  0  
0  0  
0  0  
0  0  
0  0  
0  0  
0  0  
0  0  
0  0  
0  0  
0  0  
0  0  
0  0  
0  0  
0  0  
0  0  
0  0  
0  0  
0  0  
0  0  
0  0  
0  0  
0  0  
0  0  
0  0  
0  0  
0  0  
0  0  
0  0  
0  0  
0  0  
0  0  
0  0  
0  0  
0  0  
0  0  
0  0  
0  0  
0  0  
0  0  
0  0  
0  0  
0  0  
0  0  
0  0  
0  0  
0  0  
0  0  
0  0  
0  0  
0  0  
0  0  
0  0  
0  0  
0  0  
0  0  
0  0  
0  0  
0  0  
0  0  
0  0  
0  0  
0  0  
0  0  
0  0  
0  0  
0  0  
0  0  
0  0  
0  0  
0  0  
0  0  
0  0  
0  0  
0  0  
0  0  
0  0  
0  0  
0  0  
0  0  
0  0  
0  0  
0  0  
0  0  
0  0  
0  0  
0  0  
0  0  
0  0  
0  0  
0  0  
0  0  
0  0  
0  0  
0  0  
0  0  
0  0  
0  0  
0  0  
0  0  
0  0  
0  0  
0  0  
0  0  
0  0  
0  0  
0  0  
0  0  
0  0  
0  0  
0  0  
0  0  
0  0  
0  0  
0  0  
0  0  
0  0  
0  0  
0  0  
0  0  
0  0  
0  0  
0  0  
0  0  
0  0  
0  0  
0  0  
0  0  
0  0  
0  0  
0  0  
0  0  
0  0  
0  0  
0  0  
0  0  
0  0  
0  0  
0  0  
0  0  
0  0  
0  0  
0  0  
0  0  
0  0  
0  0  
0  0  
0  0  
0  0  
0  0  
0  0  
0  0  
0  0  
0  0  
0  0  
0  0  
0  0  
0  0  
0  0  
0  0  
0  0  
0  0  
0  0  
0  0  
0  0  
0  0  
0  0  
0  0  
0  0  
0  0  
0  0  
0  0  
0  0  
0  0  
0  0  
0  0  
0  0  
0  0  
0  0  
0  0  
0  0  
0  0  
0  0  
0  0  
0  0  
0  0  
0  0  
0  0  
0  0  
0  0  
0  0  
0  0  
0  0  
0  0  
0  0  
0  0  
0  0  
0  0  
0  0  
0  0  
0  0  
0  0  
0  0  
0  0  
0  0  
0  0  
0  0  
0  0  
0  0  
0  0  
0  0  
0  0  
0  0  
0  0  
0  0  
0  0  
0  0  
0  0  
0  0  
0  0  
0  0  
0  0  
0  0  
0  0  
0  0  
0  0  
0  0  
0  0  
0  0  
0  0  
0  0  
0  0  
0  0  
0  0  
0  0  
0  0  
0  0  
0  0  
0  0  
0  0  
0  0  
0  0  
0  0  
0  0  
0  0  
0  0  
0  0  
0  0  
0  0  
0  0  
0  0  
0  0  
0  0  
0  0  
0  0  
0  0  
0  0  
0  0  
0  0  
0  0  
0  0  
0  0  
0  0  
0  0  
0  0  
0  0  
0  0  
0  0  
0  0  
0  0  
0  0  
0  0  
0  0  
0  0  
0  0  
0  0  
0  0  
0  0  
0  0  
0  0  
0  0  
0  0  
0  0  
0  0  
0  0  
0  0  
0  0  
0  0  
0  0  
0  0  
0  0  
0  0  
0  0  
0  0  
0  0  
0  0  
0  0  
0  0  
0  0  
0  0  
0  0  
0  0  
0  0  
0  0  
0  0  
0  0  
0  0  
0  0  
0  0  
0  0  
0  0  
0  0  
0  0  
0  0  
0  0  
0  0  
0  0  
0  0  
0  0  
0  0  
0  0  
0  0  
0  0  
0  0  
0  0  
0  0  
0  0  
0  0  
0  0  
0  0  
0  0  
0  0  
0  0  
0  0  
0  0  
0  0  
0  0  
0  0  
0  0  
0  0  
0  0  
0  0  
0  0  
0  0  
0  0  
0  0  
0  0  
0  0  
0  0  
0  0  
0  0  
0  0  
0  0  
0  0  
0  0  
0  0  
0  0  
0  0  
0  0  
0  0  
0  0  
0  0  
0  0  
0  0  
0  0  
0  0  
0  0  
0  0  
0  0  
0  0  
0  0  
0  0  
0  0  
0  0  
0  0  
0  0  
0  0  
0  0  
0  0  
0  0  
0  0  
0  0  
0  0  
0  0  
0  0  
0  0  
0  0  
0  0  
0  0  
0  0  
0  0  
0  0  
0  0  
0  0  
0  0  
0  0  
0  0  
0  0  
0  0  
0  0  
0  0  
0  0  
0  0  
0  0  
0  0  
0  0  
0  0  
0  0  
0  0  
0  0  
0  0  
0  0  
0  0  
0  0  
0  0  
0  0  
0  0  
0  0  
0  0  
0  0  
0  0  
0  0  
0  0  
0  0  
0  0  
0  0  
0  0  
0  0  
0  0  
0  0  
0  0  
0  0  
0  0  
0  0  
0  0  
0  0  
0  0  
0  0  
0  0  
0  0  
0  0  
0  0  
0  0  
0  0  
0  0  
0  0  
0  0  
0  0  
0  0  
0  0  
0  0  
0  0  
0  0  
0  0  
0  0  
0  0  
0  0  
0  0  
0  0  
0  0  
0  0  
0  0  
0  0  
0  0  
0  0  
0  0  
0  0  
0  0  
0  0  
0  0  
0  0  
0  0  
0  0  
0  0  
0  0  
0  0  
0  0  
0  0  
0  0  
0  0  
0  0  
0  0  
0  0  
0  0  
0  0  
0  0  
0  0  
0  0  
0  0  
0  0  
0  0  
0  0  
0  0  
0  0  
0  0  
0  0  
0  0  
0  0  
0  0  
0  0  
0  0  
0  0  
0  0  
0  0  
0  0  
0  0  
0  0  
0  0  
0  0  
0  0  
0  0  
0  0  
0  0  
0  0  
0  0  
0  0  
0  0  
0  0  
0  0  
0  0  
0  0  
0  0  
0  0  
0  0  
0  0  
0  0  
0  0  
0  0  
0  0  
0  0  
0  0  
0  0  
0  0  
0  0  
0  0  
0  0  
0  0  
0  0  
0  0  
0  0  
0  0  
0  0  
0  0  
0  0  
0  0  
0  0  
0  0  
0  0  
0  0  
0  0  
0  0  
0  0  
0  0  
0  0  
0  0  
0  0  
0  0  
0  0  
0  0  
0  0  
0  0  
0  0  
0  0  
0  0  
0  0  
0  0  
0  0  
0  0  
0  0  
0  0  
0  0  
0  0  
0  0  
0  0  
0  0  
0  0  
0  0  
0  0  
0  0  
0  0  
0  0  
0  0  
0  0  
0  0  
0  0  
0  0  
0  0  
0  0  
0  0  
0  0  
0  0  
0  0  
0  0  
0  0  
0  0  
0  0  
0  0  
0  0  
0  0  
0  0  
0  0  
0  0  
0  0  
0  0  
0  0  
0  0  
0  0  
0  0  
0  0  
0  0  
0  0  
0  0  
0  0  
0  0  
0  0  
0  0  
0  0  
0  0  
0  0  
0  0  
0  0  
0  0  
0  0  
0  0  
0  0  
0  0  
0  0  
0  0  
0  0  
0  0  
0  0  
0  0  
0  0  
0  0  
0  0  
0  0  
0  0  
0  0  
0  0  
0  0  
0  0  
0  0  
0  0  
0  0  
0  0  
0  0  
0  0  
0  0  
0  0  
0  0  
0  0  
0  0  
0  0  
0  0  
0  0  
0  0  
0  0  
0  0  
0  0  
0  0  
0  0  
0  0  
0  0  
0  0  
0  0  
0  0  
0  0  
0  0  
0  0  
0  0  
0  0  
0  0  
0  0  
0  0  
0  0  
0  0  
0  0  
0  0  
0  0  
0  0  
0  0  
0  0  
0  0  
0  0  
0  0  
0  0  
0  0  
0  0  
0  0  
0  0  
0  0  
0  0  
0  0  
0  0  
0  0  
0  0  
0  0  
0  0  
0  0  
0  0  
0  0  
0  0  
0  0  
0  0  
0  0  
0  0  
0  0  
0  0  
0  0  
0  0  
0  0  
0  0  
0  0  
0  0  
0  0  
0  0  
0  0  
0  0  
0  0  
0  0  
0  0  
0  0  
0  0  
0  0  
0  0  
0  0  
0  0  
0  0  
0  0  
0  0  
0  0  
0  0  
0  0  
0  0  
0  0  
0  0  
0  0  
0  0  
0  0  
0  0  
0  0  
0  0  
0  0  
0  0  
0  0  
0  0  
0  0  
0  0  
0  0  
0  0  
0  0  
0  0  
0  0  
0  0  
0  0  
0  0  
0  0  
0  0  
0  0  
0  0  
0  0  
0  0  
0  0  
0  0  
0  0  
0  0  
0  0  
0  0  
0  0  
0  0  
0  0  
0  0  
0  0  
0  0  
0  0  
0  0  
0  0  
0  0  
0  0  
0  0  
0  0  
0  0  
0  0  
0  0  
0  0  
0  0  
0  0  
0  0  
0  0  
0  0  
0  0  
0  0  
0  0  
0  0  
0  0  
0  0  
0  0  
0  0  
0  0  
0  0  
0  0  
0  0  
0  0  
0  0  
0  0  
0  0  
0  0  
0  0  
0  0  
0  0  
0  0  
0  0  
0  0  
0  0  
0  0  
0  0  
0  0  
0  0  
0  0  
0  0  
0  0  
0  0  
0  0  
0  0  
0  0  
0  0  
0  0  
0  0  
0  0  
0  0  
0  0  
0  0  
0  0  
0  0  
0  0  
0  0  
0  0  
0  0  
0  0  
0  0  
0  0  
0  0  
0  0  
0  0  
0  0  
0  0  
0  0  
0  0  
0  0  
0  0  
0  0  
0  0  
0  0  
0  0  
0  0  
0  0  
0  0  
0  0  
0  0  
0  0  
0  0  
0  0  
0  0  
0  0  
0  0  
0  0  
0  0  
0  0  
0  0  
0  0  
0  0  
0  0  
0  0  
0  0  
0  0  
0  0  
0  0  
0  0  
0  0  
0  0  
0  0  
0  0  
0  0  
0  0  
0  0  
0  0  
0  0  
0  0  
0  0  
0  0  
0  0  
0  0  
0  0  
0  0  
0  0  
0  0  
0  0  
0  0  
0  0  
0  0  
0  0  
0  0  
0  0  
0  0  
0  0  
0  0  
0  0  
0  0  
0  0  
0  0  
0  0  
0  0  
0  0  
0  0  
0  0  
0  0  
0  0  
0  0  
0  0  
0  0  
0  0  
0  0  
0  0  
0  0  
0  0  
0  0  
0  0  
0  0  
0  0  
0  0  
0  0  
0  0  
0  0  
0  0  
0  0  
0  0  
0  0  
0  0  
0  0  
0  0  
0  0  
0  0  
0  0  
0  0  
0  0  
0  0  
0  0  
0  0  
0  0  
0  0  
0  0  
0  0  
0  0  
0  0  
0  0  
0  0  
0  0  
0  0  
0  0  
0  0  
0  0  
0  0  
0  0  
0  0  
0  0  
0  0  
0  0  
0  0  
0  0  
0  0  
0  0  
0  0  
0  0  
0  0  
0  0  
0  0  
0  0  
0  0  
0  0  
0  0  
0  0  
0  0  
0  0  
0  0  
0  0  
0  0  
0  0  
0  0  
0  0  
0  0  
0  0  
0  0  
0  0  
0  0  
0  0  
0  0  
0  0  
0  0  
0  0  
0  0  
0  0  
0  0  
0  0  
0  0  
0  0  
0  0  
0  0  
0  0  
0  0  
0  0  
0  0  
0  0  
0  0  
0  0  
0  0  
0  0  
0  0  
0  0  
0  0  
0  0  
0  0  
0  0  
0  0  
0  0  
0  0  
0  0  
0  0  
0  0  
0  0  
0  0  
0  0  
0  0  
0  0  
0  0  
0  0  
0  0  
0  0  
0  0  
0  0  
0  0  
0  0  
0  0  
0  0  
0  0  
0  0  
0  0  
0  0  
0  0  
0  0  
0  0  
0  0  
0  0  
0  0  
0  0  
0  0  
0  0  
0  0  
0  0  
0  0  
0  0  
0  0  
0  0  
0  0  
0  0  
0  0  
0  0  
0  0  
0  0  
0  0  
0  0  
0  0  
0  0  
0  0  
0  0  
0  0  
0  0  
0  0  
0  0  
0  0  
0  0  
0  0  
0  0  
0  0  
0  0  
0  0  
0  0  
0  0  
0  0  
0  0  
0  0  
0  0  
0  0  
0  0  
0  0  
0  0  
0  0  
0  0  
0  0  
0  0  
0  0  
0  0  
0  0  
0  0  
0  0  
0  0  
0  0  
0  0  
0  0  
0  0  
0  0  
0  0  
0  0  
0  0  
0  0  
0  0  
0  0  
0  0  
0  0  
0  0  
0  0  
0  0  
0  0  
0  0  
0  0  
0  0  
0  0  
0  0  
0  0  
0  0  
0  0  
0  0  
0  0  
0  0  
0  0  
0  0  
0  0  
0  0  
0  0  
0  0  
0  0  
0  0  
0  0  
0  0  
0  0  
0  0  
0  0  
0  0  
0  0  
0  0  
0  0  
0  0  
0  0  
0  0  
0  0  
0  0  
0  0  
0  0  
0  0  
0  0  
0  0  
0  0  
0  0  
0  0  
0  0  
0  0  
0  0  
0  0  
0  0  
0  0  
0  0  
0  0  
0  0  
0  0  
0  0  
0  0  
0  0  
0  0  
0  0  
0  0  
0  0  
0  0  
0  0  
0  0  
0  0  
0  0  
0  0  
0  0  
0  0  
0  0  
0  0  
0  0  
0  0  
0  0  
0  0  
0  0  
0  0  
0  0  
0  0  
0  0  
0  0  
0  0  
0  0  
0  0  
0  0  
0  0  
0  0  
0  0  
0  0  
0  0  
0  0  
0  0  
0  0  
0  0  
0  0  
0  0  
0  0  
0  0  
0  0  
0  0  
0  0  
0  0  
0  0  
0  0  
0  0  
0  0  
0  0  
0  0  
0  0  
0  0  
0  0  
0  0  
0  0  
0  0  
0  0  
0  0  
0  0  
0  0  
0  0  
0  0  
0  0  
0  0  
0  0  
0  0  
0  0  
0  0  
0  0  
0  0  
0  0  
0  0  
0  0  
0  0  
0  0  
0  0  
0  0  
0  0  
0  0  
0  0  
0  0  
0  0  
0  0  
0  0  
0  0  
0  0  
0  0  
0  0  
0  0  
0  0  
0  0  
0  0  
0  0  
0  0  
0  0  
0  0  
0  0  
0  0  
