-2.70949  -3.91174  
-2.70969  -3.91123  
-2.70979  -3.91097  
-2.67646  -3.8661  
-2.67066  -3.82241  
-2.67113  -3.81508  
-2.66452  -3.7898  
-2.63558  -3.71126  
-2.61886  -3.64303  
-2.61713  -3.63502  
-2.59514  -3.5431  
-2.59348  -3.53515  
-1.9621  -1.88269  
-1.99402  -1.74414  
-1.9878  -1.74735  
-1.88157  -1.69433  
-1.8769  -1.70765  
-1.85397  -1.78268  
-1.90066  -1.85453  
-1.90231  -1.91998  
-1.90377  -2.0526  
-1.90886  -2.11518  
-1.94656  -2.32127  
-1.94816  -2.34308  
-1.93082  -2.397  
-1.93577  -2.38344  
-1.97102  -2.42256  
-1.95817  -2.35875  
-1.98428  -2.34734  
-1.9627  -2.26317  
-1.98736  -2.19593  
-1.98958  -2.16396  
-1.99467  -2.06764  
-2.01846  -2.0254  
-2.0383  -1.91542  
-2.06812  -1.84002  
-2.08006  -1.83691  
-2.10939  -1.75682  
-2.11567  -1.74886  
-2.137  -1.68069  
-2.17497  -1.61459  
-2.17785  -1.6038  
-2.20168  -1.57026  
-2.19488  -1.5727  
-2.20781  -1.57387  
-2.20915  -1.59491  
-2.21329  -1.61148  
-2.20053  -1.68376  
-2.21073  -1.69583  
-2.1871  -1.79093  
-2.16979  -1.86619  
-2.16731  -1.8628  
-2.12752  -1.9538  
-2.12423  -1.96043  
-2.11749  -1.99987  
-2.11275  -2.00314  
-2.10791  -1.99606  
-2.12592  -1.99396  
-2.11911  -1.98117  
-2.16816  -1.9442  
-2.16939  -1.93506  
-2.22191  -1.89573  
-2.23692  -1.90086  
-2.26645  -1.88527  
-2.28012  -1.89847  
-2.2902  -1.90482  
-2.31305  -1.93641  
-2.3243  -1.97123  
-2.33332  -1.99285  
-2.33564  -2.04413  
-2.33299  -2.07265  
-2.33189  -2.10823  
-2.33139  -2.13254  
-2.33376  -2.14982  
-2.34363  -2.1504  
-2.34537  -2.15379  
-2.34612  -2.1296  
-2.35838  -2.11042  
-2.35507  -2.10154  
-2.37148  -2.05413  
-2.37843  -2.04763  
-2.38047  -2.02401  
-2.38129  -2.02226  
-2.38609  -2.0241  
-2.38482  -2.00977  
-2.38749  -2.00797  
-2.38044  -2.0227  
-2.37145  -2.02974  
-2.38303  -2.01852  
-2.37497  -2.02641  
-2.36702  -2.02606  
-2.37015  -2.00998  
-2.37571  -2.01966  
-2.37092  -2.00323  
-2.35384  -1.99771  
-2.35537  -2.00147  
-2.34555  -1.9955  
-2.34715  -1.99919  
-2.31312  -2.01188  
-2.30286  -2.01755  
-2.29556  -2.02758  
-2.28176  -2.04894  
-2.28501  -2.05468  
-2.28704  -2.0573  
-2.26317  -2.08558  
-2.2655  -2.08791  
-2.26444  -2.09975  
-2.26671  -2.10186  
-2.29384  -2.0926  
-2.29661  -2.09175  
-2.29843  -2.09383  
-2.29989  -2.09213  
-2.30348  -2.08057  
-2.30802  -2.09286  
-2.30048  -2.09071  
-2.30679  -2.09645  
-2.29211  -2.11105  
-2.29381  -2.11276  
-2.27849  -2.12788  
-2.27766  -2.13827  
-2.27623  -2.15803  
-2.27184  -2.17157  
-2.272  -2.16262  
-2.26733  -2.17641  
-2.26865  -2.17717  
-2.26461  -2.18407  
-2.2664  -2.18482  
-2.27394  -2.18179  
-2.27314  -2.18901  
-2.27627  -2.18325  
-2.2707  -2.18155  
-2.27566  -2.18638  
-2.27943  -2.18829  
-2.27226  -2.21096  
-2.27476  -2.21465  
-2.28279  -2.22581  
-2.2829  -2.23748  
-2.28412  -2.23761  
-2.2907  -2.23902  
-2.29711  -2.24566  
-2.29666  -2.25132  
-2.30478  -2.25188  
-2.30714  -2.25148  
-2.32067  -2.23409  
-2.32067  -2.23409  
-2.33048  -2.23063  
-2.32704  -2.2286  
-2.33581  -2.22583  
-2.33127  -2.23421  
-2.33127  -2.23421  
-2.33605  -2.22914  
-2.32643  -2.23469  
-2.32699  -2.23487  
-2.31259  -2.24686  
-2.31259  -2.24686  
-2.31053  -2.24652  
-2.31124  -2.24656  
-2.29629  -2.222  
-2.29715  -2.22232  
-2.31062  -2.21938  
-2.29544  -2.20268  
-2.29629  -2.20318  
-2.2927  -2.18637  
-2.29354  -2.18707  
-2.29072  -2.197  
-2.27745  -2.19992  
-2.27841  -2.20048  
-2.27294  -2.20664  
-2.27393  -2.20711  
-2.25725  -2.20746  
-2.26522  -2.21086  
-2.26094  -2.21784  
-2.26761  -2.22138  
-2.27027  -2.21244  
-2.2694  -2.20457  
-2.27421  -2.1995  
-2.27508  -2.20002  
-2.27998  -2.20344  
-2.28166  -2.20352  
-2.28757  -2.20659  
-2.28623  -2.2063  
-2.2869  -2.20672  
-2.28489  -2.20601  
-2.28556  -2.20644  
-2.29035  -2.21713  
-2.29035  -2.21713  
-2.28841  -2.21656  
-2.28767  -2.21656  
-2.28767  -2.21656  
-2.28633  -2.21627  
-2.28633  -2.21627  
-2.28979  -2.20854  
-2.28572  -2.20648  
-2.28629  -2.20685  
-2.2866  -2.21745  
-2.28232  -2.21541  
-2.27671  -2.21344  
-2.26969  -2.21045  
-2.26969  -2.21045  
-2.25898  -2.20605  
-2.25132  -2.21053  
-2.25215  -2.21083  
-2.25449  -2.21278  
-2.24603  -2.20901  
-2.2456  -2.2011  
-2.24649  -2.20153  
-2.24293  -2.20054  
-2.24382  -2.20096  
-2.24115  -2.2004  
-2.24202  -2.20082  
-2.23516  -2.19826  
-2.23715  -2.19956  
-2.23802  -2.19998  
-2.23918  -2.20088  
-2.23581  -2.19928  
-2.23784  -2.2006  
-2.24109  -2.20249  
-2.24187  -2.20286  
-2.24701  -2.20565  
-2.2477  -2.20598  
-2.25372  -2.20918  
-2.26947  -2.20683  
-2.26989  -2.20713  
-2.2703  -2.20742  
-2.26592  -2.21568  
-2.27387  -2.21945  
-2.2742  -2.2196  
-2.27388  -2.22926  
-2.2742  -2.22931  
-2.27255  -2.22898  
-2.28082  -2.23279  
-2.28082  -2.23279  
-2.27357  -2.24565  
-2.27209  -2.24632  
-2.28946  -2.2368  
-2.28946  -2.2368  
-2.28992  -2.23664  
-2.29551  -2.23208  
-2.29555  -2.23209  
-2.30356  -2.23589  
-2.3035  -2.23586  
-2.3033  -2.23574  
-2.30538  -2.22861  
-2.30538  -2.22861  
-2.29655  -2.24229  
-2.29655  -2.24229  
-2.29655  -2.24229  
-2.29674  -2.24155  
-2.29657  -2.2422  
-2.29674  -2.24155  
-2.29655  -2.24229  
-2.29655  -2.24229  
-2.29655  -2.24229  
-2.29394  -2.25101  
-2.29427  -2.24972  
-2.29574  -2.24383  
-2.2959  -2.24318  
-2.29572  -2.24392  
-2.29574  -2.24383  
-2.29572  -2.24392  
-2.29574  -2.24383  
-2.29572  -2.24392  
-2.30692  -2.24074  
-2.30682  -2.24069  
-2.30682  -2.24069  
-2.30682  -2.24069  
-2.30682  -2.24069  
-2.30682  -2.24069  
-2.30645  -2.24051  
-2.30427  -2.24964  
-2.30419  -2.2495  
-2.30419  -2.2495  
-2.30419  -2.2495  
-2.2963  -2.24549  
-2.29621  -2.24583  
-2.29621  -2.24583  
-2.29621  -2.24583  
-2.29621  -2.24583  
-2.29624  -2.24574  
-2.29624  -2.24574  
-2.29804  -2.23856  
-2.29804  -2.23856  
-2.29804  -2.23856  
-2.29804  -2.23856  
-2.29804  -2.23856  
-2.29804  -2.23856  
-2.29804  -2.23856  
-2.28895  -2.23461  
-2.28904  -2.23465  
-2.28885  -2.23456  
-2.28895  -2.23461  
-2.29181  -2.22645  
-2.29139  -2.2257  
-2.29146  -2.22583  
-2.29168  -2.22621  
-2.29139  -2.2257  
-2.29168  -2.22621  
-2.28998  -2.22528  
-2.29006  -2.22542  
-2.28998  -2.22528  
-2.29006  -2.22542  
-2.28898  -2.23294  
-2.28898  -2.23294  
-2.28826  -2.2326  
-2.28816  -2.23255  
-2.28826  -2.2326  
-2.28046  -2.23871  
-2.28915  -2.24203  
-2.28852  -2.24251  
-2.28915  -2.24203  
-2.28852  -2.24251  
-2.28852  -2.24251  
-2.28852  -2.24251  
-2.2886  -2.24245  
-2.28852  -2.24251  
-2.2886  -2.24245  
-2.2947  -2.23775  
-2.2947  -2.23775  
-2.28736  -2.24362  
-2.27779  -2.2398  
-2.27796  -2.23979  
-2.27779  -2.2398  
-2.27796  -2.23979  
-2.26052  -2.24188  
-2.25158  -2.23782  
-2.25158  -2.23782  
-2.24229  -2.23379  
-2.23299  -2.22976  
-2.22913  -2.2208  
-2.2267  -2.21915  
-2.2278  -2.22052  
-2.21616  -2.21497  
-2.1996  -2.2083  
-2.19766  -2.20732  
-2.19464  -2.19935  
-2.18542  -2.19537  
-2.18339  -2.19513  
-2.17226  -2.19025  
-2.15986  -2.17569  
-2.16118  -2.1764  
-2.14779  -2.17109  
-2.13857  -2.16758  
-2.14655  -2.17132  
-2.13306  -2.16598  
-2.13458  -2.16678  
-2.13849  -2.16924  
-2.13583  -2.16871  
-2.13725  -2.16947  
-2.13327  -2.17588  
-2.13646  -2.17738  
-2.14519  -2.18182  
-2.14727  -2.1835  
-2.14847  -2.18406  
-2.15541  -2.17786  
-2.15648  -2.17846  
-2.15276  -2.17733  
-2.14439  -2.17495  
-2.1512  -2.17741  
-2.14856  -2.17689  
-2.13924  -2.17289  
-2.12995  -2.15957  
-2.13117  -2.16033  
-2.12568  -2.14894  
-2.12692  -2.14981  
-2.11191  -2.15161  
-2.09195  -2.14338  
-2.09351  -2.1443  
-2.09067  -2.1338  
-2.08298  -2.13087  
-2.08348  -2.12181  
-2.06959  -2.12454  
-2.06199  -2.12166  
-2.051  -2.12659  
-2.04256  -2.12164  
-2.04559  -2.11651  
-2.04987  -2.11687  
-2.04236  -2.11404  
-2.04245  -2.11318  
-2.04432  -2.11433  
-2.03488  -2.11098  
-2.04672  -2.10818  
-2.04872  -2.10635  
-2.05115  -2.1082  
-2.0528  -2.10934  
-2.05074  -2.11703  
-2.05074  -2.11703  
-2.06037  -2.11434  
-2.06168  -2.12113  
-2.06311  -2.12208  
-2.07474  -2.13618  
-2.06465  -2.13969  
-2.06598  -2.14039  
-2.0796  -2.14697  
-2.0714  -2.14363  
-2.08513  -2.15024  
-2.08513  -2.15024  
-2.07803  -2.15531  
-2.07543  -2.15483  
-2.07369  -2.15402  
-2.07109  -2.15354  
-2.07793  -2.15706  
-2.07893  -2.15752  
-2.06893  -2.15362  
-2.0683  -2.15333  
-2.05772  -2.14953  
-2.05637  -2.1489  
-2.04312  -2.14388  
-2.04955  -2.1379  
-2.04955  -2.1379  
-2.04151  -2.13465  
-2.03235  -2.14142  
-2.03071  -2.13176  
-2.03205  -2.13246  
-2.02787  -2.12205  
-2.0292  -2.12284  
-2.02532  -2.12214  
-2.02507  -2.11317  
-2.02179  -2.12029  
-2.0302  -2.11532  
-2.02916  -2.1143  
-2.02839  -2.1067  
-2.03725  -2.10157  
-2.03262  -2.09748  
-2.03379  -2.09848  
-2.03716  -2.10037  
-2.04575  -2.09766  
-2.04685  -2.10121  
-2.05059  -2.08986  
-2.05134  -2.08551  
-2.04877  -2.08255  
-2.0462  -2.07846  
-2.04774  -2.08068  
-2.05105  -2.07067  
-2.05322  -2.0724  
-2.05589  -2.06287  
-2.05487  -2.061  
-2.05039  -2.05973  
-2.04679  -2.0541  
-2.03935  -2.051  
-2.03744  -2.04698  
-2.03941  -2.03836  
-2.03941  -2.03836  
-2.02873  -2.03148  
-2.02925  -2.03086  
-2.02246  -2.02827  
-2.00431  -2.01627  
-2.00431  -2.01627  
-1.99417  -2.00879  
-1.99289  -2.00858  
-1.98591  -2.00336  
-1.97236  -1.99527  
-1.97235  -1.98687  
-1.96875  -1.98138  
-1.97036  -1.98315  
-1.95645  -1.97536  
-1.95447  -1.97165  
-1.95618  -1.97347  
-1.95089  -1.95777  
-1.95262  -1.9597  
-1.95543  -1.94765  
-1.95757  -1.94172  
-1.95325  -1.93752  
-1.95929  -1.93404  
-1.95158  -1.93217  
-1.96292  -1.9256  
-1.97406  -1.9319  
-1.97034  -1.92587  
-1.97924  -1.92247  
-1.97934  -1.92653  
-1.98735  -1.93334  
-1.98816  -1.91818  
-2.00526  -1.91848  
-2.00356  -1.92004  
-2.00521  -1.92336  
-2.01209  -1.91177  
-2.00972  -1.91972  
-2.00847  -1.91953  
-2.0165  -1.91655  
-2.01731  -1.91835  
-2.00963  -1.91786  
-2.01051  -1.9196  
-2.01517  -1.92549  
-2.01654  -1.92383  
-2.02452  -1.92758  
-2.02046  -1.91998  
-2.01124  -1.91604  
-2.02782  -1.91654  
-2.02255  -1.91847  
-2.01147  -1.91924  
-2.01632  -1.91933  
-2.00997  -1.91426  
-2.00008  -1.91802  
-1.99447  -1.92001  
-1.99545  -1.92143  
-1.98259  -1.94025  
-1.99055  -1.944  
-1.97429  -1.94297  
-1.97305  -1.94279  
-1.95578  -1.95068  
-1.94055  -1.95228  
-1.94852  -1.95603  
-1.92947  -1.95627  
-1.92947  -1.95627  
-1.91829  -1.96015  
-1.90182  -1.95271  
-1.90364  -1.95365  
-1.88257  -1.95298  
-1.88457  -1.95391  
-1.87682  -1.96132  
-1.87076  -1.95068  
-1.86143  -1.94672  
-1.85646  -1.94603  
-1.8586  -1.94702  
-1.8434  -1.94156  
-1.84214  -1.93349  
-1.83812  -1.93088  
-1.82605  -1.93745  
-1.82101  -1.9352  
-1.81635  -1.91709  
-1.81632  -1.91114  
-1.80736  -1.91255  
-1.79327  -1.91014  
-1.80211  -1.90295  
-1.80142  -1.89786  
-1.79225  -1.89007  
-1.78549  -1.88772  
-1.79041  -1.87657  
-1.79507  -1.85735  
-1.79331  -1.85274  
-1.8003  -1.83869  
-1.79096  -1.83478  
-1.79483  -1.81888  
-1.80482  -1.81489  
-1.79031  -1.80505  
-1.80133  -1.79036  
-1.80348  -1.79278  
-1.79872  -1.78508  
-1.80087  -1.7875  
-1.79519  -1.77365  
-1.79731  -1.77611  
-1.78561  -1.76703  
-1.78777  -1.76948  
-1.78304  -1.76178  
-1.77618  -1.76046  
-1.78879  -1.74398  
-1.76896  -1.73765  
-1.77126  -1.7403  
-1.74954  -1.73478  
-1.752  -1.73742  
-1.72969  -1.73032  
-1.72335  -1.72553  
-1.71685  -1.72437  
-1.70829  -1.71637  
-1.71108  -1.71907  
-1.68707  -1.72079  
-1.69005  -1.72339  
-1.66799  -1.72795  
-1.67112  -1.73043  
-1.6738  -1.73034  
-1.66776  -1.72897  
-1.66325  -1.72848  
-1.66736  -1.73171  
-1.66123  -1.73024  
-1.64797  -1.72905  
-1.65114  -1.73138  
-1.64933  -1.73059  
-1.64003  -1.72715  
-1.64003  -1.72715  
-1.63321  -1.73126  
-1.64133  -1.73503  
-1.63105  -1.74922  
-1.61686  -1.75592  
-1.6189  -1.75349  
-1.61866  -1.75722  
-1.6246  -1.7638  
-1.62724  -1.76548  
-1.63019  -1.76721  
-1.62817  -1.76814  
-1.63109  -1.77698  
-1.62188  -1.77318  
-1.64214  -1.77364  
-1.64474  -1.77522  
-1.64717  -1.77553  
-1.64501  -1.77668  
-1.64746  -1.77818  
-1.6557  -1.7808  
-1.65801  -1.78223  
-1.66181  -1.78399  
-1.66396  -1.78535  
-1.65905  -1.79203  
-1.66884  -1.78716  
-1.6702  -1.78918  
-1.66114  -1.78497  
-1.66315  -1.78625  
-1.65603  -1.78184  
-1.65808  -1.78315  
-1.65997  -1.77659  
-1.66191  -1.77793  
-1.67073  -1.77093  
-1.65305  -1.77169  
-1.65503  -1.77306  
-1.67197  -1.7627  
-1.67371  -1.76413  
-1.6643  -1.76834  
-1.6661  -1.76972  
-1.66217  -1.76962  
-1.66664  -1.7664  
-1.66755  -1.76857  
-1.65829  -1.77155  
-1.66006  -1.77282  
-1.66781  -1.76059  
-1.65834  -1.77075  
-1.65086  -1.76823  
-1.64792  -1.75788  
-1.64972  -1.75926  
-1.64492  -1.75611  
-1.63752  -1.75374  
-1.63867  -1.75636  
-1.6357  -1.75154  
-1.63755  -1.75294  
-1.63138  -1.75723  
-1.63326  -1.75853  
-1.62572  -1.7585  
-1.63054  -1.74596  
-1.62294  -1.74533  
-1.61157  -1.75131  
-1.61354  -1.75264  
-1.59835  -1.73593  
-1.58654  -1.74083  
-1.57732  -1.7371  
-1.55889  -1.72916  
-1.56136  -1.7307  
-1.54313  -1.73266  
-1.52744  -1.7365  
-1.53407  -1.73028  
-1.51355  -1.73622  
-1.51345  -1.73383  
-1.49957  -1.74041  
-1.49466  -1.73731  
-1.48837  -1.73503  
-1.48233  -1.73684  
-1.47099  -1.73856  
-1.46569  -1.73101  
-1.46398  -1.72101  
-1.46272  -1.72151  
-1.47234  -1.70862  
-1.4753  -1.71032  
-1.47866  -1.7  
-1.47572  -1.69859  
-1.48219  -1.69594  
-1.48677  -1.68099  
-1.48566  -1.68096  
-1.48548  -1.68071  
-1.49066  -1.674  
-1.49373  -1.67415  
-1.48233  -1.67745  
-1.49266  -1.67319  
-1.49635  -1.68192  
-1.49871  -1.68374  
-1.50727  -1.67139  
-1.50991  -1.67545  
-1.51804  -1.67909  
-1.54027  -1.6682  
-1.54206  -1.67007  
-1.53919  -1.67065  
-1.55009  -1.6715  
-1.55125  -1.67709  
-1.55172  -1.6696  
-1.55953  -1.67056  
-1.56073  -1.67606  
-1.55913  -1.68518  
-1.56911  -1.67992  
-1.55612  -1.67187  
-1.55479  -1.67749  
-1.55561  -1.678  
-1.55771  -1.68413  
-1.54993  -1.68192  
-1.5496  -1.69733  
-1.55108  -1.69862  
-1.56084  -1.69731  
-1.56431  -1.70034  
-1.55805  -1.70508  
-1.57291  -1.72819  
-1.57291  -1.72819  
-1.59366  -1.73525  
-1.59531  -1.73007  
-1.60568  -1.73851  
-1.62095  -1.74106  
-1.6167  -1.74334  
-1.62061  -1.76019  
-1.63228  -1.75805  
-1.64507  -1.76177  
-1.65053  -1.76573  
-1.65736  -1.76756  
-1.65748  -1.76787  
-1.67441  -1.78932  
-1.67433  -1.78938  
-1.67441  -1.78932  
-1.67433  -1.78938  
-1.68959  -1.79646  
-1.69336  -1.7953  
-1.69308  -1.79527  
-1.69939  -1.80767  
-1.69904  -1.8075  
-1.70704  -1.80156  
-1.70661  -1.80145  
-1.70657  -1.7918  
-1.72052  -1.7981  
-1.71996  -1.79802  
-1.72005  -1.78834  
-1.71952  -1.78836  
-1.72548  -1.7989  
-1.72698  -1.79113  
-1.72639  -1.79112  
-1.73493  -1.79681  
-1.73415  -1.80211  
-1.72234  -1.81476  
-1.72182  -1.81448  
-1.71998  -1.82369  
-1.71809  -1.83062  
-1.71809  -1.83062  
-1.70764  -1.8358  
-1.71527  -1.82971  
-1.70263  -1.83302  
-1.69617  -1.83133  
-1.69314  -1.83951  
-1.68369  -1.83801  
-1.68369  -1.83801  
-1.68175  -1.83027  
-1.6817  -1.82989  
-1.68276  -1.83053  
-1.67734  -1.83061  
-1.67118  -1.83529  
-1.66965  -1.83691  
-1.66679  -1.8456  
-1.66513  -1.83633  
-1.68012  -1.8371  
-1.68006  -1.8367  
-1.6761  -1.83301  
-1.68  -1.83691  
-1.68164  -1.82896  
-1.67796  -1.82931  
-1.67793  -1.82902  
-1.67198  -1.82983  
-1.67199  -1.82956  
-1.67383  -1.82282  
-1.66701  -1.82835  
-1.65784  -1.8255  
-1.6562  -1.81585  
-1.65353  -1.82443  
-1.65324  -1.82483  
-1.65739  -1.82718  
-1.64546  -1.83118  
-1.6644  -1.82172  
-1.65242  -1.82617  
-1.65262  -1.826  
-1.66426  -1.82215  
-1.66937  -1.81731  
-1.66486  -1.81583  
-1.66914  -1.80104  
-1.66916  -1.80114  
-1.67291  -1.80202  
-1.6805  -1.79602  
-1.67431  -1.80081  
-1.67706  -1.79494  
-1.68336  -1.78752  
-1.66779  -1.78876  
-1.67548  -1.7826  
-1.67435  -1.78278  
-1.68193  -1.77696  
-1.67088  -1.78179  
-1.65811  -1.7728  
-1.65829  -1.77318  
-1.65646  -1.76314  
-1.65666  -1.76363  
-1.63692  -1.77312  
-1.6352  -1.76383  
-1.62907  -1.7685  
-1.61963  -1.76312  
-1.62024  -1.76359  
-1.61755  -1.75401  
-1.60548  -1.75904  
-1.60391  -1.75865  
-1.59565  -1.75219  
-1.58733  -1.74911  
-1.57988  -1.74618  
-1.58852  -1.74072  
-1.58614  -1.74245  
-1.58568  -1.74467  
-1.5823  -1.74758  
-1.58246  -1.73908  
-1.5834  -1.73979  
-1.57506  -1.74463  
-1.58269  -1.73852  
-1.5822  -1.74816  
-1.56443  -1.74749  
-1.57315  -1.74198  
-1.56993  -1.7415  
-1.57095  -1.74216  
-1.55993  -1.73028  
-1.5674  -1.73195  
-1.54887  -1.73241  
-1.55006  -1.73315  
-1.54959  -1.72393  
-1.55288  -1.72362  
-1.54201  -1.72943  
-1.54442  -1.71151  
-1.54562  -1.71245  
-1.53711  -1.71479  
-1.5357  -1.71576  
-1.54206  -1.70876  
-1.52896  -1.7037  
-1.53749  -1.69625  
-1.52668  -1.69272  
-1.53558  -1.68776  
-1.52586  -1.67292  
-1.52719  -1.67421  
-1.51552  -1.66794  
-1.51387  -1.66647  
-1.51529  -1.6678  
-1.50454  -1.65501  
-1.50388  -1.6513  
-1.50304  -1.6489  
-1.49953  -1.63863  
-1.5011  -1.64023  
-1.48813  -1.64921  
-1.4898  -1.65067  
-1.47703  -1.63565  
-1.45494  -1.62562  
-1.46267  -1.61942  
-1.43072  -1.61436  
-1.43894  -1.61802  
-1.41292  -1.60619  
-1.41292  -1.60619  
-1.40603  -1.59812  
-1.39955  -1.59069  
-1.3929  -1.58911  
-1.38802  -1.59418  
-1.38144  -1.59255  
-1.37743  -1.59278  
-1.37972  -1.59101  
-1.37054  -1.58743  
-1.36556  -1.59258  
-1.36829  -1.59448  
-1.34582  -1.59246  
-1.33455  -1.58599  
-1.33789  -1.58866  
-1.32652  -1.58102  
-1.32332  -1.5839  
-1.31592  -1.57866  
-1.31378  -1.57636  
-1.31118  -1.57691  
-1.31138  -1.5672  
-1.30581  -1.56501  
-1.29625  -1.56802  
-1.29221  -1.56007  
-1.28622  -1.55867  
-1.27463  -1.56015  
-1.27439  -1.56216  
-1.26511  -1.55678  
-1.24963  -1.56138  
-1.25315  -1.56347  
-1.23774  -1.56496  
-1.24134  -1.56699  
-1.23614  -1.57559  
-1.23963  -1.57747  
-1.23974  -1.578  
-1.24313  -1.57983  
-1.23458  -1.5866  
-1.2243  -1.59146  
-1.22775  -1.59314  
-1.22228  -1.58566  
-1.20436  -1.5872  
-1.20792  -1.58892  
-1.19721  -1.58766  
-1.20077  -1.58937  
-1.17564  -1.58919  
-1.17938  -1.59089  
-1.17777  -1.59315  
-1.16443  -1.58996  
-1.16818  -1.59165  
-1.15937  -1.5986  
-1.16358  -1.60243  
-1.1543  -1.59897  
-1.14905  -1.59977  
-1.14338  -1.59786  
-1.14171  -1.59977  
-1.13017  -1.59738  
-1.12499  -1.5957  
-1.11497  -1.59498  
-1.11887  -1.59664  
-1.10793  -1.59556  
-1.11183  -1.59722  
-1.10089  -1.59616  
-1.09558  -1.59443  
-1.09079  -1.58877  
-1.07553  -1.5927  
-1.0796  -1.59441  
-1.06335  -1.59169  
-1.06752  -1.59344  
-1.04729  -1.58908  
-1.05389  -1.58569  
-1.04986  -1.58328  
-1.0419  -1.58407  
-1.03674  -1.58253  
-1.03287  -1.57473  
-1.02349  -1.57135  
-1.03374  -1.57041  
-1.03316  -1.57144  
-1.03728  -1.57342  
-1.03476  -1.57572  
-1.02939  -1.57429  
-1.00211  -1.5757  
-0.996408  -1.57301  
-0.998718  -1.57634  
-0.993573  -1.57492  
-0.990341  -1.56767  
-0.974987  -1.57136  
-0.974007  -1.57148  
-0.958512  -1.56104  
-0.959335  -1.55115  
-0.950031  -1.54279  
-0.945212  -1.54179  
-0.946825  -1.5436  
-0.94501  -1.5372  
-0.944038  -1.53734  
-0.937395  -1.52742  
-0.936425  -1.52756  
-0.932134  -1.52008  
-0.923995  -1.51851  
-0.929102  -1.51952  
-0.918447  -1.51712  
-0.926099  -1.52021  
-0.922431  -1.5121  
-0.904838  -1.50648  
-0.899971  -1.50585  
-0.891083  -1.50163  
-0.889753  -1.50176  
-0.900263  -1.49885  
-0.894727  -1.4963  
-0.883876  -1.5043  
-0.886886  -1.50349  
-0.881967  -1.50285  
-0.881521  -1.50158  
-0.871829  -1.49884  
-0.879447  -1.50635  
-0.88121  -1.51273  
-0.871603  -1.50943  
-0.857517  -1.50459  
-0.866083  -1.50801  
-0.859286  -1.508  
-0.863793  -1.5105  
-0.855645  -1.51573  
-0.850716  -1.51493  
-0.850124  -1.51422  
-0.844544  -1.51526  
-0.839614  -1.51446  
-0.842333  -1.51772  
-0.837396  -1.5169  
-0.835529  -1.52664  
-0.837879  -1.52564  
-0.827595  -1.51653  
-0.826873  -1.51437  
-0.821839  -1.51356  
-0.808072  -1.5087  
-0.812748  -1.51116  
-0.816442  -1.50184  
-0.805427  -1.50137  
-0.80635  -1.49575  
-0.800081  -1.48632  
-0.799169  -1.48652  
-0.794781  -1.48502  
-0.799126  -1.47868  
-0.80366  -1.48143  
-0.799148  -1.4889  
-0.79489  -1.48688  
-0.807491  -1.48286  
-0.813417  -1.48579  
-0.808064  -1.48522  
-0.803632  -1.48218  
-0.815971  -1.47888  
-0.809069  -1.47149  
-0.800757  -1.47371  
-0.803812  -1.47352  
-0.784394  -1.46776  
-0.791893  -1.4622  
-0.79063  -1.46832  
-0.774416  -1.45736  
-0.780428  -1.45648  
-0.769361  -1.45628  
-0.76144  -1.45171  
-0.763183  -1.44938  
-0.747952  -1.45288  
-0.742957  -1.45257  
-0.741441  -1.44268  
-0.746067  -1.44562  
-0.735033  -1.43317  
-0.739632  -1.43617  
-0.738198  -1.42627  
-0.733233  -1.42622  
-0.724472  -1.42089  
-0.717553  -1.41851  
-0.722235  -1.42161  
-0.718374  -1.41631  
-0.71347  -1.41632  
-0.711396  -1.40795  
-0.714374  -1.41654  
-0.725012  -1.41758  
-0.725416  -1.4113  
-0.724558  -1.41155  
-0.744714  -1.41807  
-0.735128  -1.41495  
-0.741502  -1.40563  
-0.747065  -1.40852  
-0.746218  -1.40877  
-0.753267  -1.4003  
-0.751346  -1.39839  
-0.746064  -1.39545  
-0.745897  -1.38521  
-0.745056  -1.38547  
-0.733583  -1.37982  
-0.728215  -1.38  
-0.726946  -1.38451  
-0.720027  -1.37172  
-0.728869  -1.37513  
-0.714074  -1.36728  
-0.71324  -1.36755  
-0.710691  -1.36539  
-0.69881  -1.35377  
-0.690916  -1.35888  
-0.692523  -1.34978  
-0.690309  -1.3479  
-0.673458  -1.34197  
-0.667622  -1.33863  
-0.662827  -1.3391  
-0.660368  -1.33524  
-0.65166  -1.33271  
-0.663442  -1.31964  
-0.667933  -1.31615  
-0.663097  -1.31679  
-0.662342  -1.3216  
-0.65753  -1.32215  
-0.669298  -1.3061  
-0.685254  -1.30669  
-0.686262  -1.31033  
-0.684566  -1.31013  
-0.693292  -1.31349  
-0.672649  -1.31997  
-0.681377  -1.32332  
-0.67795  -1.31955  
-0.682338  -1.3191  
-0.685264  -1.31357  
-0.695668  -1.32124  
-0.686152  -1.3182  
-0.693817  -1.31843  
-0.697954  -1.32175  
-0.706674  -1.31842  
-0.707975  -1.30909  
-0.71197  -1.3125  
-0.720151  -1.31249  
-0.712928  -1.31719  
-0.727753  -1.31214  
-0.737786  -1.31077  
-0.741397  -1.31404  
-0.742941  -1.31746  
-0.745052  -1.31165  
-0.763383  -1.30279  
-0.761298  -1.30511  
-0.775596  -1.30669  
-0.782926  -1.31233  
-0.784573  -1.30643  
-0.800109  -1.30611  
-0.794501  -1.30708  
-0.782717  -1.30636  
-0.786187  -1.30077  
-0.791823  -1.30617  
-0.785255  -1.31204  
-0.778837  -1.3146  
-0.765556  -1.31548  
-0.763136  -1.31389  
-0.757833  -1.31795  
-0.748203  -1.31287  
-0.757676  -1.313  
-0.760993  -1.31584  
-0.772448  -1.31676  
-0.762045  -1.32163  
-0.756816  -1.3161  
-0.757058  -1.31554  
-0.756315  -1.31588  
-0.774163  -1.32007  
-0.764666  -1.31701  
-0.765831  -1.32888  
-0.765322  -1.3275  
-0.767434  -1.33027  
-0.76846  -1.33708  
-0.767727  -1.33742  
-0.777522  -1.34762  
-0.768958  -1.35224  
-0.771999  -1.35445  
-0.774857  -1.35616  
-0.773023  -1.36117  
-0.769499  -1.3674  
-0.770446  -1.37507  
-0.773405  -1.37699  
-0.767418  -1.37357  
-0.766697  -1.37391  
-0.766908  -1.38182  
-0.766188  -1.38216  
-0.763447  -1.38832  
-0.774496  -1.39292  
-0.774496  -1.39292  
-0.790545  -1.39945  
-0.781158  -1.39645  
-0.791012  -1.39167  
-0.784283  -1.39038  
-0.7791  -1.39913  
-0.770513  -1.41193  
-0.76386  -1.41042  
-0.757572  -1.40012  
-0.760458  -1.40174  
-0.755586  -1.40033  
-0.739804  -1.39515  
-0.748503  -1.39848  
-0.751106  -1.40519  
-0.740905  -1.40428  
-0.755823  -1.40195  
-0.772508  -1.39353  
-0.775127  -1.39521  
-0.781662  -1.40493  
-0.77474  -1.40349  
-0.780931  -1.3966  
-0.786532  -1.39912  
-0.788935  -1.40072  
-0.784595  -1.39936  
-0.787  -1.40096  
-0.784965  -1.40739  
-0.778566  -1.41169  
-0.766843  -1.40984  
-0.768014  -1.40926  
-0.76519  -1.41254  
-0.767621  -1.41393  
-0.759004  -1.41338  
-0.755246  -1.41466  
-0.753333  -1.41492  
-0.755985  -1.41636  
-0.751424  -1.41518  
-0.744653  -1.41365  
-0.750975  -1.41217  
-0.745304  -1.40796  
-0.747988  -1.40949  
-0.73597  -1.40716  
-0.738698  -1.4087  
-0.727474  -1.40606  
-0.72887  -1.39897  
-0.721322  -1.39597  
-0.714851  -1.39472  
-0.718748  -1.39663  
-0.718243  -1.39621  
-0.721109  -1.39788  
-0.725125  -1.39984  
-0.718546  -1.39855  
-0.741614  -1.40077  
-0.744873  -1.40465  
-0.747608  -1.40089  
-0.756653  -1.40958  
-0.763976  -1.41367  
-0.763459  -1.41256  
-0.77119  -1.41657  
-0.77119  -1.41657  
-0.763231  -1.41942  
-0.771531  -1.4183  
-0.777458  -1.41695  
-0.777448  -1.41866  
-0.770078  -1.41708  
-0.757204  -1.41265  
-0.759489  -1.4141  
-0.756896  -1.40529  
-0.765664  -1.40861  
-0.747075  -1.40516  
-0.752292  -1.40369  
-0.753165  -1.39646  
-0.742469  -1.39955  
-0.744893  -1.40114  
-0.740197  -1.39435  
-0.732098  -1.38885  
-0.73806  -1.39102  
-0.728251  -1.3869  
-0.730814  -1.38863  
-0.71814  -1.3773  
-0.70223  -1.37869  
-0.690977  -1.37614  
-0.693908  -1.37799  
-0.690071  -1.37539  
-0.679494  -1.37247  
-0.682533  -1.37436  
-0.6754  -1.37996  
-0.66911  -1.37887  
-0.680309  -1.3753  
-0.668917  -1.37816  
-0.67206  -1.38001  
-0.676313  -1.3744  
-0.66819  -1.37206  
-0.65654  -1.37478  
-0.663833  -1.37865  
-0.666978  -1.3805  
-0.664859  -1.3711  
-0.667981  -1.37303  
-0.671441  -1.37327  
-0.679026  -1.37592  
-0.683644  -1.37897  
-0.692683  -1.37109  
-0.69545  -1.37298  
-0.707302  -1.36939  
-0.709861  -1.37169  
-0.715792  -1.37239  
-0.710255  -1.37905  
-0.716426  -1.38053  
-0.734717  -1.38574  
-0.734341  -1.38626  
-0.743212  -1.38875  
-0.743409  -1.39623  
-0.750699  -1.39748  
-0.756077  -1.40002  
-0.7605  -1.40823  
-0.752946  -1.4067  
-0.747454  -1.40444  
-0.75126  -1.40715  
-0.738642  -1.40078  
-0.730245  -1.39806  
-0.730245  -1.39806  
-0.713098  -1.39953  
-0.715503  -1.40102  
-0.713025  -1.39239  
-0.713025  -1.39239  
-0.717827  -1.39461  
-0.717435  -1.39429  
-0.71976  -1.39583  
-0.718128  -1.40245  
-0.728424  -1.39809  
-0.727344  -1.40068  
-0.726142  -1.3975  
-0.726376  -1.39826  
-0.725503  -1.40452  
-0.718245  -1.40303  
-0.731929  -1.39915  
-0.730635  -1.39789  
-0.721998  -1.39591  
-0.723098  -1.40228  
-0.723133  -1.39074  
-0.725222  -1.39222  
-0.706782  -1.38969  
-0.70542  -1.38972  
-0.704551  -1.38179  
-0.702313  -1.38144  
-0.697018  -1.3862  
-0.699669  -1.3783  
-0.69062  -1.37611  
-0.705465  -1.37341  
-0.703421  -1.37237  
-0.695346  -1.37184  
-0.710217  -1.36571  
-0.703087  -1.36463  
-0.692934  -1.36117  
-0.695399  -1.36301  
-0.675625  -1.34774  
-0.686232  -1.34399  
-0.655447  -1.34736  
-0.645012  -1.34462  
-0.655979  -1.34091  
-0.642004  -1.34516  
-0.632454  -1.34537  
-0.637401  -1.33445  
-0.640484  -1.33659  
-0.640224  -1.33903  
-0.63243  -1.34678  
-0.635586  -1.34879  
-0.637681  -1.34234  
-0.640757  -1.3444  
-0.619921  -1.34194  
-0.630009  -1.34142  
-0.6199  -1.33804  
-0.61801  -1.3437  
-0.611826  -1.34289  
-0.616727  -1.3436  
-0.619997  -1.34565  
-0.613277  -1.34812  
-0.627223  -1.34859  
-0.617771  -1.34573  
-0.623604  -1.35565  
-0.626737  -1.35756  
-0.631911  -1.35847  
-0.620831  -1.35561  
-0.630348  -1.35907  
-0.628245  -1.3581  
-0.62016  -1.35568  
-0.626106  -1.35088  
-0.618326  -1.34123  
-0.621228  -1.34753  
-0.617094  -1.34118  
-0.608051  -1.33696  
-0.599164  -1.3356  
-0.604474  -1.3284  
-0.598296  -1.32778  
-0.578781  -1.32163  
-0.578153  -1.32206  
-0.562963  -1.30768  
-0.557249  -1.30732  
-0.546404  -1.32031  
-0.543445  -1.31226  
-0.537914  -1.31187  
-0.535338  -1.30327  
-0.525862  -1.30044  
-0.530417  -1.30005  
-0.537059  -1.2949  
-0.531589  -1.2947  
-0.528059  -1.30009  
-0.540238  -1.29691  
-0.538353  -1.29407  
-0.543718  -1.28981  
-0.543957  -1.2931  
-0.540644  -1.29849  
-0.543158  -1.29249  
-0.551833  -1.29472  
-0.551833  -1.29472  
-0.556612  -1.3016  
-0.552533  -1.30189  
-0.546868  -1.30159  
-0.572523  -1.30021  
-0.566625  -1.29992  
-0.573144  -1.30822  
-0.586721  -1.31105  
-0.589983  -1.31339  
-0.587967  -1.31861  
-0.587967  -1.31861  
-0.59631  -1.3215  
-0.594035  -1.32752  
-0.597211  -1.32969  
-0.599185  -1.32647  
-0.592863  -1.32582  
-0.607046  -1.32985  
-0.603403  -1.32391  
-0.602912  -1.32829  
-0.601832  -1.32838  
-0.595455  -1.3277  
-0.584153  -1.31598  
-0.592991  -1.31924  
-0.592638  -1.30898  
-0.584603  -1.31553  
-0.586474  -1.30925  
-0.576579  -1.30611  
-0.586987  -1.30784  
-0.579214  -1.30354  
-0.597488  -1.29473  
-0.600605  -1.2972  
-0.603678  -1.3049  
-0.603678  -1.3049  
-0.604202  -1.30351  
-0.617452  -1.30492  
-0.613284  -1.30603  
-0.620364  -1.30036  
-0.604292  -1.30181  
-0.61138  -1.29615  
-0.593606  -1.31374  
-0.604772  -1.3102  
-0.599479  -1.31094  
-0.599131  -1.30783  
-0.59369  -1.30047  
-0.576428  -1.3142  
-0.570338  -1.31361  
-0.576397  -1.31331  
-0.570309  -1.31271  
-0.584424  -1.31874  
-0.569122  -1.3204  
-0.580157  -1.30864  
-0.578829  -1.31364  
-0.572691  -1.31304  
-0.561766  -1.31526  
-0.565229  -1.31743  
-0.573651  -1.31012  
-0.570688  -1.30687  
-0.580706  -1.31445  
-0.570798  -1.31136  
-0.577937  -1.30928  
-0.579927  -1.31391  
-0.576966  -1.30948  
-0.577562  -1.3055  
-0.568958  -1.30568  
-0.579844  -1.31165  
-0.573903  -1.31112  
-0.569361  -1.31301  
-0.580459  -1.31597  
-0.568406  -1.31322  
-0.586011  -1.31612  
-0.586011  -1.31612  
-0.585467  -1.32598  
-0.588844  -1.33247  
-0.596205  -1.32111  
-0.597582  -1.32824  
-0.608838  -1.33086  
-0.600382  -1.33639  
-0.603269  -1.33828  
-0.594321  -1.34422  
-0.597219  -1.34602  
-0.589177  -1.34153  
-0.582837  -1.34062  
-0.580804  -1.34701  
-0.578217  -1.35409  
-0.571975  -1.35305  
-0.579553  -1.34721  
-0.582589  -1.34898  
-0.572541  -1.34916  
-0.567732  -1.35839  
-0.582753  -1.35029  
-0.566665  -1.35872  
-0.567821  -1.35486  
-0.563611  -1.35221  
-0.561318  -1.35407  
-0.555777  -1.35373  
-0.54415  -1.34853  
-0.542447  -1.349  
-0.53363  -1.34735  
-0.521473  -1.34468  
-0.52757  -1.33373  
-0.535805  -1.34397  
-0.535805  -1.34397  
-0.533042  -1.34183  
-0.554972  -1.34349  
-0.54875  -1.34266  
-0.563479  -1.34664  
-0.566578  -1.34854  
-0.567053  -1.35491  
-0.580473  -1.34801  
-0.583218  -1.3498  
-0.578174  -1.35834  
-0.590489  -1.35716  
-0.591917  -1.35555  
-0.607439  -1.35243  
-0.597699  -1.34909  
-0.61121  -1.35255  
-0.611265  -1.35203  
-0.622462  -1.34756  
-0.631314  -1.35078  
-0.619847  -1.35669  
-0.627698  -1.35617  
-0.627698  -1.35617  
-0.633874  -1.36659  
-0.637068  -1.35843  
-0.629897  -1.36631  
-0.627601  -1.3698  
-0.627601  -1.3698  
-0.630693  -1.36976  
-0.623539  -1.36857  
-0.625059  -1.37003  
-0.627364  -1.3716  
-0.614693  -1.36771  
-0.620664  -1.36879  
-0.613613  -1.36762  
-0.600781  -1.36369  
-0.60336  -1.36535  
-0.593524  -1.35832  
-0.590619  -1.35932  
-0.592983  -1.35315  
-0.583914  -1.36572  
-0.588376  -1.36226  
-0.589975  -1.36138  
-0.585035  -1.36986  
-0.584479  -1.37034  
-0.600545  -1.36837  
-0.59113  -1.36563  
-0.596941  -1.37645  
-0.599476  -1.37796  
-0.591674  -1.38303  
-0.58502  -1.38178  
-0.585766  -1.38373  
-0.58837  -1.38516  
-0.572846  -1.3908  
-0.582585  -1.39193  
-0.585226  -1.39331  
-0.56914  -1.3978  
-0.571914  -1.39914  
-0.570154  -1.40075  
-0.569355  -1.39634  
-0.571951  -1.40165  
-0.58106  -1.40201  
-0.579624  -1.40574  
-0.591879  -1.40391  
-0.5863  -1.40724  
-0.583647  -1.40953  
-0.593734  -1.41057  
-0.599547  -1.40188  
-0.599969  -1.40618  
-0.611189  -1.41557  
-0.613393  -1.41676  
-0.612195  -1.41765  
-0.614345  -1.41881  
-0.611537  -1.41805  
-0.604353  -1.41652  
-0.618358  -1.41331  
-0.620429  -1.41452  
-0.608261  -1.41099  
-0.617588  -1.41366  
-0.610326  -1.41217  
-0.616846  -1.40127  
-0.624076  -1.40077  
-0.626094  -1.40215  
-0.629687  -1.40286  
-0.616003  -1.39983  
-0.614468  -1.40459  
-0.621326  -1.40423  
-0.630966  -1.40008  
-0.620599  -1.40017  
-0.615555  -1.39959  
-0.612707  -1.4071  
-0.612707  -1.4071  
-0.611682  -1.40947  
-0.609259  -1.40661  
-0.611413  -1.40794  
-0.601323  -1.40564  
-0.609344  -1.40001  
-0.589034  -1.41042  
-0.582034  -1.40902  
-0.581704  -1.4004  
-0.581599  -1.40035  
-0.572149  -1.39762  
-0.570088  -1.38971  
-0.578997  -1.39292  
-0.565497  -1.40464  
-0.573115  -1.39355  
-0.566601  -1.39766  
-0.577444  -1.38697  
-0.584152  -1.38947  
-0.583623  -1.38784  
-0.582982  -1.38828  
-0.574401  -1.38661  
-0.588709  -1.38444  
-0.583649  -1.38923  
-0.582035  -1.37534  
-0.584959  -1.36778  
-0.576378  -1.36977  
-0.584764  -1.36769  
-0.569784  -1.36827  
-0.576471  -1.36469  
-0.561266  -1.36645  
-0.566342  -1.36679  
-0.552977  -1.36346  
-0.557141  -1.36347  
-0.545327  -1.36862  
-0.536041  -1.36665  
-0.5214  -1.3694  
-0.525582  -1.37024  
-0.517509  -1.36795  
-0.511144  -1.35782  
-0.504158  -1.35667  
-0.4947  -1.35396  
-0.494529  -1.35389  
-0.485069  -1.35119  
-0.483333  -1.35262  
-0.500323  -1.35022  
-0.488051  -1.35418  
-0.494112  -1.3486  
-0.503024  -1.3518  
-0.509986  -1.36162  
-0.503813  -1.36089  
-0.520526  -1.37052  
-0.510123  -1.37084  
-0.524215  -1.37112  
-0.519901  -1.36784  
-0.513385  -1.37193  
-0.511133  -1.37386  
-0.511133  -1.37386  
-0.49364  -1.38012  
-0.487524  -1.3807  
-0.486164  -1.38132  
-0.490853  -1.38341  
-0.480453  -1.38143  
-0.472976  -1.38764  
-0.458573  -1.39296  
-0.45276  -1.39198  
-0.446712  -1.39214  
-0.450503  -1.39391  
-0.435696  -1.3885  
-0.428491  -1.39099  
-0.418982  -1.38828  
-0.407752  -1.38702  
-0.407202  -1.38751  
-0.392972  -1.3795  
-0.39242  -1.37999  
-0.389585  -1.38357  
-0.373118  -1.36945  
-0.377605  -1.37161  
-0.383212  -1.36898  
-0.378136  -1.36849  
-0.378429  -1.3637  
-0.37338  -1.3633  
-0.385547  -1.34437  
-0.380428  -1.3442  
-0.381318  -1.33862  
-0.387737  -1.33458  
-0.382568  -1.33455  
-0.400934  -1.32912  
-0.402544  -1.32459  
-0.41152  -1.32777  
-0.417112  -1.33511  
-0.427404  -1.32642  
-0.423006  -1.3387  
-0.435006  -1.33574  
-0.442307  -1.32919  
-0.443285  -1.32926  
-0.445856  -1.33186  
-0.451819  -1.33165  
-0.450662  -1.3372  
-0.444374  -1.33801  
-0.44539  -1.32684  
-0.445529  -1.32223  
-0.421396  -1.32625  
-0.437254  -1.32778  
-0.420821  -1.33987  
-0.420717  -1.33988  
-0.418171  -1.33682  
-0.410819  -1.33851  
-0.386315  -1.33841  
-0.396653  -1.3366  
-0.385758  -1.35202  
-0.37746  -1.3457  
-0.364255  -1.34447  
-0.36821  -1.34142  
-0.363393  -1.34135  
-0.353704  -1.34363  
-0.349638  -1.34078  
-0.351963  -1.34516  
-0.350891  -1.34644  
-0.334824  -1.34777  
-0.34017  -1.3448  
-0.333084  -1.3493  
-0.353835  -1.35066  
-0.3473  -1.35466  
-0.366211  -1.35554  
-0.371938  -1.36623  
-0.371393  -1.36673  
-0.379208  -1.37094  
-0.381995  -1.36519  
-0.39048  -1.36627  
-0.394604  -1.37017  
-0.406982  -1.37285  
-0.404298  -1.38206  
-0.404298  -1.38206  
-0.420766  -1.38029  
-0.420766  -1.38029  
-0.440973  -1.38505  
-0.436032  -1.38823  
-0.437003  -1.3882  
-0.454772  -1.3871  
-0.457262  -1.3916  
-0.465088  -1.39653  
-0.474787  -1.39858  
-0.468286  -1.39793  
-0.470727  -1.39504  
-0.473796  -1.39708  
-0.474978  -1.39308  
-0.472712  -1.38799  
-0.475758  -1.39012  
-0.474988  -1.39536  
-0.476574  -1.38926  
-0.465285  -1.39271  
-0.466071  -1.3882  
-0.451986  -1.38197  
-0.451601  -1.37607  
-0.452816  -1.38112  
-0.421991  -1.37907  
-0.434094  -1.38454  
-0.425972  -1.38098  
-0.424374  -1.373  
-0.426813  -1.38013  
-0.425171  -1.38168  
-0.424636  -1.38219  
-0.437372  -1.38258  
-0.432165  -1.39167  
-0.432165  -1.39167  
-0.450222  -1.38338  
-0.453468  -1.38556  
-0.454304  -1.38472  
-0.45747  -1.38685  
-0.464761  -1.38841  
-0.458453  -1.38792  
-0.457516  -1.39305  
-0.465915  -1.39674  
-0.468962  -1.39877  
-0.47268  -1.38911  
-0.476235  -1.39855  
-0.477935  -1.40426  
-0.477436  -1.40053  
-0.477916  -1.40637  
-0.473783  -1.4128  
-0.479258  -1.41454  
-0.490792  -1.40467  
-0.488668  -1.41126  
-0.486052  -1.41027  
-0.475426  -1.40663  
-0.479338  -1.4144  
-0.472255  -1.41423  
-0.483359  -1.40968  
-0.475647  -1.41325  
-0.473048  -1.41344  
-0.473115  -1.40611  
-0.466276  -1.4047  
-0.475297  -1.4067  
-0.468404  -1.40322  
-0.472494  -1.40081  
-0.463618  -1.40333  
-0.463642  -1.39863  
-0.444218  -1.39819  
-0.455611  -1.39479  
-0.447101  -1.39315  
-0.45009  -1.39279  
-0.442743  -1.39332  
-0.439725  -1.39805  
-0.433606  -1.39749  
-0.434142  -1.39602  
-0.437566  -1.39812  
-0.448024  -1.402  
-0.441503  -1.40771  
-0.450188  -1.40509  
-0.466961  -1.40759  
-0.460513  -1.40691  
-0.467804  -1.41636  
-0.472627  -1.412  
-0.468834  -1.41069  
-0.477612  -1.41401  
-0.477612  -1.41401  
-0.477542  -1.4141  
-0.477542  -1.4141  
-0.469331  -1.41739  
-0.457673  -1.42421  
-0.466626  -1.42734  
-0.466557  -1.42743  
-0.460136  -1.42658  
-0.455479  -1.4264  
-0.458534  -1.42816  
-0.437917  -1.43266  
-0.432257  -1.43477  
-0.435606  -1.43649  
-0.441438  -1.42328  
-0.444683  -1.42513  
-0.429154  -1.42523  
-0.419044  -1.42616  
-0.415605  -1.41793  
-0.419483  -1.42073  
-0.413462  -1.42004  
-0.419069  -1.4066  
-0.419148  -1.40195  
-0.411098  -1.39861  
-0.408333  -1.40627  
-0.408815  -1.40586  
-0.401592  -1.39772  
-0.400966  -1.39822  
-0.405933  -1.38497  
-0.39646  -1.38555  
-0.395851  -1.383  
-0.385644  -1.38989  
-0.400215  -1.38877  
-0.393512  -1.39038  
-0.399624  -1.38941  
-0.409971  -1.38873  
-0.417693  -1.38039  
-0.425817  -1.39153  
-0.429208  -1.39382  
-0.438933  -1.39223  
-0.447002  -1.40025  
-0.463456  -1.39852  
-0.456998  -1.39812  
-0.468416  -1.39817  
-0.471264  -1.40032  
-0.467824  -1.39881  
-0.457652  -1.40194  
-0.460628  -1.40405  
-0.463616  -1.3995  
-0.457463  -1.39911  
-0.459544  -1.39955  
-0.456966  -1.40289  
-0.446002  -1.40363  
-0.454928  -1.39744  
-0.454928  -1.39744  
-0.454334  -1.3981  
-0.463258  -1.40121  
-0.439397  -1.39864  
-0.438663  -1.39927  
-0.446205  -1.39436  
-0.446139  -1.3945  
-0.436693  -1.39192  
-0.440916  -1.38371  
-0.430347  -1.38694  
-0.429947  -1.39621  
-0.436269  -1.38692  
-0.419567  -1.38389  
-0.424107  -1.3814  
-0.427505  -1.37879  
-0.430918  -1.38118  
-0.415331  -1.38076  
-0.41753  -1.37513  
-0.420598  -1.38112  
-0.422738  -1.37619  
-0.426208  -1.37862  
-0.42361  -1.37545  
-0.427079  -1.37787  
-0.43349  -1.37785  
-0.425329  -1.38082  
-0.429232  -1.38528  
-0.444463  -1.37914  
-0.436615  -1.38062  
-0.43963  -1.38595  
-0.449932  -1.37791  
-0.45134  -1.38252  
-0.454404  -1.37758  
-0.455366  -1.37369  
-0.45258  -1.37097  
-0.448891  -1.36344  
-0.448891  -1.36344  
-0.444069  -1.35151  
-0.443533  -1.35204  
-0.442052  -1.34428  
-0.442052  -1.34428  
-0.432837  -1.33781  
-0.419486  -1.34065  
-0.423062  -1.34336  
-0.434429  -1.33106  
-0.428562  -1.33136  
-0.432766  -1.32655  
-0.426879  -1.32688  
-0.417902  -1.31245  
-0.414194  -1.31114  
-0.404817  -1.3086  
-0.399524  -1.31207  
-0.411559  -1.30964  
-0.415315  -1.30062  
-0.417324  -1.29553  
-0.416577  -1.30005  
-0.431642  -1.29912  
-0.413954  -1.29857  
-0.432717  -1.29453  
-0.432173  -1.29507  
-0.446269  -1.29809  
-0.460707  -1.29319  
-0.444885  -1.29463  
-0.464138  -1.29002  
-0.47291  -1.29309  
-0.477049  -1.29293  
-0.487325  -1.30009  
-0.496086  -1.30315  
-0.505633  -1.29879  
-0.514746  -1.30267  
-0.522391  -1.30682  
-0.527387  -1.2974  
-0.517047  -1.29877  
-0.512275  -1.30421  
-0.509143  -1.30932  
-0.510317  -1.2995  
-0.515711  -1.29802  
-0.506458  -1.29552  
-0.499092  -1.30554  
-0.499092  -1.30554  
-0.499303  -1.29626  
-0.497008  -1.30357  
-0.494731  -1.30009  
-0.487334  -1.30677  
-0.496035  -1.30981  
-0.485262  -1.30482  
-0.493956  -1.30786  
-0.486139  -1.30118  
-0.475293  -1.29901  
-0.473885  -1.30058  
-0.474657  -1.29147  
-0.467123  -1.29586  
-0.453803  -1.29344  
-0.462482  -1.29647  
-0.452303  -1.28404  
-0.44259  -1.28662  
-0.446434  -1.28949  
-0.445092  -1.29606  
-0.444546  -1.2966  
-0.456905  -1.29197  
-0.456688  -1.29765  
-0.451174  -1.29788  
-0.482757  -1.298  
-0.476952  -1.2982  
-0.497581  -1.30197  
-0.514296  -1.3066  
-0.519733  -1.30994  
-0.535685  -1.31222  
-0.53847  -1.31468  
-0.541035  -1.32149  
-0.531867  -1.31901  
-0.53379  -1.32598  
-0.528022  -1.33901  
-0.521777  -1.33871  
-0.525117  -1.34039  
-0.514174  -1.35472  
-0.493975  -1.35698  
-0.497142  -1.3589  
-0.488098  -1.36956  
-0.482341  -1.36895  
-0.486348  -1.37549  
-0.489105  -1.38684  
-0.500126  -1.38308  
-0.499163  -1.38675  
-0.485213  -1.38594  
-0.483549  -1.38767  
-0.492205  -1.39068  
-0.474887  -1.3939  
-0.478216  -1.39552  
-0.472681  -1.39617  
-0.488766  -1.39437  
-0.491911  -1.396  
-0.482728  -1.39663  
-0.482742  -1.39563  
-0.485968  -1.3973  
-0.492312  -1.39357  
-0.483108  -1.3911  
-0.489451  -1.38738  
-0.48574  -1.38612  
-0.493829  -1.38928  
-0.493797  -1.39007  
-0.487656  -1.38937  
-0.500215  -1.38631  
-0.493995  -1.38565  
-0.509473  -1.38682  
-0.508265  -1.39026  
-0.501938  -1.38957  
-0.516911  -1.39355  
-0.519678  -1.39529  
-0.525554  -1.39684  
-0.52207  -1.40416  
-0.527612  -1.3992  
-0.529825  -1.40714  
-0.528685  -1.40737  
-0.527155  -1.41401  
-0.5301  -1.41534  
-0.529159  -1.41619  
-0.530978  -1.42287  
-0.521029  -1.42189  
-0.515534  -1.42547  
-0.515949  -1.43342  
-0.511294  -1.42921  
-0.514812  -1.43463  
-0.521588  -1.43981  
-0.515693  -1.44214  
-0.514093  -1.44377  
-0.521076  -1.44958  
-0.529302  -1.44991  
-0.529159  -1.45325  
-0.536714  -1.45746  
-0.536714  -1.45746  
-0.551279  -1.45867  
-0.552165  -1.44794  
-0.554345  -1.44917  
-0.562427  -1.45284  
-0.55321  -1.45038  
-0.558696  -1.44909  
-0.556891  -1.44599  
-0.558992  -1.44726  
-0.557854  -1.44849  
-0.557854  -1.44849  
-0.559161  -1.4331  
-0.559161  -1.4331  
-0.55543  -1.43524  
-0.564197  -1.43576  
-0.557085  -1.43473  
-0.562351  -1.42856  
-0.564373  -1.43002  
-0.569185  -1.42436  
-0.571127  -1.42587  
-0.558995  -1.42571  
-0.550563  -1.43393  
-0.558543  -1.4285  
-0.550934  -1.43365  
-0.550934  -1.43365  
-0.547707  -1.43614  
-0.533406  -1.4351  
-0.534025  -1.43648  
-0.526369  -1.43989  
-0.526408  -1.44163  
-0.525213  -1.44113  
-0.533852  -1.44599  
-0.518168  -1.44745  
-0.526232  -1.45113  
-0.526232  -1.45113  
-0.525074  -1.45237  
-0.527462  -1.45364  
-0.526141  -1.46049  
-0.528502  -1.46168  
-0.534209  -1.46417  
-0.540586  -1.46042  
-0.542762  -1.46161  
-0.540689  -1.47095  
-0.540675  -1.4695  
-0.540065  -1.47164  
-0.550307  -1.47621  
-0.546562  -1.47222  
-0.558633  -1.48269  
-0.559642  -1.47873  
-0.564865  -1.47888  
-0.558926  -1.47956  
-0.560854  -1.48059  
-0.563088  -1.47249  
-0.563559  -1.4684  
-0.574139  -1.4554  
-0.57591  -1.45669  
-0.576747  -1.44776  
-0.573036  -1.45059  
-0.575262  -1.45746  
-0.591815  -1.45518  
-0.591815  -1.45518  
-0.596517  -1.45272  
-0.610477  -1.4599  
-0.610477  -1.4599  
-0.613399  -1.44636  
-0.612762  -1.45762  
-0.612012  -1.45821  
-0.598149  -1.45918  
-0.607291  -1.45563  
-0.600574  -1.45223  
-0.590291  -1.4494  
-0.577757  -1.45161  
-0.577659  -1.45176  
-0.565231  -1.44874  
-0.570111  -1.44878  
-0.564402  -1.45464  
-0.560032  -1.4529  
-0.567322  -1.44799  
-0.560452  -1.4463  
-0.560273  -1.45279  
-0.560792  -1.44605  
-0.550178  -1.44415  
-0.558797  -1.439  
-0.558256  -1.43956  
-0.557812  -1.43898  
-0.549831  -1.43629  
-0.547726  -1.43035  
-0.532  -1.43074  
-0.542314  -1.42689  
-0.53853  -1.42091  
-0.539908  -1.42035  
-0.538325  -1.42123  
-0.537211  -1.41418  
-0.522751  -1.41449  
-0.513899  -1.41185  
-0.513348  -1.41241  
-0.512494  -1.40436  
-0.515056  -1.4062  
-0.515036  -1.41097  
-0.508483  -1.41037  
-0.514826  -1.4113  
-0.522162  -1.40662  
-0.524616  -1.40842  
-0.525514  -1.41278  
-0.524142  -1.41379  
-0.541039  -1.41071  
-0.531363  -1.40928  
-0.532529  -1.41306  
-0.533226  -1.41662  
-0.534377  -1.41058  
-0.525927  -1.41246  
-0.52835  -1.41419  
-0.525706  -1.4128  
-0.528129  -1.41453  
-0.537847  -1.40733  
-0.539363  -1.4149  
-0.532565  -1.41424  
-0.539689  -1.41467  
-0.532893  -1.41401  
-0.54311  -1.4108  
-0.544713  -1.41381  
-0.535548  -1.41143  
-0.544481  -1.41415  
-0.544481  -1.41415  
-0.537118  -1.41008  
-0.534064  -1.40907  
-0.536444  -1.41083  
-0.537607  -1.40054  
-0.530806  -1.40001  
-0.538853  -1.39942  
-0.546798  -1.39411  
-0.54907  -1.396  
-0.555811  -1.39687  
-0.548831  -1.39636  
-0.557049  -1.39575  
-0.556092  -1.39236  
-0.55737  -1.39056  
-0.545914  -1.39677  
-0.546824  -1.39473  
-0.545669  -1.39713  
-0.543014  -1.39628  
-0.528018  -1.39576  
-0.526598  -1.39188  
-0.510057  -1.39083  
-0.504333  -1.39101  
-0.509494  -1.39285  
-0.505618  -1.39589  
-0.502835  -1.39733  
-0.499015  -1.39577  
-0.494214  -1.39561  
-0.487106  -1.40048  
-0.485735  -1.39021  
-0.482496  -1.39832  
-0.484686  -1.39475  
-0.487561  -1.39657  
-0.480965  -1.40005  
-0.468946  -1.40218  
-0.482829  -1.40663  
-0.476688  -1.40608  
-0.476423  -1.40647  
-0.470417  -1.40594  
-0.472285  -1.41573  
-0.481742  -1.41789  
-0.484698  -1.41956  
-0.48789  -1.41442  
-0.490769  -1.41615  
-0.500556  -1.41728  
-0.507841  -1.41265  
-0.516414  -1.41558  
-0.51283  -1.42294  
-0.525275  -1.41832  
-0.535244  -1.41546  
-0.537059  -1.42183  
-0.552167  -1.4172  
-0.562382  -1.41523  
-0.556283  -1.41711  
-0.566098  -1.41514  
-0.566344  -1.42766  
-0.567747  -1.42643  
-0.576457  -1.42347  
-0.572417  -1.42576  
-0.579168  -1.42893  
-0.57902  -1.42913  
-0.583504  -1.42972  
-0.56599  -1.4376  
-0.560767  -1.43596  
-0.562473  -1.43426  
-0.559911  -1.44243  
-0.556033  -1.43322  
-0.543385  -1.44482  
-0.553601  -1.44077  
-0.544148  -1.44412  
-0.539152  -1.44146  
-0.541452  -1.44285  
-0.534562  -1.45123  
-0.536884  -1.45253  
-0.527257  -1.45598  
-0.532674  -1.45513  
-0.53113  -1.45077  
-0.538885  -1.45455  
-0.523325  -1.45607  
-0.522513  -1.45693  
-0.522513  -1.45693  
-0.539235  -1.45687  
-0.545673  -1.45941  
-0.545673  -1.45941  
-0.548042  -1.45205  
-0.556027  -1.44664  
-0.563565  -1.45221  
-0.571565  -1.44343  
-0.578873  -1.44624  
-0.579111  -1.44637  
-0.578061  -1.44711  
-0.585698  -1.44217  
-0.595363  -1.44293  
-0.599705  -1.43762  
-0.59417  -1.43608  
-0.605157  -1.43983  
-0.600228  -1.44509  
-0.612288  -1.4465  
-0.604594  -1.44551  
-0.607678  -1.44731  
-0.609139  -1.44863  
-0.625661  -1.44348  
-0.616528  -1.44888  
-0.616528  -1.44888  
-0.622036  -1.45103  
-0.622036  -1.45103  
-0.62982  -1.4458  
-0.620731  -1.4435  
-0.628908  -1.45181  
-0.621175  -1.45071  
-0.627605  -1.44428  
-0.642741  -1.44813  
-0.634882  -1.44705  
-0.63462  -1.45071  
-0.639789  -1.4473  
-0.651719  -1.44685  
-0.665578  -1.4447  
-0.66647  -1.4459  
-0.668189  -1.44953  
-0.680322  -1.44914  
-0.674976  -1.45586  
-0.672383  -1.45969  
-0.681121  -1.45522  
-0.682921  -1.46285  
-0.677376  -1.46167  
-0.678126  -1.46257  
-0.677385  -1.46612  
-0.683161  -1.46709  
-0.691448  -1.46869  
-0.692084  -1.46952  
-0.684871  -1.47275  
-0.686774  -1.47971  
-0.691832  -1.48373  
-0.693755  -1.48945  
-0.694361  -1.49003  
-0.693378  -1.49934  
-0.698612  -1.49432  
-0.712675  -1.49437  
-0.706763  -1.49649  
-0.698861  -1.50322  
-0.718463  -1.49037  
-0.722605  -1.49187  
-0.713596  -1.48958  
-0.715182  -1.49686  
-0.715182  -1.49686  
-0.725165  -1.48423  
-0.725435  -1.4848  
-0.72501  -1.49831  
-0.725276  -1.49872  
-0.7213  -1.4944  
-0.719072  -1.50172  
-0.710514  -1.49983  
-0.720859  -1.49408  
-0.7111  -1.5073  
-0.7111  -1.5073  
-0.707327  -1.50691  
-0.7051  -1.51079  
-0.704823  -1.51332  
-0.693719  -1.51854  
-0.694299  -1.51875  
-0.681873  -1.5216  
-0.671288  -1.51713  
-0.673124  -1.52008  
-0.66851  -1.52503  
-0.660386  -1.52539  
-0.647131  -1.53597  
-0.646837  -1.5381  
-0.631576  -1.52633  
-0.628955  -1.5336  
-0.627551  -1.52821  
-0.610366  -1.53159  
-0.615516  -1.53556  
-0.601408  -1.53833  
-0.597487  -1.53976  
-0.590996  -1.5304  
-0.588404  -1.53306  
-0.583498  -1.5265  
-0.579527  -1.519  
-0.582714  -1.51332  
-0.584453  -1.51386  
-0.578781  -1.5072  
-0.581535  -1.50052  
-0.57764  -1.49578  
-0.570498  -1.48577  
-0.572279  -1.48663  
-0.584634  -1.48663  
-0.580728  -1.47621  
-0.577668  -1.4787  
-0.591622  -1.47748  
-0.580352  -1.47668  
-0.587027  -1.4788  
-0.588675  -1.4798  
-0.595455  -1.48195  
-0.598799  -1.48081  
-0.605897  -1.48544  
-0.596255  -1.49018  
-0.597772  -1.49107  
-0.607873  -1.485  
-0.602592  -1.48863  
-0.601713  -1.49097  
-0.610032  -1.49408  
-0.60094  -1.49181  
-0.601905  -1.49971  
-0.601905  -1.49971  
-0.591389  -1.50543  
-0.592614  -1.50654  
-0.592614  -1.50654  
-0.595051  -1.51294  
-0.594471  -1.51355  
-0.590824  -1.51454  
-0.592195  -1.51371  
-0.600827  -1.51663  
-0.606301  -1.51281  
-0.602841  -1.50953  
-0.5968  -1.512  
-0.599936  -1.51256  
-0.601307  -1.51328  
-0.600707  -1.52317  
-0.589346  -1.51895  
-0.598965  -1.52499  
-0.597397  -1.51855  
-0.587978  -1.5204  
-0.576011  -1.52606  
-0.576011  -1.52606  
-0.574258  -1.52788  
-0.575847  -1.52849  
-0.580452  -1.52434  
-0.581963  -1.525  
-0.580209  -1.52682  
-0.581684  -1.52746  
-0.58504  -1.52392  
-0.575714  -1.53642  
-0.57721  -1.53698  
-0.579254  -1.53255  
-0.571231  -1.53004  
-0.567336  -1.53165  
-0.569847  -1.53152  
-0.566712  -1.53972  
-0.571363  -1.53557  
-0.572903  -1.5362  
-0.571151  -1.53582  
-0.56403  -1.54458  
-0.570046  -1.53918  
-0.565143  -1.54708  
-0.566706  -1.54763  
-0.588115  -1.54107  
-0.578988  -1.54961  
-0.586661  -1.54951  
-0.584982  -1.55127  
-0.584982  -1.55127  
-0.584766  -1.55153  
-0.591243  -1.54769  
-0.602366  -1.54591  
-0.605489  -1.54763  
-0.605489  -1.54763  
-0.612848  -1.55675  
-0.62142  -1.55964  
-0.606633  -1.55751  
-0.609573  -1.5533  
-0.617126  -1.55383  
-0.608538  -1.55301  
-0.612098  -1.55112  
-0.614212  -1.54978  
-0.603813  -1.55439  
-0.607972  -1.55305  
-0.603664  -1.55457  
-0.599248  -1.55035  
-0.585781  -1.55172  
-0.592439  -1.55179  
-0.58442  -1.5501  
-0.571989  -1.5562  
-0.571989  -1.5562  
-0.562663  -1.55412  
-0.562663  -1.55412  
-0.553396  -1.54466  
-0.533856  -1.54867  
-0.533856  -1.54867  
-0.539502  -1.54577  
-0.538271  -1.5382  
-0.527178  -1.53731  
-0.524112  -1.53442  
-0.529808  -1.5303  
-0.520615  -1.52744  
-0.51887  -1.52623  
-0.520714  -1.5272  
-0.510666  -1.5271  
-0.504236  -1.52118  
-0.508265  -1.5216  
-0.508644  -1.52079  
-0.501767  -1.51976  
-0.498296  -1.52128  
-0.493597  -1.52044  
-0.49839  -1.5167  
-0.4927  -1.53037  
-0.494873  -1.53143  
-0.493489  -1.5329  
-0.510064  -1.5305  
-0.485101  -1.53869  
-0.4952  -1.53445  
-0.48371  -1.54017  
-0.476793  -1.53894  
-0.476925  -1.53933  
-0.473554  -1.54776  
-0.475835  -1.54871  
-0.465201  -1.54991  
-0.464173  -1.5545  
-0.456596  -1.56117  
-0.472549  -1.55526  
-0.46527  -1.56289  
-0.463735  -1.56166  
-0.479072  -1.56358  
-0.481616  -1.56025  
-0.473952  -1.56548  
-0.47755  -1.56427  
-0.47943  -1.57056  
-0.474548  -1.56735  
-0.465696  -1.56683  
-0.466629  -1.56442  
-0.46915  -1.57051  
-0.476086  -1.5746  
-0.478153  -1.57546  
-0.4611  -1.57959  
-0.454384  -1.58702  
-0.456661  -1.58779  
-0.434516  -1.59245  
-0.436984  -1.5932  
-0.426604  -1.59981  
-0.416232  -1.59827  
-0.418744  -1.59898  
-0.413786  -1.60217  
-0.413961  -1.60201  
-0.396273  -1.60964  
-0.398508  -1.6195  
-0.388634  -1.61798  
-0.38399  -1.62802  
-0.388927  -1.62551  
-0.365496  -1.63088  
-0.35747  -1.63791  
-0.359185  -1.642  
-0.341298  -1.64797  
-0.324164  -1.65562  
-0.327351  -1.6561  
-0.311808  -1.6652  
-0.310782  -1.67024  
-0.29777  -1.68109  
-0.282311  -1.69391  
-0.273839  -1.69964  
-0.277739  -1.70649  
-0.266105  -1.71107  
-0.262233  -1.72375  
-0.265491  -1.75047  
-0.259581  -1.74802  
-0.248853  -1.7658  
-0.238167  -1.76776  
-0.214511  -1.78026  
-0.189741  -1.80397  
-0.184343  -1.8012  
-0.166842  -1.81672  
-0.146129  -1.81726  
-0.129693  -1.83818  
-0.122527  -1.83856  
-0.0878251  -1.85693  
-0.0488494  -1.86559  
-0.054158  -1.86504  
-0.0223404  -1.88945  
-0.0181234  -1.88638  
-0.0050226  -1.90728  
0.0264743  -1.91371  
0.0304392  -1.91064  
0.0741304  -1.93379  
0.07775  -1.93068  
0.124608  -1.94729  
0.1382  -1.96523  
0.15285  -1.96631  
0.198329  -1.98118  
0.207804  -1.98508  
0.243464  -1.99611  
0.264914  -2.01017  
0.277898  -2.01399  
0.303496  -2.03423  
0.298111  -2.03815  
0.323984  -2.06647  
0.337671  -2.08412  
0.338133  -2.08365  
0.353001  -2.11925  
0.35772  -2.12981  
0.385354  -2.16176  
0.391304  -2.19669  
0.401142  -2.21436  
0.423728  -2.26622  
0.427627  -2.27865  
0.44961  -2.31463  
0.483388  -2.35648  
0.495719  -2.36239  
0.522309  -2.41722  
0.518337  -2.42779  
0.547978  -2.47519  
0.573165  -2.51752  
0.567168  -2.52167  
0.602185  -2.55653  
0.599187  -2.5695  
0.63416  -2.61403  
0.638193  -2.65111  
0.640704  -2.64441  
0.664246  -2.68529  
0.664187  -2.6946  
0.687538  -2.74749  
0.712353  -2.76544  
0.701554  -2.78034  
0.718441  -2.81852  
0.723177  -2.81854  
0.744781  -2.85177  
0.773205  -2.88201  
0.761825  -2.88015  
0.778515  -2.92883  
0.788075  -2.93523  
0.798106  -2.95916  
0.79754  -2.97473  
0.815175  -3.00307  
0.810166  -3.00588  
0.805396  -3.03487  
0.82412  -3.04982  
0.818071  -3.0454  
0.833677  -3.0678  
0.847112  -3.0718  
0.865967  -3.0804  
0.8909  -3.08348  
0.896776  -3.08366  
0.911537  -3.08756  
0.920404  -3.09315  
0.942317  -3.09352  
0.95722  -3.09639  
0.958582  -3.10377  
0.96709  -3.10935  
0.961816  -3.10173  
0.975172  -3.10849  
0.981015  -3.10401  
0.980873  -3.11291  
0.996675  -3.10438  
0.992013  -3.10329  
1.01927  -3.09919  
1.03295  -3.10541  
1.05719  -3.11082  
1.05466  -3.1058  
1.08785  -3.12412  
1.09235  -3.13566  
1.09317  -3.13055  
1.12945  -3.15093  
1.12098  -3.15666  
1.16742  -3.17229  
1.19438  -3.19313  
1.18936  -3.19906  
1.21967  -3.21089  
1.20586  -3.21578  
1.2268  -3.23672  
1.25129  -3.24338  
1.24506  -3.24206  
1.25496  -3.26164  
1.2668  -3.25948  
1.26607  -3.28867  
1.26619  -3.28263  
1.26679  -3.29914  
1.27489  -3.31467  
1.27048  -3.3208  
1.27  -3.34434  
1.27523  -3.33954  
1.28643  -3.34357  
1.28965  -3.3539  
1.3119  -3.35739  
1.33423  -3.36351  
1.32883  -3.36264  
1.34848  -3.37127  
1.34312  -3.37053  
1.3661  -3.39616  
1.36812  -3.39947  
1.38326  -3.42054  
1.38531  -3.4238  
1.40769  -3.45517  
1.42  -3.48063  
1.42203  -3.48363  
1.44517  -3.51187  
1.44357  -3.51924  
1.47539  -3.53659  
1.48143  -3.56062  
1.47902  -3.55892  
1.49605  -3.5855  
1.51522  -3.58478  
1.52031  -3.60756  
1.53086  -3.62332  
1.53336  -3.62303  
1.54385  -3.6402  
1.53952  -3.64331  
1.55143  -3.66058  
1.558  -3.68227  
1.56108  -3.6876  
1.54299  -3.71147  
1.55646  -3.71041  
1.54756  -3.72414  
1.5505  -3.72682  
1.54034  -3.74412  
1.53472  -3.75651  
1.53642  -3.75834  
1.52683  -3.77224  
1.53054  -3.77488  
1.52783  -3.79005  
1.52433  -3.78856  
1.51874  -3.80351  
1.5248  -3.81354  
1.52902  -3.81621  
1.53346  -3.82669  
1.53036  -3.82525  
1.54142  -3.8391  
1.54578  -3.84183  
1.56298  -3.85186  
1.56583  -3.85876  
1.57413  -3.87045  
1.58043  -3.88107  
1.58215  -3.88292  
1.5805  -3.89755  
1.58326  -3.91218  
1.58789  -3.91483  
1.60539  -3.93884  
1.60995  -3.94139  
1.61865  -3.95819  
1.61618  -3.9843  
1.62092  -3.98663  
1.63269  -4.01081  
1.62696  -4.00849  
1.65296  -4.02882  
1.65296  -4.02882  
1.67453  -4.04494  
1.67533  -4.0645  
1.6696  -4.06218  
1.68991  -4.08024  
1.68418  -4.07792  
1.70315  -4.10147  
1.708  -4.11969  
1.71748  -4.12082  
1.72327  -4.14614  
1.7161  -4.15374  
1.73325  -4.17795  
1.74746  -4.20647  
1.75348  -4.20945  
1.76364  -4.23536  
1.76972  -4.25339  
1.78422  -4.26468  
1.78778  -4.28964  
1.78306  -4.28887  
1.79077  -4.31136  
1.79868  -4.31115  
1.80209  -4.33542  
1.7999  -4.33225  
1.802  -4.34807  
1.80231  -4.363  
1.79722  -4.36786  
1.80878  -4.37537  
1.80974  -4.3828  
1.82596  -4.39138  
1.81368  -4.39209  
1.82375  -4.389  
1.82953  -4.39033  
1.83599  -4.37625  
1.83689  -4.38019  
1.83537  -4.37767  
1.84716  -4.34983  
1.84232  -4.35587  
1.86293  -4.33538  
1.86131  -4.33363  
1.87868  -4.32784  
1.87303  -4.3181  
1.86729  -4.31577  
1.87878  -4.31511  
1.87723  -4.3139  
1.89956  -4.29513  
1.89876  -4.30238  
1.89631  -4.30334  
1.91566  -4.29854  
1.91242  -4.29737  
1.91123  -4.30703  
1.91005  -4.30299  
1.90192  -4.30903  
1.90616  -4.31987  
1.90708  -4.31472  
1.92191  -4.31643  
1.90518  -4.31294  
1.90404  -4.3125  
1.91389  -4.31827  
1.91232  -4.31719  
1.91112  -4.3198  
1.91775  -4.32372  
1.92299  -4.32709  
1.92769  -4.32164  
1.92746  -4.32087  
1.93827  -4.32241  
1.95941  -4.32981  
1.95793  -4.32955  
1.9659  -4.34378  
1.97523  -4.33957  
1.99076  -4.35823  
2.01239  -4.37567  
2.01055  -4.37517  
2.03739  -4.40404  
2.04288  -4.40758  
2.06889  -4.44739  
2.08422  -4.46299  
2.08935  -4.48395  
2.11606  -4.51845  
2.12816  -4.53131  
2.1657  -4.58724  
2.18044  -4.61851  
2.19085  -4.63643  
2.22534  -4.67932  
2.23778  -4.70067  
2.26259  -4.73977  
2.29118  -4.79005  
2.2927  -4.79722  
2.32789  -4.83013  
2.33863  -4.85047  
2.3459  -4.89115  
2.35521  -4.92916  
2.36685  -4.92903  
2.36278  -4.97321  
2.36767  -5.00398  
2.36228  -5.0146  
2.37525  -5.05527  
2.35697  -5.06513  
2.36724  -5.09502  
2.35533  -5.11517  
2.36059  -5.11429  
2.36335  -5.14162  
2.36513  -5.14357  
2.38164  -5.17597  
2.38035  -5.17811  
2.3955  -5.20112  
2.41349  -5.20523  
2.42363  -5.20757  
0  0  
0  0  
0  0  
0  0  
0  0  
0  0  
0  0  
0  0  
0  0  
0  0  
0  0  
0  0  
0  0  
0  0  
0  0  
0  0  
0  0  
0  0  
0  0  
0  0  
0  0  
0  0  
0  0  
0  0  
0  0  
0  0  
0  0  
0  0  
0  0  
0  0  
0  0  
0  0  
0  0  
0  0  
0  0  
0  0  
0  0  
0  0  
0  0  
0  0  
0  0  
0  0  
0  0  
0  0  
0  0  
0  0  
0  0  
0  0  
0  0  
0  0  
0  0  
0  0  
0  0  
0  0  
0  0  
0  0  
0  0  
0  0  
0  0  
0  0  
0  0  
0  0  
0  0  
0  0  
0  0  
0  0  
0  0  
0  0  
0  0  
0  0  
0  0  
0  0  
0  0  
0  0  
0  0  
0  0  
0  0  
0  0  
0  0  
0  0  
0  0  
0  0  
0  0  
0  0  
0  0  
0  0  
0  0  
0  0  
0  0  
0  0  
0  0  
0  0  
0  0  
0  0  
0  0  
0  0  
0  0  
0  0  
0  0  
0  0  
0  0  
0  0  
0  0  
0  0  
0  0  
0  0  
0  0  
0  0  
0  0  
0  0  
0  0  
0  0  
0  0  
0  0  
0  0  
0  0  
0  0  
0  0  
0  0  
0  0  
0  0  
0  0  
0  0  
0  0  
0  0  
0  0  
0  0  
0  0  
0  0  
0  0  
0  0  
0  0  
0  0  
0  0  
0  0  
0  0  
0  0  
0  0  
0  0  
0  0  
0  0  
0  0  
0  0  
0  0  
0  0  
0  0  
0  0  
0  0  
0  0  
0  0  
0  0  
0  0  
0  0  
0  0  
0  0  
0  0  
0  0  
0  0  
0  0  
0  0  
0  0  
0  0  
0  0  
0  0  
0  0  
0  0  
0  0  
0  0  
0  0  
0  0  
0  0  
0  0  
0  0  
0  0  
0  0  
0  0  
0  0  
0  0  
0  0  
0  0  
0  0  
0  0  
0  0  
0  0  
0  0  
0  0  
0  0  
0  0  
0  0  
0  0  
0  0  
0  0  
0  0  
0  0  
0  0  
0  0  
0  0  
0  0  
0  0  
0  0  
0  0  
0  0  
0  0  
0  0  
0  0  
0  0  
0  0  
0  0  
0  0  
0  0  
0  0  
0  0  
0  0  
0  0  
0  0  
0  0  
0  0  
0  0  
0  0  
0  0  
0  0  
0  0  
0  0  
0  0  
0  0  
0  0  
0  0  
0  0  
0  0  
0  0  
0  0  
0  0  
0  0  
0  0  
0  0  
0  0  
0  0  
0  0  
0  0  
0  0  
0  0  
0  0  
0  0  
0  0  
0  0  
0  0  
0  0  
0  0  
0  0  
0  0  
0  0  
0  0  
0  0  
0  0  
0  0  
0  0  
0  0  
0  0  
0  0  
0  0  
0  0  
0  0  
0  0  
0  0  
0  0  
0  0  
0  0  
0  0  
0  0  
0  0  
0  0  
0  0  
0  0  
0  0  
0  0  
0  0  
0  0  
0  0  
0  0  
0  0  
0  0  
0  0  
0  0  
0  0  
0  0  
0  0  
0  0  
0  0  
0  0  
0  0  
0  0  
0  0  
0  0  
0  0  
0  0  
0  0  
0  0  
0  0  
0  0  
0  0  
0  0  
0  0  
0  0  
0  0  
0  0  
0  0  
0  0  
0  0  
0  0  
0  0  
0  0  
0  0  
0  0  
0  0  
0  0  
0  0  
0  0  
0  0  
0  0  
0  0  
0  0  
0  0  
0  0  
0  0  
0  0  
0  0  
0  0  
0  0  
0  0  
0  0  
0  0  
0  0  
0  0  
0  0  
0  0  
0  0  
0  0  
0  0  
0  0  
0  0  
0  0  
0  0  
0  0  
0  0  
0  0  
0  0  
0  0  
0  0  
0  0  
0  0  
0  0  
0  0  
0  0  
0  0  
0  0  
0  0  
0  0  
0  0  
0  0  
0  0  
0  0  
0  0  
0  0  
0  0  
0  0  
0  0  
0  0  
0  0  
0  0  
0  0  
0  0  
0  0  
0  0  
0  0  
0  0  
0  0  
0  0  
0  0  
0  0  
0  0  
0  0  
0  0  
0  0  
0  0  
0  0  
0  0  
0  0  
0  0  
0  0  
0  0  
0  0  
0  0  
0  0  
0  0  
0  0  
0  0  
0  0  
0  0  
0  0  
0  0  
0  0  
0  0  
0  0  
0  0  
0  0  
0  0  
0  0  
0  0  
0  0  
0  0  
0  0  
0  0  
0  0  
0  0  
0  0  
0  0  
0  0  
0  0  
0  0  
0  0  
0  0  
0  0  
0  0  
0  0  
0  0  
0  0  
0  0  
0  0  
0  0  
0  0  
0  0  
0  0  
0  0  
0  0  
0  0  
0  0  
0  0  
0  0  
0  0  
0  0  
0  0  
0  0  
0  0  
0  0  
0  0  
0  0  
0  0  
0  0  
0  0  
0  0  
0  0  
0  0  
0  0  
0  0  
0  0  
0  0  
0  0  
0  0  
0  0  
0  0  
0  0  
0  0  
0  0  
0  0  
0  0  
0  0  
0  0  
0  0  
0  0  
0  0  
0  0  
0  0  
0  0  
0  0  
0  0  
0  0  
0  0  
0  0  
0  0  
0  0  
0  0  
0  0  
0  0  
0  0  
0  0  
0  0  
0  0  
0  0  
0  0  
0  0  
0  0  
0  0  
0  0  
0  0  
0  0  
0  0  
0  0  
0  0  
0  0  
0  0  
0  0  
0  0  
0  0  
0  0  
0  0  
0  0  
0  0  
0  0  
0  0  
0  0  
0  0  
0  0  
0  0  
0  0  
0  0  
0  0  
0  0  
0  0  
0  0  
0  0  
0  0  
0  0  
0  0  
0  0  
0  0  
0  0  
0  0  
0  0  
0  0  
0  0  
0  0  
0  0  
0  0  
0  0  
0  0  
0  0  
0  0  
0  0  
0  0  
0  0  
0  0  
0  0  
0  0  
0  0  
0  0  
0  0  
0  0  
0  0  
0  0  
0  0  
0  0  
0  0  
0  0  
0  0  
0  0  
0  0  
0  0  
0  0  
0  0  
0  0  
0  0  
0  0  
0  0  
0  0  
0  0  
0  0  
0  0  
0  0  
0  0  
0  0  
0  0  
0  0  
0  0  
0  0  
0  0  
0  0  
0  0  
0  0  
0  0  
0  0  
0  0  
0  0  
0  0  
0  0  
0  0  
0  0  
0  0  
0  0  
0  0  
0  0  
0  0  
0  0  
0  0  
0  0  
0  0  
0  0  
0  0  
0  0  
0  0  
0  0  
0  0  
0  0  
0  0  
0  0  
0  0  
0  0  
0  0  
0  0  
0  0  
0  0  
0  0  
0  0  
0  0  
0  0  
0  0  
0  0  
0  0  
0  0  
0  0  
0  0  
0  0  
0  0  
0  0  
0  0  
0  0  
0  0  
0  0  
0  0  
0  0  
0  0  
0  0  
0  0  
0  0  
0  0  
0  0  
0  0  
0  0  
0  0  
0  0  
0  0  
0  0  
0  0  
0  0  
0  0  
0  0  
0  0  
0  0  
0  0  
0  0  
0  0  
0  0  
0  0  
0  0  
0  0  
0  0  
0  0  
0  0  
0  0  
0  0  
0  0  
0  0  
0  0  
0  0  
0  0  
0  0  
0  0  
0  0  
0  0  
0  0  
0  0  
0  0  
0  0  
0  0  
0  0  
0  0  
0  0  
0  0  
0  0  
0  0  
0  0  
0  0  
0  0  
0  0  
0  0  
0  0  
0  0  
0  0  
0  0  
0  0  
0  0  
0  0  
0  0  
0  0  
0  0  
0  0  
0  0  
0  0  
0  0  
0  0  
0  0  
0  0  
0  0  
0  0  
0  0  
0  0  
0  0  
0  0  
0  0  
0  0  
0  0  
0  0  
0  0  
0  0  
0  0  
0  0  
0  0  
0  0  
0  0  
0  0  
0  0  
0  0  
0  0  
0  0  
0  0  
0  0  
0  0  
0  0  
0  0  
0  0  
0  0  
0  0  
0  0  
0  0  
0  0  
0  0  
0  0  
0  0  
0  0  
0  0  
0  0  
0  0  
0  0  
0  0  
0  0  
0  0  
0  0  
0  0  
0  0  
0  0  
0  0  
0  0  
0  0  
0  0  
0  0  
0  0  
0  0  
0  0  
0  0  
0  0  
0  0  
0  0  
0  0  
0  0  
0  0  
0  0  
0  0  
0  0  
0  0  
0  0  
0  0  
0  0  
0  0  
0  0  
0  0  
0  0  
0  0  
0  0  
0  0  
0  0  
0  0  
0  0  
0  0  
0  0  
0  0  
0  0  
0  0  
0  0  
0  0  
0  0  
0  0  
0  0  
0  0  
0  0  
0  0  
0  0  
0  0  
0  0  
0  0  
0  0  
0  0  
0  0  
0  0  
0  0  
0  0  
0  0  
0  0  
0  0  
0  0  
0  0  
0  0  
0  0  
0  0  
0  0  
0  0  
0  0  
0  0  
0  0  
0  0  
0  0  
0  0  
0  0  
0  0  
0  0  
0  0  
0  0  
0  0  
0  0  
0  0  
0  0  
0  0  
0  0  
0  0  
0  0  
0  0  
0  0  
0  0  
0  0  
0  0  
0  0  
0  0  
0  0  
0  0  
0  0  
0  0  
0  0  
0  0  
0  0  
0  0  
0  0  
0  0  
0  0  
0  0  
0  0  
0  0  
0  0  
0  0  
0  0  
0  0  
0  0  
0  0  
0  0  
0  0  
0  0  
0  0  
0  0  
0  0  
0  0  
0  0  
0  0  
0  0  
0  0  
0  0  
0  0  
0  0  
0  0  
0  0  
0  0  
0  0  
0  0  
0  0  
0  0  
0  0  
0  0  
0  0  
0  0  
0  0  
0  0  
0  0  
0  0  
0  0  
0  0  
0  0  
0  0  
0  0  
0  0  
0  0  
0  0  
0  0  
0  0  
0  0  
0  0  
0  0  
0  0  
0  0  
0  0  
0  0  
0  0  
0  0  
0  0  
0  0  
0  0  
0  0  
0  0  
0  0  
0  0  
0  0  
0  0  
0  0  
0  0  
0  0  
0  0  
0  0  
0  0  
0  0  
0  0  
0  0  
0  0  
0  0  
0  0  
0  0  
0  0  
0  0  
0  0  
0  0  
0  0  
0  0  
0  0  
0  0  
0  0  
0  0  
0  0  
0  0  
0  0  
0  0  
0  0  
0  0  
0  0  
0  0  
0  0  
0  0  
0  0  
0  0  
0  0  
0  0  
0  0  
0  0  
0  0  
0  0  
0  0  
0  0  
0  0  
0  0  
0  0  
0  0  
0  0  
0  0  
0  0  
0  0  
0  0  
0  0  
0  0  
0  0  
0  0  
0  0  
0  0  
0  0  
0  0  
0  0  
0  0  
0  0  
0  0  
0  0  
0  0  
0  0  
0  0  
0  0  
0  0  
0  0  
0  0  
0  0  
0  0  
0  0  
0  0  
0  0  
0  0  
0  0  
0  0  
0  0  
0  0  
0  0  
0  0  
0  0  
0  0  
0  0  
0  0  
0  0  
0  0  
0  0  
0  0  
0  0  
0  0  
0  0  
0  0  
0  0  
0  0  
0  0  
0  0  
0  0  
0  0  
0  0  
0  0  
0  0  
0  0  
0  0  
0  0  
0  0  
0  0  
0  0  
0  0  
0  0  
0  0  
0  0  
0  0  
0  0  
0  0  
0  0  
0  0  
0  0  
0  0  
0  0  
0  0  
0  0  
0  0  
0  0  
0  0  
0  0  
0  0  
0  0  
0  0  
0  0  
0  0  
0  0  
0  0  
0  0  
0  0  
0  0  
0  0  
0  0  
0  0  
0  0  
0  0  
0  0  
0  0  
0  0  
0  0  
0  0  
0  0  
0  0  
0  0  
0  0  
0  0  
0  0  
0  0  
0  0  
0  0  
0  0  
0  0  
0  0  
0  0  
0  0  
0  0  
0  0  
0  0  
0  0  
0  0  
0  0  
0  0  
0  0  
0  0  
0  0  
0  0  
0  0  
0  0  
0  0  
0  0  
0  0  
0  0  
0  0  
0  0  
0  0  
0  0  
0  0  
0  0  
0  0  
0  0  
0  0  
0  0  
0  0  
0  0  
0  0  
0  0  
0  0  
0  0  
0  0  
0  0  
0  0  
0  0  
0  0  
0  0  
0  0  
0  0  
0  0  
0  0  
0  0  
0  0  
0  0  
0  0  
0  0  
0  0  
0  0  
0  0  
0  0  
0  0  
0  0  
0  0  
0  0  
0  0  
0  0  
0  0  
0  0  
0  0  
0  0  
0  0  
0  0  
0  0  
0  0  
0  0  
0  0  
0  0  
0  0  
0  0  
0  0  
0  0  
0  0  
0  0  
0  0  
0  0  
0  0  
0  0  
0  0  
0  0  
0  0  
0  0  
0  0  
0  0  
0  0  
0  0  
0  0  
0  0  
0  0  
0  0  
0  0  
0  0  
0  0  
0  0  
0  0  
0  0  
0  0  
0  0  
0  0  
0  0  
0  0  
0  0  
0  0  
0  0  
0  0  
0  0  
0  0  
0  0  
0  0  
0  0  
0  0  
0  0  
0  0  
0  0  
0  0  
0  0  
0  0  
0  0  
0  0  
0  0  
0  0  
0  0  
0  0  
0  0  
0  0  
0  0  
0  0  
0  0  
0  0  
0  0  
0  0  
0  0  
0  0  
0  0  
0  0  
0  0  
0  0  
0  0  
0  0  
0  0  
0  0  
0  0  
0  0  
0  0  
0  0  
0  0  
0  0  
0  0  
0  0  
0  0  
0  0  
0  0  
0  0  
0  0  
0  0  
0  0  
0  0  
0  0  
0  0  
0  0  
0  0  
0  0  
0  0  
0  0  
0  0  
0  0  
0  0  
0  0  
0  0  
0  0  
0  0  
0  0  
0  0  
0  0  
0  0  
0  0  
0  0  
0  0  
0  0  
0  0  
0  0  
0  0  
0  0  
0  0  
0  0  
0  0  
0  0  
0  0  
0  0  
0  0  
0  0  
0  0  
0  0  
0  0  
0  0  
0  0  
0  0  
0  0  
0  0  
0  0  
0  0  
0  0  
0  0  
0  0  
0  0  
0  0  
0  0  
0  0  
0  0  
0  0  
0  0  
0  0  
0  0  
0  0  
0  0  
0  0  
0  0  
0  0  
0  0  
0  0  
0  0  
0  0  
0  0  
0  0  
0  0  
0  0  
0  0  
0  0  
0  0  
0  0  
0  0  
0  0  
0  0  
0  0  
0  0  
0  0  
0  0  
0  0  
0  0  
0  0  
0  0  
0  0  
0  0  
0  0  
0  0  
0  0  
0  0  
0  0  
0  0  
0  0  
0  0  
0  0  
0  0  
0  0  
0  0  
0  0  
0  0  
0  0  
0  0  
0  0  
0  0  
0  0  
0  0  
0  0  
0  0  
0  0  
0  0  
0  0  
0  0  
0  0  
0  0  
0  0  
0  0  
0  0  
0  0  
0  0  
0  0  
0  0  
0  0  
0  0  
0  0  
0  0  
0  0  
0  0  
0  0  
0  0  
0  0  
0  0  
0  0  
0  0  
0  0  
0  0  
0  0  
0  0  
0  0  
0  0  
0  0  
0  0  
0  0  
0  0  
0  0  
0  0  
0  0  
0  0  
0  0  
0  0  
0  0  
0  0  
0  0  
0  0  
0  0  
0  0  
0  0  
0  0  
0  0  
0  0  
0  0  
0  0  
0  0  
0  0  
0  0  
0  0  
0  0  
0  0  
0  0  
0  0  
0  0  
0  0  
0  0  
0  0  
0  0  
0  0  
0  0  
0  0  
0  0  
0  0  
0  0  
0  0  
0  0  
0  0  
0  0  
0  0  
0  0  
0  0  
0  0  
0  0  
0  0  
0  0  
0  0  
0  0  
0  0  
0  0  
0  0  
0  0  
0  0  
0  0  
0  0  
0  0  
0  0  
0  0  
0  0  
0  0  
0  0  
0  0  
0  0  
0  0  
0  0  
0  0  
0  0  
0  0  
0  0  
0  0  
0  0  
0  0  
0  0  
0  0  
0  0  
0  0  
0  0  
0  0  
0  0  
0  0  
0  0  
0  0  
0  0  
0  0  
0  0  
0  0  
0  0  
0  0  
0  0  
0  0  
0  0  
0  0  
0  0  
0  0  
0  0  
0  0  
0  0  
0  0  
0  0  
0  0  
0  0  
0  0  
0  0  
0  0  
0  0  
0  0  
0  0  
0  0  
0  0  
0  0  
0  0  
0  0  
0  0  
0  0  
0  0  
0  0  
0  0  
0  0  
0  0  
0  0  
0  0  
0  0  
0  0  
0  0  
0  0  
0  0  
0  0  
0  0  
0  0  
0  0  
0  0  
0  0  
0  0  
0  0  
0  0  
0  0  
0  0  
0  0  
0  0  
0  0  
0  0  
0  0  
0  0  
0  0  
0  0  
0  0  
0  0  
0  0  
0  0  
0  0  
0  0  
0  0  
0  0  
0  0  
0  0  
0  0  
0  0  
0  0  
0  0  
0  0  
0  0  
0  0  
0  0  
0  0  
0  0  
0  0  
0  0  
0  0  
0  0  
0  0  
0  0  
0  0  
0  0  
0  0  
0  0  
0  0  
0  0  
0  0  
0  0  
0  0  
0  0  
0  0  
0  0  
0  0  
0  0  
0  0  
0  0  
0  0  
0  0  
0  0  
0  0  
0  0  
0  0  
0  0  
0  0  
0  0  
0  0  
0  0  
0  0  
0  0  
0  0  
0  0  
0  0  
0  0  
0  0  
0  0  
0  0  
0  0  
0  0  
0  0  
0  0  
0  0  
0  0  
0  0  
0  0  
0  0  
0  0  
0  0  
0  0  
0  0  
0  0  
0  0  
0  0  
0  0  
0  0  
0  0  
0  0  
0  0  
0  0  
0  0  
0  0  
0  0  
0  0  
0  0  
0  0  
0  0  
0  0  
0  0  
0  0  
0  0  
0  0  
0  0  
0  0  
0  0  
0  0  
0  0  
0  0  
0  0  
0  0  
0  0  
0  0  
0  0  
0  0  
0  0  
0  0  
0  0  
0  0  
0  0  
0  0  
0  0  
0  0  
0  0  
0  0  
0  0  
0  0  
0  0  
0  0  
0  0  
0  0  
0  0  
0  0  
0  0  
0  0  
0  0  
0  0  
0  0  
0  0  
0  0  
0  0  
0  0  
0  0  
0  0  
0  0  
0  0  
0  0  
0  0  
0  0  
0  0  
0  0  
0  0  
0  0  
0  0  
0  0  
0  0  
0  0  
0  0  
0  0  
0  0  
0  0  
0  0  
0  0  
0  0  
0  0  
0  0  
0  0  
0  0  
0  0  
0  0  
0  0  
0  0  
0  0  
0  0  
0  0  
0  0  
0  0  
0  0  
0  0  
0  0  
0  0  
0  0  
0  0  
0  0  
0  0  
0  0  
0  0  
0  0  
0  0  
0  0  
0  0  
0  0  
0  0  
0  0  
0  0  
0  0  
0  0  
0  0  
0  0  
0  0  
0  0  
0  0  
0  0  
0  0  
0  0  
0  0  
0  0  
0  0  
0  0  
0  0  
0  0  
0  0  
0  0  
0  0  
0  0  
0  0  
0  0  
0  0  
0  0  
0  0  
0  0  
0  0  
0  0  
0  0  
0  0  
0  0  
0  0  
0  0  
0  0  
0  0  
0  0  
0  0  
0  0  
0  0  
0  0  
0  0  
0  0  
0  0  
0  0  
0  0  
0  0  
0  0  
0  0  
0  0  
0  0  
0  0  
0  0  
0  0  
0  0  
0  0  
0  0  
0  0  
0  0  
0  0  
0  0  
0  0  
0  0  
0  0  
0  0  
0  0  
0  0  
0  0  
0  0  
0  0  
0  0  
0  0  
0  0  
0  0  
0  0  
0  0  
0  0  
0  0  
0  0  
0  0  
0  0  
0  0  
0  0  
0  0  
0  0  
0  0  
0  0  
0  0  
0  0  
0  0  
0  0  
0  0  
0  0  
0  0  
0  0  
0  0  
0  0  
0  0  
0  0  
0  0  
0  0  
0  0  
0  0  
0  0  
0  0  
0  0  
0  0  
0  0  
0  0  
0  0  
0  0  
0  0  
0  0  
0  0  
0  0  
0  0  
0  0  
0  0  
0  0  
0  0  
0  0  
0  0  
0  0  
0  0  
0  0  
0  0  
0  0  
0  0  
0  0  
0  0  
0  0  
0  0  
0  0  
0  0  
0  0  
0  0  
0  0  
0  0  
0  0  
0  0  
0  0  
0  0  
0  0  
0  0  
0  0  
0  0  
0  0  
0  0  
0  0  
0  0  
0  0  
0  0  
0  0  
0  0  
0  0  
0  0  
0  0  
0  0  
0  0  
0  0  
0  0  
0  0  
0  0  
0  0  
0  0  
0  0  
0  0  
0  0  
0  0  
0  0  
0  0  
0  0  
0  0  
0  0  
0  0  
0  0  
0  0  
0  0  
0  0  
0  0  
0  0  
0  0  
0  0  
0  0  
0  0  
0  0  
0  0  
0  0  
0  0  
0  0  
0  0  
0  0  
0  0  
0  0  
0  0  
0  0  
0  0  
0  0  
0  0  
0  0  
0  0  
0  0  
0  0  
0  0  
0  0  
0  0  
0  0  
0  0  
0  0  
0  0  
0  0  
0  0  
0  0  
0  0  
0  0  
0  0  
0  0  
0  0  
0  0  
0  0  
0  0  
0  0  
0  0  
0  0  
0  0  
0  0  
0  0  
0  0  
0  0  
0  0  
0  0  
0  0  
0  0  
0  0  
0  0  
0  0  
0  0  
0  0  
0  0  
0  0  
0  0  
0  0  
0  0  
0  0  
0  0  
0  0  
0  0  
0  0  
0  0  
0  0  
0  0  
0  0  
0  0  
0  0  
0  0  
0  0  
0  0  
0  0  
0  0  
0  0  
0  0  
0  0  
0  0  
0  0  
0  0  
0  0  
0  0  
0  0  
0  0  
0  0  
0  0  
0  0  
0  0  
0  0  
0  0  
0  0  
0  0  
0  0  
0  0  
0  0  
0  0  
0  0  
0  0  
0  0  
0  0  
0  0  
0  0  
0  0  
0  0  
0  0  
0  0  
0  0  
0  0  
0  0  
0  0  
0  0  
0  0  
0  0  
0  0  
0  0  
0  0  
0  0  
0  0  
0  0  
0  0  
0  0  
0  0  
0  0  
0  0  
0  0  
0  0  
0  0  
0  0  
0  0  
0  0  
0  0  
0  0  
0  0  
0  0  
0  0  
0  0  
0  0  
0  0  
0  0  
0  0  
0  0  
0  0  
0  0  
0  0  
0  0  
0  0  
0  0  
0  0  
0  0  
0  0  
0  0  
0  0  
0  0  
0  0  
0  0  
0  0  
0  0  
0  0  
0  0  
0  0  
0  0  
0  0  
0  0  
0  0  
0  0  
0  0  
0  0  
0  0  
0  0  
0  0  
0  0  
0  0  
0  0  
0  0  
0  0  
0  0  
0  0  
0  0  
0  0  
0  0  
0  0  
0  0  
0  0  
0  0  
0  0  
0  0  
0  0  
0  0  
0  0  
0  0  
0  0  
0  0  
0  0  
0  0  
0  0  
0  0  
0  0  
0  0  
0  0  
0  0  
0  0  
0  0  
0  0  
0  0  
0  0  
0  0  
0  0  
0  0  
0  0  
0  0  
0  0  
0  0  
0  0  
0  0  
0  0  
0  0  
0  0  
0  0  
0  0  
0  0  
0  0  
0  0  
0  0  
0  0  
0  0  
0  0  
0  0  
0  0  
0  0  
0  0  
0  0  
0  0  
0  0  
0  0  
0  0  
0  0  
0  0  
0  0  
0  0  
0  0  
0  0  
0  0  
0  0  
0  0  
0  0  
0  0  
0  0  
0  0  
0  0  
0  0  
0  0  
0  0  
0  0  
0  0  
0  0  
0  0  
0  0  
0  0  
0  0  
0  0  
0  0  
0  0  
0  0  
0  0  
0  0  
0  0  
0  0  
0  0  
0  0  
0  0  
0  0  
0  0  
0  0  
0  0  
0  0  
0  0  
0  0  
0  0  
0  0  
0  0  
0  0  
0  0  
0  0  
0  0  
0  0  
0  0  
0  0  
0  0  
0  0  
0  0  
0  0  
0  0  
0  0  
0  0  
0  0  
0  0  
0  0  
0  0  
0  0  
0  0  
0  0  
0  0  
0  0  
0  0  
0  0  
0  0  
0  0  
0  0  
0  0  
0  0  
0  0  
0  0  
0  0  
0  0  
0  0  
0  0  
0  0  
0  0  
0  0  
0  0  
0  0  
0  0  
0  0  
0  0  
0  0  
0  0  
0  0  
0  0  
0  0  
0  0  
0  0  
0  0  
0  0  
0  0  
0  0  
0  0  
0  0  
0  0  
0  0  
0  0  
0  0  
0  0  
0  0  
0  0  
0  0  
0  0  
0  0  
0  0  
0  0  
0  0  
0  0  
0  0  
0  0  
0  0  
0  0  
0  0  
0  0  
0  0  
0  0  
0  0  
0  0  
0  0  
0  0  
0  0  
0  0  
0  0  
0  0  
0  0  
0  0  
0  0  
0  0  
0  0  
0  0  
0  0  
0  0  
0  0  
0  0  
0  0  
0  0  
0  0  
0  0  
0  0  
0  0  
0  0  
0  0  
0  0  
0  0  
0  0  
0  0  
0  0  
0  0  
0  0  
0  0  
0  0  
0  0  
0  0  
0  0  
0  0  
0  0  
0  0  
0  0  
0  0  
0  0  
0  0  
0  0  
0  0  
0  0  
0  0  
0  0  
0  0  
0  0  
0  0  
0  0  
0  0  
0  0  
0  0  
0  0  
0  0  
0  0  
0  0  
0  0  
0  0  
0  0  
0  0  
0  0  
0  0  
0  0  
0  0  
0  0  
0  0  
0  0  
0  0  
0  0  
0  0  
0  0  
0  0  
0  0  
0  0  
0  0  
0  0  
0  0  
0  0  
0  0  
0  0  
0  0  
0  0  
0  0  
0  0  
0  0  
0  0  
0  0  
0  0  
0  0  
0  0  
0  0  
0  0  
0  0  
0  0  
0  0  
0  0  
0  0  
0  0  
0  0  
0  0  
0  0  
0  0  
0  0  
0  0  
0  0  
0  0  
0  0  
0  0  
0  0  
0  0  
0  0  
0  0  
0  0  
0  0  
0  0  
0  0  
0  0  
0  0  
0  0  
0  0  
0  0  
0  0  
0  0  
0  0  
0  0  
0  0  
0  0  
0  0  
0  0  
0  0  
0  0  
0  0  
0  0  
0  0  
0  0  
0  0  
0  0  
0  0  
0  0  
0  0  
0  0  
0  0  
0  0  
0  0  
0  0  
0  0  
0  0  
0  0  
0  0  
0  0  
0  0  
0  0  
0  0  
0  0  
0  0  
0  0  
0  0  
0  0  
0  0  
0  0  
0  0  
0  0  
0  0  
0  0  
0  0  
0  0  
0  0  
0  0  
0  0  
0  0  
0  0  
0  0  
0  0  
0  0  
0  0  
0  0  
0  0  
0  0  
0  0  
0  0  
0  0  
0  0  
0  0  
0  0  
0  0  
0  0  
0  0  
0  0  
0  0  
0  0  
0  0  
0  0  
0  0  
0  0  
0  0  
0  0  
0  0  
0  0  
0  0  
0  0  
0  0  
0  0  
0  0  
0  0  
0  0  
0  0  
0  0  
0  0  
0  0  
0  0  
0  0  
0  0  
0  0  
0  0  
0  0  
0  0  
0  0  
0  0  
0  0  
0  0  
0  0  
0  0  
0  0  
0  0  
0  0  
0  0  
0  0  
0  0  
0  0  
0  0  
0  0  
0  0  
0  0  
0  0  
0  0  
0  0  
0  0  
0  0  
0  0  
0  0  
0  0  
0  0  
0  0  
0  0  
0  0  
0  0  
0  0  
0  0  
0  0  
0  0  
0  0  
0  0  
0  0  
0  0  
0  0  
0  0  
0  0  
0  0  
0  0  
0  0  
0  0  
0  0  
0  0  
0  0  
0  0  
0  0  
0  0  
0  0  
0  0  
0  0  
0  0  
0  0  
0  0  
0  0  
0  0  
0  0  
0  0  
0  0  
0  0  
0  0  
0  0  
0  0  
0  0  
0  0  
0  0  
0  0  
0  0  
0  0  
0  0  
0  0  
0  0  
0  0  
0  0  
0  0  
0  0  
0  0  
0  0  
0  0  
0  0  
0  0  
0  0  
0  0  
0  0  
0  0  
0  0  
0  0  
0  0  
0  0  
0  0  
0  0  
0  0  
0  0  
0  0  
0  0  
0  0  
0  0  
0  0  
0  0  
0  0  
0  0  
0  0  
0  0  
0  0  
0  0  
0  0  
0  0  
0  0  
0  0  
0  0  
0  0  
0  0  
0  0  
0  0  
0  0  
0  0  
0  0  
0  0  
0  0  
0  0  
0  0  
0  0  
0  0  
0  0  
0  0  
