-0.0467723  0.15061  -0.08  -0.04  0.00163039
-0.0323714  0.185487  -0.0751998  -0.0283744  0.00208813
-0.0176479  0.22032  -0.070292  -0.0167635  0.00277771
-0.0019092  0.254714  -0.0650458  -0.00529903  0.00395936
0.0177409  0.287026  -0.0584958  0.0054716  0.00379301
0.0412495  0.316585  -0.0506597  0.0153245  0.00298834
0.0683094  0.342912  -0.0416398  0.0241  0.00307263
0.0977786  0.366578  -0.0318169  0.0319888  0.00386685
0.130123  0.385876  -0.0210354  0.0384213  0.00509371
0.165301  0.39966  -0.00930952  0.043016  0.00657227
0.202212  0.407156  0.0029938  0.0455144  0.00751591
0.240075  0.407316  0.0156149  0.0455679  0.00705734
0.276887  0.399763  0.0278854  0.0430502  0.00496541
0.309961  0.381868  0.0389101  0.0370854  0.00350575
0.331871  0.351546  0.0462132  0.0269782  0.00283879
0.346762  0.31677  0.0511768  0.015386  0.00224059
0.366265  0.284475  0.0576777  0.00462119  0.00215203
0.381134  0.249755  0.062634  -0.00695201  0.00653994
0.388172  0.212716  0.0649801  -0.0192981  1e-05
0.391567  0.175062  0.0661116  -0.0318494  1e-05
0.395737  0.137541  0.0675018  -0.0443563  1e-05
0.4  0.1  0.0689226  -0.0568697  1e-05
