-4.64825  -0.12964  
-4.64825  -0.129617  
-4.64826  -0.129605  
-4.53669  -0.0184687  
-4.49366  0.0057245  
-4.48575  0.0135262  
-4.38053  0.105787  
-4.37389  0.109483  
-4.2577  0.199093  
-4.25099  0.20293  
-4.16394  0.250364  
-2.8067  0.20533  
-2.75948  0.185968  
-2.71668  -0.0492213  
-2.70941  -0.0649389  
-2.73625  -0.247342  
-2.80232  -0.417869  
-2.81401  -0.506755  
-2.96649  -0.687587  
-3.03835  -0.771787  
-3.18382  -0.8753  
-3.26966  -0.887325  
-3.28315  -0.898171  
-3.32949  -0.851096  
-3.32977  -0.849232  
-3.31787  -0.785551  
-3.33905  -0.760476  
-3.26437  -0.640318  
-3.21032  -0.548035  
-3.20031  -0.548139  
-3.11537  -0.458212  
-3.11663  -0.46054  
-3.06776  -0.434894  
-3.05796  -0.446667  
-3.05477  -0.443333  
-3.04384  -0.497055  
-3.04514  -0.498926  
-3.07588  -0.556254  
-3.0839  -0.583907  
-3.08242  -0.591752  
-3.10796  -0.640832  
-3.12341  -0.658544  
-3.13833  -0.677098  
-3.13783  -0.677386  
-3.11061  -0.670554  
-3.11004  -0.675123  
-3.11201  -0.651141  
-3.08983  -0.632522  
-3.08619  -0.617286  
-3.05009  -0.566036  
-3.0448  -0.590635  
-3.03281  -0.580663  
-3.01407  -0.614223  
-3.00696  -0.618873  
-3.0203  -0.681819  
-3.00779  -0.71128  
-3.01983  -0.725104  
-3.02149  -0.771852  
-3.03497  -0.79379  
-3.06217  -0.827049  
-3.08347  -0.843606  
-3.08244  -0.844163  
-3.11478  -0.846096  
-3.11213  -0.834992  
-3.13902  -0.814308  
-3.1453  -0.811914  
-3.16668  -0.796684  
-3.19509  -0.794962  
-3.19071  -0.792362  
-3.18981  -0.7957  
-3.20016  -0.831247  
-3.20795  -0.833932  
-3.2157  -0.858329  
-3.2206  -0.861826  
-3.21651  -0.872796  
-3.22893  -0.878282  
-3.22268  -0.885846  
-3.21838  -0.884231  
-3.21334  -0.873895  
-3.21113  -0.853229  
-3.223  -0.846889  
-3.21413  -0.815805  
-3.21641  -0.765387  
-3.2058  -0.761316  
-3.21983  -0.739093  
-3.2066  -0.71281  
-3.21355  -0.717824  
-3.21651  -0.699428  
-3.21353  -0.68388  
-3.21208  -0.664857  
-3.20075  -0.663879  
-3.19505  -0.656511  
-3.1883  -0.643928  
-3.17977  -0.643266  
-3.16297  -0.611299  
-3.13939  -0.591248  
-3.14653  -0.59754  
-3.12985  -0.579545  
-3.11874  -0.563611  
-3.11116  -0.545997  
-3.11924  -0.547083  
-3.10698  -0.529305  
-3.10444  -0.528055  
-3.10624  -0.539575  
-3.1005  -0.525546  
-3.11043  -0.540689  
-3.10588  -0.551188  
-3.10859  -0.553578  
-3.10528  -0.549834  
-3.09365  -0.553794  
-3.0829  -0.544004  
-3.07925  -0.546224  
-3.06748  -0.52357  
-3.067  -0.531545  
-3.05886  -0.518976  
-3.0594  -0.511389  
-3.07002  -0.492456  
-3.06741  -0.476053  
-3.059  -0.45824  
-3.06863  -0.440839  
-3.0704  -0.438773  
-3.06389  -0.398971  
-3.06806  -0.387468  
-3.07397  -0.395261  
-3.06207  -0.37814  
-3.05483  -0.372318  
-3.03187  -0.35602  
-3.01152  -0.338318  
-3.01348  -0.339557  
-2.97598  -0.321075  
-2.96914  -0.315296  
-2.94871  -0.313283  
-2.92313  -0.299095  
-2.90949  -0.277561  
-2.89019  -0.251154  
-2.88586  -0.257408  
-2.85703  -0.230018  
-2.81992  -0.2043  
-2.82699  -0.212675  
-2.79615  -0.190324  
-2.78797  -0.173152  
-2.7596  -0.174345  
-2.76176  -0.186994  
-2.74081  -0.176415  
-2.72973  -0.174537  
-2.71952  -0.184465  
-2.70211  -0.15955  
-2.70435  -0.171673  
-2.69733  -0.184381  
-2.68041  -0.179677  
-2.67457  -0.171465  
-2.6552  -0.156832  
-2.66204  -0.156224  
-2.63491  -0.141356  
-2.63513  -0.141746  
-2.63075  -0.124727  
-2.60827  -0.110327  
-2.61644  -0.121431  
-2.60048  -0.0960385  
-2.59278  -0.0913999  
-2.57665  -0.0840115  
-2.55894  -0.0584333  
-2.55947  -0.0702756  
-2.53825  -0.0558777  
-2.54554  -0.0562154  
-2.51533  -0.0423715  
-2.49638  -0.0439527  
-2.49593  -0.0362456  
-2.47433  -0.0312478  
-2.45496  -0.0130169  
-2.43691  -0.0120965  
-2.4288  0.00697906  
-2.39973  0.0172615  
-2.40268  0.00602913  
-2.36694  0.0329309  
-2.34288  0.0373511  
-2.33001  0.0528551  
-2.29367  0.0536486  
-2.29473  0.0540966  
-2.247  0.0475393  
-2.22422  0.0616277  
-2.21433  0.0474411  
-2.18893  0.0326725  
-2.18376  0.0195191  
-2.14734  0.0103262  
-2.12897  0.00697059  
-2.13763  -0.0155109  
-2.1002  -0.0166179  
-2.09985  -0.0297088  
-2.06829  -0.0164796  
-2.04437  -0.0312967  
-2.05259  -0.0530872  
-2.02523  -0.0452018  
-2.02166  -0.065806  
-1.98797  -0.0720984  
-1.97551  -0.111243  
-1.96317  -0.0984957  
-1.94362  -0.103358  
-1.94743  -0.120342  
-1.95377  -0.110471  
-1.95718  -0.127042  
-1.95645  -0.119063  
-1.97805  -0.183516  
-1.99915  -0.193667  
-1.99029  -0.183533  
-2.02686  -0.200725  
-2.04084  -0.201829  
-2.07366  -0.230208  
-2.07867  -0.244053  
-2.07515  -0.242008  
-2.08176  -0.276675  
-2.08575  -0.28243  
-2.10397  -0.310063  
-2.12218  -0.32919  
-2.12051  -0.314822  
-2.13328  -0.365003  
-2.13179  -0.374066  
-2.14856  -0.412054  
-2.15056  -0.425807  
-2.16232  -0.433943  
-2.16976  -0.441442  
-2.17519  -0.440901  
-2.17841  -0.465582  
-2.16987  -0.485316  
-2.16158  -0.484465  
-2.15647  -0.500693  
-2.15403  -0.500975  
-2.14874  -0.500311  
-2.14721  -0.485593  
-2.14604  -0.494641  
-2.14898  -0.4748  
-2.1421  -0.482692  
-2.15303  -0.482662  
-2.15871  -0.442246  
-2.15756  -0.440547  
-2.17911  -0.449312  
-2.18108  -0.453011  
-2.18273  -0.473652  
-2.17897  -0.471583  
-2.17437  -0.502285  
-2.18424  -0.516521  
-2.1993  -0.545526  
-2.19235  -0.564694  
-2.18872  -0.561995  
-2.19574  -0.606728  
-2.19222  -0.603758  
-2.2094  -0.62092  
-2.20578  -0.617957  
-2.22183  -0.644055  
-2.22379  -0.658534  
-2.22014  -0.655422  
-2.22151  -0.661704  
-2.23671  -0.671558  
-2.24407  -0.6748  
-2.24039  -0.671809  
-2.24124  -0.707986  
-2.23501  -0.712789  
-2.2449  -0.726218  
-2.23429  -0.747393  
-2.23097  -0.743933  
-2.20895  -0.741194  
-2.19794  -0.773581  
-2.19514  -0.769837  
-2.1687  -0.78231  
-2.16624  -0.77837  
-2.14938  -0.753338  
-2.1341  -0.767854  
-2.13207  -0.763966  
-2.13111  -0.773736  
-2.12917  -0.769809  
-2.12428  -0.771086  
-2.12241  -0.767072  
-2.11034  -0.763263  
-2.11404  -0.755697  
-2.10632  -0.745227  
-2.10016  -0.753041  
-2.10795  -0.742014  
-2.1035  -0.740009  
-2.10191  -0.736044  
-2.10714  -0.713824  
-2.10547  -0.709989  
-2.1149  -0.703295  
-2.11316  -0.699513  
-2.10837  -0.672707  
-2.11197  -0.665732  
-2.11473  -0.63057  
-2.1129  -0.62722  
-2.09081  -0.616598  
-2.09185  -0.62522  
-2.09719  -0.60204  
-2.09959  -0.590984  
-2.09791  -0.587645  
-2.07542  -0.588102  
-2.07942  -0.581205  
-2.07917  -0.587593  
-2.08583  -0.582911  
-2.08763  -0.59654  
-2.09718  -0.583045  
-2.0932  -0.555553  
-2.09346  -0.568988  
-2.09542  -0.572043  
-2.10388  -0.552259  
-2.10824  -0.541978  
-2.10656  -0.538364  
-2.10485  -0.536562  
-2.10594  -0.545662  
-2.11027  -0.541962  
-2.10404  -0.508275  
-2.11404  -0.524798  
-2.12953  -0.505983  
-2.13159  -0.509186  
-2.13526  -0.510837  
-2.15214  -0.533713  
-2.15576  -0.526609  
-2.17795  -0.520511  
-2.17735  -0.510957  
-2.1887  -0.530947  
-2.18032  -0.522924  
-2.17974  -0.513399  
-2.18223  -0.5277  
-2.18982  -0.527662  
-2.20828  -0.529706  
-2.21544  -0.515255  
-2.19644  -0.499273  
-2.21477  -0.53118  
-2.19782  -0.510432  
-2.19984  -0.528421  
-2.21638  -0.533615  
-2.21856  -0.5445  
-2.21645  -0.573728  
-2.22288  -0.579344  
-2.21012  -0.615641  
-2.18152  -0.641656  
-2.19728  -0.65518  
-2.19004  -0.6755  
-2.20047  -0.693742  
-2.18846  -0.702358  
-2.18805  -0.738867  
-2.18152  -0.760429  
-2.16811  -0.77533  
-2.16908  -0.780655  
-2.15402  -0.798788  
-2.15834  -0.844414  
-2.16105  -0.851819  
-2.15212  -0.924143  
-2.15513  -0.931089  
-2.15411  -0.962745  
-2.15361  -1.01447  
-2.15691  -1.02101  
-2.17889  -1.09211  
-2.18213  -1.09834  
-2.18592  -1.15615  
-2.19434  -1.17812  
-2.19447  -1.18866  
-2.19617  -1.20032  
-2.19663  -1.20489  
-2.21091  -1.20686  
-2.21265  -1.18591  
-2.21618  -1.19276  
-2.19747  -1.15199  
-2.20124  -1.15941  
-2.21526  -1.12261  
-2.22447  -1.12629  
-2.22658  -1.11259  
-2.2302  -1.12101  
-2.22894  -1.13585  
-2.23804  -1.13997  
-2.24485  -1.14198  
-2.24833  -1.15058  
-2.2573  -1.1656  
-2.24794  -1.17406  
-2.25162  -1.18306  
-2.23684  -1.1547  
-2.23337  -1.13765  
-2.2487  -1.12575  
-2.24326  -1.08469  
-2.23951  -1.0962  
-2.236  -1.08524  
-2.22559  -1.0713  
-2.22015  -1.04086  
-2.22341  -1.00376  
-2.21955  -0.987511  
-2.20652  -0.978246  
-2.20491  -0.972814  
-2.18409  -0.960204  
-2.18698  -0.974003  
-2.18228  -0.979395  
-2.1657  -0.986986  
-2.17553  -0.999759  
-2.15539  -1.02713  
-2.14682  -1.02119  
-2.14037  -1.01586  
-2.14085  -1.0011  
-2.15222  -1.01471  
-2.15313  -0.989769  
-2.1583  -0.965038  
-2.1514  -0.959144  
-2.15975  -0.939477  
-2.15048  -0.929637  
-2.16313  -0.892528  
-2.16325  -0.90241  
-2.15188  -0.894701  
-2.12938  -0.889811  
-2.13678  -0.892891  
-2.10813  -0.881168  
-2.11184  -0.900877  
-2.10559  -0.884226  
-2.08106  -0.84106  
-2.09132  -0.850983  
-2.06697  -0.796728  
-2.0549  -0.80284  
-2.02925  -0.769649  
-2.01667  -0.735379  
-2.01656  -0.729058  
-2.01093  -0.70243  
-2.0094  -0.682151  
-1.98287  -0.698636  
-1.99222  -0.714797  
-1.9531  -0.704878  
-1.95332  -0.699386  
-1.94873  -0.720815  
-1.94034  -0.714452  
-1.93469  -0.715986  
-1.9231  -0.712457  
-1.91408  -0.714119  
-1.88633  -0.681837  
-1.88624  -0.671676  
-1.88295  -0.659585  
-1.86777  -0.637911  
-1.88258  -0.655944  
-1.86597  -0.632074  
-1.85309  -0.620664  
-1.84735  -0.624956  
-1.85865  -0.622198  
-1.85534  -0.615185  
-1.87706  -0.617523  
-1.88803  -0.655984  
-1.88654  -0.638964  
-1.91435  -0.690654  
-1.90501  -0.687706  
-1.93762  -0.71909  
-1.93142  -0.722829  
-1.9434  -0.775527  
-1.9507  -0.801303  
-1.95821  -0.815417  
-1.95332  -0.841069  
-1.95999  -0.840651  
-1.97259  -0.826586  
-1.97295  -0.849471  
-1.98499  -0.814548  
-1.97517  -0.808323  
-1.98931  -0.814959  
-1.99716  -0.804028  
-1.99619  -0.813722  
-2.01646  -0.796696  
-2.02161  -0.798463  
-2.00059  -0.817181  
-1.99513  -0.812002  
-1.99462  -0.811809  
-1.99426  -0.845639  
-1.98975  -0.833523  
-1.98979  -0.825822  
-1.98512  -0.814259  
-1.97978  -0.81314  
-1.97052  -0.780651  
-1.96817  -0.793174  
-1.97173  -0.77024  
-1.9667  -0.760019  
-1.95558  -0.742632  
-1.95236  -0.754178  
-1.9554  -0.732452  
-1.96184  -0.75473  
-1.95563  -0.759906  
-1.94179  -0.788402  
-1.93747  -0.808256  
-1.92978  -0.822515  
-1.9281  -0.8755  
-1.92713  -0.873794  
-1.92251  -0.902966  
-1.92335  -0.916395  
-1.93754  -0.913868  
-1.93929  -0.926166  
-1.93098  -0.917338  
-1.93605  -0.942961  
-1.963  -0.944346  
-1.95982  -0.93001  
-1.9531  -0.949458  
-1.96196  -0.939787  
-1.95536  -0.963649  
-1.9703  -0.975907  
-1.95363  -0.973565  
-1.962  -1.00195  
-1.95731  -1.01277  
-1.95825  -1.01844  
-1.92788  -1.06425  
-1.93471  -1.07289  
-1.92458  -1.10019  
-1.9166  -1.09402  
-1.89985  -1.13581  
-1.90075  -1.1415  
-1.88203  -1.15428  
-1.87813  -1.15833  
-1.87884  -1.16429  
-1.86003  -1.15425  
-1.8607  -1.16053  
-1.84562  -1.16657  
-1.84619  -1.17307  
-1.82415  -1.17819  
-1.8247  -1.18486  
-1.8079  -1.19136  
-1.79214  -1.23374  
-1.79215  -1.21883  
-1.77655  -1.24472  
-1.76116  -1.25208  
-1.75275  -1.24823  
-1.7396  -1.25889  
-1.73998  -1.26602  
-1.71551  -1.27837  
-1.70656  -1.28066  
-1.70664  -1.26681  
-1.68807  -1.27277  
-1.67949  -1.26999  
-1.65811  -1.28945  
-1.65716  -1.29383  
-1.66776  -1.28989  
-1.65117  -1.29443  
-1.64773  -1.29976  
-1.62956  -1.3033  
-1.6531  -1.30494  
-1.6526  -1.31504  
-1.64152  -1.29949  
-1.64946  -1.30223  
-1.63489  -1.32318  
-1.62549  -1.31448  
-1.62458  -1.32315  
-1.60314  -1.31502  
-1.60519  -1.32138  
-1.59268  -1.29901  
-1.5781  -1.28827  
-1.5682  -1.28792  
-1.55722  -1.28668  
-1.56485  -1.28061  
-1.54735  -1.24064  
-1.54616  -1.25047  
-1.51803  -1.24324  
-1.51689  -1.25315  
-1.49565  -1.25148  
-1.48583  -1.25216  
-1.48645  -1.24473  
-1.47883  -1.23214  
-1.48673  -1.23058  
-1.44899  -1.24252  
-1.4484  -1.23179  
-1.42567  -1.21895  
-1.42512  -1.20843  
-1.4027  -1.18761  
-1.3797  -1.16365  
-1.39554  -1.16087  
-1.37032  -1.12432  
-1.37738  -1.11257  
-1.35095  -1.08848  
-1.32821  -1.07539  
-1.32798  -1.06589  
-1.31977  -1.0629  
-1.31327  -1.0608  
-1.31365  -1.05175  
-1.29786  -1.04372  
-1.29742  -1.03448  
-1.26789  -1.05887  
-1.26732  -1.05353  
-1.24954  -1.06668  
-1.24798  -1.06138  
-1.21331  -1.06933  
-1.19835  -1.08799  
-1.19693  -1.0996  
-1.17278  -1.09408  
-1.17279  -1.08469  
-1.16605  -1.08523  
-1.17446  -1.08423  
-1.16631  -1.08666  
-1.14849  -1.08578  
-1.15433  -1.09564  
-1.15184  -1.12111  
-1.14429  -1.10672  
-1.14415  -1.11362  
-1.12964  -1.13362  
-1.13704  -1.13055  
-1.11053  -1.13256  
-1.10813  -1.15181  
-1.07458  -1.15941  
-1.05156  -1.16158  
-1.05114  -1.15266  
-1.01238  -1.15901  
-1.02091  -1.15783  
-0.995461  -1.16898  
-0.977458  -1.16317  
-0.966057  -1.17194  
-0.955699  -1.16865  
-0.955527  -1.16029  
-0.930588  -1.17975  
-0.926801  -1.18876  
-0.931851  -1.18912  
-0.912249  -1.2012  
-0.906255  -1.20152  
-0.900441  -1.21524  
-0.902648  -1.23239  
-0.891034  -1.23527  
-0.898122  -1.2337  
-0.89678  -1.24297  
-0.899456  -1.24553  
-0.913493  -1.25289  
-0.893055  -1.25944  
-0.899893  -1.26849  
-0.917024  -1.26511  
-0.904432  -1.28147  
-0.900213  -1.29341  
-0.910331  -1.2778  
-0.917121  -1.27688  
-0.928978  -1.28706  
-0.926335  -1.27995  
-0.928538  -1.29254  
-0.951546  -1.27562  
-0.957509  -1.2749  
-0.967656  -1.26623  
-0.964034  -1.25958  
-0.977846  -1.25965  
-0.984376  -1.27726  
-0.980203  -1.2707  
-0.973053  -1.28815  
-0.975249  -1.28803  
-0.969466  -1.28939  
-0.957024  -1.30945  
-0.957024  -1.30945  
-0.934428  -1.30831  
-0.927982  -1.32088  
-0.892091  -1.32087  
-0.889219  -1.31584  
-0.871774  -1.32953  
-0.838569  -1.33987  
-0.828832  -1.33418  
-0.812899  -1.35894  
-0.799853  -1.3449  
-0.792415  -1.35215  
-0.784189  -1.35316  
-0.778377  -1.36876  
-0.770314  -1.3622  
-0.776695  -1.37285  
-0.782712  -1.37225  
-0.774129  -1.35089  
-0.780347  -1.34914  
-0.767218  -1.35808  
-0.780457  -1.35187  
-0.767336  -1.35384  
-0.7632  -1.36689  
-0.758913  -1.36132  
-0.769465  -1.36141  
-0.745887  -1.36527  
-0.749718  -1.36265  
-0.752798  -1.37874  
-0.750295  -1.37477  
-0.755365  -1.37452  
-0.754917  -1.37013  
-0.752082  -1.35497  
-0.752129  -1.36637  
-0.760581  -1.36007  
-0.750572  -1.35045  
-0.768624  -1.33699  
-0.768624  -1.33699  
-0.771784  -1.3266  
-0.751977  -1.31974  
-0.739625  -1.31267  
-0.744351  -1.31296  
-0.721384  -1.30288  
-0.713727  -1.31645  
-0.701828  -1.3059  
-0.704418  -1.30876  
-0.699255  -1.30423  
-0.701431  -1.291  
-0.698967  -1.29364  
-0.693866  -1.28927  
-0.692125  -1.30186  
-0.686122  -1.2981  
-0.677764  -1.29738  
-0.684149  -1.27403  
-0.688612  -1.27446  
-0.662599  -1.27434  
-0.664227  -1.2694  
-0.649519  -1.2838  
-0.637856  -1.2709  
-0.629905  -1.28471  
-0.62922  -1.26296  
-0.623948  -1.25885  
-0.613811  -1.27358  
-0.604563  -1.29386  
-0.597599  -1.27673  
-0.567405  -1.31362  
-0.572685  -1.31374  
-0.555002  -1.31903  
-0.544522  -1.33089  
-0.530171  -1.34488  
-0.509797  -1.3595  
-0.505866  -1.35976  
-0.503099  -1.36469  
-0.484937  -1.37248  
-0.477865  -1.36515  
-0.465219  -1.35779  
-0.48164  -1.35053  
-0.469408  -1.35623  
-0.47087  -1.34606  
-0.476329  -1.34622  
-0.466939  -1.34201  
-0.472309  -1.34227  
-0.46652  -1.3322  
-0.470908  -1.32763  
-0.48089  -1.32996  
-0.473497  -1.3102  
-0.467844  -1.30655  
-0.463804  -1.29751  
-0.455982  -1.28278  
-0.445875  -1.29415  
-0.456037  -1.27514  
-0.436062  -1.2819  
-0.444502  -1.25377  
-0.423802  -1.25452  
-0.431604  -1.25175  
-0.429232  -1.23105  
-0.44287  -1.22919  
-0.432275  -1.21459  
-0.436412  -1.18949  
-0.430612  -1.18665  
-0.438096  -1.15983  
-0.428349  -1.15552  
-0.448273  -1.12033  
-0.453745  -1.09684  
-0.443032  -1.09299  
-0.450498  -1.07945  
-0.444468  -1.07716  
-0.427713  -1.0544  
-0.429582  -1.04506  
-0.436017  -1.04268  
-0.426889  -1.01112  
-0.436687  -1.01347  
-0.4085  -1.01414  
-0.42213  -1.00314  
-0.422335  -1.00573  
-0.40594  -1.00042  
-0.410237  -1.00443  
-0.41127  -0.992935  
-0.411284  -1.00653  
-0.400784  -1.00295  
-0.392858  -1.01046  
-0.392858  -1.01046  
-0.381322  -1.01579  
-0.385986  -1.0168  
-0.374105  -1.01304  
-0.378783  -1.01399  
-0.352722  -1.01645  
-0.347152  -1.01633  
-0.35199  -1.01717  
-0.331593  -1.01608  
-0.336565  -1.01695  
-0.325406  -1.01788  
-0.307859  -1.02481  
-0.300338  -1.01806  
-0.290021  -1.02313  
-0.290021  -1.02313  
-0.289497  -1.02277  
-0.286871  -1.02753  
-0.280911  -1.03005  
-0.281547  -1.03896  
-0.276327  -1.042  
-0.277986  -1.04544  
-0.279238  -1.04744  
-0.284057  -1.04808  
-0.279388  -1.059  
-0.291643  -1.06591  
-0.289111  -1.06467  
-0.292317  -1.0747  
-0.296688  -1.07517  
-0.295173  -1.07331  
-0.299414  -1.07381  
-0.283809  -1.07546  
-0.286378  -1.08098  
-0.29027  -1.08081  
-0.294065  -1.08054  
-0.286976  -1.07796  
-0.270943  -1.0962  
-0.275574  -1.10288  
-0.279597  -1.10331  
-0.278225  -1.10818  
-0.282129  -1.10859  
-0.281479  -1.11852  
-0.274008  -1.11581  
-0.282012  -1.12098  
-0.278093  -1.13271  
-0.281733  -1.133  
-0.29135  -1.10789  
-0.294751  -1.10837  
-0.266793  -1.1104  
-0.27285  -1.11312  
-0.259481  -1.11859  
-0.246574  -1.11292  
-0.250295  -1.11348  
-0.22875  -1.11893  
-0.221151  -1.11653  
-0.221051  -1.11138  
-0.198631  -1.13625  
-0.177207  -1.14038  
-0.15237  -1.15939  
-0.156765  -1.15982  
-0.116743  -1.17588  
-0.104355  -1.19408  
-0.103008  -1.19864  
-0.0697397  -1.21485  
-0.0660078  -1.2146  
-0.0170274  -1.23302  
0.0135189  -1.25953  
0.00586721  -1.25635  
0.0194325  -1.27153  
0.0613778  -1.28476  
0.055778  -1.28498  
0.0681649  -1.28909  
0.0744673  -1.28641  
0.0902521  -1.30653  
0.0941338  -1.30716  
0.0963323  -1.3191  
0.0934413  -1.31484  
0.0878003  -1.31534  
0.0664262  -1.31359  
0.0734336  -1.31116  
0.067508  -1.31346  
0.0624923  -1.3141  
0.0572529  -1.30939  
0.0524765  -1.31015  
0.0546735  -1.29421  
0.0713611  -1.2856  
0.0517507  -1.27399  
0.0677366  -1.26583  
0.0574174  -1.25304  
0.0663482  -1.24587  
0.0693281  -1.24227  
0.0622054  -1.24313  
0.0864715  -1.23331  
0.0941335  -1.23178  
0.105195  -1.23221  
0.0943328  -1.2363  
0.116979  -1.23763  
0.141282  -1.2499  
0.141282  -1.2499  
0.166038  -1.25266  
0.160718  -1.25397  
0.175387  -1.25265  
0.202159  -1.27362  
0.206501  -1.27433  
0.216633  -1.27271  
0.239848  -1.27047  
0.246752  -1.26881  
0.240555  -1.2669  
0.2349  -1.26828  
0.253527  -1.27836  
0.283789  -1.27227  
0.278119  -1.27363  
0.270021  -1.25261  
0.264314  -1.25419  
0.29616  -1.26147  
0.282382  -1.25196  
0.276383  -1.25323  
0.30264  -1.26238  
0.309738  -1.26101  
0.298366  -1.24709  
0.292734  -1.2488  
0.303471  -1.25095  
0.302315  -1.25585  
0.29681  -1.25748  
0.31363  -1.25344  
0.308121  -1.25514  
0.320257  -1.24763  
0.344695  -1.25742  
0.332001  -1.25555  
0.361515  -1.25445  
0.365806  -1.25893  
0.37728  -1.25699  
0.411078  -1.26555  
0.404971  -1.26734  
0.425779  -1.26805  
0.430257  -1.2677  
0.46236  -1.28229  
0.45571  -1.26955  
0.449436  -1.27142  
0.49479  -1.26729  
0.501387  -1.26625  
0.503868  -1.25291  
0.522498  -1.25936  
0.537884  -1.25043  
0.538307  -1.25331  
0.544792  -1.25249  
0.552674  -1.25372  
0.547806  -1.26235  
0.572506  -1.26087  
0.541844  -1.25228  
0.518239  -1.25769  
0.527969  -1.26957  
0.525161  -1.26692  
0.52869  -1.26539  
0.5277  -1.27167  
0.520936  -1.27821  
0.522486  -1.27605  
0.499153  -1.28666  
0.507092  -1.28566  
0.502792  -1.29494  
0.500777  -1.29566  
0.513353  -1.29138  
0.537143  -1.2947  
0.525288  -1.29862  
0.532449  -1.27901  
0.54044  -1.27811  
0.569969  -1.28283  
0.586711  -1.28813  
0.592249  -1.28414  
0.626344  -1.27216  
0.628099  -1.27307  
0.66767  -1.27801  
0.669966  -1.27118  
0.683488  -1.26808  
0.667076  -1.26172  
0.709199  -1.25686  
0.731775  -1.24481  
0.72492  -1.2476  
0.742715  -1.22317  
0.735809  -1.22615  
0.754598  -1.21932  
0.758158  -1.20226  
0.764666  -1.20234  
0.747008  -1.17985  
0.769291  -1.17595  
0.735534  -1.16923  
0.728889  -1.17256  
0.71721  -1.17082  
0.703834  -1.17094  
0.703834  -1.17094  
0.668645  -1.15512  
0.656905  -1.15934  
0.63502  -1.16762  
0.646182  -1.17777  
0.621048  -1.18367  
0.616083  -1.17186  
0.629768  -1.16888  
0.608153  -1.1691  
0.631462  -1.16922  
0.614949  -1.16211  
0.608066  -1.15405  
0.621772  -1.15111  
0.604697  -1.14953  
0.605187  -1.14425  
0.613167  -1.13632  
0.602474  -1.13004  
0.604478  -1.13145  
0.577193  -1.11494  
0.579207  -1.11638  
0.585737  -1.10622  
0.581285  -1.10894  
0.585672  -1.10639  
0.610849  -1.1004  
0.599128  -1.10476  
0.612907  -1.1022  
0.621953  -1.10197  
0.621876  -1.09409  
0.63096  -1.09388  
0.638071  -1.08433  
0.660801  -1.08614  
0.660801  -1.08614  
0.688878  -1.10028  
0.668047  -1.09121  
0.67941  -1.09832  
0.697699  -1.10551  
0.688661  -1.10931  
0.697045  -1.11063  
0.696019  -1.11483  
0.691702  -1.11827  
0.672727  -1.12435  
0.661332  -1.13114  
0.649196  -1.13733  
0.648566  -1.14593  
0.643959  -1.14536  
0.640211  -1.15698  
0.649995  -1.15618  
0.66002  -1.15369  
0.658467  -1.15114  
0.654492  -1.15316  
0.687813  -1.16903  
0.672137  -1.15721  
0.707032  -1.15465  
0.702513  -1.15691  
0.711209  -1.167  
0.696102  -1.16313  
0.691851  -1.16532  
0.693056  -1.17827  
0.702847  -1.17743  
0.700674  -1.16899  
0.71622  -1.17196  
0.739377  -1.17187  
0.735103  -1.1682  
0.753893  -1.16232  
0.747636  -1.15625  
0.740089  -1.16858  
0.74498  -1.15548  
0.756121  -1.16302  
0.761222  -1.16082  
0.764687  -1.15064  
0.772134  -1.14437  
0.781579  -1.14399  
0.751327  -1.13466  
0.762619  -1.14635  
0.744902  -1.13204  
0.745819  -1.12681  
0.726064  -1.11764  
0.721302  -1.10767  
0.709682  -1.11257  
0.700519  -1.11317  
0.696964  -1.11565  
0.665082  -1.10883  
0.664625  -1.12122  
0.672964  -1.11473  
0.669779  -1.11698  
0.683759  -1.10967  
0.689768  -1.11608  
0.700187  -1.11557  
0.703004  -1.12944  
0.697929  -1.11711  
0.703977  -1.11131  
0.714371  -1.11073  
0.721707  -1.12422  
0.74266  -1.13876  
0.727042  -1.12703  
0.742687  -1.12512  
0.739009  -1.12729  
0.757342  -1.14301  
0.767609  -1.14226  
0.784887  -1.1361  
0.797315  -1.1412  
0.799772  -1.14338  
0.838118  -1.14326  
0.818128  -1.13391  
0.847608  -1.14893  
0.858536  -1.14235  
0.864103  -1.14404  
0.884641  -1.148  
0.893004  -1.1411  
0.907026  -1.13472  
0.923316  -1.12613  
0.926987  -1.13508  
0.943686  -1.14563  
0.937136  -1.13376  
0.966204  -1.134  
0.935052  -1.13336  
0.946873  -1.14319  
0.932375  -1.15302  
0.934962  -1.15533  
0.929818  -1.15042  
0.919012  -1.15066  
0.930449  -1.14301  
0.924336  -1.13255  
0.919956  -1.13544  
0.905014  -1.13254  
0.902559  -1.13435  
0.909705  -1.11823  
0.919051  -1.11198  
0.928911  -1.11206  
0.94362  -1.1274  
0.923653  -1.11874  
0.968223  -1.14291  
0.974305  -1.13477  
0.970192  -1.13375  
1.01331  -1.13156  
1.02251  -1.13168  
1.041  -1.1259  
1.041  -1.1259  
1.05495  -1.11691  
1.08153  -1.09945  
1.09271  -1.10982  
1.08083  -1.09693  
1.09218  -1.10207  
1.10397  -1.10643  
1.09979  -1.10146  
1.08138  -1.10334  
1.09567  -1.11474  
1.0942  -1.10009  
1.09666  -1.10422  
1.09949  -1.10678  
1.10012  -1.10255  
1.1006  -1.11409  
1.10964  -1.11467  
1.1287  -1.1101  
1.12459  -1.10897  
1.14858  -1.10058  
1.14433  -1.09958  
1.15922  -1.11148  
1.16787  -1.11228  
1.14743  -1.11768  
1.15438  -1.12688  
1.14932  -1.13041  
1.16352  -1.12331  
1.17499  -1.13372  
1.17571  -1.1252  
1.16792  -1.13704  
1.16143  -1.12605  
1.15131  -1.12954  
1.1607  -1.13017  
1.15678  -1.12848  
1.15125  -1.11957  
1.16542  -1.11663  
1.15373  -1.11235  
1.14092  -1.10541  
1.13268  -1.07785  
1.13154  -1.06874  
1.12849  -1.05419  
1.12595  -1.04294  
1.10344  -1.03046  
1.11599  -1.01771  
1.12281  -1.01508  
1.14085  -1.01297  
1.15722  -1.00539  
1.15842  -1.00183  
1.16924  -0.999013  
1.18406  -1.0103  
1.19554  -1.01585  
1.20643  -1.00817  
1.21545  -1.00957  
1.22423  -1.01648  
1.22407  -1.01469  
1.22728  -1.01761  
1.22059  -1.02851  
1.23291  -1.02882  
1.22383  -1.0302  
1.20918  -1.03015  
1.21108  -1.04004  
1.18967  -1.02427  
1.19448  -1.02911  
1.16981  -1.0207  
1.1285  -1.01381  
1.13868  -1.01479  
1.11085  -0.9916  
1.10182  -0.99805  
1.10411  -0.988692  
1.09825  -0.987573  
1.10877  -0.98862  
1.11084  -0.976587  
1.0911  -0.969044  
1.10753  -0.954223  
1.117  -0.948403  
1.11139  -0.9382  
1.11869  -0.928368  
1.11869  -0.928368  
1.09022  -0.915174  
1.09362  -0.918281  
1.10727  -0.90328  
1.08746  -0.896029  
1.09976  -0.903838  
1.11243  -0.914558  
1.12387  -0.903531  
1.14586  -0.911768  
1.15571  -0.913124  
1.17104  -0.902496  
1.16646  -0.906658  
1.18611  -0.9188  
1.20156  -0.925803  
1.19365  -0.917048  
1.21753  -0.915514  
1.21258  -0.919658  
1.22573  -0.92425  
1.22273  -0.920068  
1.21996  -0.925362  
1.24289  -0.9131  
1.23688  -0.919415  
1.2356  -0.915567  
1.25244  -0.919758  
1.23291  -0.908596  
1.26495  -0.91563  
1.27343  -0.919581  
1.27655  -0.91729  
1.32428  -0.91472  
1.31451  -0.916023  
1.33952  -0.93772  
1.35389  -0.934979  
1.35059  -0.938045  
1.3595  -0.939804  
1.39117  -0.952538  
1.36978  -0.945637  
1.40867  -0.946293  
1.38734  -0.939485  
1.3898  -0.931578  
1.38061  -0.917869  
1.38953  -0.919973  
1.35321  -0.910005  
1.36031  -0.913075  
1.33835  -0.901145  
1.3261  -0.885065  
1.31972  -0.87596  
1.31213  -0.876388  
1.29255  -0.88164  
1.28545  -0.881491  
1.27899  -0.853875  
1.28287  -0.857318  
1.29213  -0.843885  
1.29061  -0.829796  
1.29916  -0.820393  
1.30986  -0.805895  
1.32597  -0.81639  
1.34028  -0.801416  
1.33875  -0.787372  
1.36535  -0.780389  
1.38814  -0.776825  
1.38103  -0.768643  
1.39098  -0.762992  
1.38405  -0.765959  
1.38831  -0.772363  
1.35819  -0.760618  
1.3674  -0.763608  
1.30887  -0.762554  
1.30249  -0.754145  
1.29346  -0.759749  
1.26327  -0.755329  
1.26771  -0.773054  
1.23342  -0.789249  
1.24399  -0.791499  
1.26069  -0.792185  
1.24169  -0.789929  
1.26629  -0.790834  
1.3  -0.786355  
1.31168  -0.792745  
1.32447  -0.790212  
1.34654  -0.790403  
1.34058  -0.796934  
1.3436  -0.780705  
1.35324  -0.783194  
1.35238  -0.7849  
1.34747  -0.789965  
1.34515  -0.778885  
1.34392  -0.78648  
1.33191  -0.778975  
1.30978  -0.794213  
1.31405  -0.797906  
1.30427  -0.80155  
1.29175  -0.810115  
1.28285  -0.803688  
1.25566  -0.799615  
1.26444  -0.800149  
1.26241  -0.806943  
1.26635  -0.801382  
1.24874  -0.803752  
1.27582  -0.796473  
1.25562  -0.78993  
1.25985  -0.794771  
1.27661  -0.785346  
1.28729  -0.787485  
1.31545  -0.800443  
1.30959  -0.791439  
1.31864  -0.793456  
1.31901  -0.798092  
1.32941  -0.800192  
1.33715  -0.798841  
1.3592  -0.799167  
1.37238  -0.797062  
1.36621  -0.788368  
1.40464  -0.767471  
1.4168  -0.778979  
1.4101  -0.751894  
1.42833  -0.745279  
1.43783  -0.748272  
1.46105  -0.75051  
1.45723  -0.753578  
1.48429  -0.761766  
1.48329  -0.762378  
1.49267  -0.765482  
1.45458  -0.797617  
1.44976  -0.802751  
1.45994  -0.817758  
1.44142  -0.820485  
1.45619  -0.839672  
1.45157  -0.844423  
1.45548  -0.851611  
1.42643  -0.852889  
1.43935  -0.863809  
1.44213  -0.870251  
1.43636  -0.861484  
1.47405  -0.852865  
1.48425  -0.855302  
1.50991  -0.844159  
1.50608  -0.844575  
1.51628  -0.841397  
1.52057  -0.831524  
1.51423  -0.82348  
1.53562  -0.808348  
1.52913  -0.800586  
1.55172  -0.821336  
1.56047  -0.825838  
1.55092  -0.821906  
1.54047  -0.827304  
1.52843  -0.823606  
1.54712  -0.837824  
1.55912  -0.844654  
1.5562  -0.845437  
1.55426  -0.853724  
1.56442  -0.856529  
1.5665  -0.854897  
1.56027  -0.84695  
1.58893  -0.849731  
1.5977  -0.849907  
1.60762  -0.852969  
1.63431  -0.852013  
1.62773  -0.844451  
1.64441  -0.836378  
1.65411  -0.83976  
1.65493  -0.829541  
1.64917  -0.815183  
1.64877  -0.83303  
1.62981  -0.809319  
1.63972  -0.812952  
1.62004  -0.799265  
1.61036  -0.790906  
1.59289  -0.798091  
1.57434  -0.790676  
1.56812  -0.786549  
1.57178  -0.780377  
1.56785  -0.775702  
1.56552  -0.755915  
1.56802  -0.757257  
1.58127  -0.770236  
1.57396  -0.762357  
1.60106  -0.764395  
1.61372  -0.776738  
1.62723  -0.781618  
1.62311  -0.77336  
1.62626  -0.789558  
1.63899  -0.787111  
1.65366  -0.802561  
1.63943  -0.809341  
1.62009  -0.797365  
1.63015  -0.801019  
1.61438  -0.786321  
1.61071  -0.796707  
1.5981  -0.78141  
1.61046  -0.788449  
1.63215  -0.789766  
1.63391  -0.778256  
1.64424  -0.782187  
1.66347  -0.77688  
1.69164  -0.752276  
1.70147  -0.756648  
1.71812  -0.736476  
1.72772  -0.741081  
1.74893  -0.725389  
1.7417  -0.719819  
1.72986  -0.717438  
1.7519  -0.716128  
1.74448  -0.711779  
1.71951  -0.716646  
1.69031  -0.718333  
1.69841  -0.72257  
1.68693  -0.722482  
1.69328  -0.732701  
1.66305  -0.729678  
1.68016  -0.759393  
1.67632  -0.761463  
1.7075  -0.768975  
1.69469  -0.776008  
1.71276  -0.788234  
1.76307  -0.780017  
1.76866  -0.784084  
1.78714  -0.788873  
1.79424  -0.797342  
1.8153  -0.781095  
1.80817  -0.775547  
1.80073  -0.771487  
1.79606  -0.774023  
1.80287  -0.792191  
1.75506  -0.810683  
1.74869  -0.804826  
1.70115  -0.815103  
1.71192  -0.819199  
1.69297  -0.833498  
1.66782  -0.835462  
1.66595  -0.840428  
1.66128  -0.840118  
1.65208  -0.844828  
1.64822  -0.84486  
1.64799  -0.838857  
1.64792  -0.821326  
1.66585  -0.811421  
1.67656  -0.810868  
1.66821  -0.807328  
1.68195  -0.79505  
1.67619  -0.789294  
1.70872  -0.78711  
1.70369  -0.77623  
1.71378  -0.790755  
1.72233  -0.800489  
1.71821  -0.797668  
1.69657  -0.820579  
1.6777  -0.824836  
1.67678  -0.846987  
1.67408  -0.85642  
1.67374  -0.872494  
1.65916  -0.89816  
1.63854  -0.893708  
1.6271  -0.909052  
1.6222  -0.902157  
1.6424  -0.911978  
1.63967  -0.912838  
1.66251  -0.903918  
1.6713  -0.910292  
1.68674  -0.907979  
1.72184  -0.911509  
1.73459  -0.918637  
1.75242  -0.908365  
1.76574  -0.919532  
1.7874  -0.920331  
1.80163  -0.912646  
1.81535  -0.914127  
1.82074  -0.916763  
1.81467  -0.910655  
1.83057  -0.901088  
1.81558  -0.905697  
1.79417  -0.902158  
1.74346  -0.900203  
1.75489  -0.904696  
1.74408  -0.892195  
1.73167  -0.889822  
1.70541  -0.88657  
1.68415  -0.893463  
1.68012  -0.890939  
1.65759  -0.88599  
1.65759  -0.88599  
1.66755  -0.878839  
1.70995  -0.876531  
1.69925  -0.871014  
1.71215  -0.874184  
1.72381  -0.878092  
1.73602  -0.872874  
1.73062  -0.867334  
1.76991  -0.865236  
1.80166  -0.854239  
1.7957  -0.84913  
1.77392  -0.851511  
1.76817  -0.846384  
1.76697  -0.846833  
1.76126  -0.841796  
1.74682  -0.857443  
1.76335  -0.865165  
1.77463  -0.86936  
1.76077  -0.888014  
1.75536  -0.882676  
1.73504  -0.897553  
1.74672  -0.9014  
1.7423  -0.913219  
1.74187  -0.907771  
1.75704  -0.922268  
1.73206  -0.915209  
1.71138  -0.911898  
1.6924  -0.914119  
1.68884  -0.920057  
1.68984  -0.920149  
1.69373  -0.904964  
1.68888  -0.899432  
1.70087  -0.892559  
1.6959  -0.887199  
1.69015  -0.88621  
1.71759  -0.887109  
1.71463  -0.889265  
1.75262  -0.890847  
1.74725  -0.88573  
1.73133  -0.878836  
1.74445  -0.885839  
1.74505  -0.901191  
1.73138  -0.898798  
1.74453  -0.905797  
1.71519  -0.908843  
1.7047  -0.90372  
1.68888  -0.897051  
1.68514  -0.897016  
1.69833  -0.903993  
1.7082  -0.909523  
1.69164  -0.907962  
1.72591  -0.913343  
1.74486  -0.917882  
1.73443  -0.912826  
1.76839  -0.921024  
1.77997  -0.924926  
1.79941  -0.928524  
1.79596  -0.930686  
1.81773  -0.940103  
1.81214  -0.935101  
1.805  -0.927691  
1.81638  -0.931715  
1.78311  -0.934089  
1.77957  -0.931385  
1.79128  -0.935362  
1.78562  -0.928279  
1.75971  -0.92854  
1.74654  -0.930791  
1.72515  -0.914653  
1.73845  -0.921553  
1.73319  -0.922861  
1.73288  -0.918851  
1.74376  -0.928009  
1.74034  -0.921019  
1.73541  -0.916398  
1.72221  -0.910774  
1.7208  -0.919477  
1.72003  -0.917501  
1.73901  -0.910566  
1.73397  -0.906124  
1.72681  -0.900718  
1.72627  -0.904936  
1.72115  -0.910128  
1.72459  -0.913828  
1.7209  -0.912081  
1.71469  -0.907726  
1.70281  -0.916665  
1.71455  -0.91949  
1.70969  -0.915096  
1.70874  -0.949745  
1.70399  -0.945068  
1.70228  -0.944266  
1.69753  -0.939655  
1.70155  -0.925237  
1.67885  -0.920706  
1.69125  -0.924712  
1.68767  -0.910254  
1.67253  -0.898839  
1.6689  -0.897217  
1.69557  -0.893936  
1.6894  -0.878677  
1.68581  -0.870402  
1.68937  -0.879793  
1.68451  -0.876164  
1.67066  -0.871513  
1.66625  -0.869992  
1.63649  -0.860048  
1.62825  -0.856125  
1.62462  -0.860847  
1.63497  -0.85821  
1.61439  -0.859345  
1.62546  -0.857066  
1.62005  -0.854745  
1.64063  -0.849069  
1.67896  -0.846404  
1.68708  -0.829908  
1.69128  -0.827187  
1.70567  -0.817389  
1.71034  -0.805262  
1.69343  -0.796432  
1.70845  -0.803338  
1.69349  -0.801133  
1.64332  -0.799254  
1.65688  -0.810773  
1.61141  -0.834665  
1.585  -0.85113  
1.6054  -0.869929  
1.60565  -0.904167  
1.61816  -0.90834  
1.62488  -0.922525  
1.64092  -0.943778  
1.66231  -0.953586  
1.70686  -0.972204  
1.73796  -0.964533  
1.81249  -0.960801  
1.81183  -0.96059  
1.87351  -0.966019  
1.88239  -0.976116  
1.9087  -0.954992  
1.91344  -0.974474  
1.90359  -0.97013  
1.88545  -0.984796  
1.87949  -0.981343  
1.79735  -1.00239  
1.79223  -0.99868  
1.7423  -1.01196  
1.73769  -1.00809  
1.64786  -1.03255  
1.64802  -1.04  
1.64424  -1.03571  
1.65284  -1.04489  
1.66788  -1.05471  
1.67104  -1.05035  
1.71754  -1.04896  
1.73032  -1.05247  
1.77076  -1.04357  
1.7679  -1.04611  
1.79255  -1.02525  
1.81876  -1.03157  
1.82034  -1.02206  
1.82513  -1.04609  
1.82823  -1.04387  
1.78774  -1.04804  
1.77896  -1.03843  
1.77984  -1.05058  
1.74216  -1.06204  
1.73966  -1.06447  
1.73177  -1.0699  
1.72939  -1.07225  
1.69467  -1.08178  
1.72967  -1.06296  
1.7256  -1.05914  
1.74757  -1.05365  
1.75088  -1.05  
1.79401  -1.05489  
1.7895  -1.0514  
1.87024  -1.05682  
1.86523  -1.05349  
1.86839  -1.06259  
1.86341  -1.05922  
1.88583  -1.07694  
1.85051  -1.09124  
1.84453  -1.0962  
1.82835  -1.10117  
1.84204  -1.10741  
1.80485  -1.13111  
1.78912  -1.13755  
1.76955  -1.13981  
1.77243  -1.14005  
1.78781  -1.14059  
1.7839  -1.13658  
1.77979  -1.13625  
1.783  -1.13708  
1.80777  -1.1275  
1.79993  -1.12756  
1.81406  -1.11289  
1.85827  -1.09434  
1.85376  -1.091  
1.84432  -1.08282  
1.86597  -1.07304  
1.85904  -1.07392  
1.85981  -1.06486  
1.85523  -1.06198  
1.88155  -1.05618  
1.89522  -1.06684  
1.90308  -1.07317  
1.89199  -1.08243  
1.8991  -1.07731  
1.8997  -1.08219  
1.91278  -1.08258  
1.91569  -1.0761  
1.91423  -1.08133  
1.94348  -1.07871  
1.95901  -1.08351  
1.95224  -1.08037  
1.99085  -1.06875  
1.9888  -1.0624  
1.99381  -1.06659  
1.97519  -1.0444  
1.96602  -1.05033  
1.96278  -1.04755  
1.95905  -1.04615  
1.95431  -1.04425  
1.94386  -1.03227  
1.92759  -1.03352  
1.93977  -1.04071  
1.93737  -1.0344  
1.95085  -1.04528  
1.98622  -1.04154  
1.99754  -1.03669  
2.02297  -1.03435  
2.0633  -1.02538  
2.05798  -1.02413  
2.08291  -1.0267  
2.08007  -1.02582  
2.07762  -1.04547  
2.08279  -1.05732  
2.08511  -1.05211  
2.08323  -1.05381  
2.08983  -1.07179  
2.06993  -1.0786  
2.05863  -1.08376  
2.06507  -1.09761  
2.06033  -1.09579  
2.07464  -1.09298  
2.08346  -1.07555  
2.07461  -1.07168  
2.09389  -1.06517  
2.08405  -1.07647  
2.11973  -1.06896  
2.15365  -1.06481  
2.14852  -1.06372  
2.13083  -1.08327  
2.12662  -1.08504  
2.11227  -1.09408  
2.09646  -1.10343  
2.09192  -1.10186  
2.07386  -1.13047  
2.06959  -1.12857  
2.07746  -1.13597  
2.08795  -1.1292  
2.07139  -1.1429  
2.10036  -1.12048  
2.09773  -1.11968  
2.12588  -1.101  
2.12327  -1.10021  
2.1498  -1.09437  
2.16668  -1.06849  
2.16411  -1.06771  
2.12876  -1.04824  
2.12744  -1.05354  
2.09951  -1.04154  
2.10636  -1.05454  
2.09551  -1.04894  
2.08182  -1.05285  
2.07234  -1.05574  
2.06  -1.04842  
2.05552  -1.05528  
2.05088  -1.05249  
2.07751  -1.05599  
2.09902  -1.0469  
2.14467  -1.05195  
2.19958  -1.03901  
2.22941  -1.04085  
2.25514  -1.03209  
2.26607  -1.03806  
2.29522  -1.03853  
2.30589  -1.04449  
2.30686  -1.05064  
2.30153  -1.05041  
2.25237  -1.04861  
2.24752  -1.04835  
2.20361  -1.05046  
2.19927  -1.0501  
2.16263  -1.05927  
2.15868  -1.0588  
2.14673  -1.05931  
2.14531  -1.05124  
2.14153  -1.0509  
2.14932  -1.03624  
2.1676  -1.01912  
2.16533  -1.01847  
2.19643  -1.01586  
2.19218  -1.016  
2.18842  -1.01166  
2.18419  -1.01183  
2.16575  -1.01582  
2.17774  -1.01223  
2.13065  -1.02322  
2.12687  -1.02317  
2.09154  -1.01934  
2.10362  -1.02474  
2.05433  -1.03161  
2.06003  -1.02755  
2.05672  -1.02734  
2.02477  -1.02281  
2.0337  -1.03177  
2.03964  -1.03327  
2.05797  -1.03752  
2.06632  -1.03466  
2.0909  -1.04495  
2.08297  -1.04137  
2.0777  -1.05043  
2.06693  -1.0647  
2.06487  -1.06412  
2.09317  -1.08098  
2.08531  -1.07741  
2.06046  -1.09106  
2.06881  -1.10153  
2.06555  -1.10039  
2.04453  -1.11069  
2.04148  -1.10941  
2.01511  -1.1022  
2.01806  -1.10497  
2.01513  -1.10369  
1.99698  -1.09579  
2.01013  -1.10013  
2.03782  -1.08689  
2.05563  -1.08457  
2.04599  -1.07863  
2.08776  -1.06444  
2.08585  -1.06391  
2.13258  -1.0581  
2.14466  -1.06295  
2.18236  -1.05518  
2.17849  -1.05471  
2.17947  -1.0595  
2.17568  -1.05896  
2.15537  -1.0532  
2.16054  -1.05748  
2.15781  -1.06272  
2.14208  -1.06336  
2.15433  -1.06811  
2.12519  -1.06237  
2.1105  -1.06432  
2.10872  -1.06382  
2.11422  -1.05807  
2.12738  -1.0535  
2.11926  -1.05029  
2.11752  -1.0498  
2.07089  -1.03771  
2.06196  -1.032  
2.05455  -1.02855  
2.06503  -1.02199  
2.06334  -1.02152  
2.03757  -1.01803  
2.00506  -1.01257  
2.01113  -1.02309  
1.998  -1.01412  
1.98945  -1.01499  
1.97675  -1.01479  
1.97599  -1.00688  
1.98977  -1.00735  
1.97662  -1.0104  
1.97436  -1.01007  
1.99186  -1.00302  
1.98945  -1.00277  
1.96261  -0.993805  
1.9764  -0.989561  
1.96319  -0.99432  
1.94212  -0.98734  
1.93983  -0.987147  
1.95368  -0.98089  
1.95132  -0.980772  
1.94316  -0.988112  
1.93993  -0.983968  
1.92797  -0.987485  
1.94126  -0.992118  
1.98182  -1.00594  
1.97534  -0.994685  
1.97289  -0.994365  
1.97417  -0.988793  
1.99396  -0.999648  
2.00097  -0.999073  
1.9984  -0.998695  
2.00137  -0.988564  
1.99877  -0.988293  
1.94684  -0.994142  
1.94465  -0.993747  
1.89654  -0.986995  
1.86423  -0.985774  
1.84845  -0.997604  
1.83235  -0.993454  
1.83084  -0.992905  
1.76902  -0.99853  
1.76796  -0.997844  
1.78973  -0.999114  
1.80733  -1.0014  
1.84581  -0.999381  
1.88567  -1.00208  
1.89658  -0.998716  
1.95536  -1.00096  
1.97302  -0.998459  
1.97588  -0.997133  
2.01589  -0.995429  
2.02669  -0.996539  
2.05133  -1.00724  
2.05012  -1.00691  
2.03291  -1.02153  
2.00148  -1.0261  
2.00029  -1.02578  
1.99899  -1.02372  
1.99781  -1.0234  
1.97901  -1.03268  
1.96182  -1.03391  
1.96067  -1.0336  
1.96422  -1.02162  
1.95276  -1.01776  
1.98751  -1.00303  
2.02932  -0.982217  
2.02716  -0.981869  
2.0426  -0.970377  
2.05643  -0.965884  
2.10863  -0.960664  
2.14717  -0.945249  
2.14438  -0.945446  
2.11933  -0.934785  
2.11669  -0.935064  
2.06048  -0.946155  
2.07132  -0.938671  
2.0776  -0.930328  
2.04882  -0.927765  
2.0431  -0.925929  
1.99434  -0.903228  
1.99709  -0.887206  
1.98086  -0.887653  
2.00612  -0.86056  
2.01584  -0.853015  
2.05257  -0.818784  
2.11958  -0.796818  
2.13195  -0.786536  
2.17779  -0.777141  
2.18925  -0.766324  
2.20732  -0.774886  
2.23186  -0.767104  
2.25019  -0.759484  
2.25537  -0.779217  
2.26953  -0.783914  
2.27826  -0.791184  
2.24817  -0.80414  
2.22884  -0.813607  
2.2214  -0.813057  
2.21155  -0.820946  
2.17255  -0.81722  
2.18628  -0.814398  
2.16795  -0.809046  
2.15155  -0.80652  
2.16651  -0.799478  
2.12783  -0.813253  
2.12622  -0.814877  
2.14861  -0.796701  
2.14691  -0.798533  
2.1269  -0.802273  
2.14719  -0.802983  
2.13921  -0.808422  
2.1773  -0.813284  
2.18182  -0.816087  
2.20969  -0.820838  
2.22338  -0.817959  
2.26453  -0.811819  
2.26224  -0.813508  
2.30966  -0.80345  
2.33144  -0.807106  
2.31472  -0.804695  
2.32295  -0.813702  
2.32059  -0.815395  
2.33266  -0.824141  
2.33038  -0.825745  
2.34023  -0.845735  
2.33382  -0.861944  
2.33323  -0.861804  
2.3333  -0.882798  
2.33273  -0.88266  
2.32211  -0.90464  
2.32044  -0.905285  
2.33836  -0.920204  
2.36117  -0.928537  
2.36062  -0.928403  
2.39443  -0.925653  
2.39389  -0.925523  
2.41416  -0.912745  
2.41242  -0.913393  
2.41333  -0.917522  
2.42006  -0.900121  
2.41955  -0.900003  
2.41044  -0.893329  
2.38805  -0.891625  
2.40152  -0.895737  
2.37027  -0.905004  
2.36979  -0.904898  
2.35268  -0.907384  
2.34337  -0.911332  
2.30037  -0.915066  
2.3076  -0.917963  
2.31583  -0.922636  
2.30034  -0.93532  
2.29991  -0.93523  
2.28669  -0.940717  
2.29246  -0.936795  
2.25064  -0.942428  
2.21488  -0.949549  
2.21447  -0.94947  
2.18906  -0.95467  
2.18894  -0.954603  
2.14113  -0.961968  
2.14132  -0.96178  
2.13488  -0.961096  
2.11968  -0.965319  
2.14309  -0.969892  
2.16524  -0.970773  
2.16521  -0.970481  
2.15794  -0.963378  
2.15783  -0.963158  
2.18662  -0.950079  
2.20178  -0.96222  
2.20145  -0.962171  
2.21213  -0.957048  
2.2187  -0.951549  
2.21839  -0.949111  
2.1812  -0.946262  
2.1808  -0.946257  
2.1539  -0.940775  
2.15357  -0.940812  
2.13589  -0.93734  
2.11643  -0.929514  
2.12236  -0.925409  
2.09815  -0.925836  
2.09817  -0.926031  
2.11911  -0.910525  
2.11902  -0.91093  
2.11522  -0.897793  
2.13375  -0.886148  
2.13919  -0.883301  
2.15781  -0.872394  
2.16875  -0.871479  
2.16811  -0.872349  
2.16771  -0.853061  
2.17595  -0.846812  
2.1298  -0.842956  
2.11866  -0.843835  
2.06404  -0.839187  
2.03698  -0.835295  
2.04168  -0.839693  
2.00858  -0.8396  
2.00162  -0.837306  
1.99679  -0.835615  
1.98506  -0.834456  
1.97786  -0.840657  
2.01721  -0.821995  
2.02364  -0.824268  
2.04382  -0.818782  
2.07757  -0.810609  
2.07754  -0.812414  
2.09511  -0.802415  
2.10337  -0.797771  
2.07134  -0.798555  
1.99871  -0.80564  
2.00341  -0.801787  
1.96401  -0.814338  
1.9279  -0.827302  
1.92795  -0.828635  
1.8732  -0.841651  
1.86492  -0.848495  
1.84996  -0.846547  
1.84797  -0.852335  
1.84849  -0.853371  
1.90745  -0.840511  
1.90744  -0.841774  
1.92274  -0.841893  
1.95325  -0.829866  
1.95824  -0.829656  
1.96373  -0.810302  
1.96308  -0.81199  
1.93799  -0.820304  
1.92941  -0.81982  
1.8933  -0.825327  
1.89233  -0.83963  
1.89223  -0.839709  
1.87635  -0.840105  
1.84626  -0.856006  
1.84637  -0.857141  
1.87608  -0.866623  
1.87601  -0.86766  
1.91906  -0.862911  
1.95071  -0.862752  
1.98371  -0.857726  
1.98293  -0.858906  
1.99856  -0.843749  
1.99769  -0.845105  
2.02097  -0.836647  
2.02269  -0.829  
1.96659  -0.838835  
1.96763  -0.832745  
1.99672  -0.836387  
1.99589  -0.837962  
1.98275  -0.84018  
1.99649  -0.837545  
2.00063  -0.830278  
1.9873  -0.828948  
2.05689  -0.828152  
2.06177  -0.822088  
2.11505  -0.828115  
2.14845  -0.817607  
2.16158  -0.815248  
2.17127  -0.813564  
2.16972  -0.815678  
2.15032  -0.817361  
2.14892  -0.819444  
2.11673  -0.828092  
2.08223  -0.84153  
2.05512  -0.846044  
2.03314  -0.849381  
2.01628  -0.85241  
1.96966  -0.868828  
1.94726  -0.868688  
1.94748  -0.870194  
1.94904  -0.881139  
1.94922  -0.882514  
1.97087  -0.886005  
1.97086  -0.887348  
2.0005  -0.896848  
2.0103  -0.896824  
2.01203  -0.889387  
2.00392  -0.908429  
2.00386  -0.908541  
2.00507  -0.920606  
2.00468  -0.921598  
2.0028  -0.925796  
2.00874  -0.937181  
2.00867  -0.937294  
2.0028  -0.949566  
2.01536  -0.953354  
2.01652  -0.970026  
2.03073  -0.966199  
2.03609  -0.963071  
2.04831  -0.966722  
2.07766  -0.976377  
2.07699  -0.976856  
2.10668  -0.986418  
2.1169  -0.981747  
2.11612  -0.98222  
2.13085  -0.991706  
2.13008  -0.992094  
2.12783  -0.990471  
2.12708  -0.990892  
2.12846  -0.99732  
2.12777  -0.997688  
2.12508  -0.99092  
2.12633  -0.992038  
2.12581  -0.992518  
2.1419  -1.00067  
2.13911  -0.996955  
2.16975  -0.995937  
2.19038  -0.999675  
2.19493  -1.00186  
2.2031  -0.992017  
2.2014  -0.998555  
2.21934  -0.999004  
2.25433  -0.992692  
2.25333  -0.993366  
2.28058  -0.993012  
2.27952  -0.993723  
2.2629  -0.988638  
2.23565  -0.996339  
2.23497  -0.997034  
2.21452  -0.994152  
2.21397  -0.994889  
2.18617  -1.00243  
2.17006  -1.00178  
2.14028  -1.00702  
2.12172  -1.0036  
2.10928  -1.00527  
2.12653  -1.00568  
2.1444  -1.01012  
2.14942  -1.00483  
2.17817  -1.00181  
2.17725  -1.00779  
2.18689  -1.00625  
2.20229  -1.00579  
2.22752  -1.00445  
2.2438  -1.01885  
2.25253  -1.02098  
2.26282  -1.03281  
2.26821  -1.03935  
2.28019  -1.04268  
2.24773  -1.07123  
2.24761  -1.07134  
2.24883  -1.08793  
2.24709  -1.09537  
2.24274  -1.10761  
2.23096  -1.11307  
2.24309  -1.11578  
2.24172  -1.11687  
2.24148  -1.11644  
2.23906  -1.1107  
2.25838  -1.0986  
2.28633  -1.0851  
2.29808  -1.0882  
2.29873  -1.08194  
2.30893  -1.08031  
2.30833  -1.08045  
2.32376  -1.08005  
2.32627  -1.07797  
2.31722  -1.07185  
2.29703  -1.07778  
2.29654  -1.078  
2.2681  -1.08708  
2.2592  -1.09126  
2.25307  -1.1005  
2.24054  -1.1068  
2.24079  -1.10116  
2.22064  -1.09955  
2.22529  -1.11045  
2.22388  -1.10143  
2.23783  -1.09967  
2.23805  -1.09418  
2.23511  -1.08709  
2.24235  -1.07241  
2.23849  -1.06743  
2.24926  -1.05948  
2.25163  -1.05212  
2.27883  -1.04756  
2.27428  -1.04514  
2.28145  -1.05499  
2.2806  -1.0551  
2.29477  -1.06216  
2.3175  -1.07072  
2.31638  -1.07639  
2.31147  -1.07769  
2.31128  -1.0778  
2.28597  -1.0891  
2.28739  -1.0947  
2.27094  -1.0983  
2.25932  -1.10585  
2.25844  -1.10595  
2.24267  -1.10542  
2.23812  -1.10304  
2.22831  -1.09496  
2.2234  -1.09441  
2.22183  -1.10188  
2.20527  -1.08302  
2.20523  -1.08356  
2.20645  -1.06758  
2.20544  -1.04504  
2.20524  -1.04608  
2.18525  -1.04493  
2.18535  -1.04045  
2.19144  -1.0393  
2.18704  -1.03509  
2.18688  -1.02875  
2.19288  -1.02743  
2.19747  -1.02815  
2.19019  -1.02806  
2.1964  -1.02925  
2.19677  -1.02747  
2.19324  -1.0313  
2.19502  -1.02407  
2.18085  -1.03406  
2.17113  -1.05511  
2.17197  -1.05006  
2.14488  -1.06416  
2.14344  -1.07101  
2.15934  -1.08052  
2.16019  -1.08795  
2.16016  -1.09133  
2.1495  -1.10164  
2.13561  -1.11039  
2.13941  -1.11396  
2.13481  -1.10955  
2.14747  -1.1102  
2.15571  -1.11147  
2.15869  -1.10373  
2.1434  -1.10644  
2.142  -1.10367  
2.14162  -1.10427  
2.15202  -1.09776  
2.1501  -1.10522  
2.16121  -1.11424  
2.15947  -1.11602  
2.1611  -1.1099  
2.17274  -1.1077  
2.15926  -1.11248  
2.16458  -1.12134  
2.16416  -1.11632  
2.16167  -1.12129  
2.16305  -1.12261  
2.1621  -1.12078  
2.15376  -1.12566  
2.14747  -1.12474  
2.1554  -1.13135  
2.15702  -1.13592  
2.1666  -1.13899  
2.17128  -1.1522  
2.1817  -1.15329  
2.17049  -1.15335  
2.15495  -1.16145  
2.15582  -1.16829  
2.16278  -1.17017  
2.14814  -1.16861  
2.15021  -1.16879  
2.1442  -1.16625  
2.11116  -1.16033  
2.07875  -1.16599  
2.07866  -1.16608  
2.05312  -1.173  
2.05906  -1.1629  
2.04083  -1.165  
2.02483  -1.16248  
2.02495  -1.16265  
2.03256  -1.15755  
2.0293  -1.16495  
2.04125  -1.15679  
2.06563  -1.15207  
2.05708  -1.15833  
2.04967  -1.15758  
2.05538  -1.15476  
2.05308  -1.15642  
2.06619  -1.15375  
2.05904  -1.15989  
2.08216  -1.17181  
2.08158  -1.17197  
2.10635  -1.17724  
2.08835  -1.18668  
2.10594  -1.18495  
2.12192  -1.19102  
2.10809  -1.18943  
2.12602  -1.18886  
2.13705  -1.1915  
2.13225  -1.19596  
2.1314  -1.19593  
2.12155  -1.19928  
2.11238  -1.19193  
2.12357  -1.19456  
2.1159  -1.18452  
2.11523  -1.18467  
2.14513  -1.17511  
2.15795  -1.16775  
2.16893  -1.17077  
2.19123  -1.1612  
2.1903  -1.15611  
2.20378  -1.15262  
2.21468  -1.15862  
2.22136  -1.15801  
2.22634  -1.15618  
2.22668  -1.16519  
2.22026  -1.16044  
2.21685  -1.16536  
2.21167  -1.16726  
2.19286  -1.17715  
2.1946  -1.18053  
2.18983  -1.18063  
2.20224  -1.1839  
2.19589  -1.18731  
2.2083  -1.18541  
2.18895  -1.19274  
2.20187  -1.1853  
2.18822  -1.18996  
2.18683  -1.19565  
2.17955  -1.18497  
2.18671  -1.1854  
2.18545  -1.18642  
2.19417  -1.18724  
2.1935  -1.18201  
2.20521  -1.17343  
2.19148  -1.17792  
2.19723  -1.17309  
2.18356  -1.17758  
2.19543  -1.16773  
2.20637  -1.17099  
2.21997  -1.17667  
2.20615  -1.18115  
2.2098  -1.17985  
2.23696  -1.18132  
2.2348  -1.1883  
2.23248  -1.17973  
2.22768  -1.19218  
2.22898  -1.186  
2.22628  -1.18728  
2.22164  -1.18516  
2.2444  -1.17159  
2.23412  -1.16923  
2.25079  -1.16113  
2.24235  -1.15786  
2.24359  -1.1456  
2.24035  -1.14328  
2.25379  -1.13675  
2.26208  -1.13192  
2.2737  -1.12391  
2.27383  -1.12678  
2.26564  -1.12282  
2.26084  -1.11769  
2.25753  -1.11655  
2.24174  -1.113  
2.24  -1.11463  
2.23574  -1.11962  
2.23472  -1.11548  
2.24699  -1.10894  
2.26395  -1.1124  
2.25006  -1.11798  
2.2723  -1.10351  
2.28263  -1.10777  
2.30384  -1.10469  
2.32456  -1.09528  
2.34253  -1.09827  
2.35527  -1.0908  
2.37571  -1.08171  
2.39788  -1.07815  
2.3977  -1.08295  
2.39718  -1.0839  
2.41915  -1.08041  
2.4233  -1.08308  
2.42715  -1.08715  
2.42918  -1.09144  
2.42453  -1.08912  
2.39691  -1.10669  
2.39392  -1.11013  
2.3544  -1.11442  
2.33097  -1.12563  
2.33699  -1.13111  
2.32688  -1.13575  
2.30089  -1.14344  
2.29997  -1.13941  
2.28999  -1.13424  
2.29357  -1.13625  
2.30295  -1.1322  
2.31733  -1.12427  
2.32838  -1.1249  
2.36066  -1.1147  
2.34678  -1.12048  
2.37295  -1.11849  
2.38727  -1.12352  
2.38567  -1.1254  
2.37939  -1.13131  
2.3863  -1.12584  
2.37491  -1.14209  
2.38074  -1.14822  
2.3932  -1.15727  
2.38109  -1.17137  
2.38524  -1.16763  
2.36011  -1.1838  
2.35894  -1.18499  
2.36613  -1.19254  
2.36497  -1.18787  
2.38774  -1.19662  
2.38653  -1.19517  
2.38524  -1.19627  
2.41759  -1.20198  
2.41626  -1.19723  
2.44641  -1.19385  
2.45627  -1.19158  
2.48987  -1.18237  
2.52636  -1.16983  
2.52484  -1.1757  
2.54145  -1.1832  
2.55222  -1.18569  
2.6016  -1.17985  
2.60591  -1.18783  
2.59992  -1.18641  
2.60253  -1.19981  
2.61585  -1.19399  
2.58145  -1.21292  
2.55144  -1.23013  
2.5388  -1.23384  
2.52837  -1.24055  
2.52712  -1.23544  
2.51038  -1.25767  
2.50939  -1.25237  
2.48299  -1.26445  
2.49332  -1.26731  
2.48147  -1.25815  
2.49179  -1.26105  
2.4916  -1.25454  
2.51489  -1.25168  
2.51384  -1.24653  
2.51452  -1.24381  
2.51263  -1.25058  
2.52336  -1.2405  
2.54979  -1.24762  
2.5453  -1.24558  
2.56054  -1.24782  
2.57042  -1.25102  
2.58478  -1.25997  
2.59456  -1.25712  
2.61989  -1.27432  
2.60659  -1.27248  
2.60999  -1.2905  
2.60782  -1.29669  
2.63525  -1.29922  
2.64943  -1.30907  
2.65899  -1.31159  
2.64461  -1.32372  
2.64331  -1.31772  
2.61687  -1.33468  
2.63703  -1.32786  
2.62309  -1.33436  
2.64906  -1.32362  
2.65291  -1.31574  
2.64731  -1.3124  
2.65787  -1.31488  
2.65197  -1.30634  
2.65702  -1.29384  
2.65475  -1.2998  
2.66626  -1.29007  
2.66504  -1.29048  
2.65501  -1.28012  
2.65064  -1.27889  
2.63834  -1.27646  
2.64264  -1.28254  
2.64167  -1.27704  
2.64208  -1.27495  
2.62928  -1.27914  
2.63745  -1.27175  
2.63969  -1.26596  
2.6447  -1.26436  
2.66311  -1.27088  
2.66163  -1.27529  
2.68312  -1.28394  
2.69226  -1.27692  
2.70172  -1.2853  
2.72823  -1.28468  
2.73287  -1.28076  
2.74709  -1.28367  
2.74481  -1.2956  
2.73392  -1.30117  
2.75164  -1.30076  
2.75113  -1.30077  
2.78625  -1.2947  
2.79566  -1.30313  
2.82769  -1.29273  
2.84402  -1.29448  
2.83973  -1.29615  
2.86208  -1.29609  
2.87261  -1.29616  
2.88756  -1.29587  
2.91021  -1.29011  
2.9083  -1.29076  
2.93575  -1.27994  
2.93381  -1.28074  
2.92206  -1.28445  
2.92543  -1.28324  
2.92376  -1.28403  
2.94363  -1.27875  
2.93045  -1.28307  
2.95963  -1.28124  
2.95532  -1.27921  
2.9772  -1.28793  
2.98496  -1.30599  
2.98445  -1.306  
3.02249  -1.30837  
3.02198  -1.30838  
3.03281  -1.31362  
3.04995  -1.3249  
3.04822  -1.32529  
3.05205  -1.33953  
3.05043  -1.33975  
3.08057  -1.33789  
3.08577  -1.33632  
3.08414  -1.33662  
3.08832  -1.33921  
3.09748  -1.34194  
3.10993  -1.33719  
3.11344  -1.3369  
3.11351  -1.33591  
3.11533  -1.33541  
3.13194  -1.32156  
3.13047  -1.32208  
3.13901  -1.31957  
3.15444  -1.31623  
3.153  -1.31684  
3.16571  -1.3173  
3.16887  -1.32167  
3.1675  -1.32223  
3.18372  -1.32467  
3.17365  -1.3282  
3.17229  -1.3287  
3.15944  -1.3341  
3.15823  -1.33454  
3.14017  -1.35443  
3.15023  -1.35684  
3.14095  -1.3592  
3.14046  -1.35919  
3.1203  -1.37105  
3.11734  -1.37553  
3.11686  -1.37553  
3.10986  -1.37617  
3.10087  -1.38415  
3.10557  -1.3813  
3.09961  -1.37528  
3.09132  -1.36745  
3.08991  -1.36871  
3.08697  -1.36628  
3.07613  -1.37075  
3.07573  -1.36742  
3.07248  -1.36487  
3.10302  -1.3623  
3.10888  -1.35695  
3.12137  -1.35269  
3.11915  -1.35409  
3.16708  -1.35735  
3.20076  -1.35698  
3.20259  -1.3582  
3.29239  -1.33997  
3.29191  -1.33997  
3.35414  -1.32531  
3.35535  -1.326  
3.39312  -1.32616  
3.41831  -1.32075  
3.42812  -1.32313  
3.41117  -1.32681  
3.4071  -1.32483  
3.424  -1.32601  
3.41011  -1.33136  
3.40832  -1.3321  
3.42472  -1.34679  
3.42306  -1.34736  
3.45584  -1.34282  
3.50157  -1.33991  
3.49974  -1.34061  
3.54027  -1.31908  
3.54897  -1.31689  
3.61994  -1.30193  
3.63013  -1.29878  
3.66982  -1.29183  
3.67381  -1.28661  
3.67334  -1.28661  
3.68331  -1.28413  
3.68896  -1.28452  
3.676  -1.28469  
3.67322  -1.28566  
3.65385  -1.29127  
3.65544  -1.28791  
3.63361  -1.29643  
3.63084  -1.29777  
3.6406  -1.29698  
3.65051  -1.28822  
3.66278  -1.29311  
3.66137  -1.29457  
3.68814  -1.28108  
3.68661  -1.28269  
3.69477  -1.279  
3.69432  -1.279  
3.71485  -1.27919  
3.73544  -1.27548  
3.73375  -1.27717  
3.74669  -1.27036  
3.75539  -1.2691  
3.76042  -1.26243  
3.75881  -1.2643  
3.79026  -1.25713  
3.78854  -1.25908  
3.82617  -1.23773  
3.85982  -1.22633  
3.86809  -1.22569  
3.86524  -1.22626  
3.87182  -1.2203  
3.87801  -1.22845  
3.87636  -1.22109  
3.8746  -1.22042  
3.86468  -1.23119  
3.87323  -1.23052  
3.86084  -1.24223  
3.85826  -1.24108  
3.85356  -1.24443  
3.84881  -1.2312  
3.84327  -1.24072  
3.83577  -1.21776  
3.84472  -1.21727  
3.84273  -1.21488  
3.84109  -1.21455  
3.83848  -1.20953  
3.82914  -1.20625  
3.83838  -1.20186  
3.83927  -1.20775  
3.82066  -1.20847  
3.83041  -1.20549  
3.84507  -1.2265  
3.83078  -1.2276  
3.83764  -1.22877  
3.84652  -1.23197  
3.84298  -1.23023  
3.84009  -1.23656  
3.83897  -1.23882  
3.83657  -1.24176  
3.82588  -1.24181  
3.82007  -1.24908  
3.81906  -1.25118  
3.83277  -1.26295  
3.83175  -1.26488  
3.83644  -1.26837  
3.83625  -1.28094  
3.83542  -1.27646  
3.85145  -1.28581  
3.85216  -1.29027  
3.87204  -1.29613  
3.88301  -1.29783  
3.88363  -1.29985  
3.89521  -1.29553  
3.89502  -1.28926  
3.88089  -1.29157  
3.86315  -1.29083  
3.8621  -1.29245  
3.82549  -1.29258  
3.82515  -1.29258  
3.81736  -1.28779  
3.81665  -1.2894  
3.79976  -1.28586  
3.78653  -1.29692  
3.79526  -1.3002  
3.79822  -1.30073  
3.79382  -1.30386  
3.83194  -1.30507  
3.83271  -1.29801  
3.85221  -1.30388  
3.86261  -1.30042  
3.8723  -1.29835  
3.87808  -1.28859  
3.88428  -1.29445  
3.86299  -1.297  
3.84615  -1.30492  
3.84573  -1.30285  
3.82013  -1.30407  
3.81516  -1.30025  
3.80048  -1.30444  
3.79615  -1.30751  
3.78173  -1.31539  
3.75932  -1.31871  
3.76834  -1.32071  
3.77577  -1.31133  
3.7657  -1.31412  
3.76374  -1.30672  
3.78112  -1.31142  
3.78083  -1.30642  
3.79194  -1.30654  
3.78305  -1.31095  
3.79419  -1.31062  
3.80448  -1.30965  
3.79401  -1.31371  
3.78968  -1.31974  
3.77957  -1.31738  
3.75745  -1.32901  
3.731  -1.3264  
3.72666  -1.33005  
3.68346  -1.34418  
3.68339  -1.34495  
3.63512  -1.35282  
3.6083  -1.35665  
3.61153  -1.35833  
3.59278  -1.35697  
3.59568  -1.36006  
3.58772  -1.35277  
3.59716  -1.35527  
3.60246  -1.34784  
3.59287  -1.35123  
3.61168  -1.33718  
3.62491  -1.33097  
3.62496  -1.32569  
3.64002  -1.31668  
3.63028  -1.31426  
3.64384  -1.31133  
3.63407  -1.30896  
3.65056  -1.30907  
3.65937  -1.30587  
3.66062  -1.30555  
3.65075  -1.30322  
3.64187  -1.30414  
3.63485  -1.31141  
3.63418  -1.31083  
3.62276  -1.3128  
3.61932  -1.31465  
3.58644  -1.31671  
3.54776  -1.31461  
3.55682  -1.31744  
3.49846  -1.31318  
3.50113  -1.31467  
3.45889  -1.3084  
3.4374  -1.30813  
3.42779  -1.3062  
3.41762  -1.29721  
3.40778  -1.29994  
3.41323  -1.29123  
3.40399  -1.29511  
3.39484  -1.28339  
3.39269  -1.27944  
3.38275  -1.2838  
3.38233  -1.2811  
3.39187  -1.27791  
3.39994  -1.28357  
3.40027  -1.27858  
3.39656  -1.29467  
3.38695  -1.29895  
3.39595  -1.30172  
3.39312  -1.31378  
3.39302  -1.3146  
3.39796  -1.32556  
3.39509  -1.3251  
3.39808  -1.32713  
3.38938  -1.33702  
3.38875  -1.33687  
3.39351  -1.34576  
3.39412  -1.34129  
3.39976  -1.33944  
3.40884  -1.33546  
3.40543  -1.33762  
3.40331  -1.33256  
3.40301  -1.3331  
3.38862  -1.31779  
3.3973  -1.32022  
3.40623  -1.31275  
3.41301  -1.28852  
3.41259  -1.28959  
3.42259  -1.27933  
3.41547  -1.27643  
3.42023  -1.2677  
3.417  -1.25869  
3.407  -1.26281  
3.42648  -1.25218  
3.42635  -1.2474  
3.43504  -1.24086  
3.43074  -1.23359  
3.43704  -1.24196  
3.43588  -1.2399  
3.43517  -1.23962  
3.44202  -1.22995  
3.4377  -1.22358  
3.43972  -1.21853  
3.43319  -1.20986  
3.44151  -1.21139  
3.42319  -1.19958  
3.42308  -1.19957  
3.41631  -1.1908  
3.40643  -1.19561  
3.40017  -1.1847  
3.38796  -1.18667  
3.38762  -1.18888  
3.38653  -1.18436  
3.38745  -1.17884  
3.39215  -1.18516  
3.38242  -1.18608  
3.38257  -1.182  
3.37002  -1.17698  
3.36329  -1.16342  
3.36298  -1.16576  
3.37192  -1.15936  
3.37236  -1.15304  
3.37407  -1.15209  
3.37415  -1.14841  
3.37282  -1.13208  
3.37288  -1.12864  
3.38955  -1.10893  
3.39182  -1.0949  
3.39119  -1.09814  
3.40091  -1.08345  
3.3985  -1.08279  
3.38005  -1.05777  
3.37993  -1.05519  
3.37331  -1.04883  
3.37269  -1.05261  
3.37705  -1.03328  
3.3711  -1.02884  
3.37049  -1.03284  
3.35076  -1.01625  
3.35023  -1.02038  
3.34864  -1.00477  
3.33926  -1.01207  
3.33891  -1.01195  
3.34455  -1.0107  
3.34518  -1.00158  
3.33743  -1.0138  
3.34343  -1.01431  
3.34341  -1.01009  
3.36056  -1.00956  
3.36404  -1.01043  
3.35933  -1.0132  
3.36549  -1.0137  
3.37101  -1.00505  
3.37116  -1.01006  
3.37328  -1.00383  
3.3987  -0.989317  
3.41097  -0.986431  
3.40078  -0.993448  
3.41762  -0.99578  
3.41726  -0.99371  
3.4198  -0.994731  
3.42762  -0.98866  
3.41807  -0.989205  
3.42247  -0.977018  
3.42212  -0.975132  
3.4272  -0.971721  
3.42395  -0.960137  
3.41989  -0.957451  
3.42598  -0.940052  
3.41365  -0.931789  
3.40967  -0.917339  
3.39012  -0.917699  
3.38761  -0.912589  
3.37757  -0.9056  
3.36832  -0.905741  
3.32911  -0.91306  
3.30794  -0.911881  
3.30506  -0.910381  
3.29903  -0.897362  
3.29146  -0.903498  
3.27947  -0.900314  
3.26137  -0.900365  
3.25475  -0.899477  
3.24761  -0.897785  
3.25118  -0.895112  
3.26403  -0.882061  
3.26392  -0.88194  
3.28729  -0.875899  
3.28765  -0.879896  
3.28785  -0.878932  
3.31062  -0.87563  
3.30159  -0.877226  
3.34316  -0.879905  
3.35427  -0.885824  
3.35403  -0.884735  
3.35162  -0.894367  
3.35066  -0.899647  
3.34971  -0.913317  
3.34966  -0.913194  
3.35533  -0.914731  
3.34862  -0.917628  
3.36053  -0.91627  
3.3642  -0.910468  
3.3678  -0.907848  
3.37657  -0.900243  
3.3774  -0.889168  
3.37756  -0.886356  
3.37419  -0.876122  
3.38309  -0.864819  
3.36767  -0.861584  
3.34695  -0.859267  
3.34634  -0.861987  
3.31989  -0.863076  
3.31946  -0.865712  
3.2837  -0.87663  
3.28272  -0.882942  
3.25643  -0.884671  
3.23043  -0.904369  
3.22222  -0.905206  
3.20196  -0.906946  
3.19387  -0.90772  
3.17507  -0.894981  
3.17483  -0.900067  
3.17526  -0.878056  
3.16675  -0.867826  
3.17665  -0.858544  
3.1698  -0.855761  
3.16249  -0.850541  
3.16892  -0.834492  
3.1689  -0.837179  
3.17404  -0.83107  
3.16569  -0.832627  
3.15851  -0.825804  
3.16737  -0.826035  
3.14482  -0.83584  
3.13678  -0.838477  
3.13673  -0.840967  
3.1182  -0.826961  
3.11909  -0.823001  
3.10091  -0.805159  
3.0935  -0.79909  
3.09744  -0.793429  
3.0979  -0.775584  
3.08596  -0.776804  
3.09746  -0.767473  
3.09746  -0.767329  
3.10287  -0.768615  
3.11214  -0.766318  
3.12033  -0.770221  
3.12596  -0.807001  
3.12233  -0.809286  
3.14549  -0.82125  
3.15571  -0.841013  
3.14697  -0.842161  
3.16456  -0.839985  
3.16924  -0.840137  
3.17927  -0.838772  
3.18878  -0.831707  
3.19677  -0.845225  
3.19649  -0.82826  
3.19654  -0.828126  
3.19925  -0.831794  
3.20232  -0.832808  
3.18892  -0.847195  
3.17442  -0.854707  
3.18265  -0.858759  
3.15399  -0.86865  
3.16169  -0.873733  
3.14143  -0.890504  
3.13319  -0.897505  
3.12719  -0.908922  
3.1117  -0.903782  
3.10899  -0.906953  
3.10216  -0.891356  
3.0991  -0.886775  
3.09253  -0.889567  
3.08556  -0.882653  
3.08985  -0.876328  
3.07894  -0.871421  
3.06714  -0.869284  
3.06751  -0.862616  
3.05705  -0.879882  
3.04795  -0.880377  
3.04283  -0.898787  
3.03907  -0.913015  
3.03116  -0.9129  
3.0277  -0.937192  
3.02528  -0.949159  
3.02525  -0.951946  
3.02226  -0.965836  
3.02267  -0.966026  
3.01424  -0.962544  
3.02399  -0.958579  
3.01715  -0.94317  
3.02254  -0.939734  
3.02302  -0.94306  
3.03564  -0.915395  
3.03672  -0.912645  
3.04341  -0.904185  
3.05424  -0.908493  
3.05655  -0.909247  
3.07537  -0.902773  
3.06704  -0.902592  
3.08023  -0.912354  
3.07824  -0.913421  
3.08159  -0.915169  
3.10091  -0.911127  
3.10918  -0.923097  
3.11045  -0.922636  
3.1294  -0.920016  
3.12863  -0.917375  
3.15083  -0.907272  
3.1488  -0.898928  
3.16301  -0.880536  
3.1723  -0.87796  
3.18436  -0.864472  
3.19312  -0.846506  
3.19064  -0.84181  
3.20537  -0.823402  
3.20195  -0.825589  
3.19497  -0.811248  
3.19012  -0.822996  
3.18165  -0.823514  
3.17574  -0.807618  
3.16738  -0.811142  
3.14119  -0.824633  
3.11635  -0.839834  
3.10956  -0.833051  
3.08174  -0.846671  
3.074  -0.846851  
3.04585  -0.847645  
3.02878  -0.850689  
3.02469  -0.840953  
2.98777  -0.863233  
2.98874  -0.864089  
2.96967  -0.865269  
2.96188  -0.873456  
2.95316  -0.871249  
2.94191  -0.887923  
2.94125  -0.888154  
2.95018  -0.899622  
2.94217  -0.922318  
2.94141  -0.929146  
2.95269  -0.928288  
2.95291  -0.928164  
2.95757  -0.947537  
2.9578  -0.947414  
2.96307  -0.950769  
2.97339  -0.953555  
2.96564  -0.952261  
2.98532  -0.943508  
2.98572  -0.943198  
3.00145  -0.940486  
2.9935  -0.939288  
3.00931  -0.939168  
3.01698  -0.925751  
3.01723  -0.925627  
3.04495  -0.905813  
3.04503  -0.905867  
3.05161  -0.906166  
3.05001  -0.900669  
3.06136  -0.904198  
3.06148  -0.904675  
3.07395  -0.903143  
3.07525  -0.900403  
3.06725  -0.899386  
3.07965  -0.896021  
3.06487  -0.919158  
3.07426  -0.916501  
3.07581  -0.915771  
3.08252  -0.903631  
3.08684  -0.895234  
3.09611  -0.892844  
3.09854  -0.867351  
3.09868  -0.867662  
3.10469  -0.862392  
3.10484  -0.86273  
3.11552  -0.844055  
3.11852  -0.824051  
3.12932  -0.813102  
3.13369  -0.814419  
3.12805  -0.815449  
3.1339  -0.815135  
3.13647  -0.826859  
3.14004  -0.826019  
3.14016  -0.82662  
3.15294  -0.826332  
3.15304  -0.826909  
3.16295  -0.83052  
3.16306  -0.831048  
3.18042  -0.822147  
3.18956  -0.82036  
3.20463  -0.807034  
3.21822  -0.79499  
3.2181  -0.795859  
3.23677  -0.786413  
3.23436  -0.791327  
3.24431  -0.801068  
3.24462  -0.792295  
3.24729  -0.792868  
3.25525  -0.805957  
3.25199  -0.808029  
3.24521  -0.807031  
3.25468  -0.804483  
3.25644  -0.800078  
3.25619  -0.787986  
3.25631  -0.788752  
3.26352  -0.750446  
3.26362  -0.751638  
3.27058  -0.719852  
3.26941  -0.694728  
3.26952  -0.696542  
3.27275  -0.672757  
3.27283  -0.674806  
3.26697  -0.673251  
3.26764  -0.672925  
3.25649  -0.672974  
3.25623  -0.671578  
3.24326  -0.685746  
3.23648  -0.697031  
3.23682  -0.696868  
3.22741  -0.710652  
3.2142  -0.72381  
3.21455  -0.723648  
3.19901  -0.719911  
3.19671  -0.728572  
3.20006  -0.715689  
3.20287  -0.717422  
3.19752  -0.699524  
3.19849  -0.702637  
3.19692  -0.711653  
3.20997  -0.705314  
3.20859  -0.703679  
3.21232  -0.705119  
3.2302  -0.712143  
3.23496  -0.714712  
3.23251  -0.72106  
3.23382  -0.725798  
3.24166  -0.737673  
3.25004  -0.743951  
3.25032  -0.744678  
3.25388  -0.756435  
3.25733  -0.757281  
3.26499  -0.74272  
3.25878  -0.731104  
3.2591  -0.731896  
3.27735  -0.726813  
3.27759  -0.727621  
3.28184  -0.732279  
3.28713  -0.723394  
3.28753  -0.723022  
3.28499  -0.719921  
3.28512  -0.71946  
3.28753  -0.738941  
3.28524  -0.728256  
3.28703  -0.7376  
3.27079  -0.750624  
3.26123  -0.753045  
3.2593  -0.741487  
3.2567  -0.743787  
3.25467  -0.746757  
3.24782  -0.732497  
3.24838  -0.735601  
3.25875  -0.720582  
3.25848  -0.711908  
3.25553  -0.720057  
3.2629  -0.707082  
3.26204  -0.693705  
3.26255  -0.6945  
3.26346  -0.695647  
3.26481  -0.695347  
3.27322  -0.690704  
3.27706  -0.698898  
3.2731  -0.697557  
3.28064  -0.705014  
3.28109  -0.705586  
3.28055  -0.709977  
3.28101  -0.710453  
3.30039  -0.701319  
3.30296  -0.706866  
3.31079  -0.691746  
3.31481  -0.689549  
3.3152  -0.689358  
3.33389  -0.684064  
3.33414  -0.684707  
3.34875  -0.677536  
3.35839  -0.66565  
3.35878  -0.665453  
3.36015  -0.672353  
3.36055  -0.672156  
3.37609  -0.666623  
3.37649  -0.666425  
3.39104  -0.660044  
3.38268  -0.66632  
3.38308  -0.666118  
3.38727  -0.654134  
3.38674  -0.661693  
3.39485  -0.645698  
3.40058  -0.633641  
3.40158  -0.631056  
3.4094  -0.615701  
3.40606  -0.621545  
3.40189  -0.630617  
3.39955  -0.614269  
3.39995  -0.614056  
3.40661  -0.613804  
3.40805  -0.602278  
3.41586  -0.595447  
3.41961  -0.595971  
3.41993  -0.59711  
3.42907  -0.581492  
3.42844  -0.585077  
3.4371  -0.570324  
3.4472  -0.551157  
3.45152  -0.54532  
3.45015  -0.533963  
3.45168  -0.527561  
3.45775  -0.529563  
3.46025  -0.5432  
3.46015  -0.544754  
3.46753  -0.538797  
3.46777  -0.540317  
3.47343  -0.542816  
3.47786  -0.546351  
3.4789  -0.541161  
3.49567  -0.532202  
3.49935  -0.532203  
3.50653  -0.525733  
3.4972  -0.502119  
3.4976  -0.501873  
3.50613  -0.489202  
3.50653  -0.488954  
3.50711  -0.467684  
3.50751  -0.467432  
3.5041  -0.479015  
3.48635  -0.487176  
3.48675  -0.486921  
3.48163  -0.506353  
3.48203  -0.506098  
3.47629  -0.5201  
3.47217  -0.530632  
3.46876  -0.543929  
3.45995  -0.555075  
3.46036  -0.554819  
3.4588  -0.567518  
3.44984  -0.574524  
3.45413  -0.567834  
3.45432  -0.557832  
3.45472  -0.557571  
3.46055  -0.543383  
3.46095  -0.543119  
3.46542  -0.539794  
3.46599  -0.540437  
3.46583  -0.547208  
3.47219  -0.542374  
3.47567  -0.543083  
3.47408  -0.555711  
3.47448  -0.555441  
3.48264  -0.562598  
3.48836  -0.569872  
3.48876  -0.5696  
3.50356  -0.568927  
3.50579  -0.574917  
3.5299  -0.563743  
3.54744  -0.551529  
3.54767  -0.551658  
3.57823  -0.521167  
3.57863  -0.520883  
3.59334  -0.500286  
3.61875  -0.487334  
3.61867  -0.48807  
3.63256  -0.470772  
3.63247  -0.471646  
3.64389  -0.46888  
3.65121  -0.464456  
3.65124  -0.462242  
3.67114  -0.464914  
3.66705  -0.473502  
3.66981  -0.475063  
3.68082  -0.469427  
3.67686  -0.471074  
3.6815  -0.465165  
3.68934  -0.465643  
3.69615  -0.433044  
3.69945  -0.415312  
3.70106  -0.406391  
3.71366  -0.374184  
3.71495  -0.367132  
3.71957  -0.353078  
3.71969  -0.354728  
3.721  -0.323011  
3.72113  -0.324919  
3.72649  -0.302155  
3.72664  -0.304237  
3.72439  -0.301621  
3.72775  -0.308132  
3.72795  -0.310047  
3.73111  -0.31162  
3.73137  -0.313408  
3.72909  -0.307289  
3.72939  -0.309053  
3.73973  -0.301766  
3.7432  -0.305831  
3.74358  -0.305479  
3.76129  -0.306745  
3.76088  -0.314808  
3.76705  -0.308074  
3.76936  -0.320406  
3.76875  -0.330466  
3.79068  -0.33491  
3.79404  -0.345476  
3.79815  -0.350093  
3.80816  -0.380161  
3.80831  -0.380528  
3.80953  -0.379408  
3.80989  -0.390144  
3.80587  -0.383316  
3.82011  -0.374773  
3.82031  -0.375003  
3.82258  -0.365097  
3.82089  -0.36111  
3.82647  -0.352744  
3.82752  -0.350324  
3.82903  -0.341043  
3.83236  -0.353156  
3.83386  -0.343861  
3.84103  -0.353664  
3.84132  -0.353789  
3.84049  -0.38118  
3.84086  -0.380898  
3.84569  -0.383469  
3.84606  -0.383082  
3.8495  -0.393814  
3.852  -0.399938  
3.8524  -0.399242  
3.85681  -0.402553  
3.85721  -0.401752  
3.8817  -0.378602  
3.88201  -0.378007  
3.88727  -0.372839  
3.89986  -0.369114  
3.90022  -0.368712  
3.90534  -0.363063  
3.9056  -0.362445  
3.91929  -0.35763  
3.91952  -0.357002  
3.92061  -0.35941  
3.92089  -0.358689  
3.92015  -0.375006  
3.92049  -0.374033  
3.9268  -0.356892  
3.92713  -0.356073  
3.93778  -0.350878  
3.94192  -0.341182  
3.94224  -0.340389  
3.946  -0.31634  
3.94633  -0.315758  
3.94481  -0.288257  
3.95012  -0.26574  
3.95045  -0.265629  
3.94641  -0.266629  
3.94679  -0.26642  
3.93965  -0.260861  
3.9401  -0.260632  
3.93695  -0.244535  
3.93743  -0.244422  
3.93238  -0.254502  
3.93291  -0.254183  
3.93977  -0.266067  
3.93254  -0.272684  
3.9331  -0.272015  
3.94066  -0.267104  
3.94118  -0.266412  
3.94033  -0.265519  
3.94606  -0.26345  
3.94655  -0.262661  
3.94355  -0.255448  
3.94601  -0.250282  
3.95292  -0.233161  
3.96039  -0.209441  
3.96081  -0.209066  
3.95709  -0.205022  
3.95659  -0.203983  
3.95661  -0.197934  
3.95063  -0.195491  
3.94982  -0.194606  
3.9572  -0.188925  
3.95766  -0.188478  
3.96063  -0.199972  
3.95517  -0.204045  
3.95352  -0.214649  
3.95212  -0.20841  
3.95265  -0.207491  
3.95932  -0.21149  
3.95406  -0.212487  
3.95691  -0.206203  
3.96185  -0.203812  
3.96127  -0.205191  
3.96856  -0.176919  
3.97499  -0.170184  
3.97514  -0.16349  
3.97959  -0.162993  
3.98257  -0.163419  
3.99666  -0.151732  
3.9996  -0.147053  
4.00382  -0.138436  
4.00556  -0.155433  
4.00653  -0.150255  
4.00839  -0.165419  
4.00854  -0.194313  
4.00856  -0.203686  
4.01845  -0.221993  
4.01914  -0.226084  
4.02132  -0.231991  
4.01892  -0.254381  
4.01907  -0.261104  
4.02824  -0.283164  
4.02903  -0.284241  
4.03048  -0.294224  
4.04183  -0.29745  
4.04221  -0.294185  
4.04316  -0.280879  
4.04269  -0.287259  
4.0464  -0.269961  
4.04934  -0.270692  
4.04975  -0.267537  
4.06141  -0.22707  
4.06178  -0.224358  
4.04767  -0.211909  
4.05123  -0.191085  
4.04861  -0.186256  
4.05221  -0.183454  
4.05425  -0.179751  
4.05471  -0.177431  
4.06731  -0.171025  
4.06783  -0.16701  
4.06747  -0.172092  
4.06713  -0.177837  
4.07622  -0.182755  
4.07926  -0.168461  
4.07998  -0.165907  
4.08225  -0.170458  
4.08293  -0.168716  
4.08581  -0.165656  
4.08512  -0.161139  
4.08467  -0.169198  
4.08811  -0.163066  
4.08894  -0.153197  
4.08326  -0.149645  
4.0862  -0.136702  
4.08565  -0.145712  
4.08099  -0.137053  
4.08106  -0.128446  
4.08439  -0.130576  
4.0873  -0.117548  
4.08742  -0.107991  
4.09143  -0.102108  
4.08396  -0.10043  
4.08447  -0.0979414  
4.09055  -0.0998924  
4.08989  -0.10663  
4.08685  -0.112692  
4.07862  -0.127989  
4.07916  -0.124974  
4.07128  -0.134144  
4.07188  -0.130858  
4.06553  -0.128798  
4.06541  -0.135253  
4.07227  -0.128318  
4.07234  -0.13886  
4.07295  -0.135298  
4.07836  -0.140319  
4.07893  -0.13666  
4.08521  -0.125709  
4.09173  -0.105825  
4.09198  -0.0997617  
4.09545  -0.0906063  
4.10074  -0.0879801  
4.10116  -0.0847864  
4.10369  -0.0798704  
4.10493  -0.0610893  
4.1073  -0.0626567  
4.10963  -0.0585063  
4.11004  -0.055461  
4.12111  -0.0633509  
4.12149  -0.0600141  
4.13216  -0.0737554  
4.13181  -0.0799945  
4.137  -0.0940522  
4.13662  -0.0999771  
4.14496  -0.0974425  
4.15448  -0.113762  
4.15478  -0.109572  
4.14681  -0.12251  
4.14456  -0.117327  
4.15464  -0.136372  
4.16402  -0.13067  
4.16249  -0.127768  
4.1551  -0.120743  
4.15511  -0.133716  
4.153  -0.144514  
4.15426  -0.139876  
4.15179  -0.135183  
4.15293  -0.14474  
4.15596  -0.150471  
4.14644  -0.138724  
4.1568  -0.135745  
4.15332  -0.141952  
4.15061  -0.129035  
4.15884  -0.137351  
4.15024  -0.11627  
4.1549  -0.105054  
4.15448  -0.105813  
4.14913  -0.0838399  
4.14867  -0.0800811  
4.16088  -0.06781  
4.156  -0.0731735  
4.15312  -0.060766  
4.1548  -0.064975  
4.15533  -0.060315  
4.15141  -0.0591364  
4.1513  -0.064467  
4.14486  -0.0605085  
4.13975  -0.0707108  
4.14038  -0.0607059  
4.1198  -0.0771142  
4.1238  -0.0655206  
4.11569  -0.0763307  
4.11025  -0.0766659  
4.10867  -0.0668836  
4.10389  -0.0652588  
4.10463  -0.0709718  
4.09136  -0.0626468  
4.08084  -0.0520312  
4.07853  -0.0488269  
4.06801  -0.0484195  
4.06815  -0.0538293  
4.05458  -0.0540015  
4.0411  -0.0582978  
4.04092  -0.0560734  
4.02767  -0.0638643  
4.02685  -0.0719828  
4.02642  -0.066302  
4.02153  -0.0715706  
4.02375  -0.0847532  
4.01117  -0.0756922  
4.01367  -0.0803525  
4.00992  -0.0781174  
4.00809  -0.0741308  
4.01163  -0.0719893  
4.00692  -0.0704862  
4.01041  -0.0759178  
4.01479  -0.0712139  
4.00988  -0.0686312  
4.01074  -0.080396  
4.00834  -0.0717489  
4.00949  -0.0842232  
4.01286  -0.0745995  
4.0188  -0.079443  
4.01938  -0.0732667  
4.01417  -0.0849315  
4.01475  -0.0786346  
4.01617  -0.0799126  
4.01126  -0.0773032  
4.01127  -0.0811253  
4.01695  -0.0611739  
4.01692  -0.0651345  
4.01813  -0.0597872  
4.01118  -0.0557394  
4.01037  -0.0524832  
3.99514  -0.0520412  
3.9971  -0.0472797  
3.98165  -0.0496011  
3.97365  -0.0483437  
3.97529  -0.0431255  
3.96043  -0.0451489  
3.95785  -0.0517594  
3.94456  -0.0322835  
3.9277  -0.0319205  
3.92752  -0.0222187  
3.90843  -0.0228171  
3.90775  -0.0268925  
3.88882  -0.0205664  
3.87448  -0.0281181  
3.87324  -0.0191469  
3.84365  -0.0102115  
3.84486  -0.0126007  
3.82736  -0.00578261  
3.81351  -0.0039589  
3.80496  -0.00828889  
3.78803  -0.00116841  
3.78852  0.010529  
3.76326  0.0196192  
3.75288  0.0459436  
3.74409  0.0396539  
3.7307  0.0509438  
3.73189  0.0566871  
3.70604  0.0594221  
3.70724  0.0650673  
3.71119  0.056683  
3.71227  0.0624231  
3.70791  0.0653162  
3.70654  0.0704074  
3.69807  0.074326  
3.70277  0.0687947  
3.70364  0.0745657  
3.70895  0.0792303  
3.70922  0.0747978  
3.71851  0.0794559  
3.71262  0.0889561  
3.71282  0.0844565  
3.72133  0.0974296  
3.72144  0.0928904  
3.73036  0.0931495  
3.7343  0.0964254  
3.73457  0.0972031  
3.73681  0.100272  
3.73088  0.105289  
3.7242  0.111294  
3.72842  0.124702  
3.72842  0.124702  
3.72036  0.118133  
3.72036  0.118133  
3.71229  0.111573  
3.71282  0.117512  
3.69475  0.103268  
3.69536  0.109363  
3.68127  0.114421  
3.65849  0.127849  
3.65878  0.123558  
3.64338  0.132489  
3.63257  0.139319  
3.6099  0.161052  
3.61082  0.166733  
3.59039  0.193407  
3.55921  0.22638  
3.55947  0.227195  
3.53083  0.24961  
3.52369  0.263144  
3.51419  0.2614  
3.49524  0.28647  
3.50782  0.287599  
3.48195  0.318542  
3.4827  0.312444  
3.46603  0.326025  
3.45024  0.339425  
3.4538  0.343704  
3.42833  0.353814  
3.42083  0.360458  
3.4215  0.366719  
3.39905  0.377347  
3.39972  0.384478  
3.37158  0.40368  
3.37495  0.404362  
3.35885  0.413517  
3.34239  0.428259  
3.34159  0.424761  
3.31708  0.434409  
3.30973  0.44203  
3.29936  0.436803  
3.27846  0.448819  
3.27732  0.445173  
3.25332  0.455933  
3.25519  0.443824  
3.22164  0.444387  
3.19553  0.448071  
3.19461  0.446085  
3.1608  0.444054  
3.14075  0.431362  
3.14182  0.425185  
3.11161  0.407645  
3.11268  0.401827  
3.08873  0.406863  
3.08043  0.387598  
3.05985  0.395791  
3.04606  0.377004  
3.0471  0.371762  
3.02631  0.354094  
3.00772  0.339224  
3.00991  0.343083  
2.98767  0.336738  
2.99016  0.339852  
2.97567  0.331689  
2.96805  0.337026  
2.9689  0.33276  
2.95862  0.321244  
2.95862  0.321244  
2.94483  0.317411  
2.94483  0.317411  
2.93996  0.317021  
2.94217  0.321274  
2.94218  0.311581  
2.93461  0.308025  
2.93516  0.304224  
2.91803  0.305705  
2.90639  0.288407  
2.9066  0.298997  
2.89828  0.298138  
2.899  0.305145  
2.88729  0.302921  
2.87374  0.314465  
2.86492  0.31968  
2.85351  0.33884  
2.8541  0.334981  
2.84571  0.342379  
2.84645  0.349029  
2.84785  0.360823  
2.83313  0.373132  
2.83365  0.369031  
2.83185  0.390247  
2.83234  0.386009  
2.82583  0.39696  
2.83181  0.406309  
2.82272  0.410955  
2.82088  0.42195  
2.8214  0.428101  
2.81638  0.438807  
2.82341  0.442236  
2.82481  0.452062  
2.81891  0.458124  
2.82017  0.458177  
2.81864  0.470411  
2.82167  0.48102  
2.81052  0.479269  
2.81711  0.496959  
2.81896  0.498994  
2.81459  0.516751  
2.81467  0.527422  
2.7988  0.543381  
2.79268  0.549561  
2.79274  0.560243  
2.78803  0.566473  
2.78824  0.567405  
2.78457  0.581596  
2.77527  0.599086  
2.77527  0.599086  
2.77319  0.613735  
2.76109  0.612393  
2.75931  0.634145  
2.76005  0.630056  
2.73771  0.651246  
2.73112  0.673481  
2.72176  0.684876  
2.69871  0.687338  
2.69804  0.700824  
2.66704  0.707638  
2.64018  0.717296  
2.64108  0.710803  
2.6106  0.702521  
2.61151  0.707049  
2.57603  0.711368  
2.5599  0.70238  
2.55135  0.694812  
2.52718  0.698556  
2.52834  0.692632  
2.5036  0.679868  
2.48484  0.680112  
2.47765  0.678731  
2.46435  0.677329  
2.46344  0.685032  
2.45187  0.674679  
2.4441  0.676364  
2.44117  0.674418  
2.42672  0.674177  
2.43049  0.671134  
2.42482  0.673157  
2.42253  0.669676  
2.42722  0.674855  
2.43019  0.660084  
2.43288  0.665098  
2.43475  0.661665  
2.43304  0.660778  
2.43323  0.65733  
2.43432  0.660295  
2.43515  0.67216  
2.44209  0.671635  
2.44618  0.668417  
2.44821  0.66381  
2.45395  0.679743  
2.45324  0.674472  
2.44973  0.691294  
2.44166  0.687327  
2.44437  0.675806  
2.44693  0.678766  
2.44977  0.670075  
2.44284  0.678071  
2.44325  0.674056  
2.44357  0.669864  
2.44593  0.672454  
2.44509  0.676803  
2.44701  0.688333  
2.45018  0.671497  
2.43597  0.685876  
2.43652  0.686636  
2.43657  0.693374  
2.43142  0.689734  
2.43319  0.696371  
2.43262  0.689691  
2.43359  0.699731  
2.43392  0.695692  
2.42565  0.694412  
2.42572  0.701325  
2.43345  0.710979  
2.43537  0.708855  
2.43431  0.721795  
2.43667  0.71489  
2.43901  0.7289  
2.44996  0.732848  
2.45087  0.736134  
2.45091  0.740339  
2.45561  0.747449  
2.45617  0.737637  
2.4479  0.755962  
2.44814  0.751863  
2.44965  0.758948  
2.44989  0.754948  
2.45095  0.765033  
2.44168  0.773035  
2.43977  0.780851  
2.43059  0.798464  
2.43097  0.794207  
2.42223  0.810402  
2.42227  0.816733  
2.41737  0.822004  
2.41096  0.80994  
2.40029  0.811945  
2.39448  0.813741  
2.39231  0.819567  
2.38877  0.805056  
2.39407  0.787024  
2.38482  0.788495  
2.39036  0.771497  
2.39058  0.772528  
2.38733  0.746176  
2.38528  0.740778  
2.3857  0.737652  
2.38139  0.731946  
2.38206  0.722146  
2.38477  0.719839  
2.38666  0.717703  
2.40111  0.707344  
2.4017  0.708368  
2.40238  0.698568  
2.41571  0.698667  
2.41639  0.688866  
2.43334  0.693243  
2.43293  0.701809  
2.44242  0.716762  
2.45215  0.714851  
2.45239  0.715887  
2.4585  0.729876  
2.45848  0.72734  
2.46737  0.742543  
2.47411  0.756339  
2.47411  0.756339  
2.48044  0.771382  
2.49042  0.76009  
2.49627  0.785984  
2.49621  0.783007  
2.49235  0.81062  
2.49843  0.824644  
2.49793  0.835491  
2.50493  0.844294  
2.49468  0.850351  
2.48884  0.862351  
2.4892  0.85907  
2.48528  0.871464  
2.46723  0.870562  
2.46418  0.865969  
2.4461  0.864984  
2.42913  0.876044  
2.42489  0.867491  
2.40957  0.862629  
2.39344  0.871717  
2.38247  0.867824  
2.36679  0.879543  
2.35969  0.879796  
2.33891  0.893697  
2.33847  0.884371  
2.31797  0.898366  
2.30175  0.907599  
2.3031  0.900796  
2.27439  0.909745  
2.27213  0.910406  
2.25216  0.920838  
2.24025  0.92452  
2.23029  0.930303  
2.2219  0.927533  
2.21193  0.933069  
2.21262  0.929137  
2.20049  0.938856  
2.20155  0.935155  
2.20498  0.942083  
2.19536  0.948079  
2.21633  0.935459  
2.20657  0.941607  
2.2296  0.948027  
2.23275  0.956336  
2.23714  0.947422  
2.24634  0.954976  
2.2594  0.962736  
2.26604  0.966742  
2.26638  0.963166  
2.29248  0.96705  
2.29362  0.964177  
2.30216  0.973817  
2.30113  0.965814  
2.30042  0.976649  
2.30052  0.974012  
2.29828  0.976903  
2.29566  0.987202  
2.28634  0.998892  
2.28663  0.995278  
2.27136  0.992809  
2.27136  0.992809  
2.26  0.99389  
2.25011  0.992754  
2.23328  0.997212  
2.21294  1.0007  
2.21287  1.0081  
2.19534  0.997637  
2.19013  0.999368  
2.19139  0.987579  
2.17532  0.997278  
2.17615  0.994074  
2.16957  0.999726  
2.15545  1.00923  
2.15627  1.00614  
2.15494  1.01335  
2.1579  1.02242  
2.15304  1.02034  
2.1493  1.03146  
2.14928  1.04055  
2.15563  1.0458  
2.15614  1.05569  
2.14908  1.06064  
2.16117  1.07173  
2.16594  1.07666  
2.1767  1.08461  
2.17846  1.09897  
2.18921  1.10011  
2.20667  1.09936  
2.20611  1.10643  
2.21712  1.1041  
2.21652  1.1112  
2.23978  1.11398  
2.23643  1.11677  
2.24533  1.12573  
2.25349  1.12689  
2.26313  1.12161  
2.27898  1.14364  
2.27905  1.13984  
2.28508  1.14467  
2.29645  1.14122  
2.30331  1.15149  
2.29555  1.16254  
2.29577  1.16366  
2.30265  1.17016  
2.29906  1.17185  
2.2959  1.17799  
2.30502  1.18096  
2.301  1.17766  
2.30965  1.18021  
2.2979  1.18313  
2.2925  1.18218  
2.29159  1.19299  
2.28391  1.18267  
2.28094  1.18753  
2.2814  1.18387  
2.27323  1.17853  
2.27323  1.17853  
2.26213  1.16642  
2.25303  1.15815  
2.25361  1.15501  
2.24423  1.1489  
2.23483  1.1449  
2.22892  1.13103  
2.22271  1.13383  
2.23183  1.11767  
2.21599  1.11069  
2.21568  1.1191  
2.20071  1.10358  
2.19359  1.11146  
2.19479  1.10147  
2.18871  1.09398  
2.1793  1.09336  
2.1667  1.0879  
2.17098  1.07785  
2.16179  1.0753  
2.14927  1.07037  
2.13797  1.06314  
2.13867  1.06161  
2.12936  1.03814  
2.12929  1.04051  
2.11257  1.04211  
2.10612  1.04178  
2.10367  1.03152  
2.10493  1.02192  
2.08935  1.02752  
2.07161  1.01809  
2.07233  1.0171  
2.06175  1.01219  
2.05378  1.00827  
2.0377  1.01552  
2.01398  1.0016  
2.01476  1.00084  
1.98257  0.994406  
1.97247  0.993495  
1.94894  0.9937  
1.94988  0.993042  
1.92001  0.982896  
1.92097  0.982361  
1.8874  0.97154  
1.87854  0.959022  
1.87952  0.958755  
1.85198  0.956036  
1.84286  0.954934  
1.83525  0.949972  
1.82864  0.944363  
1.83164  0.939953  
1.82135  0.933174  
1.8359  0.925733  
1.82334  0.930048  
1.83231  0.927527  
1.83474  0.93274  
1.84171  0.917015  
1.83889  0.918656  
1.85691  0.915202  
1.85093  0.921215  
1.86091  0.919553  
1.85537  0.929473  
1.85553  0.929515  
1.8649  0.926241  
1.8679  0.922988  
1.86682  0.933768  
1.87385  0.944176  
1.87388  0.944049  
1.87253  0.946794  
1.88416  0.956616  
1.88038  0.958418  
1.89149  0.968086  
1.89149  0.968086  
1.89441  0.992349  
1.90418  0.990572  
1.90063  1.0066  
1.91504  1.02429  
1.90486  1.02336  
1.91046  1.05651  
1.91413  1.06391  
1.91487  1.07039  
1.91716  1.08623  
1.91802  1.09613  
1.92404  1.10814  
1.91635  1.12332  
1.91647  1.12143  
1.90551  1.1249  
1.90791  1.1366  
1.89692  1.13838  
1.89846  1.13342  
1.87531  1.12837  
1.86118  1.13311  
1.8514  1.13022  
1.82755  1.12545  
1.8369  1.13248  
1.81812  1.12802  
1.78948  1.12811  
1.78909  1.13692  
1.76825  1.13005  
1.75763  1.13796  
1.7547  1.13926  
1.73795  1.13879  
1.73705  1.13762  
1.7341  1.13934  
1.73691  1.13584  
1.73016  1.13033  
1.73601  1.13878  
1.7502  1.13567  
1.75613  1.12795  
1.75803  1.12719  
1.76542  1.12018  
1.778  1.13121  
1.78308  1.12084  
1.79159  1.12406  
1.79602  1.12214  
1.80375  1.12763  
1.80851  1.13106  
1.80463  1.13291  
1.80377  1.13785  
1.80377  1.13785  
1.80291  1.1428  
1.7898  1.14026  
1.78966  1.13606  
1.77596  1.13312  
1.77628  1.13172  
1.75402  1.11713  
1.74291  1.12555  
1.72197  1.12103  
1.71291  1.11013  
