2.28588  -9.09648  
2.28387  -9.09083  
2.28248  -9.08323  
1.82716  -7.55891  
1.75982  -7.32908  
1.61001  -6.81507  
1.67062  -6.88532  
1.66227  -6.84343  
1.38159  -5.84799  
1.35877  -5.764  
1.36644  -5.64402  
1.37643  -5.65804  
0.479074  -1.44239  
0.449404  -1.34543  
1.04398  -2.76056  
1.11255  -2.94127  
1.29335  -3.43684  
0.617316  -1.49604  
0.555032  -1.33088  
0.934543  -2.34235  
1.02199  -2.57129  
1.118  -2.8317  
0.114394  -0.143517  
0.0300789  0.116827  
0.0646095  0.133845  
0.512507  -0.98658  
0.510147  -0.965844  
-0.213658  1.14592  
-0.0479499  0.782293  
-0.0104518  0.778681  
0.438402  -0.412998  
0.37386  -0.231646  
-0.289324  1.45592  
0.00354576  0.689395  
-0.0298848  0.687734  
0.605649  -1.25628  
0.33307  -0.671681  
0.219672  -0.503819  
0.0621394  -0.260686  
0.473478  -1.57621  
0.51314  -1.69593  
0.406139  -1.59185  
0.237028  -1.21573  
0.163506  -1.03122  
0.288933  -1.36192  
0.784133  -2.78611  
0.520285  -2.15295  
0.442253  -1.87969  
0.434966  -1.77031  
0.859167  -2.92236  
0.610908  -2.32677  
0.624958  -2.39291  
0.295002  -1.5473  
0.270726  -1.48543  
0.838032  -3.08792  
0.892305  -3.22003  
0.650955  -2.71567  
0.659592  -2.74755  
0.656313  -2.72976  
0.811691  -3.16022  
0.956506  -3.65896  
0.944197  -3.60561  
0.653306  -2.72574  
0.656422  -2.71945  
0.804689  -3.05433  
0.843808  -3.17466  
0.710245  -2.71459  
0.648989  -2.54768  
0.536253  -2.23169  
0.893369  -3.1379  
0.912251  -3.18569  
0.825385  -2.96632  
0.650452  -2.42989  
0.633999  -2.39052  
0.938335  -3.22431  
0.694782  -2.66017  
0.622831  -2.47496  
0.578469  -2.32342  
0.675737  -2.57765  
0.69609  -2.62853  
0.621687  -2.45347  
0.556  -2.26443  
0.56259  -2.19896  
0.575005  -2.21744  
0.580601  -2.24468  
0.580083  -2.23846  
0.347397  -1.59916  
0.45104  -1.81979  
0.561013  -2.10205  
0.582399  -2.15729  
0.414897  -1.75925  
0.381145  -1.67103  
0.412187  -1.71539  
0.589251  -2.26375  
0.618449  -2.34969  
0.370172  -1.74857  
0.337204  -1.65986  
0.40946  -1.8402  
0.574012  -2.37268  
0.572944  -2.36362  
0.506487  -2.22117  
0.361591  -1.8283  
0.361636  -1.82176  
0.659137  -2.64102  
0.576888  -2.43455  
0.357838  -1.87829  
0.417617  -2.02177  
0.424932  -2.03674  
0.720083  -2.86304  
0.722655  -2.88722  
0.454156  -2.19408  
0.42356  -2.08749  
0.658043  -2.74024  
0.707253  -2.87742  
0.663057  -2.77671  
0.368962  -1.96812  
0.450873  -2.1582  
0.711379  -2.85955  
0.730891  -2.90722  
0.542303  -2.37927  
0.50753  -2.27931  
0.689674  -2.70159  
0.708866  -2.74921  
0.868926  -3.18257  
0.555368  -2.33199  
0.487943  -2.13792  
0.732286  -2.74351  
0.793877  -2.90882  
0.794799  -2.93454  
0.464288  -2.02362  
0.529413  -2.17409  
0.51912  -2.12033  
0.901235  -3.15012  
0.910767  -3.16194  
0.478865  -2.0037  
0.529995  -2.11136  
0.829447  -2.88401  
0.871077  -2.98321  
0.596761  -2.32994  
0.564996  -2.22622  
0.391891  -1.75875  
0.799704  -2.83967  
0.869604  -3.04047  
0.58257  -2.31549  
0.551074  -2.2121  
0.690291  -2.54284  
0.723528  -2.61936  
0.735476  -2.74146  
0.711189  -2.66889  
0.584838  -2.25249  
0.582437  -2.24029  
0.720731  -2.67287  
0.741173  -2.72443  
0.677383  -2.56198  
0.506407  -2.06077  
0.613232  -2.3235  
0.731208  -2.7021  
0.737383  -2.72469  
0.522242  -2.1273  
0.581755  -2.27269  
0.745222  -2.69559  
0.771828  -2.77467  
0.628838  -2.44028  
0.604341  -2.36251  
0.622463  -2.35835  
0.660125  -2.45779  
0.684642  -2.54464  
0.682725  -2.53276  
0.586114  -2.27671  
0.659931  -2.39624  
0.692426  -2.46999  
0.668747  -2.43134  
0.653034  -2.39313  
0.593153  -2.19051  
0.591203  -2.1797  
0.694845  -2.46344  
0.714655  -2.51324  
0.55253  -2.08171  
0.584947  -2.14937  
0.691771  -2.42109  
0.690293  -2.42473  
0.625559  -2.26427  
0.610385  -2.20673  
0.58892  -2.12921  
0.717374  -2.45824  
0.724948  -2.46856  
0.620677  -2.20509  
0.596469  -2.1325  
0.691844  -2.35965  
0.706999  -2.41051  
0.716834  -2.43951  
0.607045  -2.13442  
0.599129  -2.11024  
0.72729  -2.47951  
0.741859  -2.52759  
0.735091  -2.50759  
0.586967  -2.12725  
0.626477  -2.23802  
0.756672  -2.60681  
0.753284  -2.59058  
0.6443  -2.34491  
0.633666  -2.29698  
0.728965  -2.55976  
0.739539  -2.5707  
0.706282  -2.53232  
0.695201  -2.48266  
0.656305  -2.36938  
0.769983  -2.68271  
0.791271  -2.75384  
0.711666  -2.56934  
0.686741  -2.49168  
0.754795  -2.67898  
0.765265  -2.68873  
0.775826  -2.7836  
0.772673  -2.76598  
0.696429  -2.56679  
0.733709  -2.64779  
0.828011  -2.92258  
0.846637  -2.96554  
0.751859  -2.72723  
0.754607  -2.71366  
0.840464  -2.95666  
0.836708  -2.93721  
0.817623  -2.92223  
0.808916  -2.88278  
0.778196  -2.80237  
0.872684  -3.05627  
0.87585  -3.06477  
0.807588  -2.90334  
0.804477  -2.88485  
0.870158  -3.06259  
0.887082  -3.09795  
0.924098  -3.20634  
0.821033  -2.94736  
0.815434  -2.92532  
0.920724  -3.23237  
0.924874  -3.24445  
0.875212  -3.14459  
0.871813  -3.12419  
0.899878  -3.18702  
0.904313  -3.19951  
0.985047  -3.42932  
0.961099  -3.35373  
0.916218  -3.2447  
0.921414  -3.2378  
0.96493  -3.34446  
1.02286  -3.51944  
0.996399  -3.44594  
0.950578  -3.31944  
0.972717  -3.37263  
1.05476  -3.63077  
1.07061  -3.66138  
1.04844  -3.61201  
1.03579  -3.57932  
1.04115  -3.59591  
1.06872  -3.66336  
1.11108  -3.80242  
1.0861  -3.73328  
1.0708  -3.73103  
1.07309  -3.73325  
1.11831  -3.89276  
1.11137  -3.88089  
1.09243  -3.83572  
1.0738  -3.80049  
1.11351  -3.89717  
1.16458  -4.05768  
1.11741  -3.99776  
1.09851  -3.93843  
1.08911  -3.9117  
1.17128  -4.17172  
1.17505  -4.17955  
1.13052  -4.08491  
1.12654  -4.05966  
1.16773  -4.20353  
1.18672  -4.23903  
1.17575  -4.24997  
1.17984  -4.2581  
1.18926  -4.27178  
1.19195  -4.27218  
1.23202  -4.39751  
1.19319  -4.32429  
1.18303  -4.29886  
1.17096  -4.25139  
1.26659  -4.53952  
1.25027  -4.48523  
1.21964  -4.42193  
1.22347  -4.42854  
1.2651  -4.55606  
1.26075  -4.52908  
1.28164  -4.62595  
1.2741  -4.60348  
1.28655  -4.64976  
1.2821  -4.62167  
1.3089  -4.72239  
1.30935  -4.71646  
1.30921  -4.73652  
1.29008  -4.67374  
1.3076  -4.74284  
1.33815  -4.85774  
1.34183  -4.86297  
1.34597  -4.91221  
1.32764  -4.85525  
1.36979  -5.01073  
1.36695  -5.00617  
1.36997  -5.04978  
1.36556  -5.04998  
1.39112  -5.15232  
1.39172  -5.12735  
1.40077  -5.22856  
1.40821  -5.24679  
1.3984  -5.21025  
1.44108  -5.38017  
1.44329  -5.37322  
1.4333  -5.40736  
1.4369  -5.40988  
1.46584  -5.53442  
1.46119  -5.5023  
1.48157  -5.61225  
1.47845  -5.61099  
1.46704  -5.5818  
1.48893  -5.68243  
1.48587  -5.68078  
1.49441  -5.72803  
1.49945  -5.80847  
1.48747  -5.78096  
1.50537  -5.87967  
1.49588  -5.8505  
1.49328  -5.92422  
1.48923  -5.891  
1.49081  -5.97945  
1.49445  -5.97039  
1.49645  -6.01346  
1.48118  -6.03929  
1.4717  -6.01185  
1.4954  -6.16313  
1.49381  -6.15879  
1.51073  -6.29935  
1.50113  -6.26967  
1.50833  -6.38513  
1.51239  -6.38187  
1.52021  -6.48436  
1.50591  -6.45091  
1.49841  -6.50397  
1.50164  -6.50236  
1.49612  -6.49153  
1.50175  -6.55413  
1.49249  -6.52285  
1.49874  -6.61348  
1.4846  -6.57871  
1.49433  -6.60715  
1.47551  -6.59827  
1.47221  -6.5856  
1.47587  -6.64261  
1.46644  -6.59722  
1.46364  -6.60826  
1.47142  -6.66668  
1.46873  -6.64179  
1.48343  -6.7145  
1.48031  -6.67712  
1.51087  -6.79045  
1.50173  -6.75931  
1.53284  -6.87154  
1.52347  -6.83985  
1.52729  -6.83763  
1.53424  -6.88466  
1.5384  -6.88015  
1.56548  -6.96282  
1.55751  -6.91898  
1.56827  -6.97407  
1.56862  -6.95601  
1.60282  -7.05702  
1.59314  -7.01627  
1.61468  -7.08756  
1.60465  -7.05587  
1.63215  -7.12077  
1.61436  -7.05598  
1.6488  -7.17726  
1.64443  -7.13947  
1.66111  -7.19074  
1.64319  -7.12651  
1.67393  -7.17167  
1.67711  -7.16858  
1.67018  -7.14051  
1.70193  -7.2031  
1.71322  -7.23127  
1.70847  -7.19497  
1.74682  -7.28079  
1.7377  -7.22088  
1.762  -7.26939  
1.76651  -7.25555  
1.76822  -7.2585  
1.77089  -7.25965  
1.77254  -7.24994  
1.78673  -7.28983  
1.78902  -7.287  
1.78914  -7.2889  
1.79581  -7.30948  
1.79034  -7.2854  
1.7931  -7.30905  
1.79089  -7.29315  
1.78808  -7.31674  
1.77671  -7.28078  
1.78759  -7.29223  
1.78292  -7.32485  
1.76815  -7.28214  
1.77402  -7.28338  
1.78042  -7.36065  
1.77693  -7.34135  
1.78415  -7.39864  
1.77037  -7.36485  
1.76136  -7.33346  
1.76669  -7.39398  
1.76922  -7.38932  
1.75428  -7.42536  
1.75684  -7.41376  
1.75928  -7.5013  
1.752  -7.45728  
1.73766  -7.44895  
1.72596  -7.47759  
1.70885  -7.44025  
1.69976  -7.5078  
1.70308  -7.50195  
1.68784  -7.53986  
1.6788  -7.50015  
1.69118  -7.62376  
1.68116  -7.58993  
1.67183  -7.56612  
1.6567  -7.58375  
1.66252  -7.61577  
1.65642  -7.5847  
1.65244  -7.59051  
1.63441  -7.59312  
1.6445  -7.663  
1.63474  -7.62798  
1.62933  -7.68007  
1.61113  -7.61385  
1.60018  -7.60715  
1.57627  -7.63094  
1.58242  -7.61912  
1.59131  -7.65873  
1.58165  -7.72166  
1.57224  -7.68498  
1.56793  -7.74468  
1.56704  -7.71901  
1.55658  -7.78496  
1.54751  -7.74765  
1.5748  -7.91436  
1.57741  -7.89447  
1.57943  -7.91414  
1.53168  -7.86859  
1.5357  -7.85635  
1.54384  -7.93617  
1.55187  -7.97908  
1.5368  -7.93746  
1.52267  -7.88701  
1.54231  -7.99064  
1.549  -8.00832  
1.55713  -8.06787  
1.53597  -7.99364  
1.54464  -8.0035  
1.5997  -8.19447  
1.58944  -8.15378  
1.5916  -8.22893  
1.58417  -8.19647  
1.62331  -8.39356  
1.62105  -8.37364  
1.63617  -8.43025  
1.59019  -8.39092  
1.59275  -8.37465  
1.61976  -8.5172  
1.60915  -8.47428  
1.5812  -8.41937  
1.57094  -8.3775  
1.58318  -8.41693  
1.58139  -8.39813  
1.59821  -8.50864  
1.58054  -8.42848  
1.59597  -8.44944  
1.64589  -8.60962  
1.63283  -8.56221  
1.66353  -8.71168  
1.64934  -8.67334  
1.69037  -8.85999  
1.69664  -8.86728  
1.72073  -8.96914  
1.72404  -9.03495  
1.72616  -9.02118  
1.7882  -9.27863  
1.78926  -9.25643  
1.82813  -9.4258  
1.81259  -9.38193  
1.84981  -9.50501  
1.85045  -9.48147  
1.85796  -9.52124  
1.85542  -9.5035  
1.89034  -9.61513  
1.88634  -9.58937  
1.89459  -9.60352  
1.91285  -9.68194  
1.91029  -9.63529  
1.94328  -9.78022  
1.92314  -9.69757  
1.94983  -9.84488  
1.95753  -9.83113  
1.9834  -9.99825  
1.98339  -9.97362  
2.02719  -10.1718  
2.01584  -10.1411  
2.05207  -10.3846  
2.05176  -10.3578  
2.09728  -10.602  
2.1093  -10.6271  
2.14772  -10.8638  
2.12805  -10.8131  
2.15593  -10.9751  
2.15199  -10.951  
2.19327  -11.2012  
2.1821  -11.1609  
2.19159  -11.1954  
2.21232  -11.384  
2.21427  -11.3724  
2.24073  -11.5536  
2.22974  -11.5157  
2.23701  -11.5848  
2.31265  -11.9069  
2.29608  -11.8541  
2.3517  -12.1782  
2.3913  -12.3957  
2.39005  -12.3598  
2.42308  -12.5026  
2.48028  -12.7974  
2.47381  -12.7634  
2.55277  -13.1487  
2.55066  -13.1095  
2.60129  -13.4165  
2.6108  -13.4173  
2.65383  -13.6924  
2.6998  -13.8946  
2.69528  -13.9016  
2.70786  -13.9578  
2.77  -14.2914  
2.78246  -14.3156  
2.82348  -14.5713  
2.82503  -14.5775  
2.83953  -14.654  
2.87256  -14.8652  
2.85366  -14.8028  
2.92604  -15.1571  
2.94041  -15.3063  
2.94091  -15.3012  
2.98468  -15.6193  
2.98616  -15.6156  
3.01238  -15.7569  
3.06707  -16.1496  
3.06216  -16.1219  
3.15381  -16.6084  
3.14733  -16.5666  
3.19293  -16.8822  
3.19536  -16.8884  
3.22438  -17.0374  
3.26868  -17.354  
3.32285  -17.643  
3.31626  -17.5931  
3.32846  -17.6902  
3.38206  -17.9805  
3.38171  -17.9704  
3.45243  -18.3734  
3.45258  -18.3688  
3.52351  -18.7207  
3.52614  -18.7048  
3.60984  -19.0689  
3.60267  -19.0273  
3.62399  -19.1318  
3.69563  -19.5457  
3.69443  -19.5355  
3.78344  -20.0246  
3.78198  -20.0134  
3.8698  -20.518  
3.86819  -20.5036  
3.94754  -20.9883  
3.94507  -20.9758  
3.95289  -21.0338  
4.00864  -21.3848  
4.01357  -21.3664  
4.06828  -21.6937  
4.06054  -21.6505  
4.10827  -21.921  
4.10657  -21.9107  
4.15836  -22.2269  
4.15672  -22.2176  
4.19593  -22.5234  
4.19329  -22.5052  
4.24785  -22.8079  
4.24891  -22.8037  
4.28969  -23.1185  
4.28462  -23.0907  
4.33912  -23.436  
4.35862  -23.607  
4.36057  -23.5972  
4.38787  -23.7021  
4.44864  -24.0598  
4.44912  -24.062  
4.49521  -24.3545  
4.48077  -24.3191  
4.52493  -24.5448  
4.523  -24.5086  
4.57299  -24.7405  
4.57111  -24.7318  
4.58162  -24.7768  
4.62635  -24.9519  
4.64714  -25.009  
4.64774  -24.9949  
4.6527  -25.0355  
4.7089  -25.2796  
4.71008  -25.2771  
4.75797  -25.4763  
4.75358  -25.4334  
4.78632  -25.6267  
4.78408  -25.6211  
4.78612  -25.661  
4.8007  -25.841  
4.79655  -25.8064  
4.81265  -25.9539  
4.80525  -25.9178  
4.78468  -25.9755  
4.77773  -25.9401  
4.78276  -26.1244  
4.77603  -26.0885  
4.77611  -26.2696  
4.77306  -26.2271  
4.76069  -26.2604  
4.75157  -26.3983  
4.75625  -26.4023  
4.73764  -26.4793  
4.72487  -26.4484  
4.71896  -26.6203  
4.70712  -26.5687  
4.69237  -26.5668  
4.67417  -26.6596  
4.67221  -26.6168  
4.63977  -26.643  
4.63491  -26.6255  
4.63407  -26.7633  
4.62944  -26.7273  
4.6383  -26.8812  
4.62134  -26.8195  
4.61018  -26.9192  
4.60038  -26.8672  
4.60146  -26.909  
4.58626  -26.9771  
4.58535  -26.9335  
4.59687  -27.083  
4.58004  -27.02  
4.58777  -27.1435  
4.56969  -27.0723  
4.58448  -27.2006  
4.58351  -27.1552  
4.6064  -27.2992  
4.59661  -27.2488  
4.59213  -27.2562  
4.62203  -27.4252  
4.61711  -27.3848  
4.63572  -27.5294  
4.62527  -27.4773  
4.62639  -27.5661  
4.62474  -27.5184  
4.62465  -27.5944  
4.60754  -27.5286  
4.61061  -27.5531  
4.6166  -27.6678  
4.61502  -27.6191  
4.62002  -27.7266  
4.6028  -27.6595  
4.61606  -27.7714  
4.61326  -27.7284  
4.63319  -27.8691  
4.62251  -27.8157  
4.63596  -27.8628  
4.6633  -28.0175  
4.66115  -28.0725  
4.64347  -28.0031  
4.65119  -28.0482  
4.66001  -28.1443  
4.64869  -28.089  
4.65102  -28.0928  
4.64799  -28.1688  
4.63566  -28.1218  
4.65134  -28.292  
4.64003  -28.2357  
4.63818  -28.2161  
4.65668  -28.3641  
4.65079  -28.3068  
4.6599  -28.4761  
4.65763  -28.4224  
4.67865  -28.6106  
4.66411  -28.5317  
4.67025  -28.6022  
4.66613  -28.7001  
4.66836  -28.6638  
4.68774  -28.8315  
4.68159  -28.7826  
4.68035  -28.8072  
4.69018  -28.8726  
4.68394  -28.8233  
4.70333  -28.9217  
4.70028  -28.866  
4.71868  -28.923  
4.74454  -29.0038  
4.72217  -28.9254  
4.73661  -28.9565  
4.74826  -29.0415  
4.73892  -28.9704  
4.7655  -29.1093  
4.76399  -29.0746  
4.76696  -29.0959  
4.79109  -29.2698  
4.78278  -29.1832  
4.79418  -29.3484  
4.78722  -29.2978  
4.81173  -29.4616  
4.79774  -29.3992  
4.81528  -29.5896  
4.80128  -29.5263  
4.80087  -29.5276  
4.80009  -29.6337  
4.801  -29.6949  
4.78721  -29.6319  
4.7859  -29.6404  
4.80481  -29.7697  
4.79106  -29.7067  
4.79173  -29.7979  
4.78468  -29.7466  
4.78925  -29.753  
4.79638  -29.8697  
4.77723  -29.7938  
4.78766  -29.9464  
4.78054  -29.8945  
4.79422  -30.0229  
4.79235  -30.1324  
4.7919  -30.1103  
4.77756  -30.1055  
4.78444  -30.3462  
4.77752  -30.2928  
4.7729  -30.4593  
4.76545  -30.3843  
4.75259  -30.5551  
4.73422  -30.4761  
4.72419  -30.5115  
4.70804  -30.6455  
4.69223  -30.6944  
4.68885  -30.6624  
4.6686  -30.6288  
4.65645  -30.766  
4.64275  -30.6797  
4.6142  -30.7966  
4.60189  -30.7471  
4.56917  -30.8641  
4.55313  -30.8113  
4.54296  -31.0047  
4.53555  -30.973  
4.5263  -30.9862  
4.46199  -31.119  
4.46158  -31.0563  
4.43066  -31.2029  
4.42294  -31.1453  
4.37343  -31.2278  
4.35979  -31.165  
4.32698  -31.1373  
4.29497  -31.2453  
4.2716  -31.178  
4.22801  -31.28  
4.21345  -31.2016  
4.17079  -31.3528  
4.16796  -31.323  
4.1363  -31.3102  
4.1267  -31.4862  
4.12394  -31.5955  
4.11416  -31.5449  
4.10303  -31.7039  
4.09326  -31.6529  
4.07725  -31.6618  
4.10262  -31.9329  
4.09179  -31.9027  
4.09937  -32.1493  
4.08916  -32.096  
4.07973  -32.1112  
4.07887  -32.3044  
4.06999  -32.271  
4.04681  -32.3716  
4.03291  -32.3215  
4.0279  -32.3474  
4.00223  -32.4102  
3.98784  -32.3279  
3.96918  -32.4463  
3.95033  -32.4555  
3.94341  -32.4186  
3.93772  -32.4172  
3.94082  -32.5496  
3.92564  -32.4917  
3.92201  -32.5402  
3.92527  -32.6763  
3.91869  -32.6155  
3.89778  -32.7078  
3.89801  -32.8011  
3.88588  -32.7341  
3.8798  -32.7866  
3.87508  -32.9608  
3.87074  -32.9237  
3.84307  -33.0079  
3.82733  -32.9485  
3.82314  -32.9696  
3.79836  -33.0904  
3.7828  -33.0311  
3.78662  -33.0698  
3.75502  -33.158  
3.74376  -33.0964  
3.71731  -33.0651  
3.69087  -33.185  
3.68784  -33.2605  
3.68837  -33.2289  
3.67051  -33.3467  
3.65596  -33.2644  
3.64729  -33.2515  
3.64383  -33.4101  
3.62692  -33.4167  
3.61749  -33.3456  
3.60009  -33.3149  
3.59442  -33.4047  
3.59178  -33.3606  
3.5718  -33.4515  
3.55739  -33.3694  
3.55217  -33.5567  
3.53665  -33.4982  
3.51792  -33.5089  
3.51116  -33.6239  
3.50117  -33.583  
3.4869  -33.7053  
3.47289  -33.622  
3.44467  -33.7607  
3.43079  -33.6772  
3.39848  -33.7512  
3.39515  -33.7158  
3.38336  -33.713  
3.3669  -33.8271  
3.35674  -33.7727  
3.36834  -33.9086  
3.35786  -33.8539  
3.3341  -33.9375  
3.32365  -33.8506  
3.30104  -33.8836  
3.28735  -33.7981  
3.29194  -33.8888  
3.27917  -33.8017  
3.29114  -33.9419  
3.27619  -33.8598  
3.26861  -34.0136  
3.2709  -33.9728  
3.2675  -34.1455  
3.26343  -34.104  
3.27569  -34.3642  
3.26798  -34.2819  
3.23428  -34.4256  
3.23607  -34.3891  
3.20931  -34.5497  
3.19429  -34.4643  
3.18124  -34.4805  
3.15968  -34.5737  
3.14488  -34.4889  
3.12787  -34.6356  
3.11136  -34.5742  
3.10115  -34.7557  
3.09027  -34.6988  
3.08187  -34.7175  
3.08556  -34.9565  
3.07462  -34.8984  
3.07061  -35.0865  
3.06259  -35.2326  
3.04776  -35.1454  
3.04903  -35.2164  
3.02471  -35.3803  
3.0163  -35.3225  
3.01186  -35.5085  
2.99659  -35.4286  
2.99898  -35.6501  
2.9837  -35.5986  
3.00268  -35.8458  
3.00244  -35.8077  
2.99386  -35.8438  
2.99787  -36.0303  
3.00511  -36.1392  
3.01176  -36.1129  
2.99559  -36.1465  
2.99888  -36.3992  
2.99469  -36.331  
2.98924  -36.5339  
2.97812  -36.492  
2.98773  -36.7473  
2.9756  -36.6834  
2.99075  -36.9458  
2.97479  -36.8537  
2.98509  -37.0984  
2.96895  -37.0058  
2.96839  -37.1357  
2.95298  -37.0963  
2.94584  -37.1363  
2.94054  -37.3112  
2.92047  -37.2479  
2.90982  -37.4523  
2.9023  -37.4006  
2.88064  -37.4195  
2.88885  -37.7295  
2.86652  -37.671  
2.86931  -38.0092  
2.86471  -37.9743  
2.8658  -38.1951  
2.84654  -38.1099  
2.84593  -38.3711  
2.83794  -38.3078  
2.82698  -38.5202  
2.82764  -38.4753  
2.80733  -38.6364  
2.7882  -38.5507  
2.77707  -38.7381  
2.76345  -38.6586  
2.75408  -38.8909  
2.75113  -38.8556  
2.75509  -38.9163  
2.74153  -39.0395  
2.73452  -38.965  
2.74158  -39.1779  
2.73872  -39.0977  
2.75307  -39.3022  
2.74568  -39.2467  
2.75252  -39.4707  
2.74801  -39.4424  
2.73694  -39.4879  
2.75418  -39.7246  
2.74165  -39.6774  
2.74145  -39.9751  
2.73256  -39.9107  
2.72513  -40.0363  
2.72351  -39.9904  
2.70622  -40.0982  
2.70871  -40.0645  
2.69993  -40.0788  
2.70726  -40.1671  
2.69529  -40.087  
2.69679  -40.0669  
2.69575  -40.184  
2.69663  -40.085  
2.69836  -40.2289  
2.70742  -40.2027  
2.71175  -40.3905  
2.7071  -40.3202  
2.69731  -40.5002  
2.67789  -40.4172  
2.67192  -40.4356  
2.65336  -40.5457  
2.64902  -40.4757  
2.63041  -40.5625  
2.62175  -40.5021  
2.58679  -40.5807  
2.58246  -40.5148  
2.57311  -40.5871  
2.55454  -40.4699  
2.54382  -40.5662  
2.53435  -40.5024  
2.52808  -40.4881  
2.51683  -40.6122  
2.50082  -40.5506  
2.47996  -40.6748  
2.46443  -40.5861  
2.45202  -40.759  
2.44315  -40.7012  
2.41521  -40.8354  
2.40647  -40.7775  
2.38588  -40.7441  
2.34915  -40.7823  
2.34513  -40.7154  
2.32043  -40.7575  
2.30552  -40.669  
2.27993  -40.7313  
2.26541  -40.6129  
2.22504  -40.5979  
2.21084  -40.5116  
2.17897  -40.4861  
2.17613  -40.4228  
2.14552  -40.4999  
2.12767  -40.4241  
2.09617  -40.4448  
2.08807  -40.3828  
2.07972  -40.3921  
2.0526  -40.4552  
2.04012  -40.4023  
2.03089  -40.379  
2.00203  -40.5012  
1.98898  -40.4319  
1.95833  -40.5004  
1.93923  -40.4043  
1.90952  -40.4616  
1.89573  -40.3765  
1.84996  -40.3728  
1.83642  -40.2886  
1.79417  -40.2899  
1.77773  -40.1795  
1.7445  -40.1595  
1.73114  -40.0768  
1.68863  -40.0694  
1.68607  -39.9847  
1.66346  -40.01  
1.65583  -39.9289  
1.63799  -39.8873  
1.61439  -39.8992  
1.60117  -39.8349  
1.59675  -39.867  
1.58013  -39.7582  
1.5805  -39.8316  
1.57201  -39.7749  
1.54885  -39.7354  
1.52587  -39.8089  
1.49985  -39.6909  
1.47157  -39.7592  
1.46363  -39.7017  
1.4529  -39.6483  
1.40544  -39.6699  
1.37866  -39.5994  
1.35358  -39.546  
1.30293  -39.57  
1.29011  -39.4897  
1.22811  -39.4399  
1.21602  -39.3585  
1.15013  -39.3081  
1.14622  -39.2223  
1.06627  -39.1856  
1.06229  -39.1004  
1.02893  -39.0235  
0.978863  -39.0202  
0.964104  -38.9138  
0.913454  -38.9203  
0.901775  -38.8407  
0.862973  -38.9204  
0.862291  -38.8619  
0.811671  -38.9634  
0.796659  -38.8875  
0.773272  -38.898  
0.724945  -38.981  
0.713597  -38.8988  
0.661946  -38.9605  
0.65087  -38.8777  
0.595359  -38.9428  
0.595461  -38.8811  
0.523571  -38.9231  
0.510321  -38.8433  
0.482193  -38.7887  
0.391982  -38.6777  
0.355756  -38.6352  
0.345664  -38.5531  
0.271541  -38.4774  
0.26181  -38.396  
0.224666  -38.3076  
0.155152  -38.2668  
0.139987  -38.203  
0.116069  -38.14  
0.0684631  -38.139  
0.0581419  -38.0657  
0.016991  -38.0524  
-0.000169945  -37.9651  
-0.0276298  -37.9537  
-0.029844  -37.8867  
-0.056022  -37.8243  
-0.0730886  -37.864  
-0.0820478  -37.7738  
-0.100681  -37.7952  
-0.110538  -37.7147  
-0.160861  -37.7211  
-0.170926  -37.6405  
-0.216139  -37.6035  
-0.229383  -37.4928  
-0.292055  -37.4636  
-0.302039  -37.3833  
-0.353883  -37.3337  
-0.366959  -37.226  
-0.439514  -37.1295  
-0.450955  -37.0589  
-0.465961  -37.0085  
-0.509056  -36.9483  
-0.518567  -36.8693  
-0.552224  -36.8151  
-0.556823  -36.7196  
-0.588646  -36.6669  
-0.601199  -36.5623  
-0.626834  -36.5016  
-0.636728  -36.4236  
-0.670195  -36.3984  
-0.680599  -36.2972  
-0.708802  -36.2692  
-0.71444  -36.1809  
-0.733105  -36.1434  
-0.770555  -36.1073  
-0.780821  -36.029  
-0.836633  -35.9803  
-0.854784  -35.8789  
-0.884345  -35.8703  
-0.892837  -35.7916  
-0.919697  -35.742  
-0.922489  -35.6947  
-0.951516  -35.6179  
-0.969003  -35.5577  
-0.979421  -35.4798  
-0.995587  -35.4283  
-1.00909  -35.3243  
-1.00425  -35.2453  
-1.01822  -35.1417  
-1.02104  -35.0616  
-1.03729  -34.9999  
-1.04912  -34.9228  
-1.04786  -34.8157  
-1.05267  -34.7351  
-1.06345  -34.6254  
-1.05686  -34.5697  
-1.07232  -34.4671  
-1.08033  -34.4746  
-1.09702  -34.3732  
-1.11927  -34.293  
-1.15623  -34.2408  
-1.16037  -34.1332  
-1.18111  -34.0644  
-1.23316  -33.9947  
-1.23631  -33.9284  
-1.26644  -33.8533  
-1.30445  -33.7958  
-1.3194  -33.6935  
-1.35997  -33.5997  
-1.36783  -33.5149  
-1.39336  -33.4416  
-1.40353  -33.3668  
-1.43709  -33.2842  
-1.44276  -33.2051  
-1.44801  -33.1481  
-1.47461  -33.0536  
-1.47943  -32.9728  
-1.51222  -32.8908  
-1.5277  -32.7891  
-1.56265  -32.7037  
-1.56827  -32.6259  
-1.59419  -32.5801  
-1.59984  -32.5021  
-1.61783  -32.3982  
-1.6439  -32.3239  
-1.65583  -32.2493  
-1.68503  -32.2099  
-1.69015  -32.1325  
-1.70769  -32.11  
-1.72254  -32.0087  
-1.73016  -31.9671  
-1.78831  -31.8924  
-1.79007  -31.8363  
-1.85747  -31.8306  
-1.86745  -31.7177  
-1.91769  -31.7432  
-1.91663  -31.6509  
-1.96962  -31.6442  
-1.98084  -31.5673  
-2.01687  -31.565  
-2.02963  -31.4787  
-2.054  -31.4363  
-2.05444  -31.38  
-2.08361  -31.3483  
-2.09259  -31.2759  
-2.10701  -31.1818  
-2.13283  -31.1488  
-2.1273  -31.0653  
-2.16257  -31.0298  
-2.16644  -30.9469  
-2.19618  -30.8964  
-2.19747  -30.8394  
-2.21603  -30.7578  
-2.22217  -30.7946  
-2.2246  -30.7195  
-2.25222  -30.7846  
-2.25767  -30.6997  
-2.26774  -30.6578  
-2.30953  -30.71  
-2.31046  -30.6458  
-2.35314  -30.6887  
-2.36454  -30.6376  
-2.38124  -30.6206  
-2.46097  -30.6514  
-2.47352  -30.5813  
-2.54359  -30.5677  
-2.55058  -30.4901  
-2.57624  -30.4798  
-2.62622  -30.5333  
-2.64994  -30.4295  
-2.69581  -30.5269  
-2.72497  -30.4427  
-2.73427  -30.4091  
-2.78439  -30.4717  
-2.79176  -30.4355  
-2.83197  -30.5003  
-2.85663  -30.4428  
-2.90365  -30.5416  
-2.91227  -30.4586  
-2.97218  -30.551  
-2.9838  -30.4717  
-2.99658  -30.4735  
-3.04752  -30.5713  
-3.04842  -30.511  
-3.07528  -30.5009  
-3.10917  -30.6296  
-3.12561  -30.5579  
-3.13444  -30.5546  
-3.17485  -30.6466  
-3.18423  -30.5867  
-3.20157  -30.7674  
-3.22112  -30.6904  
-3.23646  -30.7297  
-3.2762  -30.8741  
-3.286  -30.8375  
-3.32297  -30.9712  
-3.33707  -30.8993  
-3.37438  -31.0345  
-3.38705  -30.9574  
-3.41823  -31.1338  
-3.43054  -31.0565  
-3.43492  -31.0572  
-3.46214  -31.1191  
-3.45859  -31.0523  
-3.50062  -31.1677  
-3.50463  -31.1112  
-3.52844  -31.2362  
-3.53777  -31.1904  
-3.55519  -31.1838  
-3.58832  -31.3205  
-3.59006  -31.2484  
-3.6134  -31.2247  
-3.64634  -31.3909  
-3.65881  -31.3134  
-3.67223  -31.4447  
-3.68744  -31.3661  
-3.70393  -31.5209  
-3.71638  -31.4431  
-3.76047  -31.5399  
-3.76293  -31.5061  
-3.78199  -31.4774  
-3.82152  -31.5278  
-3.82774  -31.4765  
-3.88623  -31.4665  
-3.89743  -31.4021  
-3.96149  -31.4173  
-4.01285  -31.3743  
-4.01369  -31.3456  
-4.04337  -31.2867  
-4.10712  -31.3064  
-4.11018  -31.2536  
-4.15914  -31.3115  
-4.17236  -31.2389  
-4.19423  -31.1915  
-4.23816  -31.1924  
-4.24412  -31.1081  
-4.27976  -31.1124  
-4.28484  -31.0126  
-4.29694  -30.9539  
-4.3212  -31.0022  
-4.30431  -30.9232  
-4.3171  -30.8464  
-4.33561  -30.789  
-4.3365  -30.7076  
-4.35552  -30.6919  
-4.36457  -30.5863  
-4.41932  -30.5431  
-4.4208  -30.4569  
-4.47368  -30.3559  
-4.48035  -30.2769  
-4.53233  -30.1283  
-4.53907  -30.0504  
-4.58094  -29.9189  
-4.59024  -29.8106  
-4.61562  -29.69  
-4.62121  -29.6238  
-4.63298  -29.47  
-4.63725  -29.3529  
-4.66329  -29.2334  
-4.66054  -29.1798  
-4.68521  -29.0332  
-4.68266  -28.9407  
-4.68846  -28.8608  
-4.68336  -28.7727  
-4.69804  -28.6751  
-4.70989  -28.5921  
-4.72906  -28.4829  
-4.75831  -28.4065  
-4.77001  -28.309  
-4.79472  -28.2227  
-4.82667  -28.1412  
-4.83221  -28.0914  
-4.90653  -27.9196  
-4.9115  -27.8585  
-4.95087  -27.7498  
-5.04773  -27.5479  
-5.04166  -27.4835  
-5.11573  -27.3254  
-5.13663  -27.1958  
-5.15576  -27.0977  
-5.21825  -26.9165  
-5.23437  -26.8271  
-5.2891  -26.6675  
-5.2957  -26.5606  
-5.36405  -26.3464  
-5.3709  -26.2622  
-5.42967  -26.0535  
-5.43089  -25.9762  
-5.48072  -25.79  
-5.49032  -25.699  
-5.51444  -25.5958  
-5.57741  -25.4317  
-5.58175  -25.3294  
-5.6392  -25.1237  
-5.65674  -25.0227  
-5.72985  -24.8317  
-5.73647  -24.7515  
-5.76183  -24.636  
-5.82386  -24.4566  
-5.8329  -24.3672  
-5.89682  -24.1697  
-5.90593  -24.0807  
-5.94693  -23.9185  
-5.95088  -23.8182  
-6.01014  -23.6425  
-6.01437  -23.5444  
-6.0366  -23.405  
-6.04069  -23.3052  
-6.08291  -23.166  
-6.08044  -23.082  
-6.09694  -22.964  
-6.12044  -22.8176  
-6.12996  -22.73  
-6.14836  -22.5678  
-6.15637  -22.4906  
-6.14404  -22.3828  
-6.15502  -22.2436  
-6.16348  -22.1322  
-6.16924  -21.9838  
-6.14846  -21.8997  
-6.14668  -21.7518  
-6.14246  -21.6733  
-6.12175  -21.581  
-6.1184  -21.5018  
-6.10872  -21.3612  
-6.11327  -21.2665  
-6.08768  -21.1604  
-6.09118  -21.0919  
-6.07658  -20.9789  
-6.06047  -20.9109  
-6.0542  -20.8039  
-6.05143  -20.7084  
-6.04977  -20.6148  
-6.02364  -20.5242  
-6.02011  -20.428  
-5.99695  -20.3234  
-6.00482  -20.2256  
-5.98521  -20.169  
-5.98155  -20.0235  
-5.96737  -19.9571  
-5.95657  -19.8262  
-5.94843  -19.7472  
-5.92016  -19.6361  
-5.9311  -19.5382  
-5.91814  -19.4572  
-5.89758  -19.3488  
-5.89474  -19.2577  
-5.86516  -19.1334  
-5.8622  -19.0426  
-5.84648  -18.9461  
-5.84343  -18.8583  
-5.84048  -18.7802  
-5.8145  -18.6741  
-5.81644  -18.5965  
-5.80699  -18.499  
-5.80369  -18.4102  
-5.79747  -18.3518  
-5.79469  -18.2621  
-5.799  -18.1676  
-5.80178  -18.0886  
-5.79269  -18.0263  
-5.7908  -17.9689  
-5.79395  -17.889  
-5.7927  -17.8331  
-5.80063  -17.7595  
-5.80422  -17.6965  
-5.80834  -17.6159  
-5.8049  -17.5565  
-5.81689  -17.5165  
-5.8363  -17.4618  
-5.8393  -17.3801  
-5.8359  -17.3252  
-5.84212  -17.3129  
-5.84491  -17.2308  
-5.86094  -17.2212  
-5.8636  -17.1374  
-5.86584  -17.1125  
-5.87539  -17.0275  
-5.86996  -17.0026  
-5.85786  -17.0267  
-5.86061  -16.9429  
-5.84969  -16.9815  
-5.85235  -16.8972  
-5.81855  -16.9489  
-5.82128  -16.8643  
-5.77635  -16.9389  
-5.77629  -16.8792  
-5.73287  -16.9616  
-5.72547  -16.8962  
-5.68459  -16.957  
-5.62989  -17.0561  
-5.63154  -16.989  
-5.60923  -17.0032  
-5.54972  -17.1452  
-5.53667  -17.1289  
-5.52105  -17.1461  
-5.46338  -17.319  
-5.46744  -17.23  
-5.43449  -17.4035  
-5.42569  -17.3715  
-5.40572  -17.4952  
-5.41029  -17.4168  
-5.39808  -17.4261  
-5.39472  -17.5251  
-5.38867  -17.5058  
-5.39155  -17.4936  
-5.38957  -17.6256  
-5.40384  -17.5245  
-5.40014  -17.6609  
-5.40429  -17.6206  
-5.40855  -17.7224  
-5.4154  -17.685  
-5.42104  -17.6849  
-5.42058  -17.8299  
-5.41851  -17.7721  
-5.44195  -17.8454  
-5.43915  -17.7879  
-5.44536  -17.8111  
-5.45398  -17.9241  
-5.46848  -17.8586  
-5.46817  -17.8545  
-5.46628  -17.9424  
-5.47404  -17.8689  
-5.47605  -17.9363  
-5.47426  -17.88  
-5.46792  -17.8714  
-5.43853  -17.9987  
-5.4361  -17.9224  
-5.42573  -17.9915  
-5.42751  -17.8846  
-5.39884  -17.9594  
-5.39564  -17.895  
-5.35301  -18.0256  
-5.35538  -17.9725  
-5.31778  -18.0675  
-5.31096  -18.0035  
-5.2791  -18.1325  
-5.28133  -18.0673  
-5.24485  -18.0876  
-5.20451  -18.2666  
-5.20147  -18.2086  
-5.16773  -18.3221  
-5.15621  -18.2742  
-5.13553  -18.3729  
-5.13423  -18.3054  
-5.10372  -18.4217  
-5.09216  -18.3738  
-5.05712  -18.4682  
-5.06212  -18.3997  
-5.04151  -18.4768  
-5.04278  -18.3874  
-5.03145  -18.4577  
-5.04167  -18.4029  
-5.02655  -18.3924  
-5.03544  -18.4475  
-5.03734  -18.3802  
-5.0502  -18.4549  
-5.04795  -18.3833  
-5.07493  -18.4465  
-5.07289  -18.3797  
-5.09791  -18.4332  
-5.09516  -18.3672  
-5.1254  -18.4108  
-5.13494  -18.339  
-5.16293  -18.3415  
-5.16406  -18.2893  
-5.1941  -18.2608  
-5.19204  -18.1962  
-5.21912  -18.1604  
-5.22274  -18.0779  
-5.24806  -18.0678  
-5.26806  -17.9616  
-5.27281  -17.93  
-5.28639  -17.9889  
-5.28034  -17.9282  
-5.29626  -17.9543  
-5.29813  -17.8811  
-5.29731  -17.9098  
-5.299  -17.8371  
-5.29959  -17.795  
-5.29633  -17.8478  
-5.29931  -17.7975  
-5.28554  -17.8462  
-5.28187  -17.7619  
-5.27142  -17.8215  
-5.27352  -17.7749  
-5.26495  -17.7468  
-5.24804  -17.8173  
-5.24258  -17.7559  
-5.20775  -17.8569  
-5.21031  -17.7829  
-5.18842  -17.8827  
-5.18573  -17.7966  
-5.17484  -17.9025  
-5.17221  -17.8161  
-5.15013  -17.9492  
-5.14616  -17.9189  
-5.14441  -17.9058  
-5.15123  -18.0025  
-5.14594  -17.9392  
-5.16845  -17.9679  
-5.16915  -17.903  
-5.19912  -17.9365  
-5.1991  -17.9095  
-5.20959  -17.8576  
-5.2264  -17.8943  
-5.23892  -17.8263  
-5.27308  -17.8272  
-5.27833  -17.7479  
-5.29034  -17.6951  
-5.31042  -17.6953  
-5.31923  -17.6201  
-5.3418  -17.6369  
-5.35205  -17.5858  
-5.39499  -17.5574  
-5.39177  -17.5104  
-5.43186  -17.4471  
-5.42276  -17.3893  
-5.46332  -17.3942  
-5.4596  -17.3351  
-5.49329  -17.3352  
-5.49433  -17.2614  
-5.49873  -17.2254  
-5.52832  -17.21  
-5.53314  -17.1399  
-5.54394  -17.1349  
-5.55249  -17.0458  
-5.55946  -17.0299  
-5.5548  -16.9458  
-5.55024  -16.8852  
-5.55846  -16.854  
-5.55142  -16.7954  
-5.54728  -16.7602  
-5.54281  -16.6725  
-5.53097  -16.6143  
-5.53214  -16.5389  
-5.49947  -16.5076  
-5.50475  -16.4309  
-5.49545  -16.3667  
-5.47571  -16.3378  
-5.47407  -16.2731  
-5.46557  -16.2315  
-5.429  -16.2183  
-5.42778  -16.1304  
-5.41415  -16.106  
-5.37147  -16.1324  
-5.36484  -16.0627  
-5.34693  -16.0258  
-5.30846  -16.056  
-5.29941  -16.0091  
-5.26008  -16.0612  
-5.23702  -16.0207  
-5.24016  -15.9817  
-5.19573  -16.0416  
-5.18563  -15.9648  
-5.16607  -15.9878  
-5.11217  -16.0707  
-5.10767  -16.0294  
-5.07593  -16.0416  
-5.04197  -16.0716  
-5.02991  -16.0172  
-4.98658  -16.0735  
-4.96618  -16.0323  
-4.9254  -16.0378  
-4.91863  -15.942  
-4.90308  -15.8883  
-4.85522  -15.9223  
-4.85196  -15.8637  
-4.80747  -15.8299  
-4.80444  -15.7724  
-4.75286  -15.7658  
-4.74451  -15.6973  
-4.7172  -15.6688  
-4.70923  -15.6162  
-4.70012  -15.5643  
-4.66811  -15.5979  
-4.66095  -15.5435  
-4.65668  -15.4856  
-4.65462  -15.4276  
-4.64599  -15.3733  
-4.65117  -15.3337  
-4.65384  -15.2724  
-4.66389  -15.223  
-4.66378  -15.1425  
-4.66524  -15.0762  
-4.66934  -15.0305  
-4.69158  -14.9262  
-4.68996  -14.849  
-4.70523  -14.7715  
-4.69647  -14.7021  
-4.69976  -14.6181  
-4.70727  -14.5538  
-4.70543  -14.4754  
-4.70416  -14.3995  
-4.70962  -14.3258  
-4.70157  -14.2741  
-4.70589  -14.1917  
-4.70229  -14.1407  
-4.69352  -14.0933  
-4.68557  -14.0051  
-4.68909  -13.9333  
-4.67533  -13.8542  
-4.68247  -13.7613  
-4.67133  -13.6719  
-4.66621  -13.6212  
-4.62982  -13.5285  
-4.63002  -13.4463  
-4.61214  -13.3573  
-4.57943  -13.2502  
-4.5769  -13.1784  
-4.53721  -13.0523  
-4.5353  -12.9803  
-4.48746  -12.8413  
-4.48117  -12.7567  
-4.43167  -12.6334  
-4.42622  -12.5484  
-4.3719  -12.3793  
-4.37011  -12.329  
-4.33786  -12.2051  
-4.2737  -12.0213  
-4.26568  -11.9512  
-4.19668  -11.7422  
-4.19292  -11.6605  
-4.12312  -11.5272  
-4.1196  -11.4466  
-4.04681  -11.3567  
-4.04363  -11.2767  
-3.97078  -11.2237  
-3.96818  -11.1431  
-3.95458  -11.0956  
-3.89929  -11.114  
-3.89433  -11.0556  
-3.86832  -11.1165  
-3.86833  -11.069  
-3.83734  -11.1084  
-3.82198  -11.0674  
-3.81669  -11.1243  
-3.8011  -11.0821  
-3.81254  -11.1085  
-3.81192  -11.044  
-3.8189  -11.019  
-3.86919  -11.0476  
-3.86419  -10.9625  
-3.91735  -10.9558  
-3.91981  -10.8797  
-3.92011  -10.8532  
-3.98611  -10.8383  
-4.00219  -10.7767  
-4.04257  -10.7889  
-4.06256  -10.7185  
-4.09975  -10.7253  
-4.10295  -10.6562  
-4.1314  -10.6056  
-4.16805  -10.6341  
-4.18243  -10.5511  
-4.21274  -10.5592  
-4.21128  -10.5096  
-4.22251  -10.4767  
-4.25067  -10.4616  
-4.26739  -10.383  
-4.27436  -10.3984  
-4.27433  -10.3326  
-4.28845  -10.3613  
-4.28823  -10.2957  
-4.29601  -10.3246  
-4.29581  -10.2615  
-4.30575  -10.273  
-4.30195  -10.2266  
-4.29806  -10.2745  
-4.27821  -10.2227  
-4.27319  -10.1996  
-4.2785  -10.2564  
-4.26774  -10.1947  
-4.28051  -10.2551  
-4.27684  -10.2121  
-4.28137  -10.2934  
-4.27448  -10.2163  
-4.28718  -10.3147  
-4.29287  -10.2525  
-4.29976  -10.3168  
-4.29479  -10.2709  
-4.30882  -10.2552  
-4.32117  -10.1984  
-4.34956  -10.1803  
-4.3546  -10.1068  
-4.36678  -10.0365  
-4.41487  -9.9926  
-4.41725  -9.90603  
-4.4611  -9.82584  
-4.45832  -9.75928  
-4.52178  -9.68891  
-4.52612  -9.58862  
-4.5464  -9.54407  
-4.58579  -9.55392  
-4.57735  -9.49472  
-4.63929  -9.44435  
-4.63736  -9.37004  
-4.68228  -9.4027  
-4.67985  -9.32847  
-4.72791  -9.34952  
-4.73025  -9.2874  
-4.75431  -9.34278  
-4.75917  -9.27388  
-4.77412  -9.34109  
-4.77591  -9.27884  
-4.79346  -9.35343  
-4.78487  -9.3302  
-4.80815  -9.37975  
-4.80139  -9.33671  
-4.81121  -9.29684  
-4.84363  -9.33898  
-4.83917  -9.26513  
-4.87107  -9.25074  
-4.87378  -9.16797  
-4.90848  -9.17992  
-4.90293  -9.10871  
-4.9318  -9.14408  
-4.92922  -9.08914  
-4.93054  -9.03613  
-4.96581  -9.04465  
-4.96582  -8.98416  
-4.97337  -9.0543  
-4.97286  -8.9984  
-4.98603  -9.11019  
-4.98575  -9.05746  
-5.02026  -9.12285  
-5.01134  -9.07664  
-5.04668  -9.15026  
-5.04743  -9.08446  
-5.07088  -9.21903  
-5.07241  -9.16843  
-5.09476  -9.26596  
-5.09255  -9.21984  
-5.13582  -9.25245  
-5.13768  -9.16696  
-5.16726  -9.18652  
-5.16688  -9.12588  
-5.19651  -9.17395  
-5.19414  -9.11046  
-5.25902  -9.04314  
-5.25803  -8.97922  
-5.2685  -8.91272  
-5.30388  -8.89569  
-5.30262  -8.83283  
-5.33141  -8.82721  
-5.32999  -8.76493  
-5.38532  -8.76219  
-5.38318  -8.70133  
-5.43527  -8.70239  
-5.44457  -8.61023  
-5.46614  -8.66876  
-5.47203  -8.62282  
-5.50031  -8.58013  
-5.52772  -8.5904  
-5.52416  -8.53216  
-5.53732  -8.56031  
-5.53214  -8.52202  
-5.51557  -8.53636  
-5.51682  -8.48203  
-5.52699  -8.4666  
-5.52351  -8.40005  
-5.50701  -8.4696  
-5.50388  -8.42818  
-5.51361  -8.43861  
-5.51058  -8.3972  
-5.52994  -8.42501  
-5.52898  -8.36252  
-5.55859  -8.37263  
-5.55845  -8.31529  
-5.56143  -8.25852  
-5.59784  -8.28605  
-5.59535  -8.21851  
-5.64075  -8.19268  
-5.6393  -8.131  
-5.67643  -8.07777  
-5.67466  -8.01724  
-5.68751  -8.00164  
-5.68564  -7.94201  
-5.7173  -7.91354  
-5.71584  -7.858  
-5.71285  -7.87796  
-5.709  -7.83945  
-5.70023  -7.87464  
-5.68135  -7.8246  
-5.67287  -7.85406  
-5.65461  -7.80475  
-5.64355  -7.79338  
-5.62006  -7.84912  
-5.61862  -7.78716  
-5.58934  -7.80483  
-5.58847  -7.74785  
-5.58159  -7.73355  
-5.58118  -7.67599  
-5.58004  -7.65583  
-5.57454  -7.58562  
-5.56986  -7.58911  
-5.55844  -7.53534  
-5.56198  -7.47432  
-5.54635  -7.52509  
-5.54941  -7.44511  
-5.55168  -7.49623  
-5.54301  -7.4558  
-5.55993  -7.42576  
-5.55822  -7.39284  
-5.56266  -7.33011  
-5.61158  -7.30983  
-5.59791  -7.25612  
-5.65389  -7.21661  
-5.65498  -7.15323  
-5.70812  -7.13951  
-5.70229  -7.06914  
-5.75542  -7.05889  
-5.76202  -6.98942  
-5.7732  -6.91878  
-5.81841  -6.87443  
-5.81676  -6.81879  
-5.85844  -6.78274  
-5.8557  -6.72465  
-5.90204  -6.62224  
-5.9011  -6.54452  
-5.91437  -6.48496  
-5.93055  -6.41105  
-5.92749  -6.32639  
-5.93832  -6.28577  
-5.93007  -6.2224  
-5.95483  -6.15662  
-5.952  -6.10592  
-5.95699  -6.03525  
-5.97989  -6.01009  
-5.97209  -5.94653  
-5.98034  -5.93233  
-5.9782  -5.88028  
-6.01359  -5.79651  
-6.0562  -5.71097  
-6.05077  -5.64801  
-6.0622  -5.56476  
-6.12534  -5.49286  
-6.12603  -5.41177  
-6.19637  -5.32069  
-6.19282  -5.27081  
-6.25278  -5.2253  
-6.25296  -5.17082  
-6.26482  -5.12611  
-6.33079  -5.06658  
-6.32665  -5.01513  
-6.35038  -5.04794  
-6.34649  -4.99555  
-6.36302  -5.02447  
-6.35674  -4.97064  
-6.3771  -4.99629  
-6.37086  -4.94214  
-6.37603  -4.88755  
-6.39903  -4.8977  
-6.39263  -4.8442  
-6.38479  -4.88475  
-6.38061  -4.83377  
-6.36583  -4.90149  
-6.35656  -4.83748  
-6.3204  -4.89145  
-6.30753  -4.85281  
-6.29657  -4.82166  
-6.24409  -4.94376  
-6.22695  -4.89694  
-6.20347  -4.96261  
-6.19571  -4.8988  
-6.16571  -4.98176  
-6.16446  -4.92773  
-6.14016  -4.98967  
-6.13923  -4.93531  
-6.13836  -5.01142  
-6.12833  -4.98131  
-6.12603  -4.96754  
-6.14689  -4.96597  
-6.1311  -4.91732  
-6.16692  -4.91288  
-6.16725  -4.8392  
-6.20158  -4.83958  
-6.20241  -4.77509  
-6.27544  -4.68191  
-6.27287  -4.63024  
-6.33904  -4.49788  
-6.35254  -4.43133  
-6.3628  -4.36835  
-6.42632  -4.27283  
-6.41512  -4.22977  
-6.47824  -4.17475  
-6.48136  -4.12601  
-6.51814  -4.09431  
-6.51371  -4.04512  
-6.55669  -4.00522  
-6.54983  -3.9788  
-6.60683  -3.91787  
-6.6121  -3.88794  
-6.67847  -3.8047  
-6.67182  -3.73795  
-6.72986  -3.68509  
-6.72469  -3.6346  
-6.76413  -3.59634  
-6.75569  -3.56937  
-6.79532  -3.58232  
-6.79599  -3.5361  
-6.8011  -3.50287  
-6.8122  -3.55642  
-6.83284  -3.58036  
-6.82344  -3.52836  
-6.81641  -3.50873  
-6.85589  -3.46858  
-6.85363  -3.41782  
-6.89212  -3.35376  
-6.88898  -3.27637  
-6.89315  -3.29186  
-6.88444  -3.2651  
-6.89031  -3.21838  
-6.89011  -3.2491  
-6.88349  -3.20328  
-6.89313  -3.21927  
-6.87067  -3.20097  
-6.85428  -3.22951  
-6.84223  -3.21245  
-6.82678  -3.18828  
-6.82003  -3.12774  
-6.82197  -3.11682  
-6.80512  -3.08889  
-6.81458  -3.03086  
-6.80883  -2.98012  
-6.80503  -2.94527  
-6.81612  -2.93587  
-6.80829  -2.90538  
-6.82199  -2.90655  
-6.81601  -2.88155  
-6.80245  -2.8766  
-6.83284  -2.92447  
-6.82182  -2.86801  
-6.85448  -2.87298  
-6.85218  -2.83957  
-6.86242  -2.88557  
-6.84887  -2.85584  
-6.88207  -2.90127  
-6.88168  -2.86011  
-6.87936  -2.83897  
-6.91384  -2.89696  
-6.90853  -2.84946  
-6.9325  -2.89125  
-6.92693  -2.84423  
-6.94988  -2.87964  
-6.95633  -2.81392  
-6.97259  -2.87072  
-6.96606  -2.82637  
-6.97763  -2.86895  
-6.97107  -2.82481  
-6.9678  -2.8541  
-6.95697  -2.81487  
-6.95585  -2.8159  
-6.94491  -2.85154  
-6.9386  -2.79417  
-6.94075  -2.82309  
-6.93667  -2.76106  
-6.94011  -2.73258  
-6.94289  -2.65938  
-6.94254  -2.62926  
-6.98349  -2.55907  
-6.97658  -2.50872  
-7.00255  -2.40073  
-6.99824  -2.34123  
-7.02625  -2.22915  
-7.01614  -2.1584  
-7.04078  -2.05418  
-7.02637  -2.01243  
-7.0298  -1.94657  
-7.04826  -1.77305  
-7.04442  -1.69975  
-7.05205  -1.55372  
-7.04801  -1.49858  
-7.05141  -1.3928  
-7.0713  -1.27  
-7.0645  -1.16837  
-7.08841  -1.07089  
-7.08321  -0.989198  
-7.07393  -0.923636  
-7.09195  -0.853646  
-7.07336  -0.807846  
-7.08995  -0.743781  
-7.08321  -0.678989  
-7.06833  -0.652236  
-7.08495  -0.575258  
-7.08057  -0.526261  
-7.10907  -0.457851  
-7.09381  -0.434268  
-7.1384  -0.388471  
-7.12648  -0.340428  
-7.1339  -0.293359  
-7.1835  -0.259744  
-7.16796  -0.245483  
-7.24441  -0.193546  
-7.24272  -0.145666  
-7.30475  -0.140506  
-7.29865  -0.0907799  
-7.36156  -0.0788018  
-7.36064  -0.0221437  
-7.36999  0.0207155  
-7.43902  0.0877806  
-7.43219  0.13859  
-7.46497  0.186412  
-7.45813  0.237369  
-7.49367  0.236127  
-7.49132  0.292888  
-7.50653  0.290269  
-7.49534  0.328026  
-7.47699  0.322519  
-7.47894  0.264902  
-7.47024  0.298158  
-7.45288  0.206604  
-7.44669  0.259411  
-7.42907  0.190205  
-7.41207  0.216986  
-7.40454  0.167458  
-7.39888  0.220611  
-7.40113  0.183362  
-7.38517  0.195853  
-7.38075  0.15259  
-7.36212  0.181678  
-7.3615  0.212628  
-7.37161  0.111693  
-7.36203  0.138296  
-7.37434  0.0953205  
-7.35996  0.129735  
-7.40322  0.113768  
-7.39709  0.165464  
-7.44404  0.160062  
-7.441  0.191915  
-7.44955  0.212379  
-7.49429  0.1954  
-7.48716  0.245997  
-7.52181  0.262773  
-7.51186  0.288572  
-7.54261  0.298675  
-7.53034  0.324571  
-7.5452  0.34718  
-7.52958  0.380811  
-7.51097  0.395902  
-7.50767  0.426242  
-7.50403  0.475829  
-7.48271  0.489214  
-7.4743  0.531  
-7.44622  0.522369  
-7.43135  0.552654  
-7.42373  0.57521  
-7.41126  0.623676  
-7.38459  0.619829  
-7.37053  0.650249  
-7.35163  0.696586  
-7.32836  0.718851  
-7.325  0.765081  
-7.30575  0.807653  
-7.28883  0.837913  
-7.27087  0.884217  
-7.26819  0.924522  
-7.24436  0.988275  
-7.22922  1.04525  
-7.22195  1.11474  
-7.22001  1.17761  
-7.20974  1.25985  
-7.18916  1.30717  
-7.18499  1.37971  
-7.16917  1.41626  
-7.17352  1.5133  
-7.1512  1.56492  
-7.14803  1.65211  
-7.13202  1.70556  
-7.13483  1.77847  
-7.12654  1.85076  
-7.13281  1.88963  
-7.10923  1.9275  
-7.12857  1.97326  
-7.11808  2.02978  
-7.139  2.03274  
-7.13338  2.07461  
-7.16496  2.07948  
-7.15217  2.10216  
-7.14894  2.13739  
-7.17688  2.19162  
-7.16562  2.23097  
-7.20263  2.23583  
-7.19098  2.2751  
-7.21441  2.31544  
-7.20286  2.35566  
-7.22056  2.39128  
-7.20687  2.41338  
-7.21817  2.47737  
-7.2042  2.49631  
-7.22052  2.53549  
-7.21768  2.57929  
-7.2169  2.63716  
-7.23829  2.72439  
-7.2291  2.79419  
-7.2426  2.88467  
-7.24119  2.95269  
-7.27179  3.07086  
-7.26579  3.09909  
-7.32746  3.23257  
-7.31249  3.25049  
-7.36904  3.37754  
-7.3562  3.42429  
-7.42014  3.56286  
-7.42911  3.60788  
-7.51518  3.75291  
-7.50699  3.7858  
-7.5776  3.90965  
-7.57836  3.95445  
-7.59248  4.01131  
-7.64459  4.13494  
-7.63528  4.16642  
-7.7012  4.27803  
-7.69144  4.30904  
-7.75874  4.41009  
-7.75564  4.47108  
-7.79874  4.54544  
-7.78817  4.57489  
-7.78559  4.60199  
-7.84352  4.6493  
-7.83707  4.68062  
-7.88457  4.72199  
-7.86971  4.7377  
-7.88538  4.79239  
-7.92391  4.81914  
-7.91248  4.8469  
-7.91782  4.84659  
-7.97481  4.85112  
-7.98306  4.8753  
-8.01197  4.8727  
-8.00045  4.90395  
-8.0154  4.88827  
-8.01033  4.89786  
-8.01659  4.86986  
-8.00562  4.90308  
-8.00071  4.89815  
-7.98165  4.91399  
-7.95651  4.89975  
-7.94022  4.93394  
-7.90225  4.92897  
-7.89038  4.95797  
-7.86944  4.91571  
-7.85137  4.9457  
-7.84168  4.93127  
-7.81535  4.93061  
-7.80426  4.90144  
-7.78327  4.93366  
-7.7441  4.88859  
-7.7365  4.92267  
-7.71359  4.88296  
-7.69784  4.90007  
-7.64976  4.93805  
-7.6367  4.96736  
-7.60638  4.99435  
-7.56375  5.02031  
-7.53597  5.03935  
-7.50236  5.07537  
-7.47816  5.0991  
-7.43221  5.13908  
-7.41499  5.18407  
-7.39119  5.23121  
-7.3782  5.24493  
-7.3443  5.29718  
-7.32914  5.31249  
-7.30341  5.37944  
-7.29155  5.4186  
-7.27133  5.45637  
-7.25078  5.48851  
-7.24752  5.55134  
-7.23522  5.56198  
-7.24213  5.61378  
-7.21986  5.62566  
-7.23028  5.6612  
-7.22046  5.66898  
-7.23188  5.71179  
-7.22573  5.7378  
-7.23002  5.76907  
-7.25189  5.78574  
-7.2429  5.78886  
-7.27124  5.85609  
-7.25741  5.87953  
-7.29733  5.93945  
-7.27729  5.96093  
-7.3234  6.05768  
-7.30681  6.08361  
-7.32625  6.15837  
-7.37189  6.26394  
-7.35696  6.27075  
-7.41593  6.43339  
-7.4137  6.48906  
-7.42487  6.56526  
-7.50222  6.74392  
-7.48799  6.77591  
-7.57622  7.02611  
-7.56707  7.04435  
-7.65766  7.31984  
-7.64205  7.34912  
-7.7483  7.63374  
-7.73207  7.66198  
-7.82283  7.95105  
-7.82905  8.02671  
-7.90859  8.30565  
-7.89534  8.33356  
-7.96946  8.60638  
-7.96632  8.6701  
-7.98787  8.77724  
-8.09615  9.12989  
-8.08602  9.19022  
-8.19375  9.55298  
-8.18892  9.57629  
-8.28942  9.93771  
-8.28403  9.95932  
-8.3119  10.1031  
-8.40528  10.3859  
-8.40924  10.4312  
-8.49674  10.682  
-8.4904  10.7019  
-8.5887  10.9406  
-8.59422  10.9846  
-8.61387  11.0759  
-8.71118  11.2718  
-8.71493  11.3153  
-8.79968  11.5003  
-8.79185  11.5193  
-8.91033  11.7557  
-8.89368  11.7574  
-8.91502  11.8486  
-9.00534  11.9918  
-8.99126  12.0135  
-9.06869  12.1654  
-9.05464  12.1884  
-9.12057  12.2971  
-9.11459  12.3366  
-9.171  12.4528  
-9.15072  12.4651  
-9.19527  12.5597  
-9.18243  12.5667  
-9.19044  12.6084  
-9.21558  12.6511  
-9.19799  12.674  
-9.17721  12.6524  
-9.19527  12.7069  
-9.15714  12.6769  
-9.14157  12.7022  
-9.12565  12.7045  
-9.09764  12.6984  
-9.05926  12.7069  
-9.03655  12.6888  
-9.0026  12.7052  
-8.96114  12.7126  
-8.93246  12.7219  
-8.89806  12.7601  
-8.8495  12.7696  
-8.83102  12.7637  
-8.76875  12.7735  
-8.75355  12.7856  
-8.72322  12.8653  
-8.6973  12.8529  
-8.65479  12.9324  
-8.63427  12.9542  
-8.62726  12.9731  
-8.59415  13.0255  
-8.57134  13.0277  
-8.56182  13.1175  
-8.5506  13.1571  
-8.54832  13.2297  
-8.53032  13.2265  
-8.54062  13.301  
-8.53264  13.2987  
-8.56155  13.3797  
-8.54819  13.4089  
-8.54936  13.4651  
-8.59001  13.5665  
-8.5786  13.6053  
-8.63471  13.7282  
-8.62023  13.7475  
-8.69507  13.9122  
-8.6895  13.9548  
-8.77405  14.193  
-8.76898  14.2278  
-8.80816  14.3649  
-8.90167  14.5533  
-8.90233  14.6004  
-9.0011  14.8601  
-8.98955  14.8604  
-9.0819  15.1368  
-9.0725  15.1548  
-9.09526  15.2518  
-9.18305  15.5104  
-9.24329  15.6786  
-9.22996  15.6862  
-9.31139  15.9481  
-9.30321  15.9537  
-9.37727  16.2187  
-9.37378  16.246  
-9.44525  16.504  
-9.43703  16.5479  
-9.52469  16.8422  
-9.51398  16.8782  
-9.57865  17.135  
-9.57836  17.1755  
-9.5925  17.2818  
-9.67404  17.6006  
-9.67066  17.6354  
-9.6965  17.7606  
-9.79164  18.0706  
-9.79083  18.1396  
-9.88829  18.4718  
-9.88233  18.4669  
-9.98336  18.8512  
-9.96884  18.8651  
-10.0544  19.2311  
-10.049  19.2517  
-10.0471  19.3364  
-10.1308  19.6866  
-10.1649  19.9042  
-10.1551  19.9174  
-10.1701  20.0234  
-10.2601  20.3898  
-10.3227  20.6203  
-10.3047  20.6234  
-10.3946  20.9807  
-10.3894  21.0161  
-10.4743  21.2919  
-10.4623  21.3206  
-10.4644  21.4329  
-10.531  21.6454  
-10.5332  21.6736  
-10.5887  21.877  
-10.5764  21.903  
-10.6231  22.0666  
-10.6089  22.0641  
-10.6635  22.2036  
-10.6431  22.2135  
-10.7168  22.3821  
-10.7025  22.3797  
-10.7711  22.631  
-10.7567  22.6283  
-10.8043  22.7997  
-10.8027  22.818  
-10.8094  22.8922  
-10.8433  23.0974  
-10.8413  23.1316  
-10.8412  23.2238  
-10.8255  23.2583  
-10.8486  23.4428  
-10.8383  23.457  
-10.834  23.5205  
-10.8331  23.6547  
-10.8057  23.6733  
-10.8  23.8  
-10.7842  23.8062  
-10.7849  23.9763  
-10.7665  23.9629  
-10.7781  24.1086  
-10.754  24.1082  
-10.7717  24.2493  
-10.7536  24.2552  
-10.7502  24.3049  
-10.8044  24.5128  
-10.7886  24.5385  
-10.8437  24.7242  
-10.8342  24.7215  
-10.9178  24.9597  
-10.9133  24.9768  
-10.9988  25.2087  
-10.9956  25.2284  
-11.091  25.4919  
-11.0731  25.5017  
-11.0962  25.582  
-11.1897  25.8595  
-11.1854  25.8707  
-11.2845  26.1828  
-11.2724  26.1952  
-11.2879  26.2783  
-11.3694  26.5448  
-11.3708  26.5701  
-11.4557  26.8626  
-11.4676  26.9067  
-11.4769  26.9999  
-11.5527  27.2746  
-11.5406  27.2804  
-11.6033  27.5747  
-11.5946  27.6116  
-11.6175  27.7387  
-11.6721  28.0502  
-11.6588  28.0418  
-11.7134  28.3623  
-11.6942  28.3647  
-11.7555  28.707  
-11.7352  28.7443  
-11.8046  29.1254  
-11.7995  29.1532  
-11.8187  29.2914  
-11.8981  29.7009  
-11.8875  29.7181  
-11.9576  30.0728  
-11.9482  30.1019  
-11.9822  30.2534  
-12.0473  30.5674  
-12.0373  30.6002  
-12.1115  30.8723  
-12.0999  30.8844  
-12.1565  31.1747  
-12.1508  31.1935  
-12.2534  31.564  
-12.2416  31.574  
-12.26  31.6924  
-12.3454  32.0007  
-12.3349  32.0232  
-12.4298  32.3733  
-12.4135  32.3875  
-12.5131  32.7394  
-12.4928  32.7314  
-12.578  33.0537  
-12.5656  33.0608  
-12.6615  33.4195  
-12.6488  33.4256  
-12.6789  33.5573  
-12.7801  33.8832  
-12.7715  33.9203  
-12.7841  34.0011  
-12.8837  34.3641  
-12.8668  34.375  
-12.9586  34.7287  
-12.9381  34.7192  
-13.0289  35.1045  
-13.0084  35.0945  
-13.1147  35.5464  
-13.0942  35.536  
-13.1979  35.9589  
-13.1944  36.0172  
-13.2633  36.3379  
-13.2455  36.3243  
-13.3404  36.7349  
-13.3202  36.7241  
-13.3273  36.8265  
-13.3791  37.118  
-13.3595  37.1078  
-13.3875  37.38  
-13.3766  37.3862  
-13.4313  37.6752  
-13.4269  37.7123  
-13.4245  37.831  
-13.5045  38.1697  
-13.487  38.2012  
-13.5249  38.4429  
-13.5138  38.4638  
-13.5212  38.5467  
-13.5819  38.7958  
-13.5635  38.7932  
-13.6243  39.0698  
-13.6066  39.0596  
-13.6077  39.1223  
-13.6637  39.3552  
-13.646  39.341  
-13.6986  39.5693  
-13.6834  39.5613  
-13.7054  39.6428  
-13.7723  39.926  
-13.7577  39.9496  
-13.8271  40.231  
-13.8164  40.2445  
-13.8335  40.3448  
-13.8843  40.5458  
-13.8657  40.5533  
-13.916  40.7482  
-13.8984  40.7368  
-13.9192  40.8758  
-13.9072  40.8824  
-13.9025  40.9168  
-13.9277  41.0491  
-13.9174  41.0618  
-13.9127  41.1016  
-13.9369  41.2164  
-13.9125  41.178  
-13.952  41.3269  
-13.9407  41.3178  
-13.994  41.4998  
-13.9815  41.5122  
-13.9998  41.5684  
-14.0543  41.7626  
-14.0621  41.7925  
-14.1361  42.0151  
-14.1301  42.0276  
-14.1573  42.1235  
-14.2647  42.4319  
-14.2487  42.4289  
-14.3383  42.7017  
-14.3177  42.6763  
-14.451  43.0118  
-14.4492  43.0324  
-14.4887  43.1551  
-14.6146  43.5049  
-14.7093  43.7562  
-14.6961  43.7667  
-14.7388  43.9013  
-14.8581  44.2549  
-14.8517  44.2652  
-14.9068  44.4369  
-14.9959  44.7316  
-14.9791  44.7111  
-15.0679  45.0053  
-15.0556  45.0064  
-15.129  45.2525  
-15.1687  45.4086  
-15.1567  45.4102  
-15.1614  45.4638  
-15.2081  45.6803  
-15.1921  45.6605  
-15.2219  45.8408  
-15.2112  45.8447  
-15.2512  46.0566  
-15.2257  46.025  
-15.2592  46.2176  
-15.2259  46.1943  
-15.2534  46.4044  
-15.237  46.3976  
-15.2502  46.5716  
-15.2342  46.5649  
-15.2549  46.7421  
-15.2242  46.7165  
-15.219  46.8711  
-15.2041  46.8646  
-15.2116  47.0786  
-15.1983  47.0669  
-15.2062  47.2535  
-15.1914  47.2733  
-15.1701  47.3161  
-15.1735  47.5028  
-15.1472  47.4562  
-15.1324  47.6735  
-15.1146  47.6419  
-15.0776  47.8145  
-15.0562  47.7987  
-15.0256  47.94  
-15.0063  47.9165  
-14.9846  48.0419  
-14.96  48.0299  
-14.9688  48.2384  
-14.9503  48.2144  
-14.9569  48.3599  
-14.9438  48.3676  
-14.9449  48.4185  
-14.9907  48.5804  
-14.9912  48.5827  
-15.0592  48.7685  
-15.0407  48.7648  
-15.1362  48.9667  
-15.1246  48.9399  
-15.2267  49.1934  
-15.241  49.1908  
-15.3872  49.506  
-15.3734  49.4937  
-15.5299  49.8228  
-15.5226  49.8077  
-15.6756  50.1342  
-15.6761  50.1111  
-15.8414  50.4794  
-15.8539  50.5163  
-15.8955  50.614  
-16.042  50.9784  
-16.046  50.9808  
-16.1817  51.2978  
-16.1811  51.3137  
-16.3267  51.7006  
-16.3392  51.7491  
-16.4904  52.2392  
-16.4707  52.2199  
-16.6403  52.7689  
-16.6459  52.8215  
-16.8184  53.3608  
-16.8135  53.3719  
-16.9863  53.9314  
-16.9904  53.9843  
-17.0359  54.1891  
-17.206  54.7188  
-17.2141  54.761  
-17.4085  55.3755  
-17.4047  55.3887  
-17.62  56.0531  
-17.6175  56.0715  
-17.811  56.6684  
-17.8094  56.7016  
-18.0353  57.3655  
-18.0209  57.3688  
-18.2484  58.0202  
-18.2362  58.0046  
-18.4368  58.5788  
-18.449  58.642  
-18.5268  58.8472  
-18.7227  59.4676  
-18.7343  59.5193  
-18.9448  60.1243  
-18.945  60.1628  
-19.0047  60.3591  
-19.2135  60.8874  
-19.2033  60.9284  
-19.3394  61.3763  
-19.3264  61.3758  
-19.4579  61.7953  
-19.4531  61.8033  
-19.6048  62.2587  
-19.5925  62.253  
-19.7569  62.7381  
-19.7468  62.732  
-19.9137  63.2946  
-19.9004  63.2881  
-20.0791  63.7698  
-20.0911  63.8283  
-20.1431  63.9181  
-20.2609  64.1732  
-20.2539  64.1547  
-20.4094  64.5491  
-20.3905  64.532  
-20.4232  64.6959  
-20.5365  65.0694  
-20.5077  65.0086  
-20.6202  65.4035  
-20.576  65.325  
-20.6411  65.652  
-20.619  65.6142  
-20.7168  65.9631  
-20.7008  65.9491  
-20.7844  66.2515  
-20.7677  66.2327  
-20.8191  66.3569  
-20.889  66.538  
-20.8911  66.5562  
-20.9982  66.8436  
-20.9873  66.8261  
-21.0094  66.9231  
-21.1664  67.3439  
-21.1504  67.3188  
-21.2954  67.7076  
-21.2922  67.6959  
-21.4585  68.116  
-21.4657  68.1576  
-21.6773  68.6933  
-21.6775  68.7086  
-21.7353  68.8815  
-21.9674  69.4586  
-21.9582  69.4566  
-22.1407  69.916  
-22.1314  69.9139  
-22.2841  70.2812  
-22.2746  70.2788  
-22.3248  70.4124  
-22.4788  70.7931  
-22.4631  70.7515  
-22.6414  71.225  
-22.6449  71.2264  
-22.6979  71.3799  
-22.8593  71.7895  
-22.857  71.7972  
-22.8985  71.9256  
-23.0578  72.3551  
-23.0578  72.3648  
-23.1962  72.7287  
-23.175  72.6968  
-23.3264  73.0945  
-23.3065  73.0479  
-23.4658  73.488  
-23.4704  73.5223  
-23.5054  73.6263  
-23.6429  73.9843  
-23.6334  73.9793  
-23.7899  74.3543  
-23.7707  74.3375  
-23.9677  74.8114  
-23.9516  74.7812  
-24.1511  75.2133  
-24.1409  75.2069  
-24.3712  75.6933  
-24.3607  75.6872  
-24.4189  75.8068  
-24.6172  76.2263  
-24.6134  76.2353  
-24.7849  76.5676  
-24.7737  76.5655  
-24.8235  76.6623  
-24.9888  77.0035  
-24.9728  76.9784  
-25.1241  77.2924  
-25.1194  77.2809  
-25.2545  77.5732  
-25.2439  77.5382  
-25.3806  77.8564  
-25.357  77.8188  
-25.4764  78.0843  
-25.4587  78.0597  
-25.5493  78.2909  
-25.5396  78.2569  
-25.5579  78.3311  
-25.6623  78.5287  
-25.6549  78.538  
-25.7419  78.7221  
-25.7408  78.723  
-25.7781  78.8334  
-25.8633  79.1079  
-25.8473  79.0641  
-25.9138  79.263  
-25.9518  79.4105  
-25.9535  79.4142  
-25.9682  79.4986  
-26.0284  79.7024  
-26.0153  79.6944  
-26.1101  79.9984  
-26.0791  79.9452  
-26.201  80.2786  
-26.189  80.2572  
-26.2487  80.3918  
-26.3929  80.7489  
-26.3945  80.7732  
-26.5591  81.1143  
-26.5628  81.1479  
-26.6104  81.2419  
-26.7516  81.5326  
-26.7649  81.5512  
-26.9464  81.9182  
-26.9507  81.9062  
-26.9918  82.0062  
-27.1537  82.3096  
-27.1636  82.3286  
-27.3085  82.6934  
-27.3067  82.6956  
-27.4469  83.012  
-27.4394  82.9973  
-27.4827  83.1234  
-27.5939  83.3768  
-27.5667  83.3353  
-27.6728  83.6224  
-27.6523  83.5872  
-27.717  83.7652  
-27.707  83.7642  
-27.7437  83.863  
-27.8166  84.0748  
-27.7964  84.051  
-27.8912  84.2939  
-27.8907  84.3077  
-27.9201  84.4124  
-28.0601  84.7634  
-28.0527  84.7786  
-28.2258  85.184  
-28.2284  85.1957  
-28.2881  85.351  
-28.4397  85.7064  
-28.4548  85.7322  
-28.4869  85.8483  
-28.6856  86.2953  
-28.6898  86.3188  
-28.883  86.7907  
-28.8783  86.7603  
-28.9388  86.902  
-29.1661  87.4312  
-29.1819  87.4893  
-29.4745  88.0663  
-29.5188  88.1623  
-29.6107  88.3274  
-29.8758  88.6647  
-29.8921  88.6952  
-30.1708  89.1151  
-30.1597  89.1064  
-30.1934  89.1757  
-30.3992  89.6469  
-30.4062  89.646  
-30.5816  89.9953  
-30.5655  89.9952  
-30.6173  90.1168  
-30.799  90.4982  
-30.7877  90.5608  
-30.9207  90.8813  
-30.905  90.8905  
-30.9595  90.9921  
-31.1076  91.3653  
-31.1135  91.3203  
-31.2669  91.6251  
-31.2711  91.6495  
-31.3296  91.7833  
-31.465  92.0916  
-31.4452  92.0972  
-31.5833  92.3835  
-31.5581  92.3384  
-31.687  92.6179  
-31.6784  92.5931  
-31.7082  92.6613  
-31.8252  92.9161  
-31.8186  92.9068  
-31.937  93.1423  
-31.9323  93.1399  
-31.9594  93.1927  
-32.0719  93.3951  
-32.0613  93.3854  
-32.1956  93.68  
-32.1814  93.647  
-32.2143  93.7389  
-32.3592  94.0448  
-32.3618  94.0687  
-32.5153  94.4076  
-32.4948  94.3681  
-32.6667  94.743  
-32.6688  94.7322  
-32.7194  94.865  
-32.887  95.2227  
-32.8932  95.2321  
-32.9491  95.3484  
-33.1468  95.7746  
-33.1421  95.7559  
-33.3486  96.142  
-33.3548  96.1377  
-33.5728  96.5659  
-33.5639  96.5397  
-33.8042  96.9683  
-33.7951  96.9417  
-34.0419  97.3851  
-34.0504  97.3992  
-34.3573  97.9073  
-34.3601  97.8956  
-34.6235  98.3137  
-34.6469  98.3793  
-34.8046  98.7079  
-35.145  99.2789  
-35.1647  99.2997  
-35.5423  99.7802  
-35.5275  99.7483  
-35.7981  99.9965  
-35.8004  99.9812  
-36.0157  100.276  
-36.0307  100.284  
-36.2515  100.739  
-36.2439  100.735  
-36.4877  101.099  
-36.4872  101.106  
-36.7111  101.469  
-36.6943  101.459  
-36.8877  101.878  
-36.8862  101.853  
-36.9422  101.941  
-37.1623  102.32  
-37.1472  102.29  
-37.3616  102.599  
-37.3639  102.613  
-37.3858  102.653  
-37.4975  102.84  
-37.4566  102.796  
-37.5638  103.05  
-37.5406  103.004  
-37.5782  103.071  
-37.6497  103.256  
-37.6164  103.146  
-37.7175  103.338  
-37.6726  103.246  
-37.7133  103.419  
-37.8113  103.624  
-37.7823  103.593  
-37.8934  103.744  
-37.8854  103.724  
-37.8996  103.678  
-37.887  103.641  
-37.9433  103.84  
-37.927  103.815  
-37.9336  103.863  
-37.9234  103.857  
-37.9529  103.939  
-37.9364  103.924  
-37.9106  103.869  
-37.9319  103.977  
-37.9139  103.927  
-37.9727  104.104  
-37.964  104.087  
-38.039  104.179  
-38.0162  104.14  
-38.1096  104.249  
-38.094  104.222  
-38.1778  104.377  
-38.1631  104.342  
-38.2679  104.608  
-38.2515  104.589  
-38.3386  104.766  
-38.3231  104.737  
-38.3998  104.908  
-38.3772  104.855  
-38.3921  104.886  
-38.4416  105.019  
-38.4267  104.991  
-38.4688  105.099  
-38.4603  105.082  
-38.4464  105.056  
-38.4722  105.149  
-38.4471  105.102  
-38.479  105.147  
-38.4565  105.119  
-38.4516  105.105  
-38.4686  105.109  
-38.4489  105.074  
-38.4725  105.176  
-38.4571  105.136  
-38.4935  105.214  
-38.4729  105.163  
-38.4647  105.136  
-38.4773  105.169  
-38.4834  105.172  
-38.4568  105.121  
-38.4555  105.121  
-38.4972  105.182  
-38.478  105.147  
-38.5219  105.173  
-38.4993  105.128  
-38.4996  105.103  
-38.5295  105.122  
-38.5224  105.115  
-38.5539  105.124  
-38.5362  105.073  
-38.5802  105.085  
-38.5677  105.062  
-38.6299  105.058  
-38.6088  105.009  
-38.6729  105.02  
-38.6685  104.99  
-38.7699  105.125  
-38.7614  105.075  
-38.8772  105.186  
-38.8493  105.131  
-38.8824  105.166  
-38.9696  105.231  
-38.9628  105.18  
-39.0681  105.352  
-39.0654  105.326  
-39.0923  105.364  
-39.232  105.527  
-39.2315  105.523  
-39.2905  105.602  
-39.4327  105.804  
-39.4439  105.802  
-39.6133  106.045  
-39.6091  106.035  
-39.7822  106.29  
-39.796  106.277  
-40.0078  106.564  
-39.9928  106.524  
-40.2118  106.813  
-40.2245  106.816  
-40.3017  106.894  
-40.5372  107.212  
-40.5357  107.194  
-40.8041  107.585  
-40.817  107.603  
-41.0558  107.97  
-41.0791  107.99  
-41.3285  108.394  
-41.3215  108.361  
-41.5424  108.729  
-41.5544  108.739  
-41.7482  109.048  
-41.7506  109.046  
-41.792  109.116  
-41.9574  109.456  
-41.9484  109.431  
-42.1334  109.819  
-42.1216  109.795  
-42.179  109.906  
-42.3487  110.285  
-42.335  110.283  
-42.5056  110.652  
-42.4765  110.671  
-42.6631  110.931  
-42.644  110.878  
-42.7945  111.086  
-42.7998  111.101  
-42.8444  111.219  
-42.9701  111.39  
-42.9535  111.354  
-43.0895  111.404  
-43.0861  111.382  
-43.1496  111.383  
-43.1339  111.345  
-43.1546  111.386  
-43.236  111.585  
-43.2147  111.545  
-43.228  111.487  
-43.2144  111.458  
-43.2038  111.475  
-43.1913  111.448  
-43.1919  111.438  
-43.1532  111.395  
-43.2051  111.535  
-43.1828  111.485  
-43.2024  111.532  
-43.1927  111.508  
-43.2448  111.644  
-43.2215  111.604  
-43.2309  111.613  
-43.2836  111.794  
-43.2748  111.761  
-43.2711  111.774  
-43.3493  111.935  
-43.3271  111.895  
-43.4127  112.082  
-43.391  112.023  
-43.4991  112.252  
-43.4918  112.201  
-43.5204  112.272  
-43.6559  112.522  
-43.6537  112.514  
-43.8096  112.833  
-43.7956  112.816  
-43.9577  113.07  
-43.9395  113.015  
-43.9835  113.084  
-44.1264  113.329  
-44.2252  113.505  
-44.223  113.486  
-44.2621  113.561  
-44.4301  113.854  
-44.4178  113.806  
-44.5613  114.059  
-44.5576  114.043  
-44.712  114.347  
-44.6993  114.298  
-44.7488  114.385  
-44.8501  114.516  
-44.8372  114.468  
-44.9573  114.613  
-44.9465  114.583  
-45.0532  114.676  
-45.0444  114.666  
-45.158  114.845  
-45.1436  114.791  
-45.2688  114.97  
-45.2544  114.914  
-45.4543  115.211  
-45.4566  115.204  
-45.5128  115.264  
-45.6907  115.541  
-45.6917  115.532  
-45.8708  115.728  
-45.8586  115.698  
-46.0596  115.899  
-46.0445  115.851  
-46.2115  116.011  
-46.198  115.981  
-46.3798  116.182  
-46.3658  116.152  
-46.5476  116.349  
-46.5402  116.328  
-46.6781  116.483  
-46.6644  116.458  
-46.7994  116.639  
-46.785  116.6  
-46.9257  116.803  
-46.9226  116.789  
-47.0391  116.909  
-47.0183  116.853  
-47.1553  117.071  
-47.1408  117.017  
-47.3253  117.307  
-47.3209  117.284  
-47.5142  117.581  
-47.4997  117.551  
-47.6622  117.732  
-47.656  117.695  
-47.7192  117.809  
-47.8501  117.967  
-47.8626  117.973  
-47.9857  118.197  
-47.9783  118.176  
-48.0972  118.37  
-48.0832  118.34  
-48.1792  118.539  
-48.1888  118.529  
-48.2198  118.564  
-48.3271  118.786  
-48.3327  118.787  
-48.4391  118.922  
-48.445  118.923  
-48.4593  118.933  
-48.5476  119.105  
-48.5298  119.044  
-48.5955  119.179  
-48.5733  119.13  
-48.6051  119.243  
-48.5893  119.224  
-48.5617  119.198  
-48.5869  119.301  
-48.5348  119.26  
-48.5105  119.302  
-48.488  119.257  
-48.4654  119.317  
-48.444  119.273  
-48.4368  119.273  
-48.4159  119.327  
-48.3845  119.285  
-48.3503  119.328  
-48.3313  119.285  
-48.3577  119.403  
-48.3302  119.365  
-48.3666  119.474  
-48.3555  119.443  
-48.3566  119.426  
-48.4184  119.562  
-48.4005  119.52  
-48.4817  119.617  
-48.4687  119.565  
-48.5671  119.711  
-48.5602  119.671  
-48.6834  119.835  
-48.6754  119.795  
-48.7211  119.853  
-48.8666  120.081  
-48.8663  120.067  
-48.9343  120.136  
-49.0994  120.422  
-49.1271  120.467  
-49.3153  120.749  
-49.3081  120.721  
-49.4523  120.943  
-49.4443  120.914  
-49.6208  121.188  
-49.6118  121.146  
-49.6682  121.202  
-49.8046  121.428  
-49.7862  121.37  
-49.9213  121.532  
-49.9049  121.495  
-50.0707  121.747  
-50.0634  121.736  
-50.2412  121.984  
-50.2294  121.94  
-50.2857  122.015  
-50.475  122.27  
-50.4782  122.261  
-50.7118  122.615  
-50.7023  122.601  
-50.9925  123.064  
-51.0065  123.064  
-51.1189  123.157  
-51.4229  123.501  
-51.4266  123.498  
-51.5435  123.623  
-51.7928  123.966  
-51.8145  123.978  
-52.051  124.38  
-52.0418  124.349  
-52.251  124.631  
-52.3865  124.803  
-52.3834  124.792  
-52.4603  124.925  
-52.6575  125.231  
-52.6424  125.227  
-52.8728  125.559  
-52.8612  125.508  
-53.0727  125.702  
-53.0682  125.66  
-53.2363  125.752  
-53.2407  125.729  
-53.2831  125.746  
-53.4239  125.847  
-53.4084  125.812  
-53.4453  125.862  
-53.5357  125.923  
-53.5214  125.891  
-53.5887  126.014  
-53.5765  125.985  
-53.6163  126.026  
-53.6989  126.22  
-53.7181  126.33  
-53.6993  126.292  
-53.7654  126.431  
-53.7404  126.385  
-53.7602  126.45  
-53.7701  126.467  
-53.7513  126.411  
-53.7769  126.528  
-53.7438  126.496  
-53.719  126.433  
-53.7042  126.445  
-53.6829  126.401  
-53.6906  126.429  
-53.6394  126.335  
-53.6426  126.347  
-53.6298  126.314  
-53.6685  126.436  
-53.6397  126.367  
-53.6889  126.414  
-53.6671  126.354  
-53.7607  126.498  
-53.7393  126.436  
-53.7735  126.475  
-53.9471  126.756  
-53.9579  126.803  
-54.2043  127.295  
-54.1904  127.259  
-54.4707  127.627  
-54.46  127.578  
-54.7137  127.91  
-54.7146  127.862  
-54.7717  127.916  
-55.0342  128.369  
-55.0191  128.346  
-55.2059  128.611  
-55.2155  128.547  
-55.3584  128.703  
-55.3479  128.671  
-55.4994  128.903  
-55.5022  128.891  
-55.5437  128.926  
-55.7121  129.221  
-55.7081  129.2  
-55.8824  129.36  
-55.8644  129.32  
-55.91  129.344  
-56.0357  129.537  
-56.0459  129.528  
-56.1525  129.667  
-56.1419  129.656  
-56.1769  129.695  
-56.2845  129.894  
-56.265  129.834  
-56.2899  129.851  
-56.3767  129.973  
-56.3573  129.927  
-56.4345  129.988  
-56.4136  129.947  
-56.4306  129.977  
-56.4796  130.04  
-56.4545  130  
-56.5061  130.071  
-56.4843  130.027  
-56.5081  130.092  
-56.5512  130.164  
-56.5144  130.099  
-56.562  130.178  
-56.5232  130.137  
-56.5526  130.216  
-56.5352  130.165  
-56.5689  130.274  
-56.5556  130.243  
-56.5743  130.285  
-56.6007  130.331  
-56.5954  130.31  
-56.5887  130.294  
-56.639  130.392  
-56.6277  130.363  
-56.6842  130.442  
-56.6694  130.405  
-56.688  130.426  
-56.7511  130.458  
-56.7334  130.419  
-56.8103  130.474  
-56.7893  130.417  
-56.8925  130.496  
-56.8742  130.458  
-57.0108  130.616  
-56.9821  130.549  
-57.0133  130.574  
-57.1024  130.63  
-57.0898  130.6  
-57.1839  130.704  
-57.1641  130.664  
-57.2656  130.795  
-57.2522  130.763  
-57.3622  130.865  
-57.4191  130.941  
-57.4095  130.888  
-57.4276  130.889  
-57.6153  131.156  
-57.6341  131.176  
-57.8547  131.596  
-57.8737  131.605  
-57.9445  131.647  
-58.1743  131.957  
-58.1637  131.927  
-58.3937  132.257  
-58.5618  132.528  
-58.5429  132.488  
-58.5892  132.61  
-58.737  132.831  
-58.7413  132.791  
-58.8312  132.843  
-58.8244  132.861  
-58.8646  132.929  
-59.0365  133.096  
-59.0249  133.064  
-59.22  133.344  
-59.2168  133.312  
-59.3002  133.365  
-59.5737  133.751  
-59.5744  133.767  
-59.8777  134.294  
-59.8738  134.285  
-60.1999  134.641  
-60.2122  134.655  
-60.4639  135.075  
-60.4563  135.044  
-60.6484  135.339  
-60.6504  135.34  
-60.8196  135.752  
-60.814  135.716  
-60.9171  135.773  
-60.9083  135.746  
-60.9167  135.844  
-61.0206  135.962  
-61.0022  135.92  
-61.1357  136.11  
-61.116  136.063  
-61.232  136.101  
-61.2126  136.055  
-61.3088  136.045  
-61.2998  136.029  
-61.3157  136.039  
-61.3962  136.056  
-61.3779  136.015  
-61.4447  136.065  
-61.4269  136.024  
-61.4398  136.03  
-61.4891  136.036  
-61.533  136.044  
-61.5163  136.006  
-61.5409  136.032  
-61.6441  136.134  
-61.637  136.114  
-61.7942  136.436  
-61.8016  136.431  
-61.839  136.451  
-61.9958  136.579  
-61.9973  136.585  
-62.15  136.805  
-62.1542  136.798  
-62.2001  136.841  
-62.3414  137.133  
-62.3271  137.099  
-62.4176  137.178  
-62.4004  137.138  
-62.4677  137.256  
-62.5272  137.357  
-62.5115  137.308  
-62.5318  137.311  
-62.6217  137.473  
-62.6055  137.433  
-62.7617  137.637  
-62.7533  137.593  
-62.7945  137.62  
-62.9516  137.874  
-63.0438  137.985  
-63.025  137.926  
-63.1592  138.09  
-63.1453  138.06  
-63.262  138.232  
-63.2557  138.219  
-63.3274  138.221  
-63.3149  138.17  
-63.3836  138.296  
-63.3667  138.256  
-63.412  138.247  
-63.3737  138.175  
-63.4326  138.249  
-63.3956  138.189  
-63.4698  138.271  
-63.4365  138.164  
-63.4483  138.165  
-63.5131  138.268  
-63.4898  138.194  
-63.5511  138.256  
-63.5365  138.22  
-63.6107  138.312  
-63.5899  138.27  
-63.6651  138.301  
-63.6342  138.231  
-63.7212  138.282  
-63.6997  138.205  
-63.7824  138.166  
-63.768  138.111  
-63.8069  138.11  
-63.9765  138.273  
-63.9931  138.258  
-64.2413  138.573  
-64.2337  138.564  
-64.5737  138.974  
-64.5748  138.959  
-64.7123  139.108  
-65.0652  139.673  
-65.062  139.636  
-65.523  140.419  
-65.5132  140.387  
-65.9511  141.042  
-65.9455  141.014  
-66.3019  141.467  
-66.295  141.436  
-66.6019  141.84  
-66.6221  141.865  
-66.7517  141.992  
-67.0485  142.297  
-67.0671  142.299  
-67.3585  142.532  
-67.3675  142.525  
-67.4423  142.498  
-67.6725  142.685  
-67.6538  142.628  
-67.8605  142.719  
-67.8561  142.68  
-67.9609  142.572  
-67.937  142.512  
-68.0774  142.574  
-68.0726  142.565  
-68.1204  142.641  
-68.1838  142.315  
-68.1697  142.205  
-68.2341  141.948  
-68.2123  141.899  
-68.2354  141.664  
-68.213  141.6  
-68.1852  141.423  
-68.1593  141.372  
-68.1023  141.023  
-68.0644  140.92  
-67.9952  140.712  
-67.9067  140.6  
-67.8565  140.573  
-67.7777  140.393  
-67.7672  140.347  
-67.7162  140.284  
-67.6917  140.221  
-67.706  140.174  
-67.6789  140.132  
-67.6625  140.052  
-67.6886  140.089  
-67.6674  140.052  
-67.6917  140.131  
-67.6621  140.06  
-67.675  140.132  
-67.6411  140.071  
-67.687  140.128  
-67.6735  140.089  
-67.6548  140.017  
-67.6894  140.019  
-67.6661  139.972  
-67.6415  139.906  
-67.6596  139.778  
-67.6496  139.742  
-67.7275  139.942  
-67.7151  139.92  
-67.8371  139.932  
-67.828  139.849  
-67.8614  139.848  
-68.0121  140.124  
-67.9967  140.082  
-68.1903  140.457  
-68.1643  140.417  
-68.2981  140.818  
-68.3071  140.843  
-68.415  140.954  
-68.3897  140.892  
-68.414  140.877  
-68.4731  141.203  
-68.4531  141.164  
-68.5105  141.205  
-68.4909  141.166  
-68.552  141.29  
-68.5328  141.251  
-68.6114  141.237  
-68.5921  141.166  
-68.6876  141.257  
-68.6556  141.203  
-68.7668  141.255  
-68.7497  141.195  
-68.7697  141.145  
-68.9524  141.361  
-68.9556  141.377  
-69.2108  141.741  
-69.2006  141.713  
-69.4975  141.932  
-69.4899  141.891  
-69.6053  142.08  
-69.9877  142.809  
-69.9829  142.784  
-70.336  143.34  
-70.3244  143.306  
-70.6151  143.586  
-70.5976  143.529  
-70.7941  143.76  
-70.771  143.696  
-70.8983  143.848  
-70.8815  143.825  
-70.9365  143.64  
-70.9066  143.548  
-70.8716  143.419  
-70.8478  143.254  
-70.8283  143.199  
-70.8115  142.961  
-70.7629  142.808  
-70.7317  142.618  
-70.6742  142.512  
-70.6421  142.307  
-70.6079  142.183  
-70.5478  141.935  
-70.5057  141.861  
-70.424  141.651  
-70.4  141.584  
-70.326  141.419  
-70.2927  141.33  
-70.272  141.316  
-70.2424  141.335  
-70.2169  141.284  
-70.2264  141.27  
-70.1897  141.188  
-70.1834  141.153  
-70.2187  141.249  
-70.2074  141.24  
-70.2022  141.225  
-70.2503  141.466  
-70.2232  141.447  
-70.2856  141.63  
-70.2693  141.598  
-70.2712  141.593  
-70.3172  141.825  
-70.2976  141.827  
-70.3404  141.907  
-70.306  141.898  
-70.3609  142.023  
-70.3345  141.958  
-70.3948  142.001  
-70.3784  141.964  
-70.4205  141.962  
-70.3938  141.897  
-70.4456  141.872  
-70.4238  141.806  
-70.4177  141.744  
-70.4368  141.619  
-70.4105  141.574  
-70.4781  141.506  
-70.451  141.445  
-70.563  141.604  
-70.5356  141.543  
-70.6721  141.67  
-70.6533  141.602  
-70.7838  141.654  
-70.7834  141.636  
-70.8438  141.696  
-71.0006  141.894  
-70.9783  141.836  
-70.9877  141.833  
-71.1067  141.988  
-71.0808  141.912  
-71.1028  141.834  
-71.0724  141.79  
-71.0845  141.776  
-71.0349  141.698  
-71.0037  141.541  
-70.9696  141.472  
-70.9421  141.375  
-70.8722  141.178  
-70.8397  141.114  
-70.7774  140.881  
-70.74  140.797  
-70.6713  140.68  
-70.6297  140.591  
-70.5506  140.451  
-70.5246  140.397  
-70.4918  140.327  
-70.4164  140.274  
-70.3548  140.184  
-70.3251  140.125  
-70.2558  140.024  
-70.2186  139.971  
-70.1696  139.934  
-70.1244  139.896  
-70.0722  139.792  
-70.0031  139.696  
-69.9751  139.654  
-69.9212  139.55  
-69.894  139.508  
-69.868  139.45  
-69.8341  139.329  
-69.796  139.244  
-69.7837  139.219  
-69.7553  139.158  
-69.7533  139.1  
-69.7248  139.041  
-69.7365  139.071  
-69.7121  139.017  
-69.7092  138.987  
-69.7214  138.987  
-69.6914  138.926  
-69.6868  138.911  
-69.7047  138.902  
-69.6961  138.884  
-69.7132  138.901  
-69.7032  138.884  
-69.6944  138.88  
-69.722  138.883  
-69.7042  138.85  
-69.7171  138.82  
-69.7066  138.82  
-69.7234  138.795  
-69.6967  138.736  
-69.7101  138.728  
-69.6933  138.697  
-69.7326  138.726  
-69.6986  138.673  
-69.6866  138.634  
-69.7534  138.785  
-69.736  138.751  
-69.8847  139.105  
-69.8667  139.069  
-69.9088  139.153  
-70.1026  139.565  
-70.106  139.591  
-70.2804  139.859  
-70.2701  139.842  
-70.4866  140.181  
-70.4854  140.195  
-70.6444  140.409  
-70.6381  140.394  
-70.7139  140.344  
-70.7003  140.287  
-70.7065  140.087  
-70.689  140.032  
-70.6578  139.848  
-70.6143  139.724  
-70.5711  139.497  
-70.5277  139.355  
-70.487  139.1  
-70.4617  139.027  
-70.4507  138.914  
-70.4248  138.827  
-70.4278  138.801  
-70.5075  138.949  
-70.498  138.926  
-70.5147  138.998  
-70.6244  139.17  
-70.6032  139.118  
-70.6227  139.112  
-70.6912  139.241  
-70.6814  139.231  
-70.6984  139.308  
-70.6724  139.242  
-70.6342  139.174  
-70.5761  139.054  
-70.5349  138.94  
-70.4437  138.697  
-70.3755  138.605  
-70.3248  138.511  
-70.2134  138.322  
-70.1495  138.191  
-70.0708  137.983  
-70.012  137.876  
-69.9786  137.813  
-69.9487  137.733  
-69.9181  137.67  
-69.9205  137.69  
-69.8938  137.616  
-69.9416  137.802  
-69.9245  137.768  
-69.9737  137.867  
-69.9512  137.825  
-69.9488  137.826  
-70.0534  138.08  
-70.0293  138.032  
-70.1018  138.159  
-70.0691  138.089  
-70.0861  138.12  
-70.1209  138.17  
-70.1047  138.099  
-70.1202  138.062  
-70.0964  138.038  
-70.0932  137.94  
-70.0743  137.887  
-70.0558  137.741  
-70.0269  137.661  
-69.9915  137.517  
-69.9629  137.438  
-69.933  137.352  
-69.9043  137.191  
-69.8652  137.118  
-69.8379  137.041  
-69.8115  136.973  
-69.7859  136.891  
-69.7798  136.842  
-69.7438  136.787  
-69.7489  136.768  
-69.7189  136.706  
-69.6994  136.685  
-69.7149  136.722  
-69.6846  136.642  
-69.6829  136.643  
-69.7071  136.68  
-69.6818  136.638  
-69.6862  136.634  
-69.6595  136.574  
-69.6443  136.533  
-69.6469  136.528  
-69.6214  136.485  
-69.611  136.436  
-69.5767  136.385  
-69.5519  136.312  
-69.5287  136.273  
-69.4883  136.196  
-69.4539  136.127  
-69.424  136.056  
-69.3815  135.999  
-69.3489  135.933  
-69.2967  135.855  
-69.2593  135.782  
-69.2197  135.701  
-69.1712  135.64  
-69.126  135.574  
-69.0915  135.484  
-69.0571  135.435  
-69.0254  135.388  
-69.0106  135.362  
-68.9744  135.283  
-68.9599  135.26  
-68.9608  135.262  
-68.9314  135.21  
-68.9286  135.211  
-68.9046  135.152  
-68.8804  135.115  
-68.8851  135.102  
-68.854  135.037  
-68.8312  134.987  
-68.8219  134.964  
-68.789  134.896  
-68.767  134.808  
-68.7441  134.769  
-68.7246  134.695  
-68.6918  134.628  
-68.6783  134.55  
-68.6454  134.484  
-68.6319  134.44  
-68.6091  134.396  
-68.6094  134.362  
-68.5764  134.297  
-68.5724  134.268  
-68.6039  134.349  
-68.5881  134.3  
-68.6406  134.372  
-68.6166  134.332  
-68.6266  134.361  
-68.6771  134.428  
-68.6568  134.391  
-68.6855  134.38  
-68.6742  134.369  
-68.7006  134.359  
-68.6652  134.288  
-68.6887  134.303  
-68.6575  134.237  
-68.7055  134.306  
-68.683  134.26  
-68.8131  134.61  
-68.8024  134.576  
-68.8361  134.606  
-68.9574  134.67  
-68.9387  134.616  
-69.0821  134.806  
-69.058  134.762  
-69.1331  134.858  
-69.1088  134.825  
-69.092  134.759  
-69.1045  134.724  
-69.0768  134.559  
-68.9792  134.334  
-68.946  134.249  
-68.8012  133.959  
-68.7648  133.889  
-68.6275  133.571  
-68.5823  133.475  
-68.4634  133.195  
-68.4106  133.089  
-68.3483  132.919  
-68.2674  132.734  
-68.2294  132.649  
-68.1543  132.536  
-68.113  132.489  
-68.0638  132.436  
-68.0311  132.376  
-67.9956  132.32  
-67.939  132.278  
-67.9098  132.237  
-67.8654  132.225  
-67.8224  132.133  
-67.7767  132.125  
-67.7401  132.056  
-67.6978  132.009  
-67.6533  131.943  
-67.6134  131.881  
-67.5678  131.818  
-67.5307  131.749  
-67.5225  131.752  
-67.486  131.682  
-67.4542  131.611  
-67.4456  131.628  
-67.4166  131.567  
-67.3929  131.524  
-67.3873  131.538  
-67.3703  131.498  
-67.3654  131.48  
-67.3401  131.43  
-67.3146  131.376  
-67.2903  131.335  
-67.2686  131.266  
-67.2344  131.198  
-67.202  131.088  
-67.1638  131.013  
-67.1194  130.878  
-67.0851  130.812  
-67.0013  130.613  
-66.9627  130.543  
-66.8822  130.346  
-66.841  130.259  
-66.78  130.126  
-66.684  129.906  
-66.6504  129.843  
-66.5672  129.652  
-66.5239  129.561  
-66.4355  129.394  
-66.3937  129.309  
-66.3443  129.213  
-66.2734  129.094  
-66.23  129.003  
-66.1849  128.923  
-66.1307  128.884  
-66.1011  128.84  
-66.0666  128.808  
-66.029  128.741  
-66.0054  128.699  
-65.9764  128.686  
-65.9429  128.623  
-65.9249  128.636  
-65.8985  128.587  
-65.8693  128.572  
-65.8271  128.515  
-65.7957  128.453  
-65.7573  128.439  
-65.7232  128.374  
-65.6812  128.364  
-65.6427  128.292  
-65.6009  128.239  
-65.5624  128.167  
-65.5157  128.115  
-65.484  128.046  
-65.4303  127.957  
-65.3865  127.887  
-65.3399  127.783  
-65.2978  127.722  
-65.2473  127.611  
-65.2149  127.547  
-65.1546  127.408  
-65.1189  127.341  
-65.0722  127.244  
-65.0188  127.114  
-64.9862  127.05  
-64.9204  126.919  
-64.8737  126.823  
-64.8198  126.689  
-64.7861  126.625  
-64.7396  126.536  
-64.6688  126.408  
-64.612  126.286  
-64.5737  126.218  
-64.5197  126.082  
-64.4533  125.966  
-64.416  125.901  
-64.3563  125.815  
-64.3141  125.728  
-64.2781  125.672  
-64.2426  125.617  
-64.2012  125.563  
-64.1596  125.479  
-64.1342  125.458  
-64.1057  125.422  
-64.0884  125.406  
-64.0686  125.398  
-64.0343  125.332  
-64.0241  125.341  
-63.9894  125.275  
-63.961  125.244  
-63.9266  125.177  
-63.8999  125.159  
-63.8652  125.091  
-63.8217  124.993  
-63.7609  124.906  
-63.7266  124.838  
-63.662  124.708  
-63.6237  124.653  
-63.5543  124.5  
-63.5153  124.429  
-63.4504  124.301  
-63.4062  124.207  
-63.3433  124.091  
-63.3089  124.025  
-63.2595  123.928  
-63.2014  123.822  
-63.1489  123.71  
-63.1137  123.63  
-63.0647  123.561  
-63.0292  123.495  
-62.9969  123.428  
-62.9678  123.395  
-62.9341  123.331  
-62.8853  123.236  
-62.86  123.19  
-62.8251  123.124  
-62.7893  123.056  
-62.7503  122.994  
-62.7055  122.902  
-62.6652  122.815  
-62.6172  122.725  
-62.5828  122.66  
-62.5365  122.569  
-62.476  122.445  
-62.4313  122.351  
-62.3668  122.215  
-62.3276  122.145  
-62.2701  122.039  
-62.2366  121.98  
-62.1652  121.832  
-62.1269  121.766  
-62.0826  121.683  
-62.0231  121.596  
-61.9894  121.534  
-61.933  121.451  
-61.8982  121.385  
-61.8446  121.319  
-61.8001  121.225  
-61.7379  121.15  
-61.7031  121.084  
-61.6427  121.044  
-61.5938  120.961  
-61.5561  120.894  
-61.4946  120.839  
-61.4442  120.767  
-61.3848  120.702  
-61.3459  120.646  
-61.2798  120.557  
-61.2411  120.501  
-61.1818  120.441  
-61.1477  120.373  
-61.0791  120.275  
-61.0426  120.22  
-60.9938  120.153  
-60.9449  120.094  
-60.904  120.033  
-60.8659  119.952  
-60.8113  119.87  
-60.782  119.811  
-60.7306  119.741  
-60.6857  119.659  
-60.6375  119.557  
-60.5932  119.482  
-60.5496  119.387  
-60.4865  119.287  
-60.4401  119.19  
-60.3561  119.038  
-60.3225  118.971  
-60.2052  118.776  
-60.1622  118.683  
-60.0529  118.519  
-59.9977  118.428  
-59.8602  118.193  
-59.8122  118.111  
-59.7297  117.974  
-59.5927  117.769  
-59.5462  117.706  
-59.423  117.532  
-59.3816  117.457  
-59.2757  117.337  
-59.2346  117.262  
-59.1754  117.169  
-59.0857  117.068  
-59.0339  116.994  
-58.9445  116.897  
-58.9037  116.821  
-58.8501  116.764  
-58.7611  116.659  
-58.7212  116.594  
-58.6323  116.503  
-58.5868  116.421  
-58.5349  116.327  
-58.4485  116.188  
-58.4128  116.133  
-58.3493  116.07  
-58.3082  115.977  
-58.2585  115.918  
-58.2173  115.824  
-58.1836  115.768  
-58.1518  115.703  
-58.1351  115.65  
-58.0981  115.595  
-58.0716  115.542  
-58.0599  115.512  
-58.0295  115.446  
-58.0001  115.398  
-57.9666  115.33  
-57.9299  115.298  
-57.8886  115.202  
-57.8556  115.147  
-57.7894  115.013  
-57.755  114.944  
-57.7098  114.844  
-57.6565  114.695  
-57.6186  114.632  
-57.5531  114.464  
-57.5189  114.396  
-57.4678  114.241  
-57.423  114.094  
-57.3887  114.028  
-57.3445  113.932  
-57.283  113.803  
-57.2389  113.684  
-57.2044  113.618  
-57.135  113.457  
-57.1017  113.396  
-57.0411  113.279  
-56.9712  113.14  
-56.924  113.063  
-56.8687  112.971  
-56.7709  112.781  
-56.7369  112.717  
-56.6475  112.548  
-56.5973  112.457  
-56.5442  112.364  
-56.4692  112.265  
-56.4357  112.201  
-56.3743  112.133  
-56.3409  112.069  
-56.3064  112.047  
-56.2726  111.982  
-56.2328  111.919  
-56.2043  111.885  
-56.1743  111.838  
-56.1503  111.811  
-56.1159  111.743  
-56.0907  111.709  
-56.056  111.641  
-56.0188  111.565  
-55.984  111.497  
-55.9326  111.374  
-55.8881  111.278  
-55.8415  111.208  
-55.768  111.042  
-55.7239  110.946  
-55.6415  110.816  
-55.5987  110.724  
-55.4979  110.566  
-55.4641  110.501  
-55.3715  110.341  
-55.3396  110.279  
-55.2907  110.189  
-55.2076  110.067  
-55.1742  110.001  
-55.1091  109.905  
-55.0777  109.843  
-55.0265  109.809  
-54.9855  109.718  
-54.9427  109.662  
-54.8947  109.617  
-54.8588  109.541  
-54.7921  109.478  
-54.759  109.411  
-54.7089  109.338  
-54.626  109.18  
-54.5894  109.138  
-54.4951  108.966  
-54.4435  108.863  
-54.3301  108.668  
-54.2865  108.59  
-54.2236  108.456  
-54.1121  108.287  
-54.0759  108.233  
-53.9451  108.006  
-53.9093  107.954  
-53.7998  107.758  
-53.7546  107.678  
-53.6366  107.519  
-53.5958  107.446  
-53.5333  107.335  
-53.4155  107.15  
-53.3253  106.982  
-53.2852  106.91  
-53.2132  106.79  
-53.0954  106.6  
-53.0558  106.529  
-52.9737  106.406  
-52.8432  106.193  
-52.798  106.104  
-52.7284  105.973  
-52.6277  105.835  
-52.5607  105.738  
-52.5219  105.649  
-52.4629  105.56  
-52.3761  105.456  
-52.3328  105.378  
-52.2768  105.278  
-52.233  105.2  
-52.1635  105.087  
-52.1336  105.026  
-52.0718  104.953  
-52.0331  104.883  
-51.9873  104.847  
-51.9527  104.777  
-51.9212  104.741  
-51.9022  104.755  
-51.8607  104.677  
-51.8292  104.668  
-51.801  104.621  
-51.7714  104.562  
-51.7355  104.514  
-51.7107  104.485  
-51.6658  104.397  
-51.6249  104.303  
-51.5821  104.242  
-51.5429  104.164  
-51.4641  104.002  
-51.4252  103.926  
-51.3621  103.795  
-51.2533  103.563  
-51.2126  103.487  
-51.0865  103.228  
-51.0448  103.153  
-50.9748  103.02  
-50.8435  102.724  
-50.8041  102.635  
-50.6587  102.384  
-50.6003  102.267  
-50.4604  102.018  
-50.4172  101.942  
-50.3333  101.766  
-50.1923  101.579  
-50.1369  101.465  
-50.0127  101.285  
-49.9846  101.227  
-49.9127  101.138  
-49.8411  101.058  
-49.7946  101.001  
-49.7458  100.973  
-49.7124  100.909  
-49.6808  100.937  
-49.6424  100.866  
-49.6222  100.871  
-49.5779  100.863  
-49.5488  100.864  
-49.5053  100.783  
-49.4416  100.743  
-49.4123  100.678  
-49.3525  100.578  
-49.2519  100.426  
-49.2119  100.343  
-49.126  100.208  
-49.083  100.127  
-48.9891  99.931  
-48.9203  99.8089  
-48.8759  99.6794  
-48.7894  99.5028  
-48.7361  99.3673  
-48.678  99.2534  
-48.5867  99.0365  
-48.5377  98.9479  
-48.4791  98.8205  
-48.3524  98.5716  
-48.3149  98.485  
-48.1942  98.2576  
-48.148  98.1775  
-48.0276  97.9471  
-47.9951  97.8995  
-47.8893  97.6949  
-47.8433  97.6189  
-47.7611  97.4952  
-47.703  97.4288  
-47.666  97.3436  
-47.6232  97.2808  
-47.571  97.2166  
-47.5317  97.1598  
-47.4911  97.1087  
-47.4571  97.063  
-47.3926  96.978  
-47.3486  96.9266  
-47.306  96.8487  
-47.2678  96.7809  
-47.1952  96.6809  
-47.1572  96.5923  
-47.0834  96.4737  
-47.023  96.3764  
-46.9836  96.3027  
-46.9227  96.1648  
-46.8423  96.0025  
-46.7997  95.9247  
-46.7328  95.8085  
-46.6525  95.6362  
-46.5899  95.5124  
-46.5558  95.4314  
-46.4808  95.2869  
-46.4558  95.2338  
-46.4062  95.1063  
-46.3618  95.0167  
-46.3221  94.9463  
-46.298  94.8914  
-46.2748  94.8145  
-46.234  94.7428  
-46.2049  94.6572  
-46.1652  94.5754  
-46.1116  94.4857  
-46.0821  94.4136  
-46.0212  94.2907  
-45.946  94.1525  
-45.9035  94.0793  
-45.8553  93.9722  
-45.7451  93.777  
-45.7044  93.7067  
-45.5764  93.4851  
-45.5386  93.3988  
-45.4107  93.1672  
-45.3734  93.0818  
-45.2404  92.8518  
-45.2035  92.7675  
-45.1288  92.6417  
-44.9467  92.3194  
-44.9008  92.2293  
-44.7294  91.9479  
-44.6892  91.8766  
-44.6181  91.7594  
-44.4428  91.5017  
-44.4034  91.431  
-44.2336  91.2359  
-44.1727  91.1344  
-44.0944  91.0373  
-43.9606  90.9163  
-43.907  90.8534  
-43.8347  90.7762  
-43.7267  90.6627  
-43.6971  90.6171  
-43.5853  90.5158  
-43.5618  90.4606  
-43.4577  90.3506  
-43.414  90.2811  
-43.3532  90.2225  
-43.265  90.1176  
-43.2286  90.0809  
-43.1338  89.9953  
-43.1003  89.9255  
-42.995  89.8148  
-42.9664  89.7346  
-42.8894  89.6181  
-42.7747  89.494  
-42.7341  89.4135  
-42.6291  89.2472  
-42.5917  89.1721  
-42.4672  88.9918  
-42.43  88.917  
-42.2899  88.7096  
-42.2436  88.6401  
-42.0853  88.4277  
-42.0498  88.3673  
-41.8649  88.0258  
-41.8244  87.9489  
-41.6137  87.5679  
-41.5776  87.4964  
-41.3796  87.0851  
-41.3357  86.9886  
-41.2409  86.7945  
-41.0534  86.2654  
-41.019  86.2003  
-40.8342  85.8362  
-40.7948  85.73  
-40.6224  85.3629  
-40.5883  85.3003  
-40.3897  84.923  
-40.3557  84.861  
-40.258  84.6905  
-40.0763  84.4573  
-40.0334  84.3677  
-39.8807  84.2006  
-39.8471  84.138  
-39.6791  83.8911  
-39.6364  83.8005  
-39.4779  83.6264  
-39.4444  83.5628  
-39.3039  83.3911  
-39.2618  83.2874  
-39.192  83.1642  
-39.0786  82.9348  
-39.0304  82.8408  
-38.8968  82.5986  
-38.8626  82.534  
-38.7417  82.2949  
-38.6977  82.1911  
-38.6414  82.0873  
-38.5117  81.8242  
-38.4924  81.7626  
-38.3312  81.432  
-38.2963  81.3679  
-38.1059  80.976  
-38.0762  80.9029  
-37.98  80.7191  
-37.7526  80.2309  
-37.7094  80.1428  
-37.4068  79.5374  
-37.3644  79.4516  
-37.0948  78.9449  
-37.0184  78.7889  
-36.7109  78.2372  
-36.6495  78.1097  
-36.519  77.851  
-36.1562  77.0939  
-36.1037  76.9838  
-35.7297  76.3004  
-35.6596  76.1532  
-35.4928  75.791  
-35.0983  75.0195  
-35.0357  74.8866  
-34.6221  74.1253  
-34.546  73.888  
-34.1244  73.146  
-34.0675  73.0368  
-33.597  72.1947  
-33.5465  72.0783  
-33.3552  71.7232  
-32.8657  70.714  
-32.8116  70.6115  
-32.3638  69.7112  
-32.3114  69.5958  
-31.8225  68.5755  
-31.7709  68.4632  
-31.2792  67.4004  
-31.2195  67.2643  
-30.7206  66.1863  
-30.6392  66.0106  
-30.4442  65.6713  
-29.9756  64.7206  
-29.8906  64.5586  
-29.3626  63.3868  
-29.3146  63.2872  
-28.8584  62.3405  
-28.8019  62.2149  
-28.2848  61.0752  
-28.2286  60.9518  
-28.0428  60.5746  
-27.5546  59.4154  
-27.4943  59.2886  
-27.0075  58.1936  
-26.9412  58.0138  
-26.3927  56.7449  
-26.3345  56.5926  
-25.8693  55.5442  
-25.787  55.3623  
-25.5915  54.9407  
-25.0991  53.6802  
-25.0402  53.5629  
-24.6042  52.5179  
-24.555  52.3979  
-24.1111  51.2964  
-24.0617  51.1773  
-23.6454  50.2418  
-23.5633  50.009  
-23.0575  48.6933  
-23.0088  48.5602  
-22.5821  47.5907  
-22.5374  47.4662  
-22.0999  46.3408  
-22.0483  46.2024  
-21.6369  45.1846  
-21.585  45.0633  
-21.1687  43.925  
-21.1239  43.8006  
-20.7364  42.8765  
-20.7056  42.7756  
-20.266  41.6882  
-20.2288  41.5442  
-19.8278  40.5649  
-19.7703  40.447  
-19.3604  39.4355  
-19.3098  39.3203  
-18.9189  38.4222  
-18.8313  38.212  
-18.6487  37.7787  
-18.2624  36.8824  
-18.1953  36.7391  
-17.7975  35.8209  
-17.7528  35.6922  
-17.401  34.9049  
-17.3429  34.7587  
-16.9183  33.7322  
-16.8472  33.5612  
-16.6859  33.1872  
-16.2924  32.3261  
-16.2476  32.2115  
-16.0771  31.8017  
-15.6981  30.9524  
-15.6241  30.8235  
-15.4734  30.4846  
-15.1123  29.6293  
-15.0399  29.4857  
-14.7223  28.8512  
-14.6795  28.7567  
-14.5251  28.3999  
-14.1865  27.6247  
-14.1503  27.5286  
-13.8353  26.8702  
-13.791  26.7822  
-13.4721  26.1039  
-13.4364  26.0045  
-13.087  25.2699  
-13.0509  25.1874  
-12.7101  24.4233  
-12.6462  24.3093  
-12.5093  24.0313  
-12.1643  23.2919  
-12.1102  23.1412  
-11.7682  22.4466  
-11.7055  22.2975  
-11.565  21.9996  
-11.2062  21.1881  
-11.1611  21.0704  
-10.7864  20.3153  
-10.727  20.1655  
-10.5791  19.7869  
-10.2311  19.0181  
-10.1482  18.8853  
-9.81896  18.1556  
-9.75551  17.9809  
-9.59278  17.5926  
-9.26216  16.9088  
-9.05468  16.5159  
-8.99537  16.375  
-8.8276  16.015  
-8.45945  15.3406  
-8.39564  15.1739  
-8.02444  14.4102  
-7.96424  14.2793  
-7.80904  13.9802  
-7.50158  13.4708  
-7.43851  13.3275  
-7.03223  12.4974  
-6.99266  12.4048  
-6.64188  11.8131  
-6.60311  11.7191  
-6.23079  11.0749  
-6.16376  10.9319  
-6.01656  10.6046  
-5.6403  10.0029  
-5.60396  9.90755  
-5.26435  9.30197  
-5.21812  9.23688  
-4.94827  8.85944  
-4.89049  8.78234  
-4.69657  8.57707  
-4.66767  8.49898  
-4.53816  8.3624  
-4.51534  8.35898  
-4.46571  8.32401  
-4.46842  8.59075  
-4.44179  8.5251  
-4.47444  8.74763  
-4.45108  8.68265  
-4.50332  8.82118  
-4.4723  8.74217  
-4.43258  8.61229  
-4.4711  8.7283  
-4.44851  8.64513  
-4.5276  8.7612  
-4.50439  8.70835  
-4.54557  8.76974  
-4.5523  8.78913  
-4.64669  8.95219  
-4.6256  8.88395  
-4.6988  9.11793  
-4.68709  9.07849  
-4.7767  9.34539  
-4.82144  9.42654  
-4.93594  9.70633  
-4.92807  9.66558  
-5.03783  9.86193  
-5.03098  9.80083  
-5.05798  9.82443  
-5.15572  10.052  
-5.13956  10.017  
-5.24356  10.1722  
-5.23178  10.1264  
-5.3133  10.3135  
-5.30076  10.2666  
-5.36683  10.4213  
-5.35813  10.3815  
-5.41098  10.5285  
-5.40816  10.5055  
-5.45399  10.6186  
-5.45076  10.5927  
-5.4718  10.6316  
-5.46248  10.6079  
-5.46972  10.6038  
-5.4466  10.5516  
-5.43995  10.5095  
-5.43038  10.511  
-5.4153  10.4662  
-5.39095  10.422  
-5.37186  10.3552  
-5.34261  10.3031  
-5.31697  10.2433  
-5.29577  10.2153  
-5.26764  10.1789  
-5.24533  10.1614  
-5.2184  10.0872  
-5.18796  10.0987  
-5.17295  10.0278  
-5.13807  9.99015  
-5.10475  9.98135  
-5.0863  9.91423  
-5.0382  9.91056  
-5.0269  9.86845  
-4.97196  9.80688  
-4.95091  9.76689  
-4.87614  9.68142  
-4.85152  9.6116  
-4.81457  9.54857  
-4.72077  9.41569  
-4.70575  9.38587  
-4.63579  9.29125  
-4.61372  9.22523  
-4.53169  9.14161  
-4.51642  9.07907  
-4.47457  9.01802  
-4.42132  8.99115  
-4.39637  8.93027  
-4.35204  8.89559  
-4.32657  8.84102  
-4.30272  8.81789  
-4.25481  8.80837  
-4.2332  8.74667  
-4.19542  8.75916  
-4.17122  8.76616  
-4.15694  8.70299  
-4.12026  8.7088  
-4.10315  8.65791  
-4.07696  8.60937  
-4.0401  8.62093  
-4.01586  8.55883  
-3.9944  8.54001  
-3.97452  8.48587  
-3.9433  8.42248  
-3.91122  8.36493  
-3.88891  8.29682  
-3.86608  8.23023  
-3.84981  8.15422  
-3.82157  8.08905  
-3.80552  7.99573  
-3.78074  7.92682  
-3.75623  7.82483  
-3.73574  7.76321  
-3.71136  7.66761  
-3.68149  7.59602  
-3.65679  7.53725  
-3.6167  7.44633  
-3.59659  7.38111  
-3.56292  7.30376  
-3.54221  7.24486  
-3.49368  7.14641  
-3.46881  7.08876  
-3.41606  6.98436  
-3.39296  6.93381  
-3.35746  6.83201  
-3.29541  6.72537  
-3.27662  6.65947  
-3.20587  6.55071  
-3.18732  6.48518  
-3.10418  6.33929  
-3.07926  6.28347  
-3.03527  6.1965  
-2.96154  6.08062  
-2.93079  6.00198  
-2.8501  5.86881  
-2.83267  5.80489  
-2.75276  5.64319  
-2.72986  5.58913  
-2.67285  5.496  
-2.6468  5.42803  
-2.5913  5.33075  
-2.57089  5.25369  
-2.53004  5.16718  
-2.47219  5.05615  
-2.45507  4.9932  
-2.38394  4.85602  
-2.36691  4.79344  
-2.30309  4.69545  
-2.28267  4.61939  
-2.22826  4.50547  
-2.14178  4.32525  
-2.10737  4.25722  
-2.07015  4.16974  
-2.00381  4.07036  
-1.98945  4.00802  
-1.9299  3.9204  
-1.90491  3.85094  
-1.87213  3.77486  
-1.82218  3.70251  
-1.79776  3.61932  
-1.76814  3.61193  
-1.75715  3.56841  
-1.74281  3.54046  
-1.72386  3.53097  
-1.70917  3.4815  
-1.69799  3.47724  
-1.69837  3.45139  
-1.67398  3.41266  
-1.67329  3.44176  
-1.66797  3.40188  
-1.64971  3.36805  
-1.64017  3.3148  
-1.62149  3.26187  
-1.60421  3.21216  
-1.58276  3.15133  
-1.56583  3.10836  
-1.53768  3.04195  
-1.50713  2.95028  
-1.49  2.90804  
-1.45254  2.83194  
-1.42999  2.77417  
-1.40526  2.72256  
-1.36548  2.69866  
-1.34291  2.65655  
-1.30483  2.61923  
-1.27664  2.5788  
-1.23847  2.50993  
-1.18481  2.48879  
-1.16783  2.43921  
-1.0955  2.38662  
-1.0674  2.30396  
-1.00907  2.27963  
-0.987439  2.22103  
-0.936737  2.19027  
-0.902717  2.13387  
-0.877992  2.14954  
-0.859235  2.10929  
-0.822919  2.05738  
-0.782883  2.03344  
-0.768107  1.99968  
-0.743277  1.9902  
-0.721654  1.93047  
-0.682527  1.91993  
-0.663389  1.88072  
-0.596041  1.78178  
-0.581271  1.74802  
-0.535615  1.72911  
-0.520271  1.67358  
-0.509588  1.7191  
-0.491741  1.65757  
-0.472546  1.724  
-0.447948  1.66154  
-0.42082  1.61028  
-0.373859  1.5553  
-0.359012  1.50623  
-0.312448  1.49009  
-0.301305  1.44759  
-0.255185  1.40581  
-0.220841  1.3332  
-0.16463  1.24955  
-0.145332  1.20989  
-0.12756  1.16514  
-0.109844  1.17522  
-0.089895  1.13479  
-0.0677805  1.15564  
-0.0475464  1.11453  
-0.0324611  1.10913  
-0.0333683  1.17154  
-0.0121668  1.12837  
0.00958444  1.11497  
0.017819  1.104  
0.0478039  1.1155  
0.0640326  1.06146  
0.0931215  0.995642  
0.12279  0.939912  
0.138537  0.896378  
0.136085  0.9274  
0.146871  0.882293  
0.145585  0.950897  
0.162449  0.932219  
0.163421  0.953974  
0.146954  1.03806  
0.164296  1.00055  
0.14779  1.14269  
0.166848  1.09967  
0.192509  1.09574  
0.215608  1.09456  
0.236698  1.07424  
0.252241  1.11904  
0.27546  1.05784  
0.295518  1.02404  
0.352342  0.940017  
0.370696  0.866434  
0.386077  0.848292  
0.400039  0.798124  
0.41138  0.754776  
0.401646  0.815224  
0.426423  0.751802  
0.42059  0.772505  
0.438232  0.697848  
0.441535  0.697957  
0.411456  0.79343  
0.407973  0.778784  
0.390355  0.836012  
0.401571  0.777611  
0.406441  0.78795  
0.419952  0.727266  
0.434047  0.68041  
0.428998  0.658404  
0.442966  0.601483  
0.453467  0.537286  
0.46788  0.491567  
0.483384  0.406974  
0.501828  0.363084  
0.502348  0.342942  
0.521933  0.316472  
0.534236  0.283572  
0.516856  0.346312  
0.529854  0.31211  
0.52301  0.303416  
0.520628  0.312952  
0.523198  0.28804  
0.512809  0.309126  
0.526424  0.283087  
0.53333  0.265477  
0.527448  0.258377  
0.530041  0.216123  
0.502368  0.256121  
0.500809  0.236093  
0.514464  0.200104  
0.48942  0.25498  
0.490762  0.215569  
0.475889  0.219695  
0.486538  0.178221  
0.483706  0.16944  
0.431381  0.272157  
0.447017  0.225872  
0.444625  0.206735  
0.436938  0.27768  
0.438792  0.262225  
0.438647  0.307879  
0.455737  0.265464  
0.455463  0.339269  
0.460438  0.347028  
0.466416  0.404731  
0.470751  0.378746  
0.476651  0.444408  
0.492364  0.405989  
0.515064  0.391413  
0.533067  0.350898  
0.561019  0.27056  
0.591865  0.255444  
0.616733  0.199276  
0.650435  0.0801166  
0.666581  0.0286847  
0.688118  -0.0128414  
0.711539  -0.0462205  
0.733303  -0.0967255  
0.759832  -0.138663  
0.780266  -0.195875  
0.771621  -0.125238  
0.780065  -0.14702  
0.787629  -0.160966  
0.794318  -0.0353046  
0.796495  -0.0169641  
0.798783  0.129141  
0.813924  0.0873659  
0.839245  0.197446  
0.854133  0.155002  
0.87233  0.264597  
0.893932  0.210498  
0.914534  0.275905  
0.931885  0.247516  
0.916265  0.314142  
0.930739  0.270953  
0.934153  0.261417  
0.945676  0.183003  
0.901151  0.214217  
0.910211  0.16192  
0.868048  0.198189  
0.860798  0.141769  
0.795308  0.165212  
0.800845  0.0964023  
0.780296  0.0419845  
0.696989  0.0769411  
0.704447  0.0251203  
0.603564  0.0821227  
0.609344  0.0594455  
0.494332  0.147536  
0.508158  0.113431  
0.423747  0.212216  
0.431121  0.189004  
0.431245  0.189061  
0.340638  0.382354  
0.354834  0.34329  
0.32778  0.417266  
0.34196  0.37797  
0.358708  0.316225  
0.367502  0.346866  
0.395068  0.281188  
0.407839  0.263502  
0.428402  0.202159  
0.410586  0.235276  
0.424179  0.184938  
0.406463  0.220173  
0.42906  0.136445  
0.396697  0.222577  
0.406396  0.21218  
0.374528  0.277912  
0.388525  0.244505  
0.378838  0.271435  
0.388346  0.249125  
0.418817  0.206356  
0.432596  0.16094  
0.476675  0.11461  
0.489263  0.0655389  
0.513293  0.050779  
0.532932  -0.0160665  
0.546107  -0.0523808  
0.558828  -0.0906275  
0.566144  -0.0539375  
0.581057  -0.097394  
0.545784  0.014263  
0.566917  -0.0425055  
0.560667  -0.0145615  
0.542526  0.0082162  
0.546911  -0.0335602  
0.529597  0.0144057  
0.546498  -0.029599  
0.546545  -0.0367827  
0.515163  0.04272  
0.521424  -0.0136001  
0.495146  0.0408265  
0.507994  0.000897598  
0.498676  0.0257393  
0.47552  0.0659005  
0.481817  0.0476006  
0.479275  0.102948  
0.480269  0.0806764  
0.492701  0.0168388  
0.44864  0.0642775  
0.45485  0.048842  
0.462288  -0.00919814  
0.449325  -0.0246745  
0.462411  -0.0793114  
0.457241  -0.0625138  
0.428918  -0.0063402  
0.435571  -0.0325404  
0.398488  0.0743139  
0.398231  0.0755808  
0.397192  0.0547216  
0.376578  0.17711  
0.3896  0.159008  
0.388313  0.148785  
0.35356  0.2083  
0.362009  0.164583  
0.318065  0.243282  
0.32493  0.200931  
0.314189  0.185238  
0.322115  0.143739  
0.314173  0.182231  
0.329146  0.125085  
0.348874  0.0605885  
0.325855  0.100527  
0.339491  0.0844178  
0.343427  0.0575673  
0.364658  0.0791287  
0.388872  0.0331027  
0.375328  0.147676  
0.397926  0.122376  
0.365543  0.19324  
0.395023  0.127476  
0.386917  0.178355  
0.400494  0.14677  
0.385831  0.201861  
0.394564  0.193753  
0.412515  0.185584  
0.42438  0.168502  
0.430564  0.129205  
0.445218  0.251707  
0.45822  0.219897  
0.476498  0.293544  
0.490302  0.221321  
0.489822  0.225972  
0.486732  0.340657  
0.515635  0.283596  
0.500573  0.368947  
0.509115  0.349998  
0.514525  0.363747  
0.528854  0.339314  
0.522162  0.320709  
0.514862  0.375159  
0.528702  0.361607  
0.536194  0.353427  
0.523985  0.362335  
0.536369  0.330759  
0.540142  0.350941  
0.554069  0.285751  
0.535195  0.357055  
0.532984  0.371126  
0.552338  0.310403  
0.568137  0.286501  
0.576539  0.324744  
0.591983  0.287463  
0.577959  0.41778  
0.589016  0.36532  
0.540368  0.506783  
0.557199  0.488747  
0.577112  0.44121  
0.557266  0.515995  
0.555728  0.510025  
0.562359  0.459223  
0.560253  0.444164  
0.550321  0.425691  
0.569974  0.365116  
0.584511  0.253581  
0.595582  0.207414  
0.581891  0.219784  
0.586125  0.203628  
0.590933  0.198317  
0.564641  0.239533  
0.568214  0.205893  
0.533681  0.322492  
0.543989  0.290922  
0.52838  0.31412  
