1.70339  -5.60511  
1.70207  -5.59786  
1.50728  -4.97137  
1.48309  -4.89584  
1.29754  -4.26961  
1.30629  -4.28748  
1.34463  -4.38169  
1.18325  -3.84504  
1.16045  -3.76482  
1.12404  -3.5885  
1.12813  -3.59167  
0.528634  -1.28194  
0.513495  -1.24238  
0.873595  -2.23107  
1.03338  -2.65231  
1.04164  -2.90016  
1.00685  -2.81457  
0.906904  -2.62699  
1.19843  -3.62957  
1.0234  -3.42784  
0.962359  -3.28289  
0.704816  -2.75321  
0.666924  -2.85468  
0.690409  -2.90796  
0.535487  -2.68325  
0.515339  -2.62513  
0.460616  -2.49823  
0.535007  -2.70051  
0.687298  -3.15712  
0.676844  -3.12816  
0.584621  -2.87145  
0.576633  -2.8378  
0.699298  -3.16966  
0.692317  -3.20684  
0.666603  -3.14745  
0.567777  -2.82535  
0.590651  -2.87581  
0.70953  -3.1084  
0.710045  -3.09842  
0.525976  -2.41358  
0.527588  -2.40838  
0.707606  -2.70326  
0.715368  -2.72906  
0.522056  -2.06286  
0.499814  -1.9555  
0.515221  -1.93401  
0.755756  -2.55403  
0.717154  -2.43207  
0.537822  -1.95578  
0.524751  -1.92674  
0.748945  -2.56274  
0.758349  -2.60357  
0.639716  -2.38156  
0.617765  -2.31516  
0.750201  -2.74207  
0.770195  -2.79127  
0.675561  -2.61194  
0.652257  -2.54332  
0.645687  -2.51079  
0.666991  -2.56022  
0.751389  -2.79951  
0.582892  -2.31283  
0.555167  -2.21593  
0.745511  -2.65255  
0.751551  -2.67531  
0.681169  -2.46861  
0.680257  -2.46103  
0.655487  -2.35777  
0.830523  -2.80937  
0.848628  -2.85563  
0.723035  -2.49558  
0.700068  -2.4278  
0.822435  -2.72542  
0.856581  -2.79343  
0.752281  -2.49504  
0.729122  -2.42785  
0.674011  -2.24061  
0.899378  -2.78552  
0.904139  -2.80763  
0.72332  -2.26805  
0.70071  -2.2046  
0.734593  -2.25452  
0.948018  -2.84735  
0.952553  -2.86953  
0.730669  -2.27566  
0.739287  -2.30011  
0.958616  -2.93066  
0.976398  -2.97756  
0.912942  -2.85701  
0.691505  -2.25352  
0.748048  -2.40811  
0.943558  -2.99085  
0.960299  -3.03379  
0.715808  -2.37651  
0.672251  -2.25112  
0.758265  -2.49161  
0.988875  -3.13937  
0.99326  -3.15853  
0.680853  -2.30165  
0.823775  -2.66451  
0.850981  -2.74731  
0.936886  -3.00235  
0.696025  -2.36077  
0.663932  -2.26592  
0.933668  -2.98984  
0.95489  -3.03307  
0.758031  -2.52588  
0.704079  -2.37066  
0.656371  -2.24746  
1.02098  -3.20714  
0.99667  -3.1566  
0.664943  -2.26982  
0.643508  -2.20573  
0.959538  -2.99758  
0.999315  -3.10455  
0.764348  -2.50373  
0.728344  -2.41094  
0.81353  -2.57882  
0.900558  -2.79863  
0.910539  -2.87574  
0.862201  -2.72183  
0.716952  -2.32646  
1.00643  -3.05233  
1.05711  -3.17921  
0.814054  -2.5559  
0.7912  -2.48853  
0.946809  -2.82455  
0.965026  -2.87206  
0.919804  -2.75504  
0.896154  -2.68612  
0.792185  -2.38735  
1.00568  -2.91493  
1.05631  -3.04341  
0.848269  -2.50376  
0.817454  -2.40494  
0.74804  -2.20325  
1.10611  -3.16176  
1.13213  -3.23451  
1.02647  -2.95  
0.801214  -2.31706  
0.861785  -2.46975  
1.11532  -3.16201  
1.07846  -3.07129  
0.823436  -2.36362  
0.839161  -2.40617  
1.13111  -3.15142  
1.14814  -3.19641  
0.859004  -2.41807  
0.835897  -2.35083  
1.12791  -3.08346  
1.15869  -3.15555  
1.20709  -3.28746  
0.833254  -2.2497  
0.823791  -2.20944  
1.21547  -3.21976  
1.23964  -3.2992  
0.919216  -2.44185  
0.860678  -2.29026  
1.18277  -3.0637  
1.1995  -3.10878  
1.11249  -2.90297  
1.02063  -2.66262  
1.09611  -2.7933  
1.11354  -2.83984  
1.28337  -3.28034  
0.946895  -2.4291  
0.905075  -2.30059  
1.24866  -3.18052  
1.27836  -3.25001  
1.39795  -3.56501  
0.862081  -2.19004  
0.876718  -2.19666  
1.30884  -3.3337  
1.34239  -3.43696  
1.28974  -3.34449  
0.905779  -2.2789  
0.922692  -2.30052  
1.45246  -3.71676  
1.37936  -3.53361  
1.20794  -3.12005  
0.965529  -2.40192  
0.96567  -2.38685  
1.50489  -3.85754  
1.3463  -3.47013  
0.898599  -2.26979  
0.875923  -2.20214  
1.41502  -3.65392  
1.49087  -3.86387  
1.52179  -3.97731  
0.851849  -2.17613  
0.832794  -2.10606  
1.46483  -3.88243  
1.52664  -4.06232  
1.27327  -3.45801  
0.892245  -2.35573  
0.912073  -2.40403  
1.65264  -4.43171  
1.42711  -3.90698  
0.786287  -2.16146  
0.751378  -2.06751  
1.44749  -3.97403  
1.56548  -4.29592  
1.39876  -3.93549  
0.716403  -2.02936  
0.662851  -1.87974  
1.58645  -4.4593  
1.61663  -4.55845  
1.28036  -3.76944  
0.434853  -1.40196  
0.437466  -1.39838  
1.80964  -5.14086  
1.53299  -4.46016  
0.670347  -2.14058  
0.588595  -1.88993  
1.40792  -4.14639  
1.57089  -4.57712  
1.76183  -5.11237  
0.425048  -1.47271  
0.349676  -1.26268  
1.34872  -4.00169  
1.43654  -4.24816  
0.546244  -1.93646  
0.416373  -1.58471  
1.13107  -3.40419  
1.32704  -3.92569  
1.76919  -5.21776  
0.362849  -1.47828  
0.275889  -1.24546  
1.27906  -3.90976  
1.37294  -4.18315  
0.658361  -2.47712  
0.562786  -2.20699  
0.812892  -2.71348  
0.874304  -2.87102  
1.0585  -3.6567  
1.02263  -3.55299  
0.138232  -1.20738  
0.689184  -2.57923  
1.18256  -4.102  
1.23371  -4.25637  
0.87895  -3.3895  
0.633221  -2.66595  
0.632331  -2.64569  
1.13817  -4.21931  
1.16143  -4.28961  
0.449948  -2.41949  
0.345868  -2.12106  
0.630347  -2.82616  
1.4456  -5.1546  
1.46832  -5.22591  
0.395126  -2.35898  
0.340938  -2.19883  
1.20666  -4.56254  
1.28619  -4.76661  
0.59777  -3.014  
0.501012  -2.73472  
0.919344  -3.74114  
1.05914  -4.10925  
0.996897  -4.06926  
0.947539  -3.93517  
0.40622  -2.40261  
0.917857  -3.67004  
1.28382  -4.64196  
1.03242  -4.05717  
0.813846  -3.48182  
1.04605  -3.89568  
1.09682  -4.01075  
1.14606  -4.27833  
1.11943  -4.19973  
0.816097  -3.24184  
0.811475  -3.22559  
1.55932  -5.20331  
1.40576  -4.84902  
1.12335  -4.1381  
0.916448  -3.47367  
0.955156  -3.56356  
1.28232  -4.42312  
1.24258  -4.42736  
1.064  -3.95407  
0.918805  -3.5243  
1.15823  -4.10052  
1.33277  -4.66416  
1.28057  -4.52254  
1.09615  -4.01154  
1.14813  -4.07181  
1.39179  -4.68334  
1.33392  -4.64997  
1.27126  -4.47952  
1.11653  -4.02382  
1.42469  -4.77606  
1.55808  -5.12633  
1.40212  -4.78444  
1.24905  -4.36783  
1.5015  -4.94724  
1.56614  -5.10432  
1.70762  -5.52256  
1.25326  -4.33888  
1.22611  -4.26049  
1.24763  -4.27516  
1.94482  -6.15703  
1.83528  -5.90027  
1.28524  -4.43734  
1.35755  -4.58995  
1.92225  -6.09476  
1.95322  -6.17065  
1.49498  -5.04101  
1.44855  -4.8956  
1.794  -5.77585  
1.83566  -5.89188  
1.69149  -5.61172  
1.65176  -5.49657  
1.73013  -5.66632  
1.7686  -5.76263  
2.01244  -6.47701  
1.57579  -5.43205  
1.53733  -5.31873  
1.90463  -6.31473  
1.93854  -6.39483  
1.8765  -6.3963  
1.7019  -5.95189  
1.72786  -6.00579  
1.75033  -6.0631  
1.86008  -6.5636  
1.84115  -6.50231  
1.61591  -5.89456  
1.61925  -5.89577  
1.81158  -6.44178  
1.77957  -6.51074  
1.74841  -6.41705  
1.63984  -6.1291  
1.83566  -6.70919  
1.88939  -6.87666  
1.77344  -6.65084  
1.74387  -6.56684  
1.64193  -6.3352  
1.65828  -6.35905  
1.82404  -6.96733  
1.81372  -6.93719  
1.53863  -6.23666  
1.63366  -6.47311  
1.87223  -7.27316  
1.88823  -7.29245  
1.51844  -6.378  
1.68001  -6.8369  
1.70378  -6.88918  
1.77829  -7.19003  
1.76152  -7.12637  
1.53542  -6.5511  
1.612  -6.76879  
1.72361  -7.06655  
1.68133  -7.07254  
1.60336  -6.87222  
1.48512  -6.55432  
1.83896  -7.53572  
1.86093  -7.58216  
1.62671  -7.07506  
1.61162  -7.01407  
1.74776  -7.42589  
1.76877  -7.48037  
1.67498  -7.38481  
1.47031  -6.85119  
1.50566  -6.93854  
1.6708  -7.39106  
1.76037  -7.82212  
1.72947  -7.72337  
1.55797  -7.23778  
1.73816  -7.74638  
1.74607  -7.77386  
1.6547  -7.57766  
1.62336  -7.49267  
1.52368  -7.2117  
1.54149  -7.23223  
1.80131  -7.98971  
1.70845  -7.72269  
1.47927  -7.06776  
1.53572  -7.19007  
1.79452  -7.93271  
1.79519  -7.93014  
1.53317  -7.18868  
1.50068  -7.0667  
1.59598  -7.30664  
1.81068  -7.96337  
1.81384  -7.95699  
1.52098  -7.1158  
1.51553  -7.08584  
1.86853  -8.11028  
1.88815  -8.1547  
1.74081  -7.76399  
1.46783  -6.9995  
1.60223  -7.32928  
1.87774  -8.18108  
1.87052  -8.14694  
1.47869  -7.04319  
1.45437  -6.95957  
1.93064  -8.34997  
1.94276  -8.37155  
1.49311  -7.19106  
1.47762  -7.11669  
1.89458  -8.263  
1.90183  -8.2875  
1.59409  -7.55833  
1.51746  -7.32628  
1.45339  -7.09707  
1.99305  -8.6762  
1.98616  -8.67411  
1.41966  -7.21031  
1.37658  -7.07015  
1.37816  -7.0606  
1.91523  -8.72125  
1.87721  -8.60566  
1.61033  -7.88409  
1.62384  -7.85694  
1.7628  -8.23203  
1.72282  -8.27072  
1.67598  -8.12164  
1.58136  -7.789  
1.63414  -7.90957  
1.84632  -8.53026  
1.5885  -7.89035  
1.53742  -7.73258  
1.52769  -7.63931  
1.96027  -8.9417  
1.81445  -8.62152  
1.79725  -8.55454  
1.61521  -8.02687  
1.85629  -8.74002  
1.97557  -9.05755  
1.72534  -8.48036  
1.70622  -8.41925  
1.85814  -8.85982  
1.89875  -8.94727  
1.9653  -9.1544  
1.62702  -8.2899  
1.63235  -8.27673  
1.89161  -9.03543  
1.89963  -9.05183  
1.66025  -8.46863  
1.63127  -8.37721  
1.74343  -8.70016  
1.75265  -8.71906  
1.63234  -8.49553  
1.61545  -8.42459  
1.56404  -8.26027  
1.73454  -8.78298  
1.73717  -8.76957  
1.57304  -8.37594  
1.54458  -8.2843  
1.68376  -8.62411  
1.69313  -8.64252  
1.72001  -8.71422  
1.56617  -8.28857  
1.58494  -8.32538  
1.62096  -8.39507  
1.66596  -8.5009  
1.53401  -8.11757  
1.51819  -8.05204  
1.66222  -8.47196  
1.67391  -8.48624  
1.62373  -8.37185  
1.58386  -8.24175  
1.67306  -8.53072  
1.67783  -8.51285  
1.71143  -8.61575  
1.63497  -8.49992  
1.62714  -8.45715  
1.78368  -8.94807  
1.79117  -8.96228  
1.7242  -8.87017  
1.72287  -8.84697  
1.76126  -8.97178  
1.87203  -9.35347  
1.86196  -9.29945  
1.82762  -9.26607  
1.82469  -9.24869  
1.96182  -9.72251  
1.96054  -9.72309  
1.92243  -9.73055  
1.92235  -9.73284  
1.97528  -9.8938  
2.04455  -10.2157  
2.03111  -10.1659  
2.0398  -10.3148  
2.02659  -10.2648  
2.1103  -10.6102  
2.11591  -10.6145  
2.09511  -10.6514  
2.0947  -10.625  
2.17164  -10.9943  
2.17317  -10.961  
2.18989  -11.1679  
2.17256  -11.1358  
2.24138  -11.5761  
2.2568  -11.6274  
2.27064  -11.9646  
2.26039  -11.9196  
2.33436  -12.3831  
2.32306  -12.3728  
2.33978  -12.6773  
2.33247  -12.6466  
2.31536  -12.6958  
2.38773  -13.1503  
2.38036  -13.1175  
2.36667  -13.3427  
2.36856  -13.3358  
2.38121  -13.6353  
2.38067  -13.6327  
2.36493  -13.8541  
2.3549  -13.8711  
2.37912  -14.1843  
2.39304  -14.2579  
2.40164  -14.3659  
2.4244  -14.7273  
2.41857  -14.6913  
2.4511  -15.0141  
2.45117  -15.0079  
2.47672  -15.2835  
2.48974  -15.3083  
2.51927  -15.6277  
2.51911  -15.6199  
2.56532  -15.9826  
2.53587  -15.9113  
2.54807  -16.1433  
2.54308  -16.1137  
2.54949  -16.3041  
2.53828  -16.2798  
2.53035  -16.314  
2.53898  -16.5777  
2.53267  -16.5434  
2.5498  -16.7349  
2.53226  -16.6729  
2.54507  -16.8391  
2.53186  -16.7807  
2.53415  -16.8793  
2.54285  -16.9761  
2.54836  -16.9744  
2.56071  -17.0248  
2.56777  -17.1146  
2.56684  -17.0895  
2.5621  -17.1368  
2.54668  -17.0934  
2.54932  -17.1343  
2.55039  -17.1793  
2.54547  -17.1474  
2.52724  -17.1701  
2.51354  -17.1479  
2.50344  -17.0885  
2.5288  -17.1859  
2.51464  -17.1236  
2.51199  -17.1489  
2.51057  -17.1149  
2.50111  -17.0629  
2.50591  -17.1021  
2.50018  -17.0694  
2.51198  -17.1062  
2.50269  -17.0652  
2.49112  -17.059  
2.4719  -17.0367  
2.46346  -17.007  
2.45301  -16.9523  
2.4375  -16.9284  
2.42843  -16.9578  
2.40231  -16.8786  
2.39099  -16.8152  
2.35143  -16.7594  
2.34142  -16.7075  
2.3129  -16.6229  
2.30831  -16.6018  
2.29008  -16.5487  
2.27883  -16.5017  
2.27038  -16.4576  
2.25064  -16.3912  
2.23816  -16.3438  
2.21059  -16.3095  
2.20333  -16.2577  
2.17708  -16.2213  
2.16729  -16.1756  
2.13525  -16.1207  
2.1256  -16.0758  
2.09337  -16.0414  
2.09087  -16.0129  
2.06463  -15.9543  
2.01645  -15.8533  
2.01725  -15.8355  
1.99032  -15.7598  
1.95967  -15.7039  
1.93803  -15.632  
1.92132  -15.5812  
1.89516  -15.5335  
1.88596  -15.4923  
1.85697  -15.4664  
1.86348  -15.4603  
1.84332  -15.4515  
1.84536  -15.432  
1.8247  -15.4151  
1.81517  -15.3745  
1.79956  -15.3487  
1.80198  -15.421  
1.78977  -15.3816  
1.77714  -15.4081  
1.76471  -15.3715  
1.75898  -15.3686  
1.74869  -15.4672  
1.7375  -15.4222  
1.71955  -15.4887  
1.70715  -15.4449  
1.68477  -15.5204  
1.67464  -15.4747  
1.6354  -15.512  
1.62544  -15.4657  
1.6065  -15.5558  
1.59654  -15.5087  
1.56131  -15.5366  
1.55153  -15.4894  
1.53869  -15.5443  
1.53539  -15.5327  
1.52788  -15.634  
1.51866  -15.5894  
1.5045  -15.604  
1.4991  -15.7431  
1.49416  -15.7222  
1.50378  -15.9065  
1.49597  -15.8896  
1.49434  -16.0393  
1.48895  -16.0151  
1.4705  -16.1327  
1.46511  -16.1073  
1.45543  -16.117  
1.44171  -16.248  
1.42856  -16.1974  
1.38631  -16.2311  
1.37899  -16.1977  
1.37566  -16.2311  
1.37939  -16.4376  
1.35681  -16.3562  
1.36742  -16.5494  
1.3576  -16.5179  
1.35599  -16.5425  
1.34157  -16.6637  
1.33051  -16.644  
1.34908  -16.8245  
1.34392  -16.8176  
1.34196  -16.9734  
1.33586  -16.9386  
1.323  -16.9538  
1.31192  -17.1011  
1.30577  -17.0651  
1.27792  -17.1705  
1.27473  -17.153  
1.25377  -17.2866  
1.24585  -17.2395  
1.22674  -17.2335  
1.22772  -17.3738  
1.22166  -17.3354  
1.22818  -17.5176  
1.23897  -17.6217  
1.22101  -17.583  
1.23097  -17.6371  
1.25895  -17.817  
1.24971  -17.7809  
1.27703  -17.9636  
1.27002  -17.9204  
1.27564  -18.0593  
1.26774  -18.0139  
1.27337  -18.1452  
1.26786  -18.1175  
1.2507  -18.1114  
1.27204  -18.2803  
1.2662  -18.2516  
1.24835  -18.2541  
1.25458  -18.3993  
1.24146  -18.3595  
1.2558  -18.5478  
1.24784  -18.4998  
1.22707  -18.5056  
1.22121  -18.65  
1.21399  -18.6025  
1.23059  -18.788  
1.22214  -18.7428  
1.24409  -18.9236  
1.23782  -18.8896  
1.22745  -18.8943  
1.23942  -19.0973  
1.23006  -19.0395  
1.2487  -19.2486  
1.24087  -19.1979  
1.24892  -19.4036  
1.24205  -19.3662  
1.24418  -19.4123  
1.25839  -19.6  
1.25467  -19.5752  
1.26585  -19.6893  
1.26193  -19.6638  
1.3026  -19.8608  
1.29393  -19.807  
1.29191  -19.8454  
1.3281  -20.0723  
1.33924  -20.0535  
1.37431  -20.2477  
1.36456  -20.2046  
1.38034  -20.2792  
1.40638  -20.4958  
1.40496  -20.4827  
1.43312  -20.7202  
1.46242  -20.9197  
1.45226  -20.8612  
1.44192  -20.8777  
1.44117  -20.9891  
1.4262  -21.0611  
1.41644  -21.003  
1.40306  -21.1133  
1.39773  -21.0825  
1.4148  -21.3095  
1.4053  -21.2514  
1.4056  -21.4667  
1.39628  -21.4085  
1.40651  -21.482  
1.40581  -21.7164  
1.39935  -21.6761  
1.40954  -21.8702  
1.40434  -21.837  
1.42586  -22.1037  
1.41648  -22.0425  
1.42086  -22.2747  
1.4116  -22.2131  
1.39393  -22.354  
1.38889  -22.3197  
1.3841  -22.5095  
1.36794  -22.4581  
1.36035  -22.673  
1.33817  -22.5796  
1.3224  -22.7837  
1.31501  -22.7599  
1.31427  -22.9303  
1.2995  -22.8784  
1.29103  -23.1578  
1.28025  -23.0852  
1.27597  -23.1423  
1.30868  -23.487  
1.30232  -23.4626  
1.30715  -23.6969  
1.30318  -23.6651  
1.28325  -23.6285  
1.2753  -23.8351  
1.27057  -23.8284  
1.25639  -24.0397  
1.24865  -24.0145  
1.24191  -24.0531  
1.23531  -24.2859  
1.21265  -24.1867  
1.20588  -24.3772  
1.19771  -24.35  
1.20467  -24.6239  
1.18607  -24.537  
1.1771  -24.5721  
1.18269  -24.7994  
1.17436  -24.7468  
1.17641  -24.8864  
1.16891  -24.8204  
1.17039  -25.0092  
1.16288  -24.9432  
1.15549  -25.1769  
1.14911  -25.143  
1.1352  -25.193  
1.13661  -25.4845  
1.12898  -25.4173  
1.09442  -25.5142  
1.09052  -25.4739  
1.07277  -25.6393  
1.07097  -25.6215  
1.05978  -25.7915  
1.04632  -25.8809  
1.0419  -25.8335  
1.04288  -25.8497  
1.05385  -25.9791  
1.0461  -25.9134  
1.04128  -26.083  
1.03187  -26.0179  
1.0327  -26.1848  
1.02219  -26.1256  
1.00856  -26.2869  
1.0005  -26.2273  
0.981517  -26.3509  
0.973675  -26.2855  
0.952825  -26.3916  
0.93707  -26.3216  
0.929394  -26.4305  
0.911927  -26.3904  
0.889457  -26.5053  
0.882102  -26.4406  
0.887598  -26.6414  
0.8805  -26.5757  
0.878124  -26.7463  
0.867983  -26.6883  
0.848975  -26.7902  
0.832701  -26.7154  
0.822017  -26.7283  
0.800389  -26.8719  
0.792659  -26.8242  
0.777012  -26.8642  
0.766933  -26.953  
0.740446  -26.8619  
0.723718  -26.9619  
0.706315  -26.8785  
0.683862  -26.9525  
0.673598  -26.8648  
0.66704  -26.9728  
0.659767  -26.9277  
0.666316  -26.9368  
0.668139  -27.0178  
0.658076  -26.9609  
0.671227  -27.0688  
0.662543  -27.0243  
0.666377  -27.1054  
0.658223  -27.0415  
0.652933  -27.1004  
0.641413  -27.0121  
0.623276  -27.0436  
0.611094  -26.9877  
0.614574  -26.9536  
0.597198  -27.0012  
0.588511  -26.9389  
0.585752  -26.9242  
0.57377  -26.838  
0.557391  -26.8555  
0.556685  -26.7913  
0.552466  -26.8332  
0.550923  -26.7676  
0.530649  -26.7525  
0.518405  -26.6676  
0.514128  -26.6245  
0.505135  -26.6468  
0.493401  -26.5797  
0.468339  -26.5509  
0.453861  -26.4738  
0.453702  -26.435  
0.434416  -26.3916  
0.425268  -26.3036  
0.405617  -26.2851  
0.38987  -26.1796  
0.379997  -26.16  
0.37888  -26.1168  
0.35701  -26.0377  
0.353731  -26.0507  
0.351655  -25.9877  
0.345013  -26.0237  
0.332431  -25.9412  
0.317425  -25.9463  
0.30452  -25.9077  
0.299789  -25.8594  
0.295931  -25.8333  
0.283911  -25.7985  
0.268263  -25.7235  
0.257835  -25.6923  
0.239069  -25.6048  
0.230555  -25.6131  
0.227999  -25.5511  
0.216931  -25.5381  
0.20795  -25.4803  
0.199595  -25.4335  
0.170323  -25.4202  
0.167388  -25.3583  
0.151558  -25.3947  
0.13799  -25.3127  
0.126446  -25.3525  
0.110444  -25.2773  
0.0929306  -25.3197  
0.0771746  -25.244  
0.0612281  -25.269  
0.0516554  -25.2163  
0.0524902  -25.1606  
0.0232045  -25.141  
0.0206141  -25.0778  
0.00885419  -25.0961  
0.00476037  -25.0268  
0.00732689  -25.0471  
-0.00623607  -24.9642  
-0.00725097  -24.9673  
-0.0241108  -24.8739  
-0.0240895  -24.9051  
-0.0412833  -24.8309  
-0.0274975  -24.8456  
-0.0528433  -24.761  
-0.042516  -24.7471  
-0.0532533  -24.8101  
-0.0637502  -24.7494  
-0.0711536  -24.8034  
-0.0750561  -24.7389  
-0.0917754  -24.7142  
-0.106751  -24.7287  
-0.109172  -24.6667  
-0.129973  -24.669  
-0.136934  -24.6364  
-0.157049  -24.5931  
-0.174792  -24.5613  
-0.184824  -24.4965  
-0.211231  -24.4751  
-0.219514  -24.3711  
-0.238891  -24.3057  
-0.250304  -24.3093  
-0.256261  -24.2521  
-0.270865  -24.2629  
-0.284154  -24.1712  
-0.307425  -24.1777  
-0.311036  -24.1129  
-0.3188  -24.1773  
-0.322496  -24.112  
-0.338642  -24.0838  
-0.342648  -24.16  
-0.35671  -24.0745  
-0.366192  -24.1292  
-0.380174  -24.0433  
-0.405549  -24.0665  
-0.408914  -23.9996  
-0.43489  -24.0027  
-0.452567  -23.9119  
-0.462871  -23.8527  
-0.499118  -23.8094  
-0.502262  -23.8078  
-0.518338  -23.7297  
-0.529697  -23.6776  
-0.543798  -23.6987  
-0.553103  -23.6359  
-0.561956  -23.6128  
-0.566884  -23.6746  
-0.576713  -23.6886  
-0.583751  -23.6162  
-0.594511  -23.5936  
-0.615673  -23.6727  
-0.61931  -23.609  
-0.636966  -23.5729  
-0.650876  -23.6037  
-0.66028  -23.5411  
-0.685026  -23.6059  
-0.687923  -23.5365  
-0.72107  -23.4596  
-0.742285  -23.4741  
-0.745249  -23.4048  
-0.769101  -23.4131  
-0.773914  -23.341  
-0.779759  -23.3245  
-0.802309  -23.3998  
-0.80795  -23.3508  
-0.81608  -23.4545  
-0.820821  -23.4055  
-0.819401  -23.4084  
-0.860789  -23.4574  
-0.87374  -23.3974  
-0.907957  -23.4643  
-0.917236  -23.4173  
-0.933303  -23.5461  
-0.943265  -23.4778  
-0.969518  -23.5675  
-0.984421  -23.4832  
-1.02671  -23.5039  
-1.04699  -23.4381  
-1.06527  -23.4292  
-1.10268  -23.5123  
-1.12536  -23.5089  
-1.13621  -23.4472  
-1.20468  -23.4292  
-1.21631  -23.3648  
-1.24799  -23.4585  
-1.25983  -23.3883  
-1.28432  -23.3475  
-1.30498  -23.4529  
-1.31666  -23.3823  
-1.32927  -23.3697  
-1.34544  -23.4609  
-1.35856  -23.3763  
-1.38016  -23.4671  
-1.38464  -23.4197  
-1.38602  -23.428  
-1.40302  -23.4756  
-1.41548  -23.4036  
-1.41814  -23.5013  
-1.42333  -23.45  
-1.4365  -23.4486  
-1.45265  -23.5188  
-1.46408  -23.4258  
-1.47987  -23.4825  
-1.48512  -23.4179  
-1.49864  -23.5068  
-1.50988  -23.4126  
-1.51129  -23.4453  
-1.52256  -23.3514  
-1.51999  -23.4184  
-1.51725  -23.3773  
-1.52356  -23.3018  
-1.5223  -23.2546  
-1.52273  -23.2737  
-1.53681  -23.1699  
-1.54386  -23.1724  
-1.54538  -23.1138  
-1.55529  -23.0923  
-1.56033  -23.1494  
-1.57482  -23.0797  
-1.5815  -23.0558  
-1.60295  -23.0828  
-1.61304  -23.0152  
-1.63775  -23.0374  
-1.64753  -22.9632  
-1.65136  -23.0047  
-1.66222  -22.9494  
-1.66512  -22.8935  
-1.6866  -22.9413  
-1.69064  -22.8645  
-1.69895  -22.9073  
-1.70909  -22.8377  
-1.69683  -22.8835  
-1.70722  -22.8138  
-1.68654  -22.8546  
-1.69326  -22.7738  
-1.70242  -22.6962  
-1.68917  -22.7275  
-1.7002  -22.6578  
-1.68279  -22.6941  
-1.68846  -22.6009  
-1.67638  -22.6286  
-1.68041  -22.5554  
-1.67964  -22.5719  
-1.68869  -22.5222  
-1.68821  -22.6255  
-1.68977  -22.5708  
-1.69194  -22.5451  
-1.68739  -22.6713  
-1.69153  -22.5967  
-1.68886  -22.7003  
-1.6907  -22.643  
-1.70038  -22.6127  
-1.70047  -22.6975  
-1.7143  -22.6036  
-1.70944  -22.7294  
-1.71915  -22.6675  
-1.73124  -22.6215  
-1.73185  -22.7155  
-1.74902  -22.6146  
-1.74879  -22.7186  
-1.75591  -22.6503  
-1.76442  -22.7787  
-1.77411  -22.7217  
-1.77645  -22.8873  
-1.78123  -22.8395  
-1.78848  -22.8409  
-1.79123  -23.0217  
-1.79829  -22.9511  
-1.80374  -23.1265  
-1.81075  -23.055  
-1.81172  -23.2229  
-1.82621  -23.1541  
-1.83278  -23.301  
-1.83941  -23.2284  
-1.84366  -23.3659  
-1.86206  -23.2823  
-1.8656  -23.43  
-1.87132  -23.3791  
-1.87713  -23.531  
-1.88346  -23.4572  
-1.88979  -23.59  
-1.90604  -23.4976  
-1.9005  -23.6511  
-1.90416  -23.6009  
-1.91102  -23.7157  
-1.90972  -23.6742  
-1.92133  -23.6481  
-1.9097  -23.807  
-1.92325  -23.7356  
-1.92256  -23.8621  
-1.92908  -23.8244  
-1.93445  -23.9534  
-1.93786  -23.9  
-1.95606  -23.9505  
-1.96631  -23.891  
-1.97248  -23.8885  
-1.97926  -24.0155  
-1.98664  -23.9476  
-1.99155  -24.0688  
-1.99695  -24.0218  
-2.01196  -24.0378  
-2.01609  -24.2157  
-2.02669  -24.1352  
-2.03712  -24.2893  
-2.04517  -24.2448  
-2.06077  -24.3817  
-2.07376  -24.3089  
-2.09156  -24.317  
-2.11101  -24.4048  
-2.12087  -24.3239  
-2.15427  -24.4029  
-2.17005  -24.3446  
-2.197  -24.4275  
-2.20597  -24.3471  
-2.23071  -24.44  
-2.24415  -24.3476  
-2.24608  -24.4198  
-2.24842  -24.3731  
-2.26787  -24.3557  
-2.2641  -24.4842  
-2.27824  -24.3988  
-2.27812  -24.4522  
-2.27245  -24.6109  
-2.28381  -24.5384  
-2.29553  -24.6966  
-2.29281  -24.6659  
-2.3085  -24.7631  
-2.31999  -24.69  
-2.32958  -24.6796  
-2.32976  -24.7781  
-2.34315  -24.6848  
-2.35131  -24.7424  
-2.35571  -24.6742  
-2.36648  -24.6655  
-2.3525  -24.8137  
-2.35526  -24.7655  
-2.38013  -24.8072  
-2.37614  -24.7536  
-2.3874  -24.7068  
-2.40012  -24.7761  
-2.41651  -24.6969  
-2.42149  -24.7556  
-2.43224  -24.655  
-2.43934  -24.7081  
-2.45069  -24.6371  
-2.4436  -24.692  
-2.45222  -24.6128  
-2.4339  -24.7675  
-2.43919  -24.7018  
-2.44607  -24.6687  
-2.43807  -24.7304  
-2.43952  -24.6487  
-2.42322  -24.7337  
-2.42758  -24.6606  
-2.42237  -24.6654  
-2.42492  -24.613  
-2.41591  -24.641  
-2.41783  -24.56  
-2.41793  -24.5829  
-2.41349  -24.5338  
-2.40993  -24.506  
-2.39398  -24.611  
-2.40245  -24.5472  
-2.37159  -24.6473  
-2.37476  -24.5659  
-2.36477  -24.5561  
-2.35475  -24.6028  
-2.36167  -24.5298  
-2.34289  -24.6051  
-2.35532  -24.507  
-2.33263  -24.5323  
-2.33868  -24.4606  
-2.32945  -24.4855  
-2.33253  -24.4056  
-2.32209  -24.4441  
-2.32779  -24.3734  
-2.32055  -24.3524  
-2.30734  -24.4013  
-2.30727  -24.3294  
-2.29295  -24.3995  
-2.2966  -24.3196  
-2.28921  -24.3279  
-2.29302  -24.2483  
-2.28014  -24.2567  
-2.28688  -24.1863  
-2.28524  -24.2188  
-2.2855  -24.14  
-2.28873  -24.1051  
-2.29195  -24.0708  
-2.29837  -24.0014  
-2.31052  -23.9593  
-2.31408  -23.8816  
-2.31979  -23.8637  
-2.33257  -23.7875  
-2.33512  -23.7325  
-2.35019  -23.7228  
-2.36142  -23.6057  
-2.37843  -23.5718  
-2.38169  -23.4954  
-2.39512  -23.4844  
-2.39647  -23.4063  
-2.42256  -23.3838  
-2.42836  -23.3007  
-2.46136  -23.2765  
-2.46044  -23.2124  
-2.47742  -23.1274  
-2.50931  -23.114  
-2.51143  -23.0389  
-2.53891  -23.0575  
-2.54575  -22.9769  
-2.56277  -22.9218  
-2.57755  -22.9646  
-2.58654  -22.8925  
-2.60138  -22.8491  
-2.61913  -22.8701  
-2.62941  -22.8785  
-2.6396  -22.7855  
-2.64184  -22.7612  
-2.65739  -22.7891  
-2.66553  -22.719  
-2.68609  -22.7539  
-2.6868  -22.6778  
-2.7039  -22.6712  
-2.71168  -22.5971  
-2.72277  -22.5396  
-2.73368  -22.5651  
-2.74189  -22.4965  
-2.76034  -22.4954  
-2.76375  -22.428  
-2.77789  -22.4593  
-2.78617  -22.3842  
-2.79072  -22.4308  
-2.80366  -22.3451  
-2.8191  -22.3929  
-2.83246  -22.3171  
-2.86267  -22.326  
-2.86148  -22.2676  
-2.89588  -22.2608  
-2.90948  -22.1687  
-2.93353  -22.2079  
-2.9431  -22.1126  
-2.96981  -22.1324  
-2.97131  -22.0567  
-3.00852  -22.0595  
-3.0165  -21.9765  
-3.02836  -21.9412  
-3.0421  -21.982  
-3.04908  -21.9063  
-3.05854  -21.9881  
-3.07491  -21.89  
-3.08099  -21.9847  
-3.08394  -21.9264  
-3.09006  -21.8802  
-3.10464  -21.8969  
-3.11833  -21.8645  
-3.12583  -21.7704  
-3.12346  -21.7208  
-3.13679  -21.7487  
-3.13834  -21.6807  
-3.14821  -21.6486  
-3.15634  -21.5546  
-3.17098  -21.5439  
-3.17035  -21.465  
-3.17808  -21.4545  
-3.18664  -21.3606  
-3.18685  -21.3369  
-3.18991  -21.3697  
-3.2088  -21.3407  
-3.22003  -21.2396  
-3.23115  -21.2141  
-3.24595  -21.1903  
-3.26097  -21.0982  
-3.26882  -21.0818  
-3.27768  -20.9882  
-3.30228  -20.961  
-3.3018  -20.8851  
-3.30881  -20.8226  
-3.31894  -20.7507  
-3.32043  -20.6617  
-3.32799  -20.5878  
-3.33495  -20.5294  
-3.34128  -20.4378  
-3.35589  -20.3436  
-3.34806  -20.3403  
-3.35913  -20.2627  
-3.37413  -20.2298  
-3.38271  -20.1394  
-3.40045  -20.1135  
-3.4059  -20.0143  
-3.4147  -19.9958  
-3.41819  -19.9156  
-3.42481  -19.8567  
-3.44162  -19.8367  
-3.45813  -19.747  
-3.46596  -19.658  
-3.47829  -19.5944  
-3.47164  -19.5144  
-3.49268  -19.4324  
-3.49204  -19.3606  
-3.50983  -19.3107  
-3.52058  -19.205  
-3.54208  -19.1555  
-3.53757  -19.0923  
-3.56077  -19.0316  
-3.56046  -18.9781  
-3.57533  -18.9567  
-3.58868  -18.8616  
-3.59079  -18.8052  
-3.59747  -18.8191  
-3.60642  -18.7294  
-3.61323  -18.7275  
-3.61935  -18.6286  
-3.63719  -18.6178  
-3.64847  -18.5415  
-3.65079  -18.4789  
-3.66708  -18.4906  
-3.67286  -18.4301  
-3.68239  -18.4624  
-3.68465  -18.4014  
-3.68664  -18.3727  
-3.69509  -18.4264  
-3.70356  -18.3577  
-3.70747  -18.4121  
-3.7144  -18.3384  
-3.71425  -18.394  
-3.72241  -18.3025  
-3.74029  -18.3387  
-3.74631  -18.2654  
-3.75149  -18.2248  
-3.76602  -18.26  
-3.77185  -18.1866  
-3.76513  -18.2876  
-3.77545  -18.2044  
-3.77288  -18.2366  
-3.77463  -18.17  
-3.77128  -18.1479  
-3.75827  -18.2365  
-3.76664  -18.1436  
-3.74584  -18.1933  
-3.75339  -18.1167  
-3.73967  -18.1461  
-3.74901  -18.0519  
-3.74809  -18.124  
-3.75738  -18.0297  
-3.76488  -18.0942  
-3.76415  -18.0326  
-3.77572  -17.9848  
-3.78263  -18.0277  
-3.79146  -17.9338  
-3.79232  -17.9695  
-3.79978  -17.8927  
-3.81015  -17.9072  
-3.81759  -17.8303  
-3.82273  -17.7823  
-3.82555  -17.757  
-3.83409  -17.6645  
-3.84589  -17.6097  
-3.85303  -17.5345  
-3.87937  -17.4288  
-3.8847  -17.3288  
-3.89642  -17.2539  
-3.9043  -17.1655  
-3.91176  -17.0852  
-3.91865  -16.9633  
-3.91632  -16.8548  
-3.91316  -16.8021  
-3.91262  -16.6952  
-3.89937  -16.5738  
-3.89626  -16.4998  
-3.886  -16.4086  
-3.89154  -16.3139  
-3.88022  -16.2071  
-3.85764  -16.0866  
-3.864  -15.9924  
-3.85246  -15.8134  
-3.8265  -15.6536  
-3.825  -15.5775  
-3.79084  -15.4052  
-3.79682  -15.295  
-3.78863  -15.1374  
-3.74827  -14.8973  
-3.74726  -14.791  
-3.69747  -14.5176  
-3.68935  -14.4391  
-3.67579  -14.2886  
-3.62772  -14.1176  
-3.6176  -13.9761  
-3.59995  -13.8563  
-3.55718  -13.7602  
-3.54438  -13.6777  
-3.5135  -13.681  
-3.50989  -13.6107  
-3.46699  -13.6926  
-3.47383  -13.6177  
-3.44963  -13.7462  
-3.45162  -13.6794  
-3.44645  -13.6868  
-3.4118  -13.8991  
-3.41365  -13.8268  
-3.3882  -14.06  
-3.39023  -13.9814  
-3.37991  -14.1493  
-3.38249  -14.0956  
-3.37407  -14.241  
-3.37626  -14.1862  
-3.36534  -14.3728  
-3.36513  -14.3067  
-3.37005  -14.4551  
-3.37156  -14.4067  
-3.36494  -14.4261  
-3.36108  -14.5522  
-3.3621  -14.4667  
-3.36461  -14.549  
-3.3669  -14.4882  
-3.35881  -14.5833  
-3.36116  -14.5217  
-3.34626  -14.6343  
-3.34857  -14.5722  
-3.33207  -14.7157  
-3.33298  -14.6406  
-3.32736  -14.7777  
-3.32653  -14.7059  
-3.31049  -14.7793  
-3.31513  -14.7114  
-3.30295  -14.7745  
-3.30451  -14.7118  
-3.29996  -14.6885  
-3.28556  -14.7347  
-3.29332  -14.6466  
-3.27979  -14.6718  
-3.27882  -14.6007  
-3.26511  -14.6445  
-3.26645  -14.583  
-3.25487  -14.6186  
-3.26198  -14.5323  
-3.25599  -14.5011  
-3.24343  -14.5259  
-3.24147  -14.4571  
-3.23403  -14.5086  
-3.23927  -14.498  
-3.24201  -14.4238  
-3.24125  -14.517  
-3.24022  -14.4597  
-3.23652  -14.5372  
-3.24187  -14.4782  
-3.25615  -14.6148  
-3.2552  -14.5551  
-3.26633  -14.5465  
-3.27616  -14.6962  
-3.27259  -14.6261  
-3.28966  -14.7383  
-3.29702  -14.6602  
-3.30392  -14.766  
-3.31154  -14.6984  
-3.32946  -14.7609  
-3.32786  -14.6986  
-3.34491  -14.7533  
-3.34286  -14.6914  
-3.35083  -14.6665  
-3.35724  -14.7309  
-3.35485  -14.6694  
-3.35961  -14.7595  
-3.35709  -14.6978  
-3.36279  -14.7496  
-3.36863  -14.6717  
-3.37436  -14.7187  
-3.37601  -14.658  
-3.37304  -14.6441  
-3.374  -14.6961  
-3.37152  -14.6341  
-3.37466  -14.6808  
-3.38041  -14.603  
-3.37953  -14.6284  
-3.38501  -14.5513  
-3.38045  -14.5862  
-3.38086  -14.5188  
-3.37381  -14.6031  
-3.37502  -14.5311  
-3.36448  -14.5409  
-3.3533  -14.6876  
-3.3533  -14.6296  
-3.35553  -14.616  
-3.34506  -14.7388  
-3.34106  -14.6792  
-3.34302  -14.7358  
-3.34723  -14.66  
-3.34761  -14.7577  
-3.34498  -14.6828  
-3.35227  -14.727  
-3.35517  -14.6751  
-3.35513  -14.7139  
-3.35385  -14.6624  
-3.34786  -14.7079  
-3.34779  -14.6294  
-3.34278  -14.6859  
-3.3472  -14.6095  
-3.34821  -14.6541  
-3.34696  -14.5979  
-3.33376  -14.6668  
-3.32993  -14.6064  
-3.32812  -14.6816  
-3.32933  -14.597  
-3.32107  -14.7106  
-3.31983  -14.6543  
-3.30993  -14.7372  
-3.30692  -14.6959  
-3.30086  -14.7819  
-3.29747  -14.7197  
-3.29835  -14.8045  
-3.29868  -14.7375  
-3.29742  -14.7378  
-3.28962  -14.8493  
-3.28978  -14.7863  
-3.28403  -14.9028  
-3.28796  -14.8254  
-3.29111  -14.9024  
-3.28656  -14.8413  
-3.2987  -14.8883  
-3.29379  -14.8279  
-3.29827  -14.899  
-3.2906  -14.8526  
-3.29318  -14.9094  
-3.28727  -14.8628  
-3.29377  -14.9179  
-3.29435  -14.8473  
-3.2945  -14.8925  
-3.3039  -14.8253  
-3.30447  -14.7981  
-3.32043  -14.8589  
-3.31768  -14.811  
-3.32673  -14.7844  
-3.34912  -14.8086  
-3.35455  -14.7429  
-3.38135  -14.8021  
-3.37528  -14.7423  
-3.38794  -14.8156  
-3.39851  -14.7394  
-3.398  -14.7074  
-3.41019  -14.7885  
-3.41177  -14.7984  
-3.41294  -14.735  
-3.41435  -14.8199  
-3.40745  -14.7719  
-3.40874  -14.8653  
-3.41088  -14.8019  
-3.4132  -14.9029  
-3.41725  -14.8558  
-3.41262  -14.8632  
-3.40905  -14.9634  
-3.41189  -14.9082  
-3.40618  -14.9228  
-3.40865  -15.0088  
-3.40639  -14.981  
-3.40864  -15.0709  
-3.40463  -15.0041  
-3.40549  -15.0762  
-3.40703  -14.9978  
-3.41681  -15.0485  
-3.41808  -14.9709  
-3.42824  -15.0693  
-3.4286  -15.0043  
-3.44244  -14.97  
-3.45929  -14.989  
-3.4614  -14.9215  
-3.48909  -14.8913  
-3.48872  -14.8043  
-3.50744  -14.7092  
-3.53815  -14.6637  
-3.54708  -14.5606  
-3.59538  -14.448  
-3.60972  -14.3196  
-3.65829  -14.1612  
-3.65728  -14.0902  
-3.71561  -13.9415  
-3.71427  -13.8716  
-3.76709  -13.7732  
-3.77037  -13.6799  
-3.8144  -13.6156  
-3.8122  -13.5509  
-3.83044  -13.5422  
-3.83319  -13.4691  
-3.8505  -13.4859  
-3.84313  -13.4417  
-3.84954  -13.461  
-3.84399  -13.4071  
-3.84246  -13.475  
-3.83698  -13.4229  
-3.81431  -13.5267  
-3.81707  -13.4535  
-3.81012  -13.5896  
-3.80465  -13.5292  
-3.79325  -13.6533  
-3.78315  -13.6301  
-3.78025  -13.7915  
-3.76865  -13.7932  
-3.76281  -13.819  
-3.74175  -14.0343  
-3.73891  -13.9911  
-3.71455  -14.178  
-3.70584  -14.1398  
-3.68959  -14.3164  
-3.67622  -14.2925  
-3.65155  -14.4356  
-3.64633  -14.3814  
-3.6217  -14.5235  
-3.60853  -14.4784  
-3.58732  -14.5962  
-3.58173  -14.5334  
-3.56709  -14.6713  
-3.56005  -14.6204  
-3.55169  -14.6077  
-3.53648  -14.703  
-3.53219  -14.648  
-3.51634  -14.7509  
-3.50977  -14.6861  
-3.49874  -14.7374  
-3.49227  -14.6728  
-3.47486  -14.705  
-3.46468  -14.6499  
-3.45301  -14.6275  
-3.43976  -14.6618  
-3.42973  -14.6086  
-3.42152  -14.6138  
-3.41391  -14.5819  
-3.41142  -14.5361  
-3.40255  -14.5988  
-3.40083  -14.5297  
-3.40387  -14.5661  
-3.40191  -14.5087  
-3.40659  -14.5043  
-3.41287  -14.5263  
-3.41642  -14.448  
-3.42434  -14.5128  
-3.43111  -14.4385  
-3.45399  -14.4979  
-3.44914  -14.4635  
-3.47282  -14.5015  
-3.4726  -14.4353  
-3.48563  -14.4865  
-3.48908  -14.409  
-3.50633  -14.4705  
-3.50771  -14.4105  
-3.51702  -14.3955  
-3.53882  -14.483  
-3.53742  -14.4172  
-3.54665  -14.4576  
-3.54513  -14.3919  
-3.553  -14.5052  
-3.55136  -14.4389  
-3.55329  -14.4305  
-3.55959  -14.45  
-3.56145  -14.393  
-3.5672  -14.4127  
-3.55965  -14.3668  
-3.55598  -14.4449  
-3.55783  -14.4032  
-3.57036  -14.3492  
-3.57716  -14.3528  
-3.57678  -14.2802  
-3.57246  -14.3017  
-3.56877  -14.2354  
-3.55649  -14.2296  
-3.52641  -14.2985  
-3.51882  -14.2429  
-3.49783  -14.2105  
-3.44534  -14.3032  
-3.43532  -14.2496  
-3.37685  -14.4586  
-3.37483  -14.3946  
-3.34266  -14.6001  
-3.33232  -14.5518  
-3.30824  -14.7037  
-3.30847  -14.6365  
-3.30244  -14.7375  
-3.29629  -14.6904  
-3.3224  -14.7399  
-3.31478  -14.6749  
-3.34719  -14.7101  
-3.35306  -14.6339  
-3.40055  -14.6098  
-3.39639  -14.5549  
-3.41853  -14.5079  
-3.45631  -14.5527  
-3.45061  -14.4903  
-3.47674  -14.5351  
-3.47072  -14.4733  
-3.48031  -14.4508  
-3.47616  -14.5315  
-3.47673  -14.45  
-3.45427  -14.5677  
-3.44263  -14.5022  
-3.42376  -14.5955  
-3.41785  -14.5338  
-3.40475  -14.6542  
-3.40785  -14.5846  
-3.40263  -14.5831  
-3.40155  -14.6771  
-3.39601  -14.614  
-3.40525  -14.6711  
-3.40179  -14.596  
-3.41165  -14.618  
-3.40738  -14.5424  
-3.42814  -14.5581  
-3.42673  -14.4873  
-3.4316  -14.4326  
-3.44359  -14.4086  
-3.43929  -14.3343  
-3.44246  -14.2708  
-3.47758  -14.2146  
-3.4751  -14.1529  
-3.52329  -14.1442  
-3.53693  -14.0626  
-3.56378  -14.1469  
-3.56544  -14.099  
-3.5956  -14.2724  
-3.58782  -14.2313  
-3.58987  -14.3669  
-3.58599  -14.3043  
-3.59193  -14.3083  
-3.58693  -14.3903  
-3.58953  -14.323  
-3.56754  -14.3839  
-3.56521  -14.3058  
-3.55769  -14.274  
-3.55218  -14.2858  
-3.53685  -14.2316  
-3.53966  -14.1669  
-3.52767  -14.1393  
-3.50357  -14.1348  
-3.50465  -14.0726  
-3.4878  -14.0619  
-3.47994  -13.9957  
-3.47811  -13.9693  
-3.45895  -13.987  
-3.45312  -13.9952  
-3.44614  -13.9373  
-3.44352  -13.9192  
-3.4324  -13.98  
-3.4263  -13.9202  
-3.42651  -13.9567  
-3.42443  -13.9046  
-3.42216  -13.8776  
-3.42017  -13.9448  
-3.42186  -13.8677  
-3.42117  -13.9571  
-3.42259  -13.8801  
-3.42682  -13.8589  
-3.4298  -13.9181  
-3.43348  -13.8585  
-3.45183  -13.8971  
-3.44707  -13.8564  
-3.45783  -13.8337  
-3.47247  -13.9238  
-3.47983  -13.8663  
-3.47873  -13.8625  
-3.50265  -13.9109  
-3.5084  -13.8467  
-3.53393  -13.8877  
-3.52701  -13.8178  
-3.54667  -13.8977  
-3.54957  -13.8254  
-3.54243  -13.8173  
-3.56758  -13.852  
-3.57377  -13.7831  
-3.59322  -13.8295  
-3.58397  -13.7937  
-3.58678  -13.7784  
-3.60134  -13.7816  
-3.60224  -13.7194  
-3.61722  -13.7093  
-3.62056  -13.6446  
-3.66708  -13.5703  
-3.66914  -13.4971  
-3.71694  -13.3823  
-3.71901  -13.3093  
-3.79601  -13.121  
-3.80096  -13.0382  
-3.89757  -12.865  
-3.90154  -12.7751  
-3.9367  -12.6626  
-4.05178  -12.4262  
-4.05156  -12.3578  
-4.15532  -12.1352  
-4.16149  -12.0531  
-4.26106  -11.8789  
-4.26634  -11.7983  
-4.36382  -11.676  
-4.37944  -11.5896  
-4.40298  -11.5457  
-4.53411  -11.4367  
-4.54727  -11.3624  
-4.64691  -11.3196  
-4.65399  -11.2818  
-4.75547  -11.3157  
-4.74919  -11.2615  
-4.83166  -11.2982  
-4.85083  -11.2516  
-4.91226  -11.3907  
-4.95677  -11.4547  
-4.95885  -11.3949  
-4.96396  -11.4478  
-4.99164  -11.6167  
-4.99039  -11.5457  
-5.0283  -11.6831  
-5.03247  -11.6384  
-5.03853  -11.6669  
-5.05332  -11.7993  
-5.0518  -11.7651  
-5.06572  -11.8503  
-5.06266  -11.7981  
-5.09115  -11.8663  
-5.09182  -11.819  
-5.0978  -11.7961  
-5.12063  -11.8603  
-5.11882  -11.7972  
-5.12517  -11.8406  
-5.12003  -11.7762  
-5.13662  -11.7783  
-5.13325  -11.7335  
-5.16799  -11.7582  
-5.16672  -11.6843  
-5.1896  -11.6814  
-5.19018  -11.6148  
-5.22645  -11.645  
-5.22149  -11.5829  
-5.23236  -11.5481  
-5.27353  -11.5928  
-5.27225  -11.5488  
-5.31057  -11.6455  
-5.30914  -11.6009  
-5.32031  -11.5827  
-5.35659  -11.6467  
-5.35516  -11.6018  
-5.3772  -11.7081  
-5.3705  -11.6538  
-5.40653  -11.7517  
-5.40429  -11.6935  
-5.40792  -11.7522  
-5.40512  -11.7044  
-5.42182  -11.7517  
-5.40917  -11.694  
-5.43714  -11.7539  
-5.43428  -11.7024  
-5.46048  -11.7381  
-5.45894  -11.6881  
-5.47881  -11.7247  
-5.47105  -11.6502  
-5.489  -11.6733  
-5.49026  -11.6049  
-5.51693  -11.5973  
-5.51439  -11.5192  
-5.53218  -11.5157  
-5.52779  -11.456  
-5.56052  -11.4458  
-5.56013  -11.3878  
-5.56176  -11.3532  
-5.59357  -11.3227  
-5.59043  -11.2535  
-5.59951  -11.2148  
-5.62932  -11.1951  
-5.62586  -11.1326  
-5.66422  -11.1089  
-5.66003  -11.0499  
-5.66389  -10.995  
-5.68466  -11.012  
-5.68093  -10.9467  
-5.70084  -10.9438  
-5.6932  -10.8774  
-5.69898  -10.8347  
-5.69875  -10.7793  
-5.69288  -10.7824  
-5.69047  -10.707  
-5.68623  -10.6725  
-5.69115  -10.6109  
-5.69157  -10.5599  
-5.69385  -10.5408  
-5.69225  -10.4695  
-5.68524  -10.434  
-5.69972  -10.4627  
-5.69269  -10.4078  
-5.72764  -10.4149  
-5.71845  -10.3677  
-5.72408  -10.3406  
-5.76327  -10.3364  
-5.75508  -10.2832  
-5.79229  -10.3523  
-5.7864  -10.2782  
-5.84026  -10.3217  
-5.83732  -10.2586  
-5.87542  -10.2942  
-5.8748  -10.2361  
-5.90769  -10.2813  
-5.91197  -10.2333  
-5.92844  -10.2755  
-5.91799  -10.2356  
-5.94583  -10.2809  
-5.93548  -10.2405  
-5.93665  -10.2088  
-5.95149  -10.2515  
-5.94579  -10.2107  
-5.95653  -10.2278  
-5.95367  -10.1641  
-5.94182  -10.1407  
-5.94435  -10.1891  
-5.94132  -10.1269  
-5.92805  -10.1517  
-5.92398  -10.1268  
-5.91727  -10.0624  
-5.90459  -10.0394  
-5.89653  -9.98335  
-5.88523  -9.93129  
-5.87491  -9.89864  
-5.87526  -9.82438  
-5.85873  -9.77352  
-5.86944  -9.68046  
-5.86695  -9.60939  
-5.88787  -9.56409  
-5.87243  -9.48817  
-5.87689  -9.39837  
-5.90169  -9.37474  
-5.89915  -9.29464  
-5.94344  -9.26118  
-5.94201  -9.20359  
-5.98331  -9.16643  
-5.97099  -9.11407  
-6.01095  -9.10888  
-6.00864  -9.05284  
-6.01413  -9.00828  
-6.07616  -8.9708  
-6.07263  -8.92401  
-6.12556  -8.91653  
-6.12365  -8.86163  
-6.13171  -8.8418  
-6.18906  -8.83749  
-6.20159  -8.79784  
-6.22313  -8.78289  
-6.30122  -8.78255  
-6.31123  -8.74066  
-6.35944  -8.77511  
-6.36136  -8.73139  
-6.42113  -8.7333  
-6.42059  -8.68865  
-6.47405  -8.71348  
-6.46822  -8.65814  
-6.4766  -8.63951  
-6.52006  -8.68627  
-6.51328  -8.63971  
-6.55324  -8.68782  
-6.5574  -8.65029  
-6.59041  -8.66934  
-6.58477  -8.61167  
-6.61784  -8.61096  
-6.62102  -8.54849  
-6.62188  -8.49331  
-6.67315  -8.41326  
-6.70213  -8.33175  
-6.69615  -8.2763  
-6.71731  -8.22907  
-6.80147  -8.04799  
-6.80454  -7.97414  
-6.91743  -7.85784  
-6.91612  -7.79191  
-7.04491  -7.69134  
-7.04255  -7.62658  
-7.13899  -7.76771  
-7.15042  -7.72686  
-7.22956  -7.88524  
-7.2322  -7.84829  
-7.29977  -7.93078  
-7.28931  -7.8778  
-7.34327  -7.8406  
-7.33711  -7.82716  
-7.34786  -7.86421  
-7.34376  -7.80339  
-7.34952  -7.8002  
-7.3768  -7.80092  
-7.37024  -7.7704  
-7.3815  -7.84284  
-7.37153  -7.80114  
-7.36065  -7.84435  
-7.33016  -7.98089  
-7.32028  -7.93809  
-7.32287  -8.031  
-7.29067  -8.0415  
-7.27251  -8.00642  
-7.22644  -8.03309  
-7.22026  -7.97658  
-7.17047  -7.98009  
-7.15785  -7.93648  
-7.14344  -7.92166  
-7.09245  -7.94122  
-7.0846  -7.9051  
-7.0619  -7.86972  
-7.03396  -7.90546  
-7.02456  -7.8658  
-6.97902  -7.88483  
-6.97015  -7.83121  
-6.94639  -7.82761  
-6.92635  -7.77393  
-6.9081  -7.73265  
-6.89607  -7.72141  
-6.87911  -7.66638  
-6.87071  -7.61702  
-6.86701  -7.5694  
-6.85126  -7.48938  
-6.86804  -7.45036  
-6.85371  -7.39986  
-6.85904  -7.34304  
-6.89796  -7.31408  
-6.89988  -7.24931  
-6.90948  -7.20916  
-6.95259  -7.16775  
-6.94612  -7.14384  
-7.00048  -7.07929  
-7.02023  -7.04017  
-7.01231  -6.98303  
-7.02487  -6.93336  
-7.09518  -6.90009  
-7.08941  -6.86538  
-7.14281  -6.83798  
-7.18131  -6.77489  
-7.17793  -6.72383  
-7.2002  -6.67419  
-7.25995  -6.70145  
-7.26104  -6.6496  
-7.30821  -6.6939  
-7.29825  -6.6361  
-7.31068  -6.61143  
-7.33174  -6.64624  
-7.32937  -6.61506  
-7.34716  -6.56787  
-7.37625  -6.61879  
-7.36409  -6.5734  
-7.39342  -6.63048  
-7.3852  -6.59648  
-7.42171  -6.61937  
-7.41592  -6.59498  
-7.45248  -6.63224  
-7.4445  -6.58959  
-7.45619  -6.55497  
-7.46477  -6.52839  
-7.45695  -6.48662  
-7.46365  -6.40716  
-7.45727  -6.35816  
-7.44019  -6.29054  
-7.44642  -6.27659  
-7.41827  -6.19589  
-7.41097  -6.1707  
-7.39037  -6.1132  
-7.38459  -6.15041  
-7.37803  -6.11796  
-7.37228  -6.10689  
-7.39147  -6.139  
-7.38741  -6.09848  
-7.3861  -6.0689  
-7.40502  -6.1174  
-7.40203  -6.08185  
-7.43456  -6.10728  
-7.42435  -6.08416  
-7.43634  -6.04086  
-7.47576  -6.03432  
-7.46881  -6.00175  
-7.52876  -5.99989  
-7.52242  -5.95866  
-7.54159  -5.93812  
-7.61499  -5.92109  
-7.61982  -5.87339  
-7.6939  -5.89161  
-7.68451  -5.8614  
-7.75304  -5.86233  
-7.74418  -5.82431  
-7.79725  -5.83981  
-7.79592  -5.8187  
-7.83884  -5.81673  
-7.82725  -5.78597  
-7.86585  -5.86317  
-7.85639  -5.82485  
-7.88046  -5.89025  
-7.87003  -5.85672  
-7.91163  -5.90749  
-7.90202  -5.86927  
-7.90472  -5.83426  
-7.9457  -5.8463  
-7.93833  -5.81977  
-7.97074  -5.80924  
-7.96143  -5.76988  
-7.98456  -5.75991  
-7.97885  -5.72439  
-7.98526  -5.70265  
-8.01716  -5.70436  
-8.0036  -5.65472  
-8.03728  -5.63487  
-8.02795  -5.59718  
-8.05162  -5.59066  
-8.04465  -5.55155  
-8.07871  -5.52809  
-8.06621  -5.49851  
-8.12383  -5.43597  
-8.11877  -5.37169  
-8.17366  -5.27598  
-8.16279  -5.23463  
-8.22021  -5.13791  
-8.21008  -5.10163  
-8.2711  -5.03712  
-8.26058  -4.99236  
-8.26298  -4.94908  
-8.30984  -4.84181  
-8.29924  -4.81055  
-8.33033  -4.77949  
-8.32288  -4.73855  
-8.3201  -4.69608  
-8.34369  -4.63443  
-8.32902  -4.59241  
-8.35397  -4.48152  
-8.34176  -4.42279  
-8.36122  -4.2805  
-8.34653  -4.24084  
-8.34813  -4.13042  
-8.33379  -4.09176  
-8.33437  -4.04276  
-8.32026  -3.90151  
-8.3129  -3.84666  
-8.31309  -3.77178  
-8.31089  -3.72939  
-8.29067  -3.66854  
-8.29307  -3.64051  
-8.26965  -3.60168  
-8.28202  -3.51189  
-8.26607  -3.47044  
-8.25399  -3.42407  
-8.28821  -3.34258  
-8.27442  -3.31363  
-8.28245  -3.25846  
-8.30942  -3.16319  
-8.30269  -3.12674  
-8.36291  -3.04493  
-8.3501  -3.00877  
-8.36789  -2.96584  
-8.42823  -2.92158  
-8.42098  -2.86977  
-8.49426  -2.83816  
-8.53635  -2.79753  
-8.5272  -2.77204  
-8.54855  -2.74625  
-8.61009  -2.69189  
-8.60562  -2.65115  
-8.68495  -2.5852  
-8.67446  -2.56133  
-8.75847  -2.50642  
-8.74743  -2.48278  
-8.80657  -2.44716  
-8.80104  -2.40911  
-8.89094  -2.39975  
-8.89329  -2.38112  
-8.99156  -2.43262  
-8.98727  -2.3986  
-9.00956  -2.3757  
-9.08681  -2.39689  
-9.08661  -2.383  
-9.15699  -2.35896  
-9.15755  -2.3495  
-9.222  -2.36249  
-9.2184  -2.33552  
-9.25305  -2.3578  
-9.2436  -2.34494  
-9.26593  -2.34189  
-9.25747  -2.30382  
-9.25469  -2.3062  
-9.23554  -2.30113  
-9.21515  -2.28032  
-9.20075  -2.24799  
-9.1798  -2.2248  
-9.14008  -2.18126  
-9.12383  -2.14492  
-9.08261  -2.12544  
-9.06597  -2.09788  
-9.00828  -2.06263  
-8.99379  -2.04742  
-8.96007  -1.9837  
-8.90826  -1.94332  
-8.88453  -1.91134  
-8.86545  -1.89265  
-8.78238  -1.85552  
-8.76559  -1.80975  
-8.72467  -1.77681  
-8.71313  -1.74428  
-8.66287  -1.71882  
-8.6474  -1.67556  
-8.58822  -1.64853  
-8.57749  -1.62846  
-8.56661  -1.5995  
-8.54922  -1.55063  
-8.53362  -1.53468  
-8.54449  -1.5399  
-8.52762  -1.53194  
-8.5425  -1.56525  
-8.53257  -1.53362  
-8.52609  -1.52195  
-8.54169  -1.55994  
-8.52612  -1.54203  
-8.54942  -1.57624  
-8.52873  -1.54634  
-8.54508  -1.59898  
-8.52917  -1.56437  
-8.54217  -1.60632  
-8.52018  -1.58758  
-8.51597  -1.58137  
-8.50373  -1.58524  
-8.4914  -1.57198  
-8.49399  -1.55194  
-8.47891  -1.50852  
-8.48258  -1.49532  
-8.46686  -1.47821  
-8.46663  -1.40126  
-8.45643  -1.37962  
-8.45515  -1.35106  
-8.4728  -1.28832  
-8.45689  -1.27341  
-8.48603  -1.2424  
-8.4746  -1.22491  
-8.47213  -1.19456  
-8.50854  -1.12797  
-8.50144  -1.10859  
-8.53902  -1.04275  
-8.53163  -1.01402  
-8.53541  -0.983698  
-8.58417  -0.866676  
-8.58303  -0.835081  
-8.625  -0.756773  
-8.61244  -0.733096  
-8.64487  -0.613789  
-8.63238  -0.589712  
-8.6795  -0.437814  
-8.66673  -0.414753  
-8.72395  -0.270068  
-8.70882  -0.2177  
-8.75142  -0.0783075  
-8.74364  -0.0378575  
-8.75119  0.0199383  
-8.78089  0.132473  
-8.77238  0.163701  
-8.81304  0.246381  
-8.79889  0.264182  
-8.83299  0.3373  
-8.8217  0.359618  
-8.81396  0.41774  
-8.82299  0.468848  
-8.8084  0.506553  
-8.81456  0.588757  
-8.79628  0.619793  
-8.78326  0.712729  
-8.76703  0.752972  
-8.75014  0.879621  
-8.73776  0.898449  
-8.71167  1.00776  
-8.68759  1.03291  
-8.6595  1.16119  
-8.6481  1.19163  
-8.61309  1.24838  
-8.58363  1.35061  
-8.56392  1.3772  
-8.53295  1.46783  
-8.50042  1.49663  
-8.46022  1.58382  
-8.43978  1.59456  
-8.4059  1.66163  
-8.39169  1.68776  
-8.37528  1.75355  
-8.36291  1.78891  
-8.34337  1.81363  
-8.33703  1.86531  
-8.32304  1.89028  
-8.3338  1.91044  
-8.31712  1.9277  
-8.33287  1.94045  
-8.31688  1.95516  
-8.34068  1.95201  
-8.3277  1.98675  
-8.3427  2.00357  
-8.33856  2.01525  
-8.36268  2.05356  
-8.35279  2.06223  
-8.38586  2.12434  
-8.37718  2.14489  
-8.3814  2.17546  
-8.42742  2.23497  
-8.41718  2.26087  
-8.4633  2.33169  
-8.45215  2.34621  
-8.48651  2.39348  
-8.47514  2.40832  
-8.52629  2.4853  
-8.50947  2.51141  
-8.53058  2.5766  
-8.52339  2.58891  
-8.53967  2.63957  
-8.52789  2.64859  
-8.51852  2.64891  
-8.50553  2.66292  
-8.49748  2.67103  
-8.48986  2.69861  
-8.47329  2.70538  
-8.45434  2.67945  
-8.43758  2.70336  
-8.4046  2.68256  
-8.39286  2.68038  
-8.37355  2.68538  
-8.34399  2.68046  
-8.32366  2.69671  
-8.30551  2.65772  
-8.2837  2.66458  
-8.25863  2.6411  
-8.2427  2.66269  
-8.21  2.66289  
-8.19975  2.67441  
-8.17068  2.6917  
-8.15048  2.70188  
-8.13992  2.71336  
-8.10914  2.71907  
-8.09937  2.72953  
-8.07458  2.75631  
-8.05958  2.7525  
-8.05181  2.76274  
-8.05008  2.78939  
-8.03059  2.81179  
-8.02644  2.81422  
-8.04272  2.8467  
-8.02303  2.85616  
-8.04188  2.88092  
-8.03135  2.89791  
-8.05533  2.94424  
-8.04948  2.96347  
-8.08208  3.00787  
-8.06095  3.01436  
-8.10119  3.07923  
-8.09095  3.11061  
-8.13262  3.18292  
-8.12601  3.19186  
-8.15506  3.25374  
-8.15514  3.27114  
-8.16073  3.29619  
-8.19363  3.35168  
-8.1868  3.35777  
-8.2311  3.41636  
-8.21755  3.42655  
-8.2598  3.5067  
-8.25237  3.51167  
-8.29794  3.57261  
-8.28333  3.57224  
-8.32062  3.62614  
-8.30755  3.64539  
-8.33843  3.67129  
-8.32392  3.67347  
-8.35655  3.72751  
-8.34204  3.73046  
-8.33638  3.74912  
-8.3758  3.79948  
-8.36537  3.80291  
-8.39331  3.86353  
-8.37479  3.87782  
-8.40785  3.97018  
-8.39784  4.00187  
-8.43218  4.10158  
-8.42657  4.12426  
-8.42247  4.172  
-8.43693  4.32859  
-8.41701  4.34111  
-8.41948  4.50798  
-8.40668  4.51716  
-8.39585  4.66489  
-8.37648  4.69268  
-8.35385  4.84044  
-8.33654  4.85804  
-8.30453  4.93435  
-8.2739  5.10349  
-8.25563  5.11009  
-8.21991  5.25298  
-8.20199  5.2578  
-8.17236  5.3763  
-8.15638  5.38858  
-8.12997  5.54876  
-8.11534  5.56438  
-8.09247  5.68919  
-8.07514  5.68907  
-8.07534  5.7854  
-8.05803  5.78473  
-8.07501  5.90269  
-8.05768  5.90209  
-8.08859  6.00168  
-8.07445  6.01701  
-8.08426  6.03245  
-8.12832  6.10589  
-8.12337  6.10283  
-8.19155  6.15622  
-8.18598  6.13972  
-8.259  6.20572  
-8.25813  6.20348  
-8.33851  6.2369  
-8.32572  6.26381  
-8.42893  6.25407  
-8.41834  6.25944  
-8.52906  6.2648  
-8.51197  6.2569  
-8.61529  6.22111  
-8.60459  6.23258  
-8.6818  6.16591  
-8.68181  6.15494  
-8.69368  6.11539  
-8.76416  6.03726  
-8.75052  6.02226  
-8.78329  5.9653  
-8.7741  5.96545  
-8.77274  5.97011  
-8.78885  5.91338  
-8.77483  5.92232  
-8.80526  5.92049  
-8.78608  5.91431  
-8.81248  5.9156  
-8.79285  5.90805  
-8.77519  5.9046  
-8.75581  5.89571  
-8.73089  5.88355  
-8.70667  5.86836  
-8.66583  5.84821  
-8.63383  5.84168  
-8.59207  5.8324  
-8.52692  5.8586  
-8.48884  5.85621  
-8.42159  5.91044  
-8.39967  5.90015  
-8.35073  5.93255  
-8.33544  5.93575  
-8.31161  5.95084  
-8.3134  6.02725  
-8.29886  6.01764  
-8.30359  6.15991  
-8.28418  6.16092  
-8.33358  6.2861  
-8.32385  6.28718  
-8.38276  6.41492  
-8.37393  6.42831  
-8.44298  6.53979  
-8.42722  6.552  
-8.49587  6.64244  
-8.49595  6.63337  
-8.58593  6.73392  
-8.57394  6.7342  
-8.64006  6.76039  
-8.62942  6.77007  
-8.68658  6.81572  
-8.67555  6.79789  
-8.7364  6.89629  
-8.72513  6.88357  
-8.76871  6.95056  
-8.75627  6.95087  
-8.79419  7.00631  
-8.78056  6.986  
-8.78073  7.02784  
-8.76246  7.03473  
-8.76087  7.05816  
-8.74127  7.04128  
-8.732  7.03324  
-8.72147  7.04779  
-8.70632  7.03609  
-8.69625  7.03595  
-8.67472  7.03824  
-8.67022  7.05678  
-8.6521  7.03699  
-8.66032  7.09768  
-8.63908  7.09877  
-8.65133  7.17786  
-8.62224  7.17424  
-8.62988  7.26663  
-8.61525  7.28217  
-8.59543  7.31662  
-8.59294  7.41842  
-8.56597  7.43829  
-8.55171  7.58852  
-8.53547  7.56775  
-8.52771  7.73135  
-8.50675  7.72241  
-8.49162  7.85396  
-8.47825  7.84261  
-8.46296  7.9497  
-8.44029  7.95314  
-8.4419  8.08311  
-8.42476  8.0786  
-8.44539  8.18695  
-8.43262  8.18341  
-8.45637  8.3004  
-8.43365  8.27268  
-8.47491  8.38378  
-8.45444  8.37187  
-8.45679  8.40511  
-8.49933  8.46706  
-8.47839  8.45448  
-8.53242  8.52676  
-8.52028  8.51854  
-8.56791  8.55172  
-8.55347  8.53724  
-8.5573  8.5531  
-8.60419  8.57094  
-8.59227  8.57661  
-8.66492  8.60815  
-8.65261  8.59865  
-8.71625  8.66949  
-8.69855  8.64627  
-8.73764  8.76475  
-8.71974  8.74063  
-8.75214  8.82787  
-8.73616  8.81292  
-8.75981  8.94287  
-8.74628  8.94061  
-8.74257  8.97169  
-8.73539  9.0538  
-8.71541  9.06318  
-8.71854  9.17374  
-8.69019  9.15106  
-8.69698  9.32462  
-8.68448  9.32544  
-8.66853  9.35926  
-8.6554  9.50771  
-8.63647  9.50389  
-8.61781  9.63678  
-8.59722  9.62357  
-8.57317  9.74  
-8.55934  9.75367  
-8.53481  9.7746  
-8.53499  9.85445  
-8.50444  9.84569  
-8.48864  9.85986  
-8.49443  9.89931  
-8.47159  9.89194  
-8.47256  9.91888  
-8.46263  9.9063  
-8.48509  9.93717  
-8.46612  9.92549  
-8.48388  9.904  
-8.46681  9.90834  
-8.46781  9.89073  
-8.49622  9.8688  
-8.48165  9.84465  
-8.51084  9.8122  
-8.49068  9.79943  
-8.52708  9.75935  
-8.50791  9.73033  
-8.55999  9.69103  
-8.54411  9.66621  
-8.60438  9.62212  
-8.58789  9.59724  
-8.63602  9.57811  
-8.61925  9.55387  
-8.63449  9.53629  
-8.68431  9.5767  
-8.67175  9.56209  
-8.73887  9.61994  
-8.72998  9.61734  
-8.74475  9.64094  
-8.78706  9.73602  
-8.77526  9.72209  
-8.82446  9.79636  
-8.82344  9.80015  
-8.81877  9.81442  
-8.85786  9.91182  
-8.8477  9.89599  
-8.87161  9.95584  
-8.85379  9.95784  
-8.87569  10.0543  
-8.85829  10.0318  
-8.88346  10.1401  
-8.86605  10.1169  
-8.89572  10.2575  
-8.88298  10.2461  
-8.87414  10.2817  
-8.87879  10.3886  
-8.85621  10.3736  
-8.8592  10.4935  
-8.84556  10.4939  
-8.85844  10.5828  
-8.84132  10.5537  
-8.85941  10.634  
-8.84614  10.6327  
-8.86833  10.7364  
-8.85608  10.7195  
-8.91274  10.8457  
-8.90249  10.8387  
-8.90998  10.8773  
-8.9677  10.9616  
-8.95239  10.9411  
-9.00528  11.0236  
-9.04594  11.0767  
-9.03536  11.0549  
-9.09161  11.0848  
-9.07777  11.0664  
-9.13417  11.0925  
-9.1312  11.0696  
-9.19309  11.1348  
-9.18085  11.1212  
-9.20024  11.1455  
-9.25215  11.1979  
-9.23488  11.1761  
-9.27907  11.2486  
-9.26588  11.2338  
-9.26633  11.2341  
-9.26254  11.2917  
-9.24004  11.2767  
-9.25256  11.2999  
-9.22573  11.2542  
-9.22348  11.2935  
-9.20768  11.2739  
-9.22468  11.3533  
-9.2091  11.3337  
-9.23333  11.3978  
-9.21558  11.3682  
-9.24582  11.4268  
-9.23881  11.4026  
-9.23888  11.4323  
-9.27395  11.5433  
-9.25874  11.5416  
-9.26308  11.5515  
-9.29603  11.6368  
-9.27846  11.6303  
-9.28072  11.642  
-9.3049  11.7584  
-9.28984  11.7544  
-9.32178  11.9184  
-9.30284  11.904  
-9.29916  11.9298  
-9.3224  12.0483  
-9.31749  12.0526  
-9.31645  12.1096  
-9.3456  12.2042  
-9.3347  12.197  
-9.37299  12.2957  
-9.36227  12.2711  
-9.40358  12.3667  
-9.39073  12.3387  
-9.43736  12.4094  
-9.42715  12.3875  
-9.43085  12.3941  
-9.48299  12.3807  
-9.47634  12.3712  
-9.5204  12.3745  
-9.50083  12.361  
-9.53  12.3665  
-9.51138  12.3298  
-9.53313  12.3061  
-9.51179  12.2921  
-9.5218  12.2812  
-9.508  12.2585  
-9.50064  12.2717  
-9.48518  12.247  
-9.47021  12.2729  
-9.44429  12.2394  
-9.44037  12.2634  
-9.41551  12.245  
-9.39872  12.2455  
-9.41479  12.303  
-9.38614  12.2801  
-9.38565  12.3621  
-9.37105  12.3607  
-9.38165  12.4798  
-9.3681  12.4537  
-9.4175  12.6308  
-9.40559  12.6053  
-9.47659  12.7799  
-9.46248  12.7795  
-9.54315  12.9734  
-9.52491  12.9565  
-9.55699  13.0126  
-9.65468  13.1758  
-9.65082  13.1784  
-9.76162  13.3693  
-9.76605  13.3638  
-9.88018  13.5725  
-9.87968  13.5682  
-9.99237  13.7267  
-9.97975  13.7041  
-10.0817  13.8669  
-10.0708  13.8535  
-10.1864  14.0043  
-10.1762  13.991  
-10.2007  14.0121  
-10.2776  14.1152  
-10.2591  14.08  
-10.3326  14.1413  
-10.314  14.1068  
-10.3613  14.0992  
-10.347  14.0777  
-10.3859  14.0645  
-10.3755  14.0317  
-10.4141  14.0721  
-10.4038  14.0408  
-10.4248  14.0471  
-10.4086  14.0051  
-10.4184  14.0459  
-10.4065  14.005  
-10.4104  14.0416  
-10.3893  13.9999  
-10.3926  14.0443  
-10.3687  14.0214  
-10.3662  14.0605  
-10.3287  14.0029  
-10.3434  14.0449  
-10.314  14.0242  
-10.3208  14.0645  
-10.2916  14.0127  
-10.2798  14.0829  
-10.2481  14.0605  
-10.2509  14.1404  
-10.2206  14.1124  
-10.183  14.1716  
-10.16  14.163  
-10.1284  14.1425  
-10.0662  14.213  
-10.044  14.1628  
-9.99104  14.1961  
-9.97174  14.1788  
-9.92404  14.2114  
-9.90278  14.1768  
-9.8499  14.2298  
-9.83348  14.2071  
-9.82396  14.2095  
-9.79673  14.299  
-9.77848  14.2665  
-9.77283  14.3396  
-9.75127  14.3246  
-9.74993  14.414  
-9.74905  14.4731  
-9.73441  14.4528  
-9.75995  14.5792  
-9.75581  14.5711  
-9.75614  14.6202  
-9.79823  14.7794  
-9.7887  14.7748  
-9.79828  14.8234  
-9.8582  15.0148  
-9.85542  15.0043  
-9.86809  15.0633  
-9.92739  15.2345  
-9.92335  15.2335  
-9.96083  15.3708  
-9.95786  15.3475  
-9.96652  15.3793  
-10.0135  15.5295  
-9.99877  15.5136  
-10.0047  15.5386  
-10.0307  15.6431  
-10.0259  15.6028  
-10.0549  15.7047  
-10.0389  15.6783  
-10.0722  15.7754  
-10.0559  15.7313  
-10.0856  15.8077  
-10.0696  15.7823  
-10.0921  15.8231  
-10.0748  15.7974  
-10.1035  15.8615  
-10.0874  15.8281  
-10.1163  15.9087  
-10.0983  15.8795  
-10.1366  15.9625  
-10.1223  15.926  
-10.1227  15.9399  
-10.1635  16.0654  
-10.1483  16.0163  
-10.1922  16.1602  
-10.1784  16.1442  
-10.1824  16.1463  
-10.2007  16.2491  
-10.1943  16.2239  
-10.2018  16.2906  
-10.18  16.2624  
-10.1772  16.2957  
-10.1795  16.393  
-10.1608  16.3451  
-10.1665  16.4848  
-10.1524  16.4709  
-10.1425  16.5854  
-10.1303  16.5708  
-10.1335  16.7014  
-10.1214  16.6864  
-10.12  16.7937  
-10.0991  16.7668  
-10.0943  16.8406  
-10.0771  16.8305  
-10.0676  16.8316  
-10.0769  16.925  
-10.0618  16.8983  
-10.0818  16.9854  
-10.0733  16.9817  
-10.0795  17.0019  
-10.1208  17.0754  
-10.1144  17.0644  
-10.1764  17.1772  
-10.175  17.167  
-10.2567  17.2982  
-10.2439  17.2814  
-10.2531  17.3096  
-10.3243  17.4247  
-10.3299  17.4071  
-10.4087  17.5699  
-10.4  17.552  
-10.4314  17.614  
-10.4953  17.768  
-10.4845  17.7593  
-10.5667  17.9721  
-10.5715  17.9901  
-10.6405  18.186  
-10.6252  18.1654  
-10.7062  18.4103  
-10.6957  18.378  
-10.7032  18.43  
-10.7648  18.6432  
-10.7534  18.6173  
-10.7717  18.7039  
-10.8276  18.9136  
-10.8147  18.9153  
-10.821  18.9747  
-10.8635  19.1756  
-10.8588  19.1837  
-10.8858  19.3753  
-10.872  19.3677  
-10.8724  19.438  
-10.8886  19.6384  
-10.8677  19.6103  
-10.8875  19.8179  
-10.8545  19.7895  
-10.8434  19.992  
-10.8263  19.9577  
-10.8073  20.0041  
-10.7818  20.1568  
-10.7695  20.1337  
-10.7127  20.2463  
-10.6947  20.2295  
-10.6547  20.3251  
-10.642  20.32  
-10.6251  20.34  
-10.5799  20.4247  
-10.5441  20.3775  
-10.5332  20.474  
-10.5168  20.4495  
-10.4957  20.458  
-10.4953  20.5786  
-10.4723  20.5362  
-10.4676  20.649  
-10.4633  20.6791  
-10.443  20.6471  
-10.4302  20.6444  
-10.4371  20.7326  
-10.4111  20.6721  
-10.417  20.7785  
-10.3986  20.7484  
-10.4018  20.8363  
-10.3854  20.7943  
-10.3908  20.8782  
-10.3791  20.9151  
-10.3625  20.8697  
-10.3541  20.8784  
-10.3514  20.922  
-10.3304  20.8889  
-10.339  20.9203  
-10.329  20.8719  
-10.3197  20.8506  
-10.3405  20.8604  
-10.3238  20.8334  
-10.3273  20.7949  
-10.3527  20.79  
-10.3442  20.7364  
-10.3734  20.724  
-10.3669  20.676  
-10.3932  20.6517  
-10.3843  20.5892  
-10.389  20.5498  
-10.41  20.4981  
-10.4038  20.4403  
-10.4139  20.3676  
-10.3945  20.3237  
-10.4137  20.2641  
-10.3978  20.2312  
-10.4067  20.1761  
-10.3928  20.1214  
-10.4043  20.0696  
-10.3813  20.015  
-10.3875  19.9883  
-10.3749  19.9356  
-10.3686  19.9152  
-10.3681  19.8933  
-10.3497  19.8557  
-10.3428  19.841  
-10.3239  19.806  
-10.3017  19.7934  
-10.2819  19.7497  
-10.2559  19.7106  
-10.2432  19.689  
-10.2157  19.6472  
-10.1893  19.5978  
-10.1523  19.537  
-10.1373  19.5044  
-10.096  19.4307  
-10.0799  19.3944  
-10.0568  19.331  
-10.0252  19.2811  
-10.0052  19.2419  
-9.97212  19.2178  
-9.95446  19.1754  
-9.93519  19.1949  
-9.9207  19.1635  
-9.91749  19.2383  
-9.9059  19.2146  
-9.90114  19.2145  
-9.91592  19.3705  
-9.90753  19.3539  
-9.93813  19.5443  
-9.92377  19.5076  
-9.97331  19.7094  
-9.9563  19.6933  
-10.0043  19.8884  
-9.99219  19.8604  
-10.0396  20.054  
-10.0287  20.0389  
-10.0973  20.2701  
-10.088  20.2499  
-10.1477  20.4411  
-10.1475  20.4418  
-10.2241  20.7316  
-10.2185  20.704  
-10.2347  20.7809  
-10.3094  21.0181  
-10.2948  20.9835  
-10.3359  21.1321  
-10.3257  21.1161  
-10.3481  21.2338  
-10.3335  21.1992  
-10.3416  21.2699  
-10.3243  21.2542  
-10.3216  21.2607  
-10.3003  21.2911  
-10.282  21.2598  
-10.2687  21.2278  
-10.2492  21.213  
-10.2322  21.2493  
-10.2163  21.2064  
-10.1991  21.2261  
-10.1867  21.1952  
-10.1531  21.1914  
-10.1387  21.151  
-10.1209  21.1463  
-10.1099  21.1894  
-10.0888  21.1597  
-10.091  21.2349  
-10.0749  21.2178  
-10.0686  21.2196  
-10.0609  21.2749  
-10.0503  21.2439  
-10.0574  21.3259  
-10.0385  21.2984  
-10.0444  21.359  
-10.0239  21.3269  
-10.0216  21.3723  
-10.0064  21.3298  
-10.0017  21.3593  
-9.97726  21.3159  
-9.96443  21.2933  
-9.95691  21.3328  
-9.94127  21.2713  
-9.92102  21.2657  
-9.90331  21.2128  
-9.88485  21.1896  
-9.85982  21.1519  
-9.84562  21.1121  
-9.80704  21.0332  
-9.78481  20.9747  
-9.75376  20.8997  
-9.73742  20.8509  
-9.70793  20.7621  
-9.69185  20.7144  
-9.66095  20.6536  
-9.64397  20.5894  
-9.62438  20.5488  
-9.60858  20.502  
-9.61206  20.5002  
-9.58897  20.4568  
-9.57953  20.4457  
-9.57046  20.4267  
-9.55839  20.3919  
-9.55485  20.3849  
-9.53844  20.3364  
-9.53139  20.3154  
-9.50963  20.277  
-9.50306  20.2541  
-9.48651  20.2053  
-9.47191  20.166  
-9.4484  20.1172  
-9.43342  20.0853  
-9.41832  20.045  
-9.40048  20.0017  
-9.40046  19.9975  
-9.38383  19.9484  
-9.39789  19.9601  
-9.38102  19.9107  
-9.40716  19.9394  
-9.40144  19.8987  
-9.43514  19.9451  
-9.42107  19.905  
-9.48201  19.9598  
-9.46692  19.9213  
-9.48134  19.9171  
-9.56247  20.0207  
-9.55121  19.9975  
-9.63715  20.0851  
-9.62425  20.0562  
-9.6536  20.0584  
-9.70625  20.1131  
-9.69793  20.0715  
-9.765  20.1458  
-9.81342  20.1751  
-9.80071  20.1223  
-9.80926  20.117  
-9.86874  20.1394  
-9.85549  20.0866  
-9.88933  20.0922  
-9.87992  20.0564  
-9.8797  20.0207  
-9.89984  20.0189  
-9.88631  19.9664  
-9.88761  19.9483  
-9.8718  19.9034  
-9.85294  19.876  
-9.83638  19.8142  
-9.80802  19.8085  
-9.79022  19.7671  
-9.76073  19.7599  
-9.73918  19.7194  
-9.69335  19.7321  
-9.67639  19.6927  
-9.63916  19.7034  
-9.62269  19.6639  
-9.5942  19.725  
-9.57638  19.6956  
-9.55654  19.689  
-9.53398  19.7673  
-9.51194  19.7316  
-9.49437  19.8087  
-9.47786  19.7735  
-9.46934  19.8546  
-9.46738  19.9006  
-9.44377  19.8711  
-9.45126  19.9479  
-9.4344  19.9264  
-9.44123  20.0053  
-9.43022  19.9722  
-9.44916  20.0497  
-9.43945  20.0204  
-9.44323  20.0261  
-9.48014  20.1171  
-9.46899  20.0848  
-9.50457  20.1975  
-9.49487  20.1561  
-9.53906  20.2854  
-9.52337  20.2401  
-9.58117  20.4477  
-9.56518  20.4016  
-9.61841  20.5635  
-9.61  20.5449  
-9.65983  20.7226  
-9.6494  20.6975  
-9.65039  20.7202  
-9.69531  20.874  
-9.67802  20.8259  
-9.67949  20.8441  
-9.68763  20.9225  
-9.67771  20.8961  
-9.68065  20.9517  
-9.66385  20.9231  
-9.65654  20.9936  
-9.64051  20.9461  
-9.62284  21.0126  
-9.60188  20.9752  
-9.59134  21.0785  
-9.56938  21.0272  
-9.55014  21.1057  
-9.54035  21.0696  
-9.5127  21.1195  
-9.49846  21.094  
-9.47568  21.0898  
-9.46238  21.1509  
-9.45201  21.1135  
-9.44082  21.2025  
-9.42426  21.1666  
-9.41299  21.1591  
-9.42883  21.2586  
-9.42295  21.234  
-9.46141  21.3535  
-9.45595  21.3248  
-9.46558  21.3433  
-9.54124  21.4818  
-9.54817  21.4625  
-9.623  21.5777  
-9.62586  21.5484  
-9.72695  21.6691  
-9.71722  21.6418  
-9.82299  21.7358  
-9.80904  21.6958  
-9.90398  21.7916  
-9.89453  21.7421  
-9.98497  21.8275  
-9.99725  21.7846  
-10.023  21.7789  
-10.1068  21.8782  
-10.0968  21.838  
-10.1666  21.8939  
-10.1637  21.8434  
-10.2233  21.9201  
-10.2186  21.893  
-10.2641  21.9375  
-10.2525  21.8896  
-10.289  21.9138  
-10.2767  21.8655  
-10.2883  21.8476  
-10.2752  21.8081  
-10.2655  21.749  
-10.2545  21.718  
-10.235  21.6408  
-10.2179  21.5435  
-10.1941  21.4872  
-10.1691  21.3963  
-10.1397  21.3215  
-10.0883  21.1937  
-10.0671  21.1248  
-10.0194  20.989  
-9.99857  20.9347  
-9.938  20.7938  
-9.9178  20.7401  
-9.86179  20.63  
-9.84221  20.5768  
-9.78168  20.4951  
-9.76279  20.4422  
-9.72652  20.384  
-9.68438  20.3565  
-9.66624  20.3036  
-9.64531  20.3224  
-9.62193  20.2914  
-9.61079  20.3678  
-9.58752  20.323  
-9.58759  20.4299  
-9.57645  20.4133  
-9.58737  20.5563  
-9.57796  20.5474  
-9.60579  20.7521  
-9.59871  20.7297  
-9.60742  20.8132  
-9.66676  21.0558  
-9.65575  21.0182  
-9.73271  21.2996  
-9.7291  21.2855  
-9.81119  21.5621  
-9.80263  21.5345  
-9.88937  21.7903  
-9.88024  21.7615  
-9.9626  22.0172  
-9.96185  21.9996  
-10.0558  22.2694  
-10.0492  22.2482  
-10.0795  22.331  
-10.1721  22.6184  
-10.1738  22.6016  
-10.2694  22.9066  
-10.2726  22.9109  
-10.3776  23.2293  
-10.3719  23.2053  
-10.4743  23.497  
-10.4754  23.5132  
-10.5772  23.8363  
-10.5643  23.7984  
-10.6683  24.1005  
-10.6705  24.1115  
-10.7729  24.4217  
-10.7749  24.4292  
-10.8902  24.7648  
-10.8824  24.7423  
-11.019  25.1359  
-11.0033  25.087  
-11.1457  25.4129  
-11.1415  25.4  
-11.298  25.7626  
-11.2893  25.7427  
-11.4785  26.1677  
-11.4724  26.1561  
-11.6512  26.5569  
-11.6606  26.5377  
-11.8885  27.0303  
-11.8997  27.0414  
-11.9907  27.2473  
-12.257  27.8263  
-12.2646  27.8331  
-12.3604  28.0383  
-12.5901  28.5644  
-12.6107  28.574  
-12.8953  29.2412  
-12.9048  29.264  
-12.9997  29.4983  
-13.241  30.0837  
-13.2683  30.1263  
-13.3505  30.3366  
-13.5816  30.9052  
-13.5802  30.9015  
-13.8213  31.5549  
-13.8421  31.6121  
-14.0336  32.1487  
-14.0279  32.1296  
-14.2514  32.8296  
-14.2537  32.8387  
-14.4156  33.3818  
-14.4065  33.3723  
-14.5789  33.9469  
-14.5733  33.9231  
-14.7239  34.4839  
-14.7201  34.4695  
-14.8809  35.033  
-14.875  35.0828  
-14.9325  35.2913  
-15.0563  35.7096  
-15.0372  35.6887  
-15.187  36.2158  
-15.1754  36.1955  
-15.3127  36.6724  
-15.3008  36.6468  
-15.4215  37.0946  
-15.4027  37.0771  
-15.5146  37.5021  
-15.4969  37.4841  
-15.576  37.9052  
-15.5673  37.8794  
-15.6159  38.2483  
-15.6071  38.2226  
-15.6396  38.5407  
-15.6194  38.4966  
-15.6409  38.7632  
-15.6232  38.7353  
-15.64  38.9988  
-15.6238  38.9726  
-15.614  39.1832  
-15.6068  39.1788  
-15.5648  39.1619  
-15.5149  39.2851  
-15.5079  39.255  
-15.4679  39.4274  
-15.4558  39.3933  
-15.3883  39.4787  
-15.3745  39.4465  
-15.3584  39.4629  
-15.2752  39.4849  
-15.214  39.3735  
-15.1411  39.3733  
-15.1153  39.3272  
-15.0558  39.2525  
-14.9508  39.1096  
-14.9349  39.0636  
-14.8608  38.9846  
-14.8407  38.9498  
-14.7288  38.7811  
-14.7103  38.7242  
-14.6209  38.5868  
-14.6032  38.5318  
-14.544  38.4178  
-14.5154  38.3302  
-14.482  38.257  
-14.446  38.111  
-14.4273  38.0537  
-14.4188  37.937  
-14.4015  37.8865  
-14.4077  37.7628  
-14.3943  37.7085  
-14.3855  37.6467  
-14.4329  37.5445  
-14.4377  37.4764  
-14.4839  37.3813  
-14.4727  37.3331  
-14.495  37.2732  
-14.5319  37.2081  
-14.5426  37.1452  
-14.5791  37.0929  
-14.5889  37.0286  
-14.5843  36.955  
-14.6154  36.8739  
-14.6204  36.8042  
-14.6391  36.7268  
-14.6265  36.6642  
-14.6569  36.5657  
-14.6442  36.5034  
-14.6728  36.3962  
-14.6563  36.3276  
-14.6838  36.238  
-14.6651  36.1862  
-14.6658  36.1273  
-14.6877  36.0604  
-14.6795  35.9998  
-14.7088  35.9745  
-14.6947  35.9226  
-14.6986  35.8608  
-14.7412  35.8638  
-14.7281  35.8317  
-14.7855  35.8684  
-14.7776  35.829  
-14.8725  35.9366  
-14.9354  36.0491  
-14.9264  36.0074  
-14.9634  36.0508  
-15.0884  36.2954  
-15.1033  36.3035  
-15.1559  36.4182  
-15.3334  36.7799  
-15.3258  36.7467  
-15.534  37.2522  
-15.5251  37.2155  
-15.7393  37.7062  
-15.9337  38.1495  
-15.9302  38.1313  
-16.025  38.3456  
-16.2785  38.9634  
-16.2808  38.9639  
-16.581  39.683  
-16.5921  39.6827  
-16.8833  40.3752  
-16.883  40.3697  
-16.9713  40.5777  
-17.252  41.2689  
-17.2504  41.2598  
-17.5527  41.998  
-17.5518  41.9954  
-17.8136  42.6586  
-17.8152  42.662  
-18.124  43.4763  
-18.1479  43.5223  
-18.2339  43.733  
-18.5362  44.5329  
-18.5413  44.548  
-18.8119  45.2  
-18.8189  45.1971  
-19.1143  45.9907  
-19.1218  45.9842  
-19.4166  46.7485  
-19.4205  46.7591  
-19.734  47.5357  
-19.7716  47.6195  
-20.0534  48.2806  
-20.0789  48.3251  
-20.1875  48.6136  
-20.4882  49.4126  
-20.6543  49.8606  
-20.6517  49.8485  
-20.9137  50.5341  
-20.9112  50.5216  
-21.1394  51.1779  
-21.1398  51.1757  
-21.3845  51.9118  
-21.3921  51.9314  
-21.459  52.1379  
-21.6588  52.7675  
-21.663  52.7841  
-21.7381  52.9949  
-21.932  53.6083  
-21.928  53.6679  
-22.0944  54.2432  
-22.094  54.2275  
-22.1382  54.4137  
-22.3375  55.1214  
-22.3334  55.1137  
-22.4705  55.693  
-22.4709  55.7011  
-22.5142  55.9069  
-22.6551  56.4899  
-22.654  56.4842  
-22.7827  56.9762  
-22.7771  56.9539  
-22.8865  57.5009  
-22.8906  57.521  
-22.9784  57.88  
-22.9852  57.904  
-23.034  58.0376  
-23.1261  58.4076  
-23.1136  58.3809  
-23.1927  58.7  
-23.1835  58.6592  
-23.2475  58.9059  
-23.2392  58.8671  
-23.2961  59.1105  
-23.2838  59.0827  
-23.3346  59.312  
-23.3174  59.2677  
-23.3182  59.3067  
-23.3278  59.4153  
-23.2999  59.3289  
-23.299  59.4339  
-23.2736  59.37  
-23.2779  59.4514  
-23.2645  59.4151  
-23.2734  59.4885  
-23.2609  59.4546  
-23.2771  59.5048  
-23.299  59.6158  
-23.2872  59.5838  
-23.3604  59.808  
-23.3487  59.7764  
-23.4321  59.9946  
-23.4187  59.9586  
-23.5261  60.2372  
-23.5255  60.2221  
-23.6412  60.541  
-23.6368  60.5055  
-23.7541  60.797  
-23.7504  60.7604  
-23.898  61.0871  
-23.8926  61.0587  
-23.9391  61.1729  
-24.1181  61.5297  
-24.1041  61.4964  
-24.2992  61.9158  
-24.2894  61.8729  
-24.3332  61.9699  
-24.5115  62.3237  
-24.5403  62.3481  
-24.7144  62.7137  
-24.7292  62.7286  
-24.7972  62.8692  
-24.9776  63.2496  
-24.9711  63.2223  
-25.137  63.5969  
-25.1275  63.5631  
-25.3067  63.9967  
-25.2995  63.9682  
-25.3543  64.1052  
-25.5165  64.5461  
-25.5187  64.5403  
-25.6465  64.9466  
-25.6393  64.9167  
-25.7561  65.3067  
-25.7441  65.2852  
-25.8985  65.774  
-25.8917  65.7426  
-26.0432  66.2285  
-26.0315  66.2052  
-26.0834  66.3479  
-26.2221  66.7601  
-26.2184  66.7335  
-26.4179  67.2855  
-26.4062  67.2608  
-26.6257  67.8147  
-26.6212  67.7916  
-26.8553  68.3481  
-26.8657  68.3467  
-27.1148  68.8917  
-27.1285  68.9265  
-27.4062  69.4869  
-27.4059  69.4791  
-27.6929  70.0456  
-27.715  70.075  
-27.9763  70.5999  
-27.9838  70.6051  
-28.0787  70.7814  
-28.2968  71.1971  
-28.292  71.1776  
-28.5182  71.6532  
-28.5312  71.6791  
-28.6888  72.0628  
-28.6842  72.044  
-28.8342  72.384  
-28.8301  72.3664  
-28.9748  72.6976  
-28.9522  72.6312  
-29.1045  72.9981  
-29.1017  72.9945  
-29.1376  73.0815  
-29.2917  73.4847  
-29.2826  73.4497  
-29.4495  73.8407  
-29.4386  73.8202  
-29.4944  73.9475  
-29.6548  74.3563  
-29.6463  74.322  
-29.8377  74.8493  
-29.8292  74.8141  
-29.9716  75.1655  
-29.9632  75.1391  
-30.0956  75.4644  
-30.0906  75.4582  
-30.2218  75.8035  
-30.2088  75.7655  
-30.2829  75.9626  
-30.2625  75.9192  
-30.3156  76.0246  
-30.2953  75.9812  
-30.3507  76.1628  
-30.3391  76.114  
-30.3906  76.2667  
-30.3734  76.2307  
-30.3807  76.2661  
-30.3903  76.3074  
-30.377  76.2682  
-30.3905  76.3416  
-30.3799  76.3012  
-30.3794  76.3151  
-30.3769  76.4076  
-30.3415  76.3147  
-30.3321  76.3778  
-30.3101  76.3103  
-30.2952  76.2972  
-30.3167  76.4246  
-30.3061  76.3964  
-30.339  76.5111  
-30.3156  76.4673  
-30.3534  76.5927  
-30.3339  76.5403  
-30.3997  76.6873  
-30.3843  76.6485  
-30.386  76.6467  
-30.4266  76.7783  
-30.4096  76.7316  
-30.4473  76.8594  
-30.4305  76.8131  
-30.454  76.8961  
-30.4395  76.8601  
-30.4372  76.8692  
-30.4632  77.0055  
-30.4492  76.9696  
-30.4771  77.1124  
-30.4606  77.0663  
-30.4594  77.0703  
-30.5039  77.193  
-30.485  77.1422  
-30.543  77.2673  
-30.5263  77.2211  
-30.6064  77.3843  
-30.587  77.3334  
-30.6787  77.4434  
-30.6656  77.3959  
-30.6814  77.4068  
-30.7647  77.4899  
-30.8087  77.5142  
-30.7965  77.4735  
-30.8176  77.4758  
-30.8855  77.5515  
-30.8796  77.5328  
-30.9044  77.5244  
-30.9828  77.6583  
-30.9754  77.6268  
-31.074  77.752  
-31.0519  77.7039  
-31.1382  77.8508  
-31.1303  77.8193  
-31.2313  77.988  
-31.2231  77.9552  
-31.3494  78.1803  
-31.3405  78.148  
-31.4546  78.3663  
-31.4492  78.3336  
-31.5782  78.6185  
-31.5749  78.6064  
-31.7157  78.9245  
-31.7175  78.9309  
-31.8443  79.2656  
-31.8638  79.3027  
-32.0066  79.671  
-31.9941  79.6304  
-32.1756  80.1193  
-32.1711  80.0989  
-32.3662  80.6196  
-32.3488  80.5837  
-32.5138  81.0323  
-32.5182  81.0239  
-32.5708  81.1714  
-32.7092  81.6037  
-32.7012  81.5782  
-32.835  82.0238  
-32.8298  81.9962  
-32.9621  82.4403  
-32.9522  82.4197  
-33.0491  82.7282  
-33.0398  82.7079  
-33.1548  83.0669  
-33.1476  83.0435  
-33.2938  83.4632  
-33.2978  83.4927  
-33.3547  83.6288  
-33.4927  83.994  
-33.4872  83.9868  
-33.6263  84.3153  
-33.6155  84.2901  
-33.7504  84.6155  
-33.7487  84.6125  
-33.7966  84.7297  
-33.953  85.0832  
-33.9441  85.067  
-34.1073  85.3873  
-34.0916  85.3454  
-34.2437  85.6621  
-34.2354  85.6419  
-34.437  86.0524  
-34.4282  86.0316  
-34.6043  86.4267  
-34.6005  86.3977  
-34.7662  86.7354  
-34.7471  86.6882  
-34.8838  86.9944  
-34.8757  86.9433  
-35.0471  87.3348  
-35.051  87.3257  
-35.1774  87.6366  
-35.1709  87.596  
-35.2951  87.8301  
-35.2904  87.8137  
-35.3036  87.8281  
-35.4092  88.0314  
-35.3928  87.9904  
-35.5305  88.2871  
-35.5191  88.2638  
-35.6266  88.4324  
-35.6183  88.4151  
-35.6479  88.4708  
-35.7731  88.6986  
-35.8265  88.7852  
-35.8151  88.7565  
-35.8435  88.8303  
-35.9689  89.0898  
-36.0187  89.1781  
-36.0031  89.1411  
-36.0308  89.1694  
-36.0975  89.2608  
-36.0853  89.2107  
-36.1241  89.2494  
-36.1185  89.2208  
-36.1287  89.2392  
-36.1133  89.1256  
-36.0914  89.0732  
-36.0962  89.0284  
-36.075  88.9781  
-36.0446  88.8602  
-36.0162  88.7902  
-36.0142  88.7503  
-35.9726  88.6499  
-35.9657  88.5719  
-35.9421  88.4866  
-35.9259  88.4191  
-35.9162  88.328  
-35.8998  88.2749  
-35.9125  88.1718  
-35.8908  88.1273  
-35.9025  87.998  
-35.8879  87.9512  
-35.8971  87.855  
-35.8741  87.7794  
-35.8669  87.7209  
-35.8909  87.6119  
-35.865  87.5355  
-35.9018  87.4699  
-35.8763  87.4007  
-35.9057  87.3436  
-35.8914  87.2848  
-35.8792  87.2289  
-35.908  87.1526  
-35.8818  87.0852  
-35.8975  87.0114  
-35.884  86.9591  
-35.8818  86.915  
-35.8563  86.8486  
-35.8458  86.7966  
-35.82  86.729  
-35.8109  86.7331  
-35.7924  86.6884  
-35.8049  86.7818  
-35.7883  86.7409  
-35.7904  86.8347  
-35.7658  86.7858  
-35.7762  86.9058  
-35.7501  86.8362  
-35.733  86.849  
-35.7605  86.984  
-35.7344  86.9125  
-35.7452  87.0261  
-35.7269  86.9757  
-35.7827  87.1585  
-35.7643  87.1069  
-35.8056  87.2533  
-35.7882  87.2191  
-35.7985  87.2565  
-35.8345  87.4268  
-35.8157  87.3722  
-35.8354  87.4844  
-35.8114  87.4363  
-35.8372  87.5842  
-35.8133  87.5353  
-35.8288  87.6686  
-35.8122  87.6274  
-35.8162  87.6701  
-35.8582  87.8591  
-35.8479  87.8237  
-35.9238  88.0394  
-35.908  88.0101  
-35.995  88.279  
-35.971  88.2261  
-36.0511  88.4735  
-36.0349  88.4418  
-36.1088  88.6601  
-36.0848  88.6207  
-36.1279  88.7645  
-36.0986  88.7039  
-36.1247  88.8309  
-36.1039  88.7788  
-36.1077  88.7818  
-36.1197  88.89  
-36.1016  88.8288  
-36.1465  88.9388  
-36.1232  88.8849  
-36.1591  88.9498  
-36.2062  89.0698  
-36.1852  89.0267  
-36.2004  89.0529  
-36.2663  89.2723  
-36.256  89.2331  
-36.3539  89.4933  
-36.338  89.4601  
-36.4216  89.747  
-36.4074  89.7203  
-36.5282  90.079  
-36.5117  90.0424  
-36.5292  90.0672  
-36.6457  90.3828  
-36.6288  90.3449  
-36.7549  90.6626  
-36.7425  90.6196  
-36.8561  90.9062  
-36.8461  90.8685  
-36.9517  91.1065  
-36.9259  91.0443  
-37.0109  91.2337  
-36.996  91.2206  
-37.0147  91.2469  
-37.0458  91.2951  
-37.0255  91.2275  
-37.036  91.1843  
-37.0167  91.1222  
-36.992  91.0649  
-36.9632  90.9993  
-36.9302  90.9055  
-36.8899  90.8189  
-36.8613  90.7724  
-36.8294  90.7001  
-36.7652  90.6338  
-36.6841  90.523  
-36.6544  90.4507  
-36.5934  90.3632  
-36.521  90.2768  
-36.4477  90.1943  
-36.4195  90.1245  
-36.3445  90.0332  
-36.306  89.9591  
-36.2656  89.8837  
-36.2326  89.82  
-36.199  89.7528  
-36.1763  89.7367  
-36.1568  89.6903  
-36.1484  89.6971  
-36.1208  89.6296  
-36.1066  89.5988  
-36.1159  89.6263  
-36.1251  89.6412  
-36.1048  89.5956  
-36.0864  89.5614  
-36.1222  89.6552  
-36.1133  89.5949  
-36.1659  89.7405  
-36.1421  89.6894  
-36.1461  89.7057  
-36.2042  89.8672  
-36.1844  89.8072  
-36.2456  89.9509  
-36.2229  89.9015  
-36.3086  90.1171  
-36.2975  90.1041  
-36.3161  90.1731  
-36.3874  90.3931  
-36.3699  90.3564  
-36.4561  90.5999  
-36.4453  90.5836  
-36.4734  90.6643  
-36.5817  91.0136  
-36.5569  90.9574  
-36.6656  91.3209  
-36.7409  91.5242  
-36.7327  91.507  
-36.7433  91.5414  
-36.8257  91.7969  
-36.8204  91.8041  
-36.8874  92.065  
-36.8712  92.0504  
-36.8806  92.0966  
-36.9627  92.3164  
-36.9466  92.2795  
-37.0414  92.5555  
-37.0232  92.5143  
-37.1538  92.8951  
-37.1354  92.8526  
-37.2952  93.254  
-37.2941  93.2556  
-37.3455  93.3648  
-37.5125  93.8259  
-37.4928  93.7794  
-37.6466  94.1703  
-37.759  94.472  
-37.7339  94.4324  
-37.7709  94.5453  
-37.8858  94.8784  
-37.869  94.8707  
-37.9592  95.1483  
-37.9339  95.1039  
-37.9864  95.3084  
-37.9825  95.353  
-37.9581  95.31  
-37.9314  95.2983  
-37.9462  95.3526  
-37.9168  95.2919  
-37.9501  95.3954  
-37.9008  95.2822  
-37.9621  95.4898  
-37.9233  95.4044  
-38.0029  95.6055  
-37.9807  95.568  
-38.0529  95.7553  
-38.0361  95.7121  
-38.099  95.8053  
-38.0762  95.7567  
-38.1642  95.9836  
-38.1461  95.9453  
-38.227  96.0232  
-38.2043  95.9876  
-38.2232  96.0218  
-38.3335  96.1841  
-38.4016  96.286  
-38.3869  96.2488  
-38.4041  96.2872  
-38.504  96.4423  
-38.4829  96.4104  
-38.5607  96.5302  
-38.5475  96.485  
-38.6116  96.5507  
-38.5843  96.4885  
-38.6093  96.5077  
-38.5904  96.4479  
-38.5758  96.3774  
-38.5682  96.343  
-38.5331  96.2614  
-38.5191  96.1353  
-38.4843  96.0558  
-38.4493  95.8856  
-38.4149  95.8087  
-38.3818  95.7285  
-38.3118  95.4973  
-38.2828  95.4402  
-38.2101  95.2052  
-38.1823  95.1286  
-38.13  94.9744  
-38.0969  94.9046  
-38.0634  94.7955  
-38.0304  94.7269  
-38.014  94.6696  
-37.981  94.6016  
-37.9786  94.5653  
-37.9573  94.5056  
-37.9388  94.4454  
-37.9322  94.4058  
-37.9158  94.3561  
-37.9157  94.3162  
-37.8875  94.2441  
-37.8767  94.1654  
-37.8426  94.099  
-37.8363  94.032  
-37.8076  93.9609  
-37.7956  93.882  
-37.7667  93.8114  
-37.7309  93.7038  
-37.702  93.6337  
-37.6648  93.5335  
-37.6429  93.4701  
-37.607  93.377  
-37.5769  93.3092  
-37.5412  93.2312  
-37.5034  93.1406  
-37.4701  93.0752  
-37.4367  93.0093  
-37.4024  92.9333  
-37.3813  92.8866  
-37.3563  92.843  
-37.3269  92.774  
-37.3264  92.7853  
-37.2968  92.7159  
-37.3138  92.7741  
-37.2931  92.724  
-37.284  92.7387  
-37.3116  92.84  
-37.2844  92.7912  
-37.3267  92.9262  
-37.2988  92.8805  
-37.3626  93.1062  
-37.3398  93.0534  
-37.4067  93.303  
-37.3854  93.2659  
-37.3829  93.288  
-37.4558  93.5977  
-37.4321  93.5396  
-37.5168  93.8863  
-37.4872  93.8307  
-37.5008  93.8955  
-37.594  94.2089  
-37.5779  94.1689  
-37.6515  94.4209  
-37.627  94.3574  
-37.7015  94.6019  
-37.6772  94.5857  
-37.7573  94.7836  
-37.7419  94.7482  
-37.8034  94.8531  
-37.7878  94.8181  
-37.7908  94.8185  
-37.8396  94.9072  
-37.8233  94.8656  
-37.8999  94.9681  
-37.875  94.9036  
-37.9393  94.9599  
-37.9163  94.8985  
-37.9948  94.9513  
-37.9766  94.8863  
-37.9983  94.897  
-38.0804  94.9646  
-38.0697  94.8918  
-38.1906  95.0569  
-38.1686  94.9997  
-38.1793  94.9714  
-38.2659  95.0881  
-38.2466  95.0243  
-38.3069  95.0777  
-38.2772  94.9946  
-38.2698  94.9566  
-38.3056  94.9584  
-38.2698  94.8738  
-38.2902  94.8488  
-38.2631  94.7889  
-38.2546  94.6879  
-38.2331  94.6406  
-38.2321  94.6358  
-38.2545  94.6216  
-38.2263  94.5602  
-38.2621  94.6013  
-38.2325  94.533  
-38.2204  94.509  
-38.2202  94.4968  
-38.1992  94.4473  
-38.1996  94.4304  
-38.178  94.369  
-38.138  94.2949  
-38.1088  94.2323  
-38.0889  94.192  
-38.0404  94.0901  
-38.0288  94.0628  
-37.9945  93.9812  
-37.9622  93.9354  
-37.9376  93.8826  
-37.9092  93.8171  
-37.8762  93.7411  
-37.8655  93.7028  
-37.8326  93.627  
-37.8348  93.6158  
-37.8103  93.5636  
-37.8198  93.5804  
-37.7926  93.5203  
-37.785  93.4729  
-37.8109  93.5085  
-37.7773  93.4319  
-37.8082  93.4643  
-37.7744  93.3873  
-37.7816  93.4054  
-37.7601  93.3447  
-37.7508  93.3146  
-37.7169  93.2378  
-37.6846  93.1908  
-37.6506  93.1395  
-37.6017  93.071  
-37.5629  93  
-37.5174  92.9216  
-37.4547  92.84  
-37.4252  92.7884  
-37.3542  92.6986  
-37.3174  92.6248  
-37.274  92.5708  
-37.2067  92.5389  
-37.1712  92.4526  
-37.1344  92.4315  
-37.0918  92.4316  
-37.06  92.3855  
-37.0246  92.3471  
-36.9968  92.4337  
-36.9572  92.3617  
-36.9363  92.4194  
-36.9087  92.3679  
-36.8885  92.3649  
-36.8758  92.4481  
-36.8482  92.3979  
-36.8536  92.4942  
-36.8277  92.4447  
-36.8415  92.5651  
-36.824  92.5228  
-36.8527  92.6346  
-36.8243  92.5811  
-36.8342  92.679  
-36.8137  92.6521  
-36.7856  92.6672  
-36.8204  92.8123  
-36.7918  92.7564  
-36.7787  92.8485  
-36.7548  92.8066  
-36.7582  92.9019  
-36.73  92.8451  
-36.7142  92.8326  
-36.7394  93.0799  
-36.706  93.0543  
-36.7979  93.302  
-36.7822  93.2765  
-36.8005  93.3787  
-36.9357  93.7024  
-36.9443  93.7474  
-37.1176  94.1466  
-37.1178  94.1828  
-37.3551  94.6161  
-37.3458  94.5906  
-37.5951  95.0009  
-37.5758  94.9499  
-37.7652  95.1625  
-37.7486  95.1063  
-37.7898  95.1051  
-37.8904  95.1762  
-37.8791  95.0799  
-37.9405  95.0128  
-37.9139  94.9413  
-37.8977  94.8789  
-37.8592  94.5724  
-37.8325  94.5085  
-37.828  94.3258  
-37.7911  94.234  
-37.7669  94.1265  
-37.7539  93.9559  
-37.7176  93.8726  
-37.7026  93.7232  
-37.6739  93.6581  
-37.6491  93.5687  
-37.6583  93.5272  
-37.6266  93.4226  
-37.6265  93.3676  
-37.588  93.2909  
-37.5888  93.2626  
-37.618  93.2784  
-37.58  93.1875  
-37.617  93.2255  
-37.5813  93.147  
-37.5632  93.0922  
-37.581  93.0963  
-37.5538  93.0415  
-37.5436  92.993  
-37.5084  92.9161  
-37.4778  92.8769  
-37.4427  92.8  
-37.4003  92.7269  
-37.3582  92.6493  
-37.319  92.5737  
-37.2464  92.4746  
-37.185  92.3545  
-37.1517  92.2803  
-37.0961  92.2181  
-37.0633  92.1442  
-37.023  92.0596  
-36.9916  91.9985  
-36.959  91.925  
-36.9481  91.8999  
-36.9245  91.8519  
-36.9413  91.8774  
-36.9169  91.8267  
-36.9478  91.8841  
-36.9227  91.832  
-36.9718  91.9275  
-36.9529  91.8865  
-37.0295  92.0572  
-37.0035  92.0029  
-37.0887  92.1855  
-37.0536  92.1058  
-37.071  92.1454  
-37.1326  92.2927  
-37.1055  92.2352  
-37.1605  92.3529  
-37.1246  92.2709  
-37.1601  92.3549  
-37.1328  92.2965  
-37.1306  92.271  
-37.1007  92.2021  
-37.0717  92.1422  
-37.0319  91.9996  
-36.997  91.9201  
-36.9374  91.7428  
-36.8973  91.6695  
-36.8499  91.5216  
-36.8189  91.4737  
-36.797  91.518  
-36.7635  91.4474  
-36.7884  91.5593  
-36.7636  91.5062  
-36.8316  91.7548  
-36.8066  91.748  
-36.899  91.9857  
-36.8735  91.9284  
-36.9592  92.1881  
-36.9444  92.2238  
-37.0309  92.428  
-37.0208  92.3771  
-37.0851  92.5956  
-37.0525  92.5367  
-37.0968  92.5815  
-37.0609  92.4974  
-37.0353  92.4729  
-37.0079  92.4128  
-36.9592  92.186  
-36.9222  92.103  
-36.8472  91.8486  
-36.8126  91.7583  
-36.7534  91.5726  
-36.6693  91.2921  
-36.615  91.1675  
-36.5102  90.862  
-36.4683  90.7312  
-36.3617  90.4315  
-36.3308  90.3621  
-36.252  90.14  
-36.2135  90.0468  
-36.1484  89.8618  
-36.1179  89.7951  
-36.0952  89.7045  
-36.0687  89.6302  
-36.042  89.5936  
-36.0211  89.5377  
-36.0247  89.5865  
-36.0013  89.5417  
-36.0096  89.6191  
-35.9782  89.5499  
-36.0006  89.6605  
-35.963  89.5937  
-35.9504  89.5879  
-35.9427  89.6659  
-35.9109  89.5939  
-35.8995  89.7043  
-35.8678  89.6305  
-35.8515  89.7396  
-35.8229  89.6864  
-35.8009  89.6632  
-35.783  89.7292  
-35.7543  89.6803  
-35.7191  89.7612  
-35.6823  89.6883  
-35.6358  89.7365  
-35.6016  89.6653  
-35.5834  89.6979  
-35.5473  89.6247  
-35.509  89.7236  
-35.4703  89.6719  
-35.4636  89.7734  
-35.4587  89.9202  
-35.509  90.1178  
-35.482  90.0641  
-35.4891  90.1275  
-35.5286  90.2148  
-35.5021  90.2022  
-35.5431  90.4225  
-35.5113  90.3539  
-35.5133  90.3099  
-35.4915  90.1844  
-35.4536  90.1046  
-35.4047  89.8855  
-35.3746  89.8004  
-35.3249  89.6292  
-35.2505  89.3747  
-35.2136  89.2841  
-35.1855  89.0905  
-35.1517  88.9181  
-35.1636  88.8815  
-35.1285  88.8137  
-35.225  88.8717  
-35.1948  88.7998  
-35.2846  88.9485  
-35.2746  88.9241  
-35.3731  89.0884  
-35.3761  89.0948  
-35.4609  89.2557  
-35.4687  89.2902  
-35.5359  89.3577  
-35.5298  89.3207  
-35.5309  89.312  
-35.5582  89.3653  
-35.5397  89.3207  
-35.5396  89.2672  
-35.5141  89.213  
-35.4599  89.087  
-35.4328  89.025  
-35.3832  88.8974  
-35.3353  88.777  
-35.2948  88.6755  
-35.199  88.4444  
-35.1608  88.3713  
-35.1051  88.2362  
-35.0332  88.1039  
-35.0024  88.0341  
-34.9394  87.9114  
-34.9035  87.846  
-34.8548  87.7922  
-34.8284  87.7488  
-34.8192  87.756  
-34.7985  87.708  
-34.78  87.699  
-34.7985  87.7584  
-34.777  87.7078  
-34.7789  87.7205  
-34.8129  87.8385  
-34.7925  87.7918  
-34.8403  87.9314  
-34.811  87.8778  
-34.8672  88.0462  
-34.8513  88.0235  
-34.8424  88.0558  
-34.9456  88.4468  
-34.9298  88.4398  
-35.0423  88.7556  
-35.0181  88.698  
-35.0312  88.7376  
-35.1052  88.932  
-35.0752  88.8765  
-35.1392  89.0646  
-35.1089  89.0081  
-35.1237  88.9901  
-35.0933  88.9345  
-35.0648  88.8136  
-35.0332  88.7453  
-35.0009  88.6759  
-34.9142  88.3898  
-34.8554  88.2053  
-34.8185  88.1241  
-34.7777  87.9807  
-34.7165  87.7289  
-34.6868  87.6518  
-34.6591  87.5159  
-34.6305  87.3812  
-34.6123  87.2839  
-34.6096  87.1891  
-34.5796  87.1188  
-34.5542  87.054  
-34.5541  87.0344  
-34.5181  86.9676  
-34.4994  86.9415  
-34.4728  86.8948  
-34.4422  86.881  
-34.4206  86.8332  
-34.3823  86.7947  
-34.3363  86.7433  
-34.2904  86.6779  
-34.2559  86.6981  
-34.2286  86.6311  
-34.1958  86.6313  
-34.1971  86.89  
-34.1583  86.871  
-34.1951  87.1019  
-34.1688  87.0551  
-34.2982  87.5726  
-34.3381  87.7654  
-34.324  87.7495  
-34.4217  88.03  
-34.4218  88.1442  
-34.4363  88.2087  
-34.5294  88.4093  
-34.5094  88.3517  
-34.5234  88.4634  
-34.4975  88.4094  
-34.4512  88.3143  
-34.4192  88.2455  
-34.3788  88.1435  
-34.2836  87.9668  
-34.2128  87.8154  
-34.0969  87.5991  
-34.0711  87.5687  
-34.0523  87.6248  
-33.9661  87.5452  
-33.9286  87.477  
-33.9304  87.588  
-33.905  87.5321  
-33.8866  87.5204  
-33.8949  87.6213  
-33.8704  87.6144  
-33.8467  87.6499  
-33.8088  87.5792  
-33.772  87.4308  
-33.7404  87.3591  
-33.6466  87.1888  
-33.6137  87.1128  
-33.5651  87.0232  
-33.4049  86.6645  
-33.3666  86.5745  
-33.2343  86.2767  
-33.1909  86.1925  
-33.1022  85.9955  
-33.0565  85.8712  
-32.9702  85.6738  
-32.9339  85.5938  
-32.8972  85.5029  
-32.8493  85.3336  
-32.8101  85.2691  
-32.7812  85.2104  
-32.7427  85.1383  
-32.7287  85.1496  
-32.6989  85.0938  
-32.6812  85.1256  
-32.6515  85.0653  
-32.6425  85.1262  
-32.6125  85.0647  
-32.59  85.1194  
-32.5683  85.0812  
-32.5587  85.0917  
-32.5321  85.0481  
-32.5072  85.0272  
-32.4914  85.0463  
-32.4646  84.9778  
-32.4522  84.9612  
-32.4212  84.897  
-32.3991  84.8598  
-32.3764  84.8194  
-32.3639  84.775  
-32.3326  84.7107  
-32.3206  84.7071  
-32.3198  84.8612  
-32.3023  84.8392  
-32.3141  84.9073  
-32.3415  85.0349  
-32.3179  84.9901  
-32.3943  85.2639  
-32.3839  85.2977  
-32.4596  85.5154  
-32.4523  85.5775  
-32.4564  85.6434  
-32.5194  85.8681  
-32.4943  85.8161  
-32.5955  86.1172  
-32.5667  86.0747  
-32.6392  86.3127  
-32.6217  86.2815  
-32.669  86.343  
-32.6514  86.2929  
-32.6467  86.2463  
-32.7007  86.1493  
-32.7145  86.0399  
-32.6893  85.9747  
-32.6857  85.8702  
-32.7393  85.7647  
-32.7122  85.7167  
-32.7682  85.6754  
-32.7387  85.6022  
-32.7382  85.5938  
-32.7534  85.5898  
-32.7309  85.5304  
-32.7107  85.4572  
-32.6924  85.414  
-32.6625  85.3471  
-32.6068  85.2036  
-32.5717  85.0806  
-32.5043  84.8999  
-32.4522  84.7871  
-32.413  84.7045  
-32.3446  84.5006  
-32.3001  84.3775  
-32.2495  84.2664  
-32.2193  84.1971  
-32.1662  84.055  
-32.1378  84.0058  
-32.1149  83.969  
-32.0808  83.8945  
-32.0651  83.8819  
-32.0404  83.823  
-32.0176  83.8436  
-31.991  83.7805  
-31.9647  83.8012  
-31.9358  83.7522  
-31.9046  83.7636  
-31.8806  83.7259  
-31.8396  83.699  
-31.8073  83.6374  
-31.7572  83.6076  
-31.7235  83.5495  
-31.6725  83.5029  
-31.635  83.4439  
-31.5939  83.373  
-31.5188  83.2979  
-31.4763  83.213  
-31.3912  83.1028  
-31.3609  83.0427  
-31.3205  82.9571  
-31.2343  82.8128  
-31.2101  82.7514  
-31.1306  82.6049  
-31.0889  82.5258  
-31.0223  82.4096  
-30.9912  82.3552  
-30.9539  82.2925  
-30.9183  82.2396  
-30.8891  82.1822  
-30.8719  82.1764  
-30.8462  82.1184  
-30.8376  82.1499  
-30.8139  82.089  
-30.8205  82.172  
-30.7905  82.1123  
-30.8137  82.2006  
-30.7903  82.1503  
-30.8172  82.3008  
-30.8031  82.2631  
-30.8424  82.433  
-30.8246  82.4241  
-30.8315  82.4597  
-30.8938  82.6548  
-30.8701  82.6119  
-30.9343  82.8036  
-30.919  82.7717  
-31.0254  83.0488  
-31.011  83.0385  
-31.1367  83.4506  
-31.1195  83.4243  
-31.2671  83.8717  
-31.2552  83.8402  
-31.2931  83.9748  
-31.4295  84.3443  
-31.4144  84.2866  
-31.4952  84.4794  
-31.4716  84.4217  
-31.4482  84.3692  
-31.4183  84.1706  
-31.3775  84.0188  
-31.3143  83.8224  
-31.1758  83.4199  
-31.1297  83.2575  
-30.9233  82.6411  
-30.8749  82.5306  
-30.7721  82.2641  
-30.5959  81.748  
-30.558  81.6681  
-30.4184  81.2691  
-30.3906  81.1942  
-30.2446  80.7455  
-30.208  80.672  
-30.1349  80.4509  
-30.0984  80.3787  
-30.0604  80.2998  
-30.0362  80.2372  
-30.0212  80.2085  
-30.021  80.305  
-30.0226  80.3665  
-29.9931  80.3141  
-29.9939  80.3504  
-30.0257  80.5246  
-30.0094  80.5262  
-30.0513  80.7194  
-30.0443  80.7333  
-30.0941  80.9599  
-30.128  81.1324  
-30.1106  81.0907  
-30.1305  81.1697  
-30.1898  81.3756  
-30.1778  81.3618  
-30.2323  81.5137  
-30.2079  81.4703  
-30.2572  81.5939  
-30.2318  81.5376  
-30.2376  81.5659  
-30.2715  81.636  
-30.2644  81.6338  
-30.2315  81.5657  
-30.2174  81.5322  
-30.2568  81.6883  
-30.3014  81.8824  
-30.2969  81.8938  
-30.351  82.0992  
-30.4992  82.5323  
-30.4882  82.5036  
-30.7017  82.9953  
-30.7032  82.9887  
-30.7632  83.1303  
-30.9558  83.5271  
-30.946  83.4895  
-31.0434  83.624  
-31.0588  83.6085  
-31.111  83.5404  
-31.0918  83.4837  
-31.081  83.4346  
-31.0482  83.1954  
-30.9976  83.0371  
-30.9148  82.6718  
-30.8834  82.5869  
-30.8037  82.3157  
-30.7218  81.9989  
-30.6738  81.8267  
-30.6116  81.6039  
-30.5448  81.3328  
-30.4925  81.1197  
-30.4668  81.0622  
-30.4179  80.905  
-30.4007  80.873  
-30.3696  80.82  
-30.3612  80.8509  
-30.3439  80.8169  
-30.3377  80.903  
-30.3144  80.8683  
-30.3063  80.9012  
-30.3068  81.0005  
-30.2841  81.0002  
-30.2801  81.1245  
-30.263  81.0859  
-30.2509  81.1731  
-30.2338  81.1333  
-30.217  81.2142  
-30.1859  81.1519  
-30.1611  81.152  
-30.1213  81.1604  
-30.099  81.1214  
-30.0622  81.2516  
-30.0487  81.2355  
-30.1004  81.6944  
-30.0865  81.6908  
-30.1087  81.7793  
-30.2302  82.2042  
-30.2283  82.2725  
-30.3815  82.7373  
-30.3665  82.7092  
-30.5005  83.1007  
-30.4848  83.0697  
-30.5882  83.2654  
-30.5698  83.2086  
-30.5849  83.1905  
-30.5991  83.2148  
-30.5748  83.1613  
-30.5431  83.0962  
-30.4987  82.9656  
-30.4433  82.8272  
-30.4095  82.7576  
-30.3656  82.7659  
-30.3393  82.7045  
-30.3157  82.6617  
-30.3257  82.5907  
-30.3045  82.546  
-30.3045  82.4622  
-30.2833  82.419  
-30.2644  82.314  
-30.2412  82.2465  
-30.1751  82.0404  
-30.146  81.9151  
