-1574.26  546.742
546.742  -475.732
-1565.1  555.774
555.774  -484.874
-1531.53  586.521
586.521  -518.435
-1381.33  688.163
688.163  -668.595
-1199.24  755.115
755.115  -850.687
-1003.57  774.683
774.683  -1046.38
-857.645  756.697
756.697  -1192.31
-656.716  681.882
681.882  -1393.21
-456.182  526.351
526.351  -1593.69
-311.3  302.067
302.067  -1738.49
-250.026  6.40054
6.40054  -1799.7
-312.703  -305.358
-305.358  -1737.06
-600.377  -648.289
-648.289  -1449.51
-1267.63  -736.001
-736.001  -782.314
-1559.78  -560.875
-560.875  -490.178
-1385.75  -685.899
-685.899  -664.225
-1559.86  -560.818
-560.818  -490.114
-1745.84  -284.087
-284.087  -303.953
-1787.5  -138.612
-138.612  -262.496
-1781.08  -170.195
-170.195  -268.919
-1780.26  -173.782
-173.782  -269.735
