0.381621  0.924319
0.924319  -0.381621
0.389274  0.921122
0.921122  -0.389274
0.416158  0.909292
0.909292  -0.416158
0.519687  0.854357
0.854357  -0.519687
0.622541  0.782587
0.782587  -0.622541
0.716806  0.697273
0.697273  -0.716806
0.779718  0.626131
0.626131  -0.779718
0.858831  0.512259
0.512259  -0.858831
0.931112  0.364734
0.364734  -0.931112
0.980024  0.198881
0.198881  -0.980024
0.999991  0.00413013
0.00413013  -0.999991
0.979561  -0.201147
0.201147  0.979561
0.879735  -0.475465
0.475465  0.879735
0.586039  -0.810283
0.810283  0.586039
0.393646  -0.919262
0.919262  0.393646
0.516959  -0.85601
0.85601  0.516959
0.393592  -0.919285
0.919285  0.393592
0.186583  -0.982439
0.982439  0.186583
0.0897898  -0.995961
0.995961  0.0897898
0.110479  -0.993878
0.993878  0.110479
0.112838  -0.993613
0.993613  0.112838
