-0.0467691  0.150592  -0.08  -0.04  0.00164043
-0.0323558  0.185502  -0.0751956  -0.0283634  0.00207902
-0.0176341  0.220337  -0.0702884  -0.0167517  0.00278737
-0.0018927  0.254732  -0.0650414  -0.00528703  0.00397407
0.0177616  0.287043  -0.05849  0.00548331  0.0038079
0.0412737  0.3166  -0.0506527  0.0153354  0.002994
0.0683366  0.342925  -0.0416318  0.0241105  0.00306812
0.097807  0.36659  -0.0318085  0.0319989  0.00385625
0.130154  0.385884  -0.0210262  0.0384301  0.00507902
0.165333  0.399664  -0.00930012  0.0430234  0.00655454
0.202241  0.407154  0.00300261  0.0455201  0.00749891
0.240101  0.407311  0.0156224  0.0455722  0.00704318
0.276906  0.399753  0.0278905  0.043053  0.00495461
0.30989  0.381927  0.038885  0.0371109  0.00350241
0.331875  0.351528  0.0462135  0.0269782  0.00283045
0.346769  0.316748  0.051178  0.0153849  0.00223456
0.366274  0.284451  0.0576795  0.00461931  0.00214836
0.381138  0.249733  0.0626343  -0.00695336  0.00656894
0.388172  0.212697  0.0649789  -0.0192984  1e-05
0.391561  0.175109  0.0661084  -0.0318275  1e-05
0.395737  0.137534  0.0675007  -0.0443524  1e-05
0.4  0.1  0.0689215  -0.0568637  1e-05
