0.000158723  0.00099459
-0.00115769  0.00341806
-0.00351604  0.00799325
-0.0063433  0.0148841
-0.00859002  0.0233223
-0.0102764  0.0324563
-0.0115255  0.0413894
-0.0121387  0.0491633
-0.0116883  0.05486
-0.0102852  0.0588431
-0.0085863  0.0623399
-0.00669593  0.065695
-0.00460854  0.0690003
-0.00225588  0.0717399
0.000717969  0.0734834
0.00429634  0.0745604
0.00830625  0.075104
0.0122405  0.0751226
0.0156876  0.0744988
0.0186099  0.0727192
0.0212459  0.0697465
0.0239233  0.0660362
0.0265056  0.0620946
0.0286375  0.058741
0.0304311  0.0562933
0.032459  0.0546284
0.0352868  0.0537156
0.0383495  0.0533631
0.0405892  0.0537383
0.0416351  0.0544039
0.0419639  0.054634
0.0421273  0.0548442
0.0422461  0.0553384
0.0423945  0.0560338
0.0428453  0.0569227
0.043656  0.0577409
0.0446611  0.0582428
0.0457974  0.0583433
0.0468309  0.0577141
0.0475522  0.0561758
0.0479899  0.0538668
0.0480748  0.0512023
0.0482758  0.0492791
0.0487105  0.048411
0.049294  0.0479461
0.0503314  0.0480046
0.0516438  0.0484724
0.0530527  0.0488649
0.0543095  0.0488703
0.0552544  0.0486091
0.0557354  0.0483345
0.0561515  0.0482244
0.0570373  0.0483599
0.0585676  0.0487385
0.0609029  0.0487667
0.0640186  0.0475443
0.0671248  0.0447413
0.0696238  0.041075
0.0716777  0.0373213
0.0732432  0.0337775
0.0741534  0.030475
0.0743367  0.0272762
0.0739369  0.0241681
0.0732534  0.0214789
0.0720083  0.0194245
0.0702322  0.0178932
0.0687977  0.0165683
0.0676796  0.0152761
0.0666536  0.0139658
0.0653634  0.0125022
0.0635451  0.0108113
0.0619847  0.00916398
0.0609884  0.00793571
0.0598663  0.00736085
0.0583202  0.00698355
0.0571141  0.00588217
0.0567829  0.00362721
0.0572211  0.000700074
0.0578892  -0.00230948
0.0590575  -0.00514767
0.0610364  -0.00777443
0.062581  -0.0103201
0.0628841  -0.0127355
0.0628194  -0.0146941
0.062753  -0.0160787
0.0620366  -0.0167327
0.0610469  -0.0169838
0.0598233  -0.0172625
0.0587723  -0.0177338
0.0583924  -0.0184996
0.0589265  -0.0197267
0.060157  -0.0215365
0.0612404  -0.0236165
0.0620086  -0.0251025
0.0618084  -0.0250726
0.0608939  -0.0235648
0.059842  -0.0216398
0.0595061  -0.0201129
0.060389  -0.0191667
0.061622  -0.0186712
0.0625381  -0.0187718
0.0631012  -0.0197675
0.0636915  -0.0215355
0.0639398  -0.0234118
0.0632609  -0.0248965
0.0614399  -0.025982
0.058712  -0.0271064
0.05549  -0.0286422
0.0519748  -0.0305635
0.0481568  -0.032959
0.0442859  -0.0362935
0.0406579  -0.0404656
0.0372588  -0.0444625
0.0339759  -0.0473209
0.0304424  -0.0489258
0.0267062  -0.0495995
0.0230737  -0.0496603
0.0195479  -0.0495261
0.0160018  -0.0497346
0.0129731  -0.0508736
0.0106995  -0.0526258
0.00864379  -0.0543647
0.00634648  -0.055801
0.00401973  -0.0567629
0.00215632  -0.0567647
0.000882903  -0.0558215
-6.77143e-05  -0.0541928
-0.000681897  -0.052553
-0.000745606  -0.0514864
-0.00016273  -0.0507887
0.000823152  -0.0498858
0.00191107  -0.0488606
0.00297182  -0.0479895
0.00398791  -0.0473658
0.00482948  -0.0469012
0.00540753  -0.0467383
0.00557107  -0.0470082
0.00520017  -0.0477621
0.00439471  -0.0490101
0.00338546  -0.0507975
0.0022067  -0.0525034
0.000921415  -0.0535915
-0.000175155  -0.0542767
-0.00104326  -0.0547604
-0.0016541  -0.055127
-0.00186378  -0.0550142
-0.00177075  -0.0541179
-0.0016334  -0.0526627
-0.00151909  -0.0508393
-0.00135515  -0.0487465
-0.00119678  -0.046781
-0.00108571  -0.0450866
-0.000969641  -0.0435998
-0.000917048  -0.0419789
-0.00106629  -0.0402548
-0.0013779  -0.0387652
-0.00150733  -0.0375082
-0.00157355  -0.0364145
-0.0019433  -0.035787
-0.00261365  -0.0357725
-0.00343657  -0.0362218
-0.00423123  -0.0368849
-0.00485255  -0.0375215
-0.00523713  -0.0376836
0.000105397  0.000996204
0.000247776  0.00180094
0.000800521  0.00333756
0.00212968  0.00584877
0.0041946  0.00929653
0.00651274  0.013279
0.00858288  0.0170989
0.0102138  0.020113
0.0114033  0.0223713
0.0122018  0.024489
0.012799  0.0271138
0.0134639  0.0306063
0.109893  0.038179
0.110471  0.0341952
0.10941  0.029535
0.10816  0.024442
0.107142  0.0193404
0.106167  0.0145773
0.105595  0.0101786
0.105175  0.00586852
0.104189  0.00172324
0.101788  -0.00185394
0.0979478  -0.0047391
0.0936364  -0.00725513
0.0891669  -0.0098407
0.0847257  -0.012627
0.0798981  -0.0154044
0.075047  -0.0181403
0.0704177  -0.0207188
0.0664014  -0.0228436
0.0630212  -0.0242775
0.0597779  -0.0251206
0.0567392  -0.0259082
0.0537457  -0.0268695
0.0506549  -0.0281805
0.0477387  -0.030082
0.0449041  -0.032119
0.0419958  -0.0336527
0.0391228  -0.0348365
0.0362791  -0.036127
0.0337215  -0.0377811
0.0316389  -0.0394516
0.0299554  -0.0408515
0.0283214  -0.0417715
0.0265578  -0.0423671
-0.00150651  0.0016007
-0.00146802  0.00391068
-0.00165589  0.00728777
-0.00205926  0.0116719
-0.00248984  0.0163896
-0.00300327  0.0208728
-0.00364748  0.0244058
-0.0043017  0.0262956
-0.00482048  0.0267763
-0.00546401  0.0280542
-0.00656583  0.031302
-0.00771588  0.0348794
-0.00867529  0.0374722
-0.00942805  0.038975
-0.0100904  0.0395561
-0.0111291  0.0405227
-0.0125338  0.0423556
-0.0137358  0.0439292
-0.0149098  0.0447692
-0.0162135  0.0452206
-0.017355  0.0451213
-0.0177457  0.0435658
-0.0183771  0.042931
-0.0199846  0.0442574
-0.0219812  0.0455797
-0.0241459  0.04628
-0.0266326  0.0466085
-0.0289642  0.0462149
-0.0310314  0.0451382
-0.0331572  0.0436155
-0.0352719  0.0414182
-0.0373502  0.0388888
-0.0391394  0.0360999
-0.0402949  0.0328217
-0.0416438  0.0294711
-0.0434733  0.0271987
-0.0453091  0.02593
-0.0469156  0.0250002
-0.0476357  0.0236891
-0.0471815  0.0215933
-0.0467437  0.0193788
-0.0474317  0.0174463
-0.0493441  0.0138915
-0.0503336  0.0112303
-0.0508198  0.00727715
-0.0509166  0.00256044
-0.0506914  -0.00238819
-0.0495466  -0.0069562
-0.0477359  -0.00986243
-0.0454976  -0.0111829
-0.0438709  -0.0133262
-0.0424236  -0.0161857
-0.0410313  -0.0178053
-0.0409667  -0.0178883
-0.04184  -0.0175572
