-0.0468152  0.150592  -0.08  -0.04  0.00163575
-0.0324122  0.185482  -0.075199  -0.0283702  0.00212648
-0.0176736  0.220322  -0.0702862  -0.0167568  0.00274338
-0.00193536  0.254718  -0.0650402  -0.00529164  0.00390178
0.0177068  0.287032  -0.0584929  0.0054796  0.00372971
0.0412155  0.316594  -0.0506567  0.0153335  0.00296517
0.0682752  0.342923  -0.0416369  0.0241097  0.00309249
0.0977478  0.36659  -0.0318128  0.0319987  0.00391476
0.130095  0.385889  -0.0210305  0.0384315  0.00515881
0.165276  0.399673  -0.00930362  0.0430264  0.00664535
0.20219  0.407171  0.00300083  0.0455254  0.00758749
0.240058  0.407331  0.0156234  0.0455789  0.00711433
0.276876  0.399779  0.027896  0.0430616  0.00500572
0.309955  0.381888  0.0389224  0.0370979  0.00353485
0.331873  0.351575  0.0462282  0.0269937  0.0028698
0.346762  0.316807  0.051191  0.0154045  0.0022646
0.36632  0.284406  0.0577103  0.00460425  0.00216651
0.381133  0.249796  0.062648  -0.00693235  0.00649082
0.388177  0.212751  0.0649961  -0.0192804  1e-05
0.39157  0.175085  0.0661271  -0.0318356  1e-05
0.395739  0.137552  0.0675166  -0.0443464  1e-05
0.4  0.1  0.0689369  -0.0568638  1e-05
