3.97982  3.66862  
3.99411  3.66189  
4.00511  3.63139  
4.01224  3.62655  
4.01771  3.57341  
3.86639  3.60543  
3.85503  3.60529  
3.70371  3.59614  
3.71373  3.5847  
3.56434  3.55253  
3.36221  3.5729  
3.33925  3.57596  
2.15898  1.93271  
1.77799  1.73512  
1.76272  1.72854  
1.04546  1.66972  
1.02706  1.65767  
0.96072  1.34823  
0.759827  1.32529  
0.725167  1.34094  
0.446463  1.37006  
0.49782  1.18807  
0.460873  1.20538  
0.314081  1.24154  
0.284975  1.25802  
0.233395  1.18159  
0.224593  1.13877  
0.250975  1.12521  
0.0312639  1.25613  
-0.0679477  1.26582  
-0.0717307  1.26627  
-0.0212256  1.19015  
-0.0495252  1.23449  
-0.292427  1.37572  
-0.282193  1.36657  
-0.280311  1.36491  
-0.174083  1.32307  
-0.205874  1.38333  
-0.33688  1.45747  
-0.27439  1.43999  
-0.140052  1.35988  
-0.0839074  1.35272  
-0.0866347  1.34967  
-0.0973824  1.33816  
0.0684985  1.23508  
0.0531423  1.24586  
0.0243804  1.24769  
0.0199082  1.25181  
0.0646542  1.15086  
0.110749  1.10037  
0.132852  1.08495  
0.0236069  1.14866  
0.0145807  1.17897  
0.122256  1.09857  
0.133185  1.09486  
0.113466  1.12047  
0.121895  1.10993  
0.138079  1.09852  
0.293358  1.07627  
0.296396  1.0864  
0.372245  1.12108  
0.454544  1.10345  
0.475865  1.09002  
0.65423  1.00304  
0.650258  1.04748  
0.68033  1.04746  
0.729719  1.04016  
0.901953  0.943777  
0.91445  0.95233  
0.91868  0.960961  
0.894973  1.00425  
0.881922  1.01995  
0.961107  1.00185  
0.883141  1.10312  
0.899984  1.08875  
0.908682  1.15118  
0.912617  1.15952  
0.926487  1.21976  
0.931288  1.20733  
0.924224  1.23805  
0.968825  1.19909  
0.993187  1.18674  
1.00648  1.18401  
1.01296  1.1833  
1.04066  1.15897  
1.06143  1.15096  
1.07461  1.13722  
1.03612  1.17443  
1.04949  1.16031  
1.00873  1.20369  
1.00236  1.24006  
1.00603  1.23853  
0.931628  1.31621  
0.935709  1.31382  
0.897837  1.35966  
0.887588  1.35089  
0.860742  1.38333  
0.808222  1.39566  
0.823562  1.39005  
0.79226  1.3889  
0.783625  1.38625  
0.755721  1.3961  
0.719353  1.41008  
0.737215  1.39939  
0.74673  1.36693  
0.688068  1.40779  
0.692638  1.40389  
0.676542  1.39814  
0.692836  1.39535  
0.648743  1.42192  
0.629196  1.43927  
0.624456  1.44444  
0.616715  1.43482  
0.630524  1.43081  
0.568286  1.46059  
0.560203  1.46805  
0.544593  1.48015  
0.547584  1.48903  
0.51761  1.49956  
0.484129  1.54158  
0.497822  1.53521  
0.527183  1.52133  
0.539906  1.52206  
0.518139  1.54446  
0.548091  1.54712  
0.559565  1.54537  
0.605102  1.52727  
0.618768  1.52376  
0.609942  1.53495  
0.650435  1.49979  
0.686054  1.47178  
0.699272  1.49005  
0.684209  1.49097  
0.695594  1.48572  
0.736322  1.44995  
0.720803  1.45899  
0.696125  1.47342  
0.731312  1.46431  
0.715892  1.47299  
0.747686  1.47461  
0.758585  1.46898  
0.770955  1.44784  
0.819169  1.42753  
0.820811  1.43435  
0.842658  1.43443  
0.839674  1.44873  
0.878564  1.42146  
0.888599  1.41563  
0.91848  1.39279  
0.90242  1.40144  
0.908981  1.39638  
0.908963  1.38534  
0.919003  1.37949  
0.895197  1.3767  
0.900641  1.36777  
0.901878  1.36237  
0.927032  1.32727  
0.937336  1.32159  
0.958007  1.30214  
0.948978  1.30611  
0.971373  1.29536  
0.956163  1.30824  
0.989614  1.27483  
1.01022  1.26346  
0.990618  1.27484  
1.01257  1.25808  
0.988591  1.2708  
0.994408  1.26796  
0.985093  1.26095  
0.995058  1.25979  
1.02251  1.19955  
1.00815  1.18911  
0.967999  1.2095  
0.958121  1.19667  
0.957843  1.18799  
0.912916  1.19888  
0.891017  1.20469  
0.876986  1.2102  
0.854177  1.21567  
0.83417  1.22714  
0.7865  1.27562  
0.785991  1.27205  
0.771811  1.28048  
0.756392  1.2931  
0.74018  1.30802  
0.77422  1.29913  
0.764959  1.30306  
0.777048  1.28953  
0.794455  1.26271  
0.805866  1.25677  
0.834955  1.22556  
0.825271  1.23693  
0.848272  1.20046  
0.844668  1.20136  
0.870208  1.17832  
0.850871  1.19429  
0.841603  1.19845  
0.815421  1.20591  
0.79322  1.2264  
0.768901  1.23566  
0.749373  1.25158  
0.731448  1.26774  
0.740333  1.27973  
0.754898  1.25976  
0.749588  1.26576  
0.774546  1.25096  
0.791541  1.24043  
0.805795  1.23052  
0.819234  1.21128  
0.841026  1.20516  
0.856458  1.19081  
0.875719  1.17114  
0.871194  1.16454  
0.857903  1.17525  
0.861423  1.17742  
0.849503  1.18515  
0.828501  1.19462  
0.811636  1.21499  
0.796055  1.23518  
0.797554  1.22931  
0.788923  1.23791  
0.799579  1.2316  
0.763824  1.26696  
0.775914  1.25659  
0.786554  1.25009  
0.810634  1.23741  
0.795116  1.24544  
0.827709  1.21494  
0.834987  1.21276  
0.853171  1.20126  
0.86102  1.19213  
0.841214  1.20355  
0.877028  1.15824  
0.857213  1.16973  
0.840847  1.17089  
0.819802  1.18029  
0.830034  1.17424  
0.77748  1.19678  
0.788058  1.19062  
0.790437  1.17902  
0.766406  1.17738  
0.783252  1.16694  
0.754271  1.18498  
0.771115  1.17457  
0.772131  1.16226  
0.761029  1.16447  
0.779401  1.14749  
0.79016  1.1302  
0.810025  1.1149  
0.786225  1.11277  
0.819488  1.08754  
0.811999  1.08496  
0.820676  1.06288  
0.804865  1.07267  
0.786319  1.0688  
0.765856  1.07538  
0.750256  1.08505  
0.728809  1.10351  
0.739672  1.09813  
0.741624  1.09931  
0.745502  1.10063  
0.754448  1.0999  
0.749269  1.10754  
0.743714  1.11299  
0.782481  1.09264  
0.794884  1.06778  
0.813825  1.05835  
0.7952  1.0585  
0.801803  1.04481  
0.791774  1.03509  
0.777684  1.02508  
0.78375  1.02181  
0.781955  0.990975  
0.783373  0.986842  
0.760299  0.984031  
0.771016  0.979445  
0.749662  0.986319  
0.734238  0.99669  
0.71667  0.989261  
0.68703  0.999228  
0.698183  0.994658  
0.686019  1.00071  
0.697185  0.996094  
0.701405  0.991321  
0.705152  0.976416  
0.70213  0.973674  
0.714982  0.952981  
0.725993  0.94866  
0.746563  0.917789  
0.733829  0.914831  
0.745998  0.905377  
0.748003  0.893191  
0.75665  0.866368  
0.751447  0.866416  
0.735539  0.875673  
0.720112  0.882967  
0.721039  0.865285  
0.711226  0.865793  
0.70698  0.857738  
0.676349  0.861358  
0.687746  0.85788  
0.71303  0.828688  
0.688556  0.830059  
0.701379  0.801984  
0.687865  0.768084  
0.713118  0.745122  
0.702092  0.707238  
0.685863  0.72149  
0.710719  0.67591  
0.70905  0.656608  
0.687254  0.650999  
0.673776  0.645973  
0.684681  0.632963  
0.669753  0.608288  
0.663035  0.611052  
0.632331  0.627911  
0.603136  0.639325  
0.610662  0.629456  
0.588268  0.635621  
0.572504  0.638962  
0.555703  0.622524  
0.576415  0.594946  
0.575958  0.586003  
0.584305  0.562514  
0.592594  0.547866  
0.57905  0.527934  
0.597838  0.49949  
0.606841  0.478816  
0.578893  0.48957  
0.586608  0.472003  
0.570889  0.47958  
0.566837  0.461682  
0.57025  0.462961  
0.570163  0.458955  
0.545932  0.462369  
0.536569  0.454773  
0.539143  0.443089  
0.53864  0.450763  
0.535419  0.434306  
0.547651  0.42351  
0.551969  0.419073  
0.531363  0.444648  
0.54423  0.433403  
0.522874  0.433589  
0.54167  0.42164  
0.477801  0.473746  
0.460437  0.460676  
0.435812  0.478475  
0.440566  0.437699  
0.425256  0.443741  
0.402518  0.418264  
0.407072  0.42024  
0.398715  0.381674  
0.400391  0.364677  
0.371597  0.388776  
0.419843  0.327948  
0.395708  0.354042  
0.389422  0.363368  
0.391219  0.367169  
0.409736  0.36117  
0.415855  0.355033  
0.412967  0.361297  
0.403371  0.362  
0.386506  0.383062  
0.356984  0.411512  
0.385555  0.381184  
0.359005  0.397652  
0.366202  0.409516  
0.387273  0.379271  
0.387121  0.386657  
0.377822  0.40911  
0.390904  0.399001  
0.435448  0.370686  
0.463839  0.351267  
0.484826  0.330692  
0.446946  0.373601  
0.467955  0.353109  
0.453642  0.374188  
0.445498  0.365063  
0.450126  0.369708  
0.440683  0.373998  
0.40273  0.389278  
0.40694  0.391093  
0.390028  0.409846  
0.370339  0.42168  
0.423726  0.373075  
0.39421  0.385982  
0.434041  0.348444  
0.438376  0.350509  
0.45304  0.337185  
0.429361  0.356345  
0.466981  0.327029  
0.446114  0.333631  
0.45033  0.335724  
0.424909  0.353807  
0.429265  0.35577  
0.377602  0.400036  
0.384545  0.385549  
0.361053  0.404236  
0.393761  0.369068  
0.370344  0.387956  
0.415341  0.343342  
0.408505  0.346773  
0.419752  0.345402  
0.448754  0.321387  
0.43386  0.328435  
0.442075  0.321154  
0.463057  0.313413  
0.470783  0.304889  
0.439413  0.335983  
0.449095  0.339675  
0.439009  0.342857  
0.441736  0.33279  
0.41611  0.346934  
0.414884  0.352891  
0.416077  0.364867  
0.394577  0.379917  
0.380201  0.386127  
0.400691  0.390541  
0.416167  0.381685  
0.400004  0.396882  
0.423925  0.400793  
0.409469  0.406608  
0.448902  0.386663  
0.454418  0.377056  
0.465071  0.363097  
0.463679  0.366488  
0.481629  0.364163  
0.44839  0.373784  
0.426706  0.386633  
0.431622  0.387421  
0.40253  0.421859  
0.388337  0.427324  
0.396965  0.43826  
0.391066  0.455388  
0.368473  0.472688  
0.39972  0.436213  
0.404914  0.436359  
0.431667  0.401718  
0.415261  0.419016  
0.443508  0.398052  
0.458711  0.360153  
0.478421  0.347086  
0.492089  0.329549  
0.4844  0.334455  
0.496135  0.320314  
0.470359  0.356849  
0.456415  0.362654  
0.463062  0.372695  
0.440723  0.390902  
0.430978  0.39504  
0.434981  0.415385  
0.408264  0.439771  
0.424254  0.453216  
0.444227  0.440067  
0.445631  0.448492  
0.455135  0.448289  
0.46924  0.43467  
0.476412  0.421399  
0.506838  0.405222  
0.486325  0.397536  
0.505067  0.369486  
0.491491  0.374659  
0.473768  0.368804  
0.477828  0.355628  
0.426444  0.406786  
0.416667  0.392029  
0.39503  0.409773  
0.377337  0.439276  
0.373588  0.443433  
0.377688  0.456933  
0.375487  0.453018  
0.410922  0.449035  
0.44121  0.417933  
0.415287  0.442125  
0.439781  0.403132  
0.449458  0.396498  
0.473105  0.384711  
0.469045  0.388845  
0.507188  0.358144  
0.495354  0.377114  
0.479747  0.380534  
0.488248  0.375011  
0.502557  0.373648  
0.474898  0.398378  
0.469878  0.402286  
0.475485  0.40121  
0.502424  0.37679  
0.506876  0.365139  
0.523758  0.347473  
0.516895  0.361018  
0.522386  0.359973  
0.540095  0.349929  
0.545472  0.348837  
0.57432  0.342236  
0.569942  0.33782  
0.5824  0.33759  
0.559939  0.350578  
0.539162  0.367961  
0.566852  0.354825  
0.587238  0.32391  
0.592593  0.32252  
0.606259  0.323301  
0.583336  0.33998  
0.55585  0.35558  
0.567512  0.354299  
0.526352  0.379  
0.562347  0.361446  
0.55035  0.36512  
0.517864  0.395964  
0.506205  0.399257  
0.502461  0.388853  
0.499396  0.381194  
0.514171  0.365685  
0.530026  0.335273  
0.515422  0.338442  
0.525956  0.327265  
0.532207  0.325483  
0.508397  0.345804  
0.455871  0.379655  
0.467897  0.378169  
0.449315  0.402458  
0.449099  0.417083  
0.433132  0.428126  
0.436605  0.445184  
0.425685  0.447871  
0.405644  0.465808  
0.404051  0.463267  
0.439438  0.423984  
0.438779  0.430139  
0.483342  0.386179  
0.4631  0.390474  
0.469718  0.388082  
0.49079  0.362971  
0.497206  0.360734  
0.493209  0.390161  
0.49983  0.375904  
0.487056  0.397509  
0.481741  0.407768  
0.49409  0.406038  
0.502074  0.403504  
0.502915  0.4055  
0.48963  0.420624  
0.516933  0.372838  
0.525901  0.367398  
0.527475  0.339369  
0.542316  0.296812  
0.523269  0.314014  
0.550012  0.284441  
0.52802  0.301083  
0.515292  0.314144  
0.530448  0.297834  
0.506219  0.320053  
0.480949  0.367973  
0.492993  0.351355  
0.481816  0.389974  
0.49418  0.387963  
0.494193  0.394376  
0.502544  0.389999  
0.509472  0.386445  
0.532974  0.35999  
0.540309  0.346653  
0.563436  0.309016  
0.575553  0.279843  
0.574045  0.277214  
0.55137  0.27842  
0.547495  0.282706  
0.554207  0.279755  
0.543493  0.273559  
0.550487  0.270616  
0.513486  0.302961  
0.529152  0.285719  
0.507896  0.314236  
0.523922  0.323282  
0.523165  0.319844  
0.55351  0.29034  
0.560601  0.286861  
0.583053  0.249107  
0.593723  0.241466  
0.599702  0.229152  
0.586471  0.239665  
0.593885  0.222147  
0.584353  0.239413  
0.575095  0.241955  
0.567791  0.24867  
0.546071  0.272054  
0.56135  0.268262  
0.535033  0.313068  
0.542556  0.308941  
0.526267  0.331175  
0.548934  0.330522  
0.531794  0.345959  
0.568778  0.311276  
0.576005  0.306907  
0.587362  0.277205  
0.594578  0.272954  
0.60066  0.242496  
0.583763  0.258703  
0.599438  0.242639  
0.606583  0.238591  
0.591373  0.242909  
0.55923  0.251175  
0.566774  0.247145  
0.532295  0.283198  
0.52403  0.284727  
0.491712  0.328436  
0.490982  0.329057  
0.51335  0.303799  
0.488395  0.318466  
0.48055  0.31959  
0.511773  0.29073  
0.495532  0.306409  
0.529034  0.289403  
0.55409  0.272902  
0.553515  0.274331  
0.544822  0.278291  
0.55264  0.273701  
0.55116  0.289393  
0.543495  0.287569  
0.550385  0.308072  
0.534479  0.328332  
0.542228  0.323289  
0.515252  0.329362  
0.52323  0.32427  
0.501946  0.338469  
0.510077  0.333274  
0.496405  0.342932  
0.480627  0.357572  
0.502069  0.329269  
0.486274  0.344106  
0.503388  0.315727  
0.519792  0.319423  
0.512112  0.320094  
0.526768  0.31744  
0.522472  0.3158  
0.524607  0.331754  
0.564197  0.298278  
0.548179  0.313341  
0.570958  0.28853  
0.586369  0.271285  
0.576512  0.288396  
0.597056  0.280585  
0.612563  0.260562  
0.614398  0.264661  
0.611796  0.267125  
0.634687  0.23161  
0.637655  0.23543  
0.622248  0.239385  
0.613264  0.239835  
0.597916  0.254911  
0.594263  0.251372  
0.622892  0.215517  
0.612004  0.193125  
0.619915  0.187845  
0.651604  0.146848  
0.667008  0.12672  
0.682204  0.109097  
0.685236  0.118959  
0.707203  0.0991807  
0.716533  0.102213  
0.731072  0.0823328  
0.709852  0.133101  
0.702982  0.132478  
0.691003  0.158953  
0.701048  0.161332  
0.68873  0.186751  
0.691626  0.18092  
0.691111  0.180407  
0.67407  0.186409  
0.689569  0.165886  
0.692822  0.158208  
0.695991  0.139709  
0.693962  0.156496  
0.686612  0.171933  
0.689308  0.154862  
0.679844  0.168673  
0.647421  0.200539  
0.654875  0.198033  
0.640909  0.212383  
0.653105  0.221367  
0.65902  0.217858  
0.666957  0.211116  
0.685028  0.194823  
0.669946  0.203261  
0.693394  0.178274  
0.708082  0.167725  
0.701866  0.166936  
0.703021  0.154385  
0.704647  0.153807  
0.694325  0.171073  
0.692926  0.162963  
0.679185  0.177336  
0.652382  0.208984  
0.672856  0.197664  
0.667809  0.208164  
0.682657  0.201939  
0.671193  0.221004  
0.692531  0.198887  
0.679908  0.204646  
0.703354  0.174292  
0.713965  0.162245  
0.704883  0.160308  
0.727262  0.142286  
0.734973  0.135417  
0.745434  0.107961  
0.737363  0.130532  
0.725848  0.130454  
0.702686  0.152522  
0.717267  0.146471  
0.679726  0.197787  
0.666538  0.211403  
0.655056  0.244535  
0.658544  0.229077  
0.646524  0.250899  
0.660604  0.243697  
0.647573  0.256727  
0.672154  0.232403  
0.676675  0.22727  
0.69367  0.198013  
0.703407  0.175678  
0.690338  0.189341  
0.692666  0.179499  
0.708058  0.15682  
0.675997  0.185875  
0.661084  0.203389  
0.673497  0.193013  
0.654719  0.218019  
0.644443  0.234983  
0.643146  0.228382  
0.642208  0.238008  
0.673633  0.216491  
0.666471  0.227337  
0.681401  0.220557  
0.731335  0.164003  
0.732031  0.163301  
0.77466  0.121419  
0.756527  0.148306  
0.77229  0.11717  
0.81115  0.0913902  
0.799546  0.0966704  
0.787861  0.106787  
0.787684  0.110616  
0.768445  0.126419  
0.787832  0.106448  
0.764021  0.127145  
0.771719  0.11937  
0.761283  0.119819  
0.766661  0.106708  
0.756793  0.0963602  
0.77102  0.0899288  
0.796877  0.0363107  
0.785107  0.0499215  
0.83004  0.00914962  
0.818195  0.022842  
0.82812  0.0133339  
0.81666  0.0266273  
0.827693  0.00883189  
0.835242  0.00128559  
0.809251  0.0462142  
0.816758  0.0384923  
0.800616  0.0750041  
0.798776  0.0806213  
0.806718  0.0723075  
0.780519  0.0977606  
0.788681  0.0892788  
0.811155  0.0483258  
0.816268  0.0394428  
0.80496  0.0523956  
0.829691  0.00792315  
0.827752  -0.0166365  
0.835514  -0.0244201  
0.833787  -0.0199923  
0.822655  -0.00654065  
0.805864  -0.00518724  
0.798155  0.0138069  
0.806235  0.00577106  
0.792058  0.0316623  
0.785135  0.0301203  
0.795372  0.0236823  
0.792531  0.0338906  
0.80619  0.029149  
0.804647  0.0197557  
0.814221  -0.0092127  
0.798895  0.00291183  
0.807322  -0.00544285  
0.807803  -0.0254702  
0.822487  -0.0556628  
0.821341  -0.0557925  
0.789536  -0.026949  
0.779317  -0.0136385  
0.771035  -0.0198244  
0.760978  -0.0065262  
0.7488  0.0146035  
0.76192  0.00128615  
0.763863  0.00498951  
0.759631  0.0325492  
0.743679  0.0433391  
0.767416  0.0168584  
0.763878  0.0137549  
0.784837  -0.0273939  
0.786575  -0.0311746  
0.806253  -0.0412015  
0.808818  -0.0869879  
0.817399  -0.095008  
0.804176  -0.110354  
0.804136  -0.10508  
0.797189  -0.0996905  
0.78787  -0.103539  
0.778553  -0.0901604  
0.78416  -0.0911573  
0.791637  -0.0782679  
0.774087  -0.0607438  
0.790075  -0.0405975  
0.777703  -0.0103213  
0.790202  -0.0133902  
0.79258  0.00778294  
0.788852  0.0221988  
0.840058  -0.0290747  
0.841513  -0.00259352  
0.873999  -0.0710255  
0.894231  -0.119869  
0.889171  -0.112013  
0.886694  -0.137731  
0.883003  -0.140851  
0.88841  -0.158799  
0.880927  -0.143344  
0.868817  -0.150663  
0.85207  -0.157627  
0.847095  -0.149737  
0.844481  -0.118843  
0.847111  -0.122745  
0.827135  -0.0918824  
0.841006  -0.105735  
0.833058  -0.0925465  
0.855001  -0.123696  
0.876657  -0.146291  
0.867831  -0.133821  
0.885599  -0.167866  
0.89397  -0.176731  
0.890329  -0.186273  
0.883587  -0.19352  
0.884496  -0.202097  
0.881878  -0.183743  
0.865954  -0.162413  
0.846584  -0.107694  
0.833533  -0.0930846  
0.842217  -0.0991912  
0.845401  -0.0894108  
0.854271  -0.099161  
0.87531  -0.0777771  
0.883776  -0.0876747  
0.898237  -0.0814592  
0.906542  -0.0915248  
0.93926  -0.134952  
0.950224  -0.183632  
0.962394  -0.197427  
0.961715  -0.208984  
0.965734  -0.215886  
0.934945  -0.219512  
0.936305  -0.242127  
0.928019  -0.229911  
0.913957  -0.223161  
0.894177  -0.221853  
0.883688  -0.21028  
0.880051  -0.180681  
0.888798  -0.190397  
0.906409  -0.199877  
0.892994  -0.191292  
0.934736  -0.217332  
0.937422  -0.214983  
0.953725  -0.223832  
0.970583  -0.235992  
0.978447  -0.24578  
0.988956  -0.269811  
0.988616  -0.285524  
0.979574  -0.289309  
0.975074  -0.287653  
0.985112  -0.300662  
0.975405  -0.284403  
0.976129  -0.300203  
0.963606  -0.301975  
0.953331  -0.29235  
0.93901  -0.279089  
0.940036  -0.252288  
0.939116  -0.235661  
0.942019  -0.249312  
0.949298  -0.228652  
0.948442  -0.238894  
0.941295  -0.228572  
0.94104  -0.224997  
0.953011  -0.239257  
0.948181  -0.245297  
0.960104  -0.259578  
0.951361  -0.279471  
0.962697  -0.298907  
0.961333  -0.285562  
0.960729  -0.303526  
0.969012  -0.322555  
0.962013  -0.311813  
0.978039  -0.325826  
0.96553  -0.318664  
0.96425  -0.294659  
0.964386  -0.29288  
0.957623  -0.282773  
0.954147  -0.266767  
0.947276  -0.256736  
0.953876  -0.246574  
0.970738  -0.288902  
0.979803  -0.296968  
0.986914  -0.334818  
0.981259  -0.323985  
0.988119  -0.39022  
0.998001  -0.393165  
1.00699  -0.406453  
0.992211  -0.408881  
1.00022  -0.419079  
0.99232  -0.444687  
1.00032  -0.454681  
0.98727  -0.431233  
0.98109  -0.420897  
0.980786  -0.399784  
0.979833  -0.378766  
0.988014  -0.389626  
0.974464  -0.378522  
0.98278  -0.389523  
0.970882  -0.3427  
0.979676  -0.341091  
0.974387  -0.323514  
0.993596  -0.367045  
0.989514  -0.38164  
0.995847  -0.382511  
1.00288  -0.380532  
1.01043  -0.395387  
1.02429  -0.433534  
1.01813  -0.424293  
1.03553  -0.469718  
1.04885  -0.498256  
1.04686  -0.525292  
1.03386  -0.519048  
1.04998  -0.520711  
1.04483  -0.554373  
1.05248  -0.564945  
1.03427  -0.576581  
1.01829  -0.575828  
1.02804  -0.585247  
1.00176  -0.577235  
0.996654  -0.567758  
1.0077  -0.573467  
1.01582  -0.5844  
1.02991  -0.610692  
1.0378  -0.621462  
1.04123  -0.617379  
1.06951  -0.64213  
1.06069  -0.6169  
1.08  -0.635033  
1.10209  -0.644111  
1.08863  -0.640901  
1.10203  -0.643664  
1.1112  -0.658989  
1.10952  -0.640455  
1.11224  -0.640118  
1.09635  -0.651055  
1.08608  -0.646725  
1.07205  -0.627322  
1.06419  -0.647276  
1.05923  -0.639368  
1.05281  -0.634882  
1.03622  -0.586481  
1.02674  -0.575261  
1.02392  -0.600293  
1.01448  -0.589118  
1.03213  -0.599655  
1.0384  -0.607936  
1.0541  -0.617824  
1.0518  -0.609783  
1.05955  -0.622202  
1.06771  -0.625016  
1.06281  -0.617994  
1.07514  -0.690463  
1.07497  -0.699937  
1.07024  -0.692563  
1.04864  -0.68241  
1.04416  -0.675136  
1.04329  -0.734968  
1.03907  -0.72752  
1.04654  -0.739017  
1.0423  -0.731656  
1.04386  -0.748958  
1.03283  -0.703213  
1.04067  -0.715581  
1.05089  -0.708636  
1.04484  -0.709909  
1.08812  -0.724999  
1.0835  -0.718532  
1.09368  -0.711694  
1.09973  -0.696051  
1.10987  -0.710792  
1.10482  -0.710969  
1.10005  -0.705055  
1.09832  -0.721569  
1.09371  -0.749011  
1.08375  -0.748631  
1.06366  -0.74967  
1.07113  -0.762525  
1.05079  -0.778582  
1.05833  -0.791231  
1.04822  -0.830443  
1.04448  -0.824132  
1.05402  -0.825403  
1.07384  -0.860703  
1.06992  -0.854547  
1.07843  -0.85706  
1.07485  -0.856003  
1.08559  -0.841929  
1.08154  -0.836277  
1.08521  -0.842366  
1.07954  -0.836801  
1.08671  -0.849826  
1.07111  -0.85793  
1.06734  -0.852633  
1.06842  -0.873689  
1.06235  -0.852152  
1.07225  -0.903637  
1.06839  -0.917035  
1.07572  -0.929902  
1.08364  -0.931245  
1.08643  -0.940556  
1.09079  -0.947645  
1.10795  -0.955711  
1.10644  -0.938949  
1.11028  -0.942095  
1.10058  -0.943818  
1.10344  -0.938559  
1.11034  -0.951938  
1.09676  -0.969244  
1.08935  -0.955039  
1.09429  -0.952211  
1.06972  -0.927157  
1.07693  -0.940954  
1.05687  -0.903399  
1.04412  -0.903629  
1.04367  -0.876226  
1.04305  -0.872191  
1.04786  -0.881785  
1.0543  -0.874027  
1.04821  -0.877375  
1.03515  -0.861847  
1.0368  -0.866169  
1.04916  -0.876635  
1.04476  -0.904996  
1.0371  -0.910521  
1.04146  -0.929952  
1.02242  -0.953482  
1.01641  -0.957365  
1.00973  -0.970268  
1.00206  -0.971868  
1.00064  -0.977331  
0.992152  -0.976781  
0.989615  -0.973125  
1.0005  -0.996309  
1.00044  -1.01079  
1.00734  -0.998586  
1.02348  -1.02268  
1.02265  -1.02052  
1.02689  -1.0098  
1.03808  -1.03226  
1.03286  -1.02892  
1.03981  -1.05217  
1.04223  -1.05083  
1.02799  -1.04982  
1.04368  -1.05815  
1.0391  -1.03903  
1.03695  -1.03605  
1.04609  -1.05138  
1.04287  -1.04167  
1.03549  -1.03475  
1.03578  -1.03155  
1.04351  -1.00811  
1.05265  -1.02352  
1.0533  -1.04986  
1.04598  -1.04316  
1.06004  -1.06019  
1.06508  -1.05909  
1.06429  -1.10142  
1.06121  -1.0996  
1.06704  -1.15848  
1.05927  -1.15866  
1.06576  -1.1732  
1.05577  -1.20261  
1.06194  -1.20622  
1.05901  -1.20425  
1.04556  -1.19012  
1.04276  -1.18834  
1.04094  -1.16436  
1.0404  -1.16319  
1.05934  -1.13571  
1.06741  -1.13562  
1.06304  -1.11875  
1.07144  -1.1348  
1.06968  -1.11767  
1.08286  -1.13108  
1.08894  -1.14696  
1.10061  -1.19581  
1.10021  -1.19178  
1.09677  -1.19134  
1.06837  -1.21091  
1.07717  -1.22616  
1.07833  -1.23417  
1.0686  -1.23791  
1.0737  -1.2374  
1.04585  -1.22718  
1.0522  -1.24281  
1.04826  -1.24613  
1.04685  -1.22975  
1.05157  -1.23278  
1.07292  -1.23356  
1.07892  -1.24955  
1.07591  -1.27508  
1.07984  -1.29799  
1.09108  -1.30397  
1.10811  -1.32817  
1.11578  -1.33295  
1.119  -1.33575  
1.11065  -1.34464  
1.11087  -1.34875  
1.09899  -1.35588  
1.08974  -1.3602  
1.10015  -1.36718  
1.10029  -1.36878  
1.10269  -1.36347  
1.10334  -1.38947  
1.09433  -1.39175  
1.09637  -1.38769  
1.10831  -1.40683  
1.10033  -1.40979  
1.12205  -1.42211  
1.12511  -1.41468  
1.12644  -1.41963  
1.11159  -1.43077  
1.11628  -1.43143  
1.11133  -1.42195  
1.11602  -1.42286  
1.12213  -1.44189  
1.11786  -1.42811  
1.10756  -1.45916  
1.10413  -1.46084  
1.09469  -1.49807  
1.09559  -1.5292  
1.09176  -1.51537  
1.09695  -1.53912  
1.09016  -1.562  
1.08691  -1.56354  
1.09715  -1.57559  
1.09492  -1.5685  
1.0906  -1.54994  
1.10478  -1.55183  
1.10092  -1.53885  
1.10955  -1.51154  
1.11707  -1.53379  
1.11364  -1.53105  
1.11444  -1.54906  
1.12321  -1.57714  
1.12504  -1.58408  
1.12956  -1.58569  
1.13145  -1.59404  
1.1276  -1.59684  
1.12411  -1.59324  
1.10709  -1.62603  
1.09991  -1.6078  
1.09486  -1.64229  
1.09139  -1.645  
1.09592  -1.62845  
1.08861  -1.63235  
1.07174  -1.64006  
1.07992  -1.64972  
1.08605  -1.65928  
1.0911  -1.67422  
1.0934  -1.70013  
1.11419  -1.70273  
1.12604  -1.70979  
1.13629  -1.68665  
1.1484  -1.73785  
1.1596  -1.76193  
1.16365  -1.76384  
1.17561  -1.77562  
1.17779  -1.76743  
1.16585  -1.73653  
1.16527  -1.71929  
1.16586  -1.73736  
1.16651  -1.74976  
1.16497  -1.74312  
1.15843  -1.76659  
1.15247  -1.76765  
1.15318  -1.77342  
1.13713  -1.77692  
1.13583  -1.78539  
1.14108  -1.83191  
1.13841  -1.83386  
1.14149  -1.81367  
1.13105  -1.79594  
1.12445  -1.79435  
1.13355  -1.77307  
1.12665  -1.7712  
1.13929  -1.75877  
1.14099  -1.73255  
1.14095  -1.73446  
1.13243  -1.71215  
1.14072  -1.71241  
1.1371  -1.71428  
1.14009  -1.71039  
1.15626  -1.72374  
1.16237  -1.75314  
1.15749  -1.74402  
1.15188  -1.78548  
1.15555  -1.80394  
1.14055  -1.82179  
1.12819  -1.83711  
1.13208  -1.85533  
1.11709  -1.85162  
1.11744  -1.85842  
1.0995  -1.86763  
1.10991  -1.88321  
1.09636  -1.88691  
1.10228  -1.90184  
1.10011  -1.8745  
1.10592  -1.89852  
1.11193  -1.88159  
1.11577  -1.90007  
1.12542  -1.89535  
1.12908  -1.91386  
1.10945  -1.93253  
1.10171  -1.90755  
1.10999  -1.92279  
1.11242  -1.90743  
1.09807  -1.90453  
1.09356  -1.90033  
1.08923  -1.90654  
1.075  -1.92339  
1.07098  -1.91502  
1.05007  -1.9731  
1.04636  -1.96459  
1.05958  -1.97135  
1.04347  -1.99834  
1.03973  -1.98977  
1.05555  -2.02982  
1.05962  -2.01107  
1.07796  -2.04272  
1.07683  -2.04438  
1.07259  -2.03601  
1.08471  -2.01612  
1.08033  -2.00815  
1.08977  -2.00086  
1.08198  -2.01933  
1.08751  -2.00982  
1.09375  -2.01819  
1.09057  -1.99854  
1.07802  -1.99188  
1.08438  -1.9936  
1.08311  -1.98333  
1.08905  -1.97888  
1.08733  -1.97682  
1.06894  -1.99004  
1.03796  -1.97544  
1.04508  -1.9828  
1.02595  -1.99139  
1.02962  -2.01099  
1.01376  -2.00388  
1.00961  -2.01138  
0.994673  -2.01365  
0.990701  -2.02116  
0.995233  -2.02601  
0.991664  -2.01914  
1.01228  -2.0298  
1.03073  -2.05916  
1.03481  -2.04184  
1.02934  -2.05628  
1.03567  -2.06953  
1.04044  -2.07406  
1.05557  -2.06333  
1.05599  -2.0527  
1.05653  -2.07345  
1.05986  -2.07879  
1.0479  -2.06854  
1.04336  -2.06227  
1.02804  -2.09521  
1.02969  -2.1169  
1.02194  -2.1095  
1.03231  -2.11582  
1.03578  -2.12134  
1.0112  -2.15055  
1.02507  -2.16444  
1.02857  -2.16978  
1.02385  -2.15761  
1.03383  -2.16303  
1.04356  -2.15002  
1.06945  -2.13558  
1.07291  -2.1192  
1.06663  -2.13298  
1.06945  -2.13902  
1.08347  -2.10671  
1.10105  -2.08125  
1.10187  -2.06338  
1.09665  -2.10053  
1.08891  -2.09357  
1.08527  -2.10607  
1.07755  -2.09916  
1.06005  -2.13042  
1.05105  -2.14298  
1.04594  -2.13806  
1.03158  -2.16056  
1.03445  -2.16686  
0.99891  -2.17544  
1.00214  -2.18164  
1.00417  -2.18833  
1.00145  -2.19412  
1.00458  -2.20039  
1.00318  -2.18046  
1.01033  -2.18827  
1.00785  -2.19596  
1.01076  -2.20247  
1.00119  -2.2037  
1.00986  -2.19804  
1.01266  -2.20466  
0.992549  -2.21498  
0.98791  -2.21046  
0.974231  -2.21664  
0.961066  -2.22323  
0.936003  -2.24201  
0.937449  -2.25997  
0.933317  -2.25545  
0.917849  -2.2582  
0.921467  -2.26476  
0.911809  -2.28201  
0.9079  -2.27752  
0.910996  -2.29397  
0.914754  -2.27688  
0.930913  -2.2786  
0.953216  -2.27012  
0.946423  -2.24987  
0.932409  -2.27769  
0.926006  -2.27017  
0.955525  -2.23468  
0.956655  -2.22122  
0.960557  -2.23275  
0.94146  -2.2299  
0.929648  -2.23717  
0.929577  -2.24229  
0.910182  -2.26778  
0.886502  -2.2693  
0.881822  -2.29699  
0.875228  -2.29839  
0.878607  -2.30551  
0.831323  -2.3439  
0.83118  -2.3491  
0.8439  -2.35141  
0.840247  -2.34765  
0.837468  -2.36569  
0.852377  -2.36166  
0.871851  -2.35092  
0.873276  -2.35105  
0.869164  -2.34777  
0.875587  -2.34856  
0.887445  -2.31367  
0.901523  -2.2931  
0.90429  -2.30094  
0.897484  -2.29947  
0.900242  -2.30733  
0.896759  -2.32862  
0.880266  -2.34878  
0.884222  -2.34242  
0.883125  -2.35413  
0.880087  -2.36267  
0.872991  -2.38901  
0.858765  -2.38352  
0.861819  -2.3912  
0.863164  -2.39532  
0.858729  -2.39268  
0.841382  -2.37795  
0.848393  -2.38642  
0.852438  -2.36423  
0.851441  -2.36607  
0.847042  -2.36395  
0.842246  -2.35333  
0.843818  -2.34208  
0.833162  -2.33915  
0.819104  -2.3326  
0.821924  -2.33674  
0.826718  -2.33909  
0.822482  -2.33743  
0.796124  -2.35617  
0.798663  -2.36767  
0.793095  -2.36293  
0.788178  -2.36777  
0.778664  -2.3609  
0.77487  -2.3593  
0.776869  -2.34398  
0.788109  -2.35404  
0.78339  -2.3232  
0.782156  -2.33627  
0.778397  -2.335  
0.805082  -2.32622  
0.80082  -2.3252  
0.811504  -2.28389  
0.811264  -2.28275  
0.813754  -2.27371  
0.813188  -2.25781  
0.808775  -2.2573  
0.790595  -2.24495  
0.786488  -2.24449  
0.79467  -2.19453  
0.790516  -2.19442  
0.770564  -2.19505  
0.74865  -2.19218  
0.748456  -2.19133  
0.734206  -2.21596  
0.734011  -2.21517  
0.7206  -2.25223  
0.728453  -2.25424  
0.721908  -2.25755  
0.72035  -2.28274  
0.7224  -2.30337  
0.719831  -2.31143  
0.733006  -2.32168  
0.741357  -2.30741  
0.737646  -2.3139  
0.733776  -2.31339  
0.757676  -2.30818  
0.757946  -2.3042  
0.772866  -2.32257  
0.76959  -2.34196  
0.762066  -2.33866  
0.782639  -2.35448  
0.785096  -2.37106  
0.780595  -2.37085  
0.779678  -2.40234  
0.795465  -2.40935  
0.773103  -2.43574  
0.766318  -2.45886  
0.761837  -2.45852  
0.747798  -2.47522  
0.750094  -2.48429  
0.742932  -2.50357  
0.7253  -2.51894  
0.725038  -2.51894  
0.734091  -2.51052  
0.733336  -2.51699  
0.749431  -2.51198  
0.751443  -2.52136  
0.75077  -2.54833  
0.756363  -2.53598  
0.759455  -2.54157  
0.77338  -2.5527  
0.785416  -2.54976  
0.784255  -2.56171  
0.778772  -2.56233  
0.764397  -2.58466  
0.769683  -2.57266  
0.74375  -2.57976  
0.751083  -2.58267  
0.745847  -2.58354  
0.760534  -2.57195  
0.761987  -2.58209  
0.749077  -2.58067  
0.749901  -2.59287  
0.749582  -2.59342  
0.751591  -2.602  
0.76619  -2.58708  
0.766369  -2.57497  
0.770189  -2.55057  
0.784156  -2.54723  
0.779789  -2.53111  
0.774751  -2.51502  
0.779627  -2.50445  
0.776911  -2.48661  
0.785114  -2.47192  
0.801244  -2.44109  
0.797681  -2.4569  
0.803339  -2.45562  
0.79722  -2.45828  
0.819224  -2.44779  
0.812892  -2.45054  
0.831802  -2.43431  
0.841701  -2.43728  
0.8459  -2.4271  
0.851367  -2.42749  
0.844677  -2.43037  
0.836502  -2.43494  
0.829873  -2.43784  
0.834652  -2.43351  
0.834505  -2.44513  
0.843069  -2.42525  
0.824957  -2.43589  
0.818456  -2.43886  
0.809388  -2.45762  
0.809386  -2.46904  
0.797175  -2.45291  
0.790848  -2.45588  
0.774421  -2.47692  
0.739484  -2.47521  
0.744859  -2.46497  
0.711767  -2.47395  
0.7127  -2.48537  
0.694505  -2.49892  
0.687755  -2.49622  
0.681184  -2.51409  
0.684771  -2.53228  
0.684284  -2.5339  
0.688961  -2.53948  
0.683539  -2.5424  
0.697653  -2.54915  
0.703867  -2.55017  
0.709533  -2.53988  
0.713388  -2.5344  
0.707477  -2.53762  
0.71128  -2.53252  
0.711762  -2.54423  
0.711905  -2.55224  
0.704287  -2.54267  
0.716282  -2.54105  
0.711648  -2.5399  
0.710953  -2.54572  
0.71169  -2.54395  
0.708151  -2.54689  
0.704371  -2.56435  
0.690875  -2.54337  
0.669912  -2.5636  
0.677974  -2.54069  
0.669285  -2.54742  
0.657548  -2.56092  
0.650179  -2.54532  
0.660299  -2.53933  
0.653836  -2.55003  
0.640178  -2.54334  
0.650878  -2.55136  
0.664827  -2.56376  
0.664104  -2.56617  
0.678272  -2.56804  
0.672087  -2.57229  
0.681903  -2.5933  
0.703385  -2.58539  
0.685112  -2.59109  
0.701585  -2.58107  
0.699941  -2.58913  
0.697389  -2.61016  
0.688194  -2.61925  
0.696318  -2.61617  
0.699171  -2.6192  
0.692257  -2.6237  
0.694023  -2.62937  
0.678856  -2.64221  
0.671188  -2.65095  
0.658689  -2.67974  
0.653448  -2.70228  
0.655603  -2.70093  
0.632316  -2.73419  
0.615591  -2.73742  
0.600422  -2.75494  
0.566069  -2.78246  
0.572076  -2.77329  
0.551581  -2.8045  
0.560567  -2.78175  
0.55453  -2.79231  
0.553251  -2.78381  
0.543948  -2.78955  
0.575907  -2.76901  
0.57586  -2.78149  
0.592022  -2.75624  
0.61057  -2.75739  
0.599096  -2.76644  
0.59454  -2.77276  
0.615489  -2.77719  
0.60848  -2.78251  
0.633824  -2.77142  
0.633048  -2.7659  
0.640093  -2.76475  
0.63649  -2.76624  
0.631811  -2.75879  
0.621685  -2.7725  
0.620458  -2.77601  
0.623026  -2.78247  
0.630393  -2.76336  
0.628976  -2.77668  
0.621454  -2.78174  
0.616348  -2.77436  
0.632204  -2.76362  
0.633392  -2.76366  
0.622685  -2.78158  
0.633019  -2.7668  
0.634485  -2.75721  
0.647202  -2.76181  
0.639471  -2.75028  
0.637059  -2.7585  
0.626101  -2.75525  
0.630408  -2.77162  
0.611852  -2.77031  
0.61021  -2.76515  
0.599024  -2.79495  
0.584684  -2.79805  
0.589572  -2.79054  
0.582832  -2.79606  
0.577559  -2.78933  
0.57279  -2.79448  
0.580055  -2.79298  
0.562064  -2.81241  
0.55905  -2.82276  
0.551403  -2.83172  
0.528938  -2.85151  
0.534136  -2.84405  
0.525542  -2.84867  
0.520707  -2.84226  
0.509783  -2.85369  
0.495425  -2.84935  
0.490551  -2.84294  
0.495331  -2.8326  
0.49692  -2.83319  
0.495745  -2.84008  
0.498874  -2.85657  
0.509478  -2.84615  
0.528728  -2.85243  
0.52008  -2.8596  
0.538189  -2.86561  
0.53883  -2.86632  
0.53654  -2.88476  
0.537047  -2.88546  
0.534034  -2.89876  
0.534465  -2.89942  
0.528917  -2.88915  
0.521094  -2.89807  
0.525429  -2.89133  
0.500148  -2.9117  
0.500721  -2.91251  
0.468665  -2.9355  
0.457094  -2.93078  
0.456385  -2.93174  
0.44328  -2.95459  
0.444158  -2.95542  
0.43017  -2.98406  
0.430205  -2.97283  
0.428663  -2.98486  
0.424222  -2.97732  
0.434274  -2.97354  
0.424411  -2.98589  
0.428508  -2.98958  
0.429906  -2.99057  
0.42548  -2.97793  
0.431283  -2.97027  
0.434769  -2.95785  
0.428348  -2.95788  
0.416191  -2.96167  
0.415423  -2.95322  
0.418817  -2.95146  
0.419689  -2.95611  
0.418925  -2.95713  
0.424324  -2.9418  
0.423605  -2.95901  
0.416705  -2.9545  
0.401284  -2.95948  
0.398675  -2.9649  
0.393771  -2.9649  
0.389853  -2.97422  
0.380622  -2.97417  
0.384953  -2.97166  
0.384885  -2.97345  
0.378202  -2.9871  
0.368665  -3.00306  
0.364261  -3.00926  
0.376708  -2.99339  
0.376397  -2.99517  
0.374913  -2.99905  
0.385227  -2.99895  
0.368518  -3.02472  
0.360628  -3.02001  
0.360906  -3.0167  
0.35536  -3.03192  
0.35489  -3.02795  
0.333942  -3.04463  
0.344516  -3.03983  
0.293406  -3.09055  
0.300746  -3.07221  
0.290627  -3.09363  
0.287226  -3.09949  
0.290725  -3.1165  
0.275749  -3.11281  
0.271855  -3.12176  
0.249789  -3.12838  
0.231187  -3.14273  
0.245753  -3.13029  
0.228932  -3.14185  
0.23797  -3.15076  
0.233609  -3.14414  
0.226586  -3.16251  
0.240812  -3.15029  
0.236325  -3.16421  
0.243121  -3.14634  
0.241863  -3.1473  
0.265246  -3.14183  
0.278022  -3.13391  
0.29218  -3.12144  
0.302022  -3.12238  
0.31638  -3.11013  
0.309368  -3.11403  
0.306597  -3.12093  
0.3032  -3.11301  
0.311224  -3.11257  
0.303255  -3.11867  
0.298679  -3.11427  
0.286036  -3.12613  
0.283921  -3.13798  
0.286425  -3.13654  
0.259251  -3.16185  
0.264826  -3.15541  
0.255303  -3.15608  
0.274579  -3.1518  
0.252768  -3.1648  
0.264483  -3.15535  
0.238623  -3.16267  
0.258257  -3.16415  
0.231202  -3.1888  
0.22411  -3.17963  
0.215931  -3.18336  
0.213807  -3.18972  
0.206352  -3.18981  
0.177037  -3.1933  
0.186999  -3.19184  
0.16922  -3.19898  
0.167367  -3.19419  
0.157802  -3.20102  
0.166451  -3.18857  
0.16109  -3.20123  
0.172115  -3.17141  
0.173168  -3.16068  
0.170086  -3.16378  
0.198736  -3.14373  
0.200066  -3.13995  
0.206559  -3.10644  
0.201723  -3.10821  
0.202893  -3.10472  
0.215352  -3.07399  
0.211521  -3.07764  
0.218169  -3.06298  
0.206247  -3.05606  
0.197086  -3.06564  
0.211313  -3.06272  
0.21465  -3.04832  
0.208877  -3.06937  
0.202174  -3.0688  
0.186551  -3.08223  
0.167255  -3.0918  
0.160644  -3.0992  
0.144153  -3.12677  
0.126114  -3.13821  
0.137908  -3.15129  
0.135304  -3.15075  
0.126384  -3.14625  
0.11974  -3.16036  
0.121456  -3.15392  
0.10089  -3.19028  
0.0946014  -3.20119  
0.0919173  -3.19862  
0.0834164  -3.21645  
0.0809981  -3.2209  
0.0648053  -3.23114  
0.0547994  -3.2293  
0.0481212  -3.2259  
0.0330922  -3.23509  
0.0334044  -3.24162  
0.0256813  -3.2485  
0.0298255  -3.2382  
0.0433436  -3.23925  
0.0400404  -3.23123  
0.0427504  -3.23319  
0.0206829  -3.23078  
0.0282698  -3.24209  
0.0485239  -3.22642  
0.0447197  -3.21498  
0.0442831  -3.22886  
0.0356051  -3.20143  
0.0287297  -3.19507  
0.0202201  -3.21094  
0.0211335  -3.18551  
0.00792229  -3.18436  
0.016232  -3.17442  
0.004046  -3.17047  
0.0121192  -3.17872  
0.00889517  -3.16926  
-0.00588332  -3.19652  
0.0032749  -3.18269  
-0.00217658  -3.18635  
0.0139868  -3.17789  
0.00491644  -3.19377  
0.0184698  -3.17813  
0.0273849  -3.16469  
0.0180097  -3.18058  
0.0299394  -3.1578  
0.0305641  -3.16394  
0.0308749  -3.12334  
0.0419719  -3.09894  
0.038108  -3.11333  
0.0415217  -3.08562  
0.0518064  -3.0756  
0.0293479  -3.06954  
0.0229225  -3.0738  
7.07159e-05  -3.06269  
-0.00657847  -3.0565  
-0.0124031  -3.07135  
-0.0230925  -3.08032  
-0.00858993  -3.06879  
-0.0325201  -3.08559  
-0.0352999  -3.08763  
-0.0365909  -3.07559  
-0.046753  -3.07885  
-0.0575607  -3.09616  
-0.0471607  -3.08603  
-0.080469  -3.09057  
-0.0678627  -3.08579  
-0.0957799  -3.07463  
-0.104638  -3.07516  
-0.0974262  -3.0771  
-0.119508  -3.07988  
-0.11952  -3.07837  
-0.123551  -3.08449  
-0.143658  -3.087  
-0.152832  -3.10293  
-0.160056  -3.12005  
-0.155762  -3.11471  
-0.16818  -3.13548  
-0.163036  -3.131  
-0.171218  -3.14526  
-0.185692  -3.15257  
-0.180737  -3.15244  
-0.204562  -3.16371  
-0.212674  -3.17757  
-0.22765  -3.17673  
-0.223077  -3.16646  
-0.232878  -3.18218  
-0.239955  -3.18164  
-0.256856  -3.18877  
-0.249709  -3.19038  
-0.269476  -3.19052  
-0.279275  -3.2062  
-0.272043  -3.21148  
-0.286448  -3.20895  
-0.272665  -3.20689  
-0.300849  -3.23429  
-0.289784  -3.23005  
-0.303673  -3.25671  
-0.303673  -3.25671  
-0.328922  -3.27458  
-0.31198  -3.27571  
-0.318296  -3.28543  
-0.320084  -3.28851  
-0.313365  -3.28994  
-0.314391  -3.29428  
-0.304678  -3.28381  
-0.294547  -3.27415  
-0.282802  -3.25097  
-0.290919  -3.25467  
-0.273974  -3.24507  
-0.268108  -3.24692  
-0.264867  -3.22613  
-0.273485  -3.22693  
-0.249846  -3.20756  
-0.255019  -3.19237  
-0.26907  -3.19961  
-0.254387  -3.19861  
-0.269622  -3.20949  
-0.264551  -3.21078  
-0.268832  -3.20881  
-0.268832  -3.20881  
-0.277421  -3.21117  
-0.280478  -3.21431  
-0.288603  -3.21763  
-0.280063  -3.20755  
-0.290927  -3.19633  
-0.299904  -3.2002  
-0.328821  -3.17921  
-0.323267  -3.18126  
-0.368459  -3.18871  
-0.373126  -3.18813  
-0.364043  -3.17836  
-0.382591  -3.16977  
-0.373389  -3.16009  
-0.38707  -3.16275  
-0.401234  -3.18042  
-0.409705  -3.18443  
-0.408134  -3.20311  
-0.419947  -3.21879  
-0.403732  -3.2041  
-0.432933  -3.21934  
-0.444349  -3.23449  
-0.471467  -3.24637  
-0.462516  -3.2398  
-0.502577  -3.25348  
-0.507131  -3.25299  
-0.515531  -3.25663  
-0.527378  -3.24842  
-0.518451  -3.23876  
-0.52314  -3.25407  
-0.517152  -3.2559  
-0.535572  -3.27106  
-0.540427  -3.28222  
-0.531286  -3.27212  
-0.519936  -3.27772  
-0.514311  -3.27955  
-0.514352  -3.27741  
-0.517531  -3.28268  
-0.506243  -3.28373  
-0.499348  -3.26474  
-0.508756  -3.2607  
-0.493397  -3.24536  
-0.485295  -3.23548  
-0.492943  -3.21068  
-0.484843  -3.20103  
-0.469125  -3.1778  
-0.458686  -3.16424  
-0.46891  -3.16852  
-0.475721  -3.15747  
-0.467888  -3.14808  
-0.467292  -3.13555  
-0.470973  -3.13401  
-0.463163  -3.12461  
-0.472419  -3.14245  
-0.461446  -3.13638  
-0.47314  -3.13949  
-0.474135  -3.14124  
-0.487787  -3.15714  
-0.483052  -3.13858  
-0.496716  -3.15448  
-0.50347  -3.15321  
-0.528049  -3.15121  
-0.51855  -3.12879  
-0.530806  -3.11638  
-0.525993  -3.11855  
-0.541922  -3.11637  
-0.546566  -3.11469  
-0.551307  -3.11418  
-0.561406  -3.11825  
-0.563943  -3.11045  
-0.57685  -3.13098  
-0.553695  -3.12444  
-0.579486  -3.14728  
-0.571573  -3.13746  
-0.595964  -3.14287  
-0.610041  -3.14461  
-0.598319  -3.13646  
-0.625424  -3.14863  
-0.610872  -3.13855  
-0.634971  -3.13902  
-0.648155  -3.15458  
-0.637999  -3.14511  
-0.648185  -3.14892  
-0.659395  -3.13142  
-0.637276  -3.12378  
-0.662314  -3.1218  
-0.644042  -3.11395  
-0.649741  -3.13176  
-0.642438  -3.11464  
-0.653513  -3.1291  
-0.630853  -3.11498  
-0.632665  -3.12267  
-0.62499  -3.12672  
-0.635746  -3.13055  
-0.643433  -3.13341  
-0.626634  -3.13824  
-0.63559  -3.11951  
-0.651894  -3.1182  
-0.661684  -3.11714  
-0.660472  -3.11054  
-0.653062  -3.10082  
-0.652935  -3.10988  
-0.673389  -3.12197  
-0.680866  -3.10334  
-0.689014  -3.0891  
-0.703077  -3.10485  
-0.720083  -3.08879  
-0.715396  -3.09097  
-0.706132  -3.08317  
-0.694469  -3.06869  
-0.701216  -3.0681  
-0.70023  -3.03299  
-0.714378  -3.04896  
-0.683112  -3.02333  
-0.685316  -3.02009  
-0.684315  -3.03019  
-0.671091  -3.00231  
-0.677557  -3.01702  
-0.67569  -2.98772  
-0.68864  -2.99352  
-0.685539  -2.98119  
-0.689697  -2.97301  
-0.70777  -2.99097  
-0.705026  -2.97158  
-0.721162  -2.97407  
-0.708364  -2.9637  
-0.707834  -2.95184  
-0.713853  -2.95551  
-0.709844  -2.95782  
-0.70416  -2.9403  
-0.722451  -2.95008  
-0.711286  -2.94778  
-0.698361  -2.93893  
-0.691488  -2.92972  
-0.704737  -2.9255  
-0.706684  -2.92861  
-0.705276  -2.91316  
-0.72723  -2.92406  
-0.720067  -2.91473  
-0.742592  -2.92771  
-0.73114  -2.92974  
-0.738982  -2.92711  
-0.731845  -2.91765  
-0.747813  -2.92505  
-0.752719  -2.91363  
-0.768474  -2.91547  
-0.769347  -2.90362  
-0.768623  -2.90921  
-0.773748  -2.9031  
-0.765915  -2.87815  
-0.774405  -2.88846  
-0.775768  -2.87137  
-0.783363  -2.85612  
-0.78191  -2.85867  
-0.792658  -2.85454  
-0.800621  -2.85839  
-0.799783  -2.84433  
-0.791618  -2.85285  
-0.790622  -2.83499  
-0.801113  -2.85151  
-0.799405  -2.83822  
-0.798104  -2.84827  
-0.79097  -2.83899  
-0.803044  -2.83433  
-0.800206  -2.83464  
-0.804095  -2.83728  
-0.800142  -2.83957  
-0.805642  -2.82645  
-0.801689  -2.82874  
-0.810774  -2.81474  
-0.820418  -2.80206  
-0.816382  -2.80449  
-0.831271  -2.80146  
-0.837271  -2.80055  
-0.846061  -2.79183  
-0.851549  -2.77715  
-0.854192  -2.77672  
-0.849851  -2.76231  
-0.86653  -2.76301  
-0.859334  -2.74315  
-0.876228  -2.74355  
-0.869762  -2.74569  
-0.868894  -2.73791  
-0.880489  -2.75359  
-0.871114  -2.75417  
-0.879413  -2.76287  
-0.867913  -2.75561  
-0.879417  -2.76313  
-0.880731  -2.77117  
-0.914388  -2.78115  
-0.911854  -2.78266  
-0.907774  -2.7866  
-0.910222  -2.78255  
-0.922397  -2.7829  
-0.928575  -2.76935  
-0.950375  -2.76912  
-0.945978  -2.77146  
-0.965253  -2.76559  
-0.960809  -2.76799  
-0.957978  -2.76795  
-0.945877  -2.76036  
-0.962071  -2.76213  
-0.952303  -2.76962  
-0.948333  -2.77189  
-0.982824  -2.79043  
-0.96072  -2.77968  
-0.988433  -2.8113  
-0.981642  -2.8206  
-1.00075  -2.83385  
-0.998886  -2.84329  
-0.992149  -2.83361  
-1.01035  -2.8505  
-1.00367  -2.84083  
-0.999108  -2.8435  
-0.995468  -2.84525  
-0.996559  -2.83991  
-1.01417  -2.83779  
-1.01055  -2.83964  
-1.01173  -2.83429  
-1.00824  -2.83618  
-0.999408  -2.8204  
-1.01477  -2.83529  
-1.00729  -2.80633  
-1.02045  -2.80723  
-1.00934  -2.79829  
-1.01535  -2.79104  
-1.02828  -2.79492  
-1.01398  -2.79539  
-1.03779  -2.79361  
-1.02654  -2.78403  
-1.05519  -2.79605  
-1.05602  -2.78404  
-1.07062  -2.78225  
-1.06112  -2.77769  
-1.07274  -2.79244  
-1.07866  -2.78029  
-1.09366  -2.79679  
-1.08928  -2.78146  
-1.10605  -2.78603  
-1.10315  -2.77522  
-1.11677  -2.7873  
-1.10292  -2.77986  
-1.12755  -2.78862  
-1.11886  -2.77845  
-1.13496  -2.79113  
-1.12661  -2.78428  
-1.14195  -2.78474  
-1.13555  -2.77564  
-1.1343  -2.78053  
-1.13798  -2.78  
-1.14536  -2.78213  
-1.15973  -2.78883  
-1.16391  -2.77659  
-1.16728  -2.7747  
-1.16089  -2.76556  
-1.1724  -2.76988  
-1.16882  -2.77217  
-1.17744  -2.77328  
-1.17107  -2.76409  
-1.18769  -2.78112  
-1.18994  -2.7783  
-1.18363  -2.76906  
-1.1776  -2.76955  
-1.19862  -2.76881  
-1.19176  -2.76182  
-1.19734  -2.74813  
-1.20864  -2.76265  
-1.21184  -2.76125  
-1.21474  -2.75257  
-1.20797  -2.76164  
-1.21029  -2.77258  
-1.20421  -2.76328  
-1.21564  -2.77656  
-1.20145  -2.76787  
-1.20958  -2.75244  
-1.20538  -2.75393  
-1.2022  -2.75609  
-1.19896  -2.73726  
-1.21526  -2.7526  
-1.22946  -2.74663  
-1.23188  -2.73485  
-1.23429  -2.72797  
-1.23578  -2.72211  
-1.23829  -2.71468  
-1.2461  -2.72261  
-1.25478  -2.72108  
-1.24697  -2.73029  
-1.26702  -2.72389  
-1.28044  -2.73301  
-1.28066  -2.72591  
-1.2876  -2.72984  
-1.2788  -2.72225  
-1.29823  -2.70918  
-1.31244  -2.72512  
-1.32377  -2.72044  
-1.32651  -2.70899  
-1.32233  -2.71167  
-1.32307  -2.70068  
-1.34608  -2.71159  
-1.34597  -2.70115  
-1.37015  -2.71342  
-1.3669  -2.70795  
-1.38415  -2.72362  
-1.37089  -2.71581  
-1.39697  -2.72696  
-1.3884  -2.72411  
-1.40519  -2.7267  
-1.39977  -2.72358  
-1.40935  -2.73474  
-1.41805  -2.73165  
-1.4292  -2.73598  
-1.41343  -2.72539  
-1.42905  -2.73146  
-1.41262  -2.72073  
-1.45798  -2.73686  
-1.46535  -2.72949  
-1.4809  -2.74493  
-1.48289  -2.74417  
-1.479  -2.7466  
-1.4992  -2.75116  
-1.48606  -2.72981  
-1.48227  -2.73236  
-1.49294  -2.72703  
-1.48652  -2.71811  
-1.47847  -2.71433  
-1.4625  -2.70933  
-1.46066  -2.70204  
-1.46676  -2.69579  
-1.45778  -2.69637  
-1.46758  -2.70138  
-1.47565  -2.71042  
-1.47543  -2.7149  
-1.49886  -2.72705  
-1.51604  -2.73366  
-1.52619  -2.7539  
-1.52588  -2.74749  
-1.54631  -2.76701  
-1.54255  -2.74814  
-1.54416  -2.75491  
-1.55353  -2.74422  
-1.55497  -2.73241  
-1.56812  -2.7422  
-1.54938  -2.71735  
-1.56406  -2.72759  
-1.56204  -2.70531  
-1.56483  -2.68788  
-1.55725  -2.6733  
-1.56451  -2.6612  
-1.58909  -2.6727  
-1.58657  -2.67449  
-1.59645  -2.66313  
-1.58399  -2.64851  
-1.59025  -2.64709  
-1.58869  -2.64358  
-1.62438  -2.65207  
-1.62874  -2.66198  
-1.62243  -2.65348  
-1.62444  -2.66973  
-1.61595  -2.6662  
-1.64864  -2.67797  
-1.65158  -2.67374  
-1.6451  -2.66399  
-1.68368  -2.67267  
-1.67976  -2.67553  
-1.68988  -2.68282  
-1.70417  -2.671  
-1.72158  -2.68482  
-1.7424  -2.67434  
-1.75524  -2.67864  
-1.76045  -2.68149  
-1.76849  -2.66593  
-1.78663  -2.68516  
-1.76575  -2.66689  
-1.76575  -2.66689  
-1.76758  -2.65225  
-1.76364  -2.64724  
-1.74412  -2.6371  
-1.75319  -2.63216  
-1.74218  -2.63563  
-1.72454  -2.59838  
-1.72312  -2.60485  
-1.71625  -2.58444  
-1.70872  -2.56662  
-1.73383  -2.58167  
-1.71825  -2.55235  
-1.71582  -2.55902  
-1.73886  -2.55506  
-1.73232  -2.54194  
-1.72829  -2.52843  
-1.73158  -2.52151  
-1.72559  -2.5135  
-1.72001  -2.50382  
-1.7266  -2.51963  
-1.73475  -2.52011  
-1.71687  -2.51342  
-1.72196  -2.52514  
-1.71615  -2.51722  
-1.71093  -2.50425  
-1.70763  -2.50766  
-1.68806  -2.50799  
-1.69196  -2.50766  
-1.68645  -2.49959  
-1.71233  -2.4994  
-1.70257  -2.48741  
-1.68746  -2.46834  
-1.68494  -2.45695  
-1.69107  -2.45751  
-1.6896  -2.45069  
-1.69308  -2.44018  
-1.70676  -2.43689  
-1.69582  -2.44046  
-1.68908  -2.42038  
-1.67937  -2.42828  
-1.68335  -2.41775  
-1.69241  -2.41684  
-1.69697  -2.42477  
-1.70499  -2.41536  
-1.69732  -2.40479  
-1.70567  -2.40526  
-1.68999  -2.38266  
-1.70033  -2.40002  
-1.69255  -2.37572  
-1.70769  -2.37607  
-1.70455  -2.3793  
-1.69058  -2.37386  
-1.703  -2.36973  
-1.69738  -2.36186  
-1.69891  -2.3586  
-1.70774  -2.36486  
-1.70257  -2.35996  
-1.71048  -2.35827  
-1.69349  -2.35632  
-1.6953  -2.34292  
-1.69279  -2.33157  
-1.69475  -2.33445  
-1.68375  -2.32804  
-1.68359  -2.32235  
-1.6906  -2.3107  
-1.68112  -2.30172  
-1.65495  -2.278  
-1.66159  -2.2873  
-1.64145  -2.25281  
-1.63805  -2.24772  
-1.6353  -2.25123  
-1.6271  -2.21265  
-1.62561  -2.21943  
-1.62655  -2.21601  
-1.59359  -2.19532  
-1.59107  -2.19892  
-1.60626  -2.19559  
-1.61057  -2.19794  
-1.60519  -2.18192  
-1.58314  -2.16131  
-1.57383  -2.15596  
-1.56315  -2.13886  
-1.56493  -2.14756  
-1.57127  -2.11814  
-1.56524  -2.11112  
-1.56712  -2.10143  
-1.55301  -2.07975  
-1.55037  -2.08353  
-1.53508  -2.03826  
-1.52643  -2.02312  
-1.53096  -2.02206  
-1.50981  -2.00013  
-1.53422  -2.01153  
-1.51381  -1.98341  
-1.48594  -1.95001  
-1.48183  -1.95246  
-1.46663  -1.91678  
-1.46244  -1.91852  
-1.44094  -1.88206  
-1.43958  -1.87009  
-1.44631  -1.85977  
-1.40982  -1.83122  
-1.41722  -1.81311  
-1.39492  -1.77418  
-1.38868  -1.76206  
-1.39468  -1.74715  
-1.37407  -1.72415  
-1.39404  -1.72338  
-1.37552  -1.69617  
-1.37407  -1.70291  
-1.35393  -1.681  
-1.34861  -1.6569  
-1.33867  -1.66854  
-1.3477  -1.66242  
-1.35425  -1.65353  
-1.36115  -1.64634  
-1.35618  -1.65206  
-1.3654  -1.65833  
-1.39295  -1.66402  
-1.38681  -1.6574  
-1.40114  -1.64784  
-1.41393  -1.65023  
-1.44198  -1.66057  
-1.44444  -1.67363  
-1.44587  -1.66361  
-1.45432  -1.6532  
-1.45947  -1.65901  
-1.47436  -1.6463  
-1.46729  -1.63772  
-1.47328  -1.64066  
-1.48695  -1.63314  
-1.49115  -1.6302  
-1.4797  -1.61469  
-1.51069  -1.59795  
-1.52651  -1.61508  
-1.52706  -1.59815  
-1.52706  -1.59815  
-1.52597  -1.59391  
-1.53695  -1.58374  
-1.55011  -1.58993  
-1.56172  -1.57786  
-1.55442  -1.57183  
-1.56672  -1.57389  
-1.57967  -1.58014  
-1.59451  -1.56624  
-1.58705  -1.56035  
-1.60965  -1.549  
-1.6122  -1.53364  
-1.59891  -1.52655  
-1.62516  -1.53449  
-1.61753  -1.52888  
-1.62542  -1.52348  
-1.61474  -1.50345  
-1.61445  -1.49578  
-1.6135  -1.49415  
-1.60381  -1.48332  
-1.60967  -1.47472  
-1.602  -1.47435  
-1.62492  -1.48111  
-1.61693  -1.47029  
-1.61285  -1.46637  
-1.62072  -1.47369  
-1.62724  -1.48969  
-1.63237  -1.48184  
-1.64124  -1.48004  
-1.65671  -1.49777  
-1.64036  -1.48949  
-1.64078  -1.49273  
-1.64267  -1.49141  
-1.6272  -1.49066  
-1.64049  -1.49719  
-1.62764  -1.47493  
-1.61801  -1.46778  
-1.61611  -1.44909  
-1.59432  -1.43921  
-1.60244  -1.43854  
-1.56641  -1.40275  
-1.56218  -1.40846  
-1.55079  -1.38778  
-1.55645  -1.37999  
-1.56732  -1.38119  
-1.5472  -1.36263  
-1.54325  -1.36031  
-1.53671  -1.35533  
-1.54001  -1.34788  
-1.55069  -1.34893  
-1.5364  -1.34813  
-1.53387  -1.33731  
-1.54787  -1.3471  
-1.54379  -1.34345  
-1.54735  -1.32852  
-1.54841  -1.32542  
-1.55023  -1.31751  
-1.57651  -1.32236  
-1.5771  -1.32562  
-1.57627  -1.31657  
-1.58563  -1.31881  
-1.59677  -1.32384  
-1.57165  -1.31746  
-1.58381  -1.32057  
-1.56193  -1.31488  
-1.55772  -1.31487  
-1.56352  -1.30751  
-1.55978  -1.32214  
-1.55061  -1.32398  
-1.54887  -1.3266  
-1.53575  -1.3161  
-1.54183  -1.32024  
-1.55212  -1.32253  
-1.54547  -1.31715  
-1.5351  -1.30755  
-1.52604  -1.29692  
-1.51374  -1.29859  
-1.50025  -1.27911  
-1.49618  -1.27568  
-1.48347  -1.26462  
-1.48934  -1.25451  
-1.49135  -1.24686  
-1.47645  -1.23506  
-1.48763  -1.24023  
-1.49291  -1.23692  
-1.4865  -1.23194  
-1.45848  -1.21623  
-1.45988  -1.19969  
-1.45599  -1.20544  
-1.44332  -1.18612  
-1.43702  -1.18131  
-1.40178  -1.15754  
-1.39971  -1.15331  
-1.39359  -1.1486  
-1.38077  -1.12959  
-1.39007  -1.13351  
-1.39316  -1.11999  
-1.37653  -1.1262  
-1.38336  -1.11881  
-1.37643  -1.10438  
-1.37382  -1.1084  
-1.3655  -1.10076  
-1.36918  -1.09022  
-1.36737  -1.09453  
-1.35568  -1.0771  
-1.36676  -1.07943  
-1.35847  -1.06582  
-1.35408  -1.05276  
-1.35316  -1.05595  
-1.34542  -1.04328  
-1.34449  -1.04647  
-1.33354  -1.02427  
-1.33407  -0.997278  
-1.33492  -0.998093  
-1.32424  -0.996422  
-1.32643  -0.989207  
-1.33844  -0.991996  
-1.32613  -0.99401  
-1.32756  -0.973175  
-1.32083  -0.969277  
-1.30373  -0.956513  
-1.29668  -0.958372  
-1.29005  -0.954442  
-1.2719  -0.923094  
-1.26788  -0.92943  
-1.25071  -0.907844  
-1.25705  -0.902351  
-1.23094  -0.887  
-1.20988  -0.873838  
-1.21884  -0.869088  
-1.18458  -0.84753  
-1.18458  -0.84753  
-1.16768  -0.844616  
-1.1723  -0.83736  
-1.17634  -0.836097  
-1.16998  -0.823982  
-1.17341  -0.822033  
-1.14817  -0.796702  
-1.15728  -0.801721  
-1.14966  -0.788802  
-1.13767  -0.759133  
-1.14659  -0.764355  
-1.13645  -0.738894  
-1.12936  -0.736184  
-1.13512  -0.717073  
-1.10124  -0.701968  
-1.10476  -0.712223  
-1.10223  -0.694248  
-1.1128  -0.696137  
-1.10802  -0.674489  
-1.08969  -0.662404  
-1.11403  -0.668016  
-1.1046  -0.644053  
-1.09773  -0.642172  
-1.11392  -0.638935  
-1.11695  -0.623662  
-1.11926  -0.61709  
-1.11692  -0.606584  
-1.10583  -0.601803  
-1.0952  -0.596353  
-1.12244  -0.603587  
-1.11728  -0.614169  
-1.10911  -0.612458  
-1.0943  -0.611537  
-1.06621  -0.615743  
-1.07454  -0.621637  
-1.07169  -0.616019  
-1.06364  -0.614165  
-1.03506  -0.615785  
-1.03688  -0.600498  
-1.04242  -0.597032  
-1.02219  -0.596225  
-1.01718  -0.603855  
-0.987934  -0.589185  
-0.987947  -0.575523  
-0.981817  -0.572839  
-0.987416  -0.562272  
-0.973798  -0.563187  
-0.969132  -0.53066  
-0.956432  -0.533098  
-0.937509  -0.520416  
-0.940821  -0.498687  
-0.932627  -0.497825  
-0.927337  -0.49661  
-0.935877  -0.503064  
-0.903633  -0.491893  
-0.895482  -0.490974  
-0.889414  -0.486956  
-0.898071  -0.492849  
-0.883814  -0.51103  
-0.889242  -0.508491  
-0.874587  -0.512704  
-0.883077  -0.518615  
-0.891573  -0.521071  
-0.885238  -0.514623  
-0.876723  -0.513492  
-0.887909  -0.527476  
-0.8795  -0.526183  
-0.877612  -0.52822  
-0.872117  -0.531256  
-0.859152  -0.533748  
-0.848153  -0.522332  
-0.845886  -0.513418  
-0.85099  -0.511038  
-0.802502  -0.506341  
-0.793967  -0.505254  
-0.776353  -0.492742  
-0.771435  -0.50045  
-0.757948  -0.494931  
-0.750545  -0.488402  
-0.73675  -0.486803  
-0.728743  -0.492839  
-0.738218  -0.499126  
-0.729869  -0.506306  
-0.726166  -0.504174  
-0.736784  -0.506049  
-0.737235  -0.512938  
-0.73834  -0.518695  
-0.727855  -0.509962  
-0.694182  -0.491954  
-0.681775  -0.490853  
-0.675496  -0.49621  
-0.684218  -0.49706  
-0.663028  -0.497279  
-0.650178  -0.489751  
-0.64509  -0.484371  
-0.630387  -0.474984  
-0.608638  -0.459641  
-0.599849  -0.458904  
-0.567426  -0.447611  
-0.56285  -0.455278  
-0.543716  -0.434082  
-0.549313  -0.432669  
-0.551339  -0.423453  
-0.556725  -0.422225  
-0.535164  -0.424136  
-0.520354  -0.423122  
-0.530526  -0.430167  
-0.519739  -0.436689  
-0.516128  -0.441869  
-0.522418  -0.448188  
-0.506046  -0.450431  
-0.494994  -0.452279  
-0.467775  -0.454755  
-0.475096  -0.464887  
-0.456074  -0.463268  
-0.419173  -0.465514  
-0.424329  -0.461236  
-0.409776  -0.457113  
-0.41138  -0.459259  
-0.399578  -0.454178  
-0.383852  -0.453041  
-0.374869  -0.454271  
-0.346491  -0.445751  
-0.336707  -0.439856  
-0.336022  -0.443328  
-0.343583  -0.446233  
-0.384874  -0.458542  
-0.384611  -0.452306  
-0.371826  -0.455202  
-0.362054  -0.46287  
-0.359475  -0.469353  
-0.364221  -0.468085  
-0.367678  -0.478435  
-0.374629  -0.480508  
-0.350651  -0.468911  
-0.339677  -0.465845  
-0.334656  -0.476275  
-0.339395  -0.485473  
-0.343947  -0.484248  
-0.361384  -0.484031  
-0.345562  -0.466589  
-0.354387  -0.458915  
-0.324137  -0.445236  
-0.328332  -0.44463  
-0.345005  -0.456338  
-0.330019  -0.451279  
-0.333815  -0.450797  
-0.266527  -0.433033  
-0.273279  -0.433528  
-0.217242  -0.439769  
-0.236237  -0.457114  
-0.220595  -0.457029  
-0.187782  -0.451002  
-0.159192  -0.452098  
-0.155196  -0.467988  
-0.153675  -0.484332  
-0.120992  -0.468199  
-0.121905  -0.479082  
-0.136756  -0.484053  
-0.131726  -0.480701  
-0.10856  -0.47608  
-0.0950469  -0.470021  
-0.110455  -0.485087  
-0.124355  -0.485467  
-0.119576  -0.486565  
-0.121131  -0.481874  
-0.129866  -0.483575  
-0.130206  -0.47816  
-0.121921  -0.488871  
-0.121984  -0.483334  
-0.15468  -0.498822  
-0.158802  -0.492983  
-0.173559  -0.499385  
-0.18657  -0.489716  
-0.163559  -0.492818  
-0.182842  -0.505526  
-0.185716  -0.505014  
-0.181191  -0.520508  
-0.184028  -0.519897  
-0.188008  -0.533826  
-0.156132  -0.53051  
-0.15905  -0.529866  
-0.123807  -0.531028  
-0.112287  -0.529699  
-0.160362  -0.549526  
-0.170451  -0.560973  
-0.154991  -0.556781  
-0.152672  -0.5674  
-0.15108  -0.563992  
-0.114731  -0.545684  
-0.0982512  -0.540407  
-0.113619  -0.536982  
-0.0966921  -0.548623  
-0.102524  -0.547299  
-0.0912999  -0.544107  
-0.0591391  -0.53515  
-0.0555204  -0.527686  
-0.081007  -0.5434  
-0.071652  -0.532073  
-0.0679237  -0.546029  
-0.0952861  -0.57568  
-0.101284  -0.582374  
-0.116964  -0.594984  
-0.12543  -0.59388  
-0.0814705  -0.577037  
-0.0665241  -0.592915  
-0.065647  -0.603314  
-0.0472757  -0.62585  
-0.0581576  -0.638964  
-0.0610233  -0.651281  
-0.0311294  -0.64246  
-0.0174455  -0.642593  
0.0158594  -0.643148  
0.0130595  -0.641975  
0.0234545  -0.658227  
0.0208178  -0.656903  
0.0662654  -0.629799  
0.0562615  -0.638283  
0.0620242  -0.638534  
0.0594396  -0.637448  
0.0897215  -0.64163  
0.0799756  -0.652173  
0.083758  -0.65966  
0.103025  -0.66104  
0.0856669  -0.67239  
0.101446  -0.686044  
0.0868492  -0.698577  
0.07131  -0.709138  
0.0894832  -0.698343  
0.0960096  -0.695799  
0.0952494  -0.686664  
0.10266  -0.686794  
0.114192  -0.684312  
0.116475  -0.678202  
0.112952  -0.674475  
0.119921  -0.666866  
0.143764  -0.636102  
0.1418  -0.63511  
0.199471  -0.614969  
0.19736  -0.614085  
0.227023  -0.60217  
0.228709  -0.596293  
0.245669  -0.594365  
0.267986  -0.592167  
0.265914  -0.59138  
0.269746  -0.605333  
0.256205  -0.618798  
0.243852  -0.635154  
0.243238  -0.66807  
0.231604  -0.682354  
0.24307  -0.679576  
0.243319  -0.680727  
0.26027  -0.684608  
0.229571  -0.717974  
0.223064  -0.7243  
0.234253  -0.722539  
0.261529  -0.718791  
0.26988  -0.714171  
0.263289  -0.707643  
0.262829  -0.696561  
0.257401  -0.69173  
0.279295  -0.678045  
0.277763  -0.673654  
0.276098  -0.66396  
0.283157  -0.644567  
0.280704  -0.644818  
0.300963  -0.633274  
0.293011  -0.630651  
0.334073  -0.628438  
0.306533  -0.644995  
0.327884  -0.656102  
0.325623  -0.671933  
0.337694  -0.669232  
0.339702  -0.672202  
0.325702  -0.709589  
0.337511  -0.706576  
0.327986  -0.736675  
0.328506  -0.736944  
0.338022  -0.743911  
0.349637  -0.73777  
0.324631  -0.762522  
0.337926  -0.761774  
0.331291  -0.775565  
0.344164  -0.77971  
0.350837  -0.776642  
0.352165  -0.784531  
0.324924  -0.801008  
0.363014  -0.786013  
0.338823  -0.797305  
0.335216  -0.797439  
0.331823  -0.801037  
0.348388  -0.794662  
0.317479  -0.812639  
0.301982  -0.835411  
0.304045  -0.836828  
0.31532  -0.838223  
0.327127  -0.832004  
0.301396  -0.844029  
0.313227  -0.837809  
0.27772  -0.882558  
0.272212  -0.9016  
0.272027  -0.898154  
0.302466  -0.896298  
0.314707  -0.892147  
0.313391  -0.897846  
0.317922  -0.906565  
0.317436  -0.903055  
0.319137  -0.922853  
0.300081  -0.928929  
0.303868  -0.934922  
0.302526  -0.939293  
0.278183  -0.943602  
0.27334  -0.951532  
0.27604  -0.954962  
0.245204  -0.973135  
0.276283  -0.958042  
0.268587  -0.966846  
0.268924  -0.982337  
0.301813  -0.973986  
0.272788  -0.981164  
0.31875  -0.968621  
0.321324  -0.96759  
0.343665  -0.964708  
0.348999  -0.963203  
0.3328  -0.979723  
0.330378  -0.983091  
0.32762  -0.984722  
0.318903  -0.986698  
0.2899  -1.00313  
0.276799  -0.99897  
0.24566  -1.01739  
0.246881  -1.01603  
0.214345  -1.04172  
0.191247  -1.06028  
0.163996  -1.06906  
0.164073  -1.07685  
0.163054  -1.07211  
0.152561  -1.09523  
0.128587  -1.12877  
0.142253  -1.12848  
0.126287  -1.13762  
0.138127  -1.158  
0.137604  -1.18226  
0.137075  -1.17717  
0.163445  -1.19019  
0.175182  -1.18481  
0.162917  -1.19819  
0.179758  -1.2031  
0.19122  -1.19762  
0.197227  -1.20795  
0.210227  -1.21561  
0.244016  -1.20119  
0.25185  -1.19098  
0.302776  -1.16617  
0.319921  -1.15528  
0.330486  -1.14988  
0.359443  -1.14471  
0.361793  -1.14975  
0.399674  -1.12621  
0.432113  -1.09319  
0.419706  -1.09367  
0.442811  -1.07899  
0.452899  -1.07392  
0.440556  -1.0783  
0.447081  -1.07216  
0.443932  -1.07938  
0.472037  -1.06294  
0.46913  -1.07013  
0.44278  -1.06813  
0.450913  -1.06909  
0.426032  -1.08  
0.404014  -1.08546  
0.40313  -1.08856  
0.398539  -1.08515  
0.376287  -1.1071  
0.37212  -1.09689  
0.367339  -1.10212  
0.358321  -1.10784  
0.366459  -1.11152  
0.34256  -1.13007  
0.350571  -1.13907  
0.349763  -1.13394  
0.388091  -1.12872  
0.380087  -1.1394  
0.391243  -1.13386  
0.395435  -1.12677  
0.406553  -1.1213  
0.400426  -1.12688  
0.402747  -1.12534  
0.410566  -1.11635  
0.409427  -1.11139  
0.404544  -1.11549  
0.41576  -1.10479  
0.418585  -1.11008  
0.386145  -1.1354  
0.397308  -1.12997  
0.37704  -1.1549  
0.388221  -1.14932  
0.393687  -1.14907  
0.365721  -1.1571  
0.370801  -1.17656  
0.369928  -1.17114  
0.35959  -1.17719  
0.361358  -1.17037  
0.37271  -1.1647  
0.373981  -1.14521  
0.377102  -1.15032  
0.392109  -1.13149  
0.395182  -1.1367  
0.430736  -1.11897  
0.441696  -1.11365  
0.475953  -1.09507  
0.47954  -1.10085  
0.478062  -1.09609  
0.496831  -1.09886  
0.487055  -1.10471  
0.507677  -1.10269  
0.491371  -1.11088  
0.518951  -1.09102  
0.495531  -1.10449  
0.49805  -1.10981  
0.501233  -1.10809  
0.483909  -1.10742  
0.494631  -1.0942  
0.505528  -1.08883  
0.484903  -1.10152  
0.469775  -1.10996  
0.479195  -1.11144  
0.465527  -1.12707  
0.461596  -1.11664  
0.468982  -1.12079  
0.471714  -1.12573  
0.463486  -1.13621  
0.435535  -1.15278  
0.438401  -1.16287  
0.43526  -1.15371  
0.460833  -1.13512  
0.45831  -1.14172  
0.421652  -1.14975  
0.425847  -1.14597  
0.421193  -1.15065  
0.408574  -1.13735  
0.399627  -1.1428  
0.403112  -1.12573  
0.411813  -1.1204  
0.400708  -1.12136  
0.410293  -1.11635  
0.407049  -1.10941  
0.410158  -1.10715  
0.418823  -1.09987  
0.408957  -1.09558  
0.416001  -1.09284  
0.435149  -1.08691  
0.444031  -1.08477  
0.453916  -1.08479  
0.447268  -1.09489  
0.456753  -1.09298  
0.455685  -1.08851  
0.464993  -1.09845  
0.463792  -1.09368  
0.462372  -1.10028  
0.472872  -1.10724  
0.45932  -1.1109  
0.44303  -1.12204  
0.446006  -1.1275  
0.453792  -1.1226  
0.450721  -1.13313  
0.435828  -1.13872  
0.424844  -1.16344  
0.417455  -1.16047  
0.42788  -1.16106  
0.42788  -1.16106  
0.410992  -1.1748  
0.440585  -1.16557  
0.413405  -1.1787  
0.417056  -1.1771  
0.423599  -1.17436  
0.442602  -1.16912  
0.46864  -1.14943  
0.481623  -1.14883  
0.476312  -1.15172  
0.482468  -1.14203  
0.503501  -1.14967  
0.511668  -1.13887  
0.499827  -1.15095  
0.519332  -1.15535  
0.517346  -1.14995  
0.509945  -1.15417  
0.520297  -1.14842  
0.50636  -1.15047  
0.504508  -1.14513  
0.517359  -1.13381  
0.509783  -1.13192  
0.50386  -1.12948  
0.558187  -1.08249  
0.548096  -1.08854  
0.547937  -1.072  
0.550652  -1.06876  
0.544539  -1.06895  
0.560374  -1.05276  
0.533614  -1.06616  
0.549985  -1.03953  
0.552347  -1.04559  
0.532815  -1.03666  
0.535414  -1.04283  
0.524283  -1.04225  
0.543506  -1.0334  
0.539382  -1.02287  
0.540227  -1.02682  
0.538732  -1.02249  
0.55161  -1.01417  
0.558597  -1.01063  
0.54981  -1.01359  
0.577763  -1.00596  
0.577763  -1.00596  
0.580542  -1.01631  
0.593159  -1.01561  
0.581371  -1.02585  
0.578058  -1.02279  
0.582427  -1.03316  
0.560021  -1.03429  
0.561711  -1.04428  
0.557744  -1.04586  
0.584974  -1.04295  
0.564708  -1.04909  
0.588751  -1.04036  
0.580945  -1.04609  
0.623877  -1.02683  
0.635809  -1.03588  
0.617021  -1.03855  
0.619448  -1.04377  
0.651504  -1.03741  
0.662744  -1.02496  
0.664554  -1.03071  
0.677544  -1.03737  
0.675212  -1.03241  
0.692758  -1.03027  
0.674129  -1.02743  
0.676024  -1.03302  
0.707515  -1.00286  
0.719333  -0.993902  
0.731244  -0.987618  
0.73119  -0.987508  
0.751255  -0.964919  
0.764786  -0.955457  
0.764695  -0.95536  
0.755606  -0.960503  
0.753218  -0.955962  
0.788111  -0.940261  
0.789539  -0.946554  
0.782494  -0.956463  
0.791406  -0.945974  
0.803289  -0.945301  
0.785573  -0.962115  
0.791522  -0.959348  
0.826182  -0.946008  
0.819809  -0.949525  
0.829279  -0.942147  
0.856914  -0.921536  
0.857149  -0.932925  
0.85905  -0.925862  
0.86184  -0.928063  
0.867671  -0.925301  
0.874178  -0.928467  
0.8849  -0.920579  
0.904235  -0.909564  
0.901509  -0.904825  
0.90411  -0.903501  
0.887393  -0.912321  
0.882371  -0.915574  
0.891608  -0.910114  
0.895718  -0.908293  
0.893337  -0.903784  
0.913461  -0.889992  
0.9196  -0.891098  
0.928743  -0.885643  
0.926081  -0.887638  
0.936089  -0.886878  
0.925198  -0.898841  
0.93211  -0.899339  
0.936289  -0.904512  
0.942416  -0.893195  
0.930754  -0.906368  
0.938991  -0.900035  
0.918344  -0.905878  
0.92397  -0.903238  
0.934582  -0.882346  
0.910136  -0.902654  
0.94301  -0.868895  
0.926381  -0.877756  
0.934355  -0.865785  
0.917257  -0.873967  
0.933395  -0.863887  
0.939152  -0.847008  
0.94253  -0.858169  
0.926069  -0.867148  
0.931012  -0.86387  
0.938637  -0.865247  
0.949908  -0.85916  
0.965923  -0.849063  
0.936663  -0.8586  
0.945863  -0.853135  
0.950867  -0.863879  
0.959955  -0.858298  
0.971611  -0.842066  
0.956066  -0.851352  
0.931753  -0.871586  
0.918315  -0.872684  
0.919867  -0.878547  
0.900086  -0.882837  
0.90314  -0.872635  
0.905645  -0.8833  
0.903488  -0.884165  
0.912835  -0.878422  
0.910498  -0.879368  
0.912589  -0.874114  
0.911398  -0.876143  
0.909137  -0.865225  
0.906278  -0.860271  
0.921852  -0.84195  
0.92376  -0.846393  
0.919856  -0.848349  
0.891344  -0.864343  
0.902397  -0.848952  
0.887752  -0.852491  
0.892517  -0.841853  
0.894674  -0.836401  
0.874154  -0.855118  
0.882614  -0.847781  
0.884901  -0.848468  
0.869422  -0.853272  
0.859471  -0.863131  
0.881835  -0.854966  
0.887489  -0.850972  
0.866036  -0.874075  
0.865787  -0.884412  
0.864453  -0.886162  
0.847642  -0.897498  
0.858369  -0.899657  
0.834514  -0.926608  
0.845818  -0.917897  
0.835471  -0.928312  
0.819609  -0.929514  
0.828103  -0.928855  
0.833138  -0.919257  
0.800011  -0.92678  
0.809214  -0.920907  
0.824158  -0.89555  
0.833144  -0.889956  
0.815825  -0.890439  
0.822023  -0.885018  
0.823493  -0.890761  
0.816926  -0.889777  
0.813365  -0.884851  
0.818378  -0.885604  
0.809506  -0.888414  
0.822232  -0.874943  
0.814049  -0.877212  
0.81498  -0.891947  
0.818562  -0.882756  
0.818955  -0.872275  
0.822395  -0.878057  
0.805467  -0.875649  
0.82583  -0.851991  
0.827028  -0.85775  
0.836278  -0.842287  
0.81504  -0.859424  
0.84244  -0.849223  
0.835056  -0.85433  
0.846149  -0.850321  
0.84697  -0.859293  
0.85429  -0.848118  
0.87086  -0.848909  
0.863395  -0.847306  
0.878419  -0.844075  
0.887647  -0.853166  
0.881774  -0.84553  
0.891601  -0.842148  
0.899575  -0.836848  
0.895613  -0.817429  
0.905114  -0.803782  
0.905807  -0.810078  
0.899134  -0.799708  
0.899895  -0.806032  
0.904468  -0.789436  
0.885944  -0.791897  
0.893652  -0.779192  
0.889763  -0.775047  
0.894622  -0.772887  
0.873818  -0.783151  
0.87867  -0.781013  
0.880684  -0.772791  
0.878661  -0.777577  
0.866142  -0.778219  
0.888023  -0.76029  
0.892568  -0.767799  
0.881228  -0.773556  
0.901107  -0.760575  
0.906277  -0.762485  
0.903926  -0.761314  
0.909644  -0.763447  
0.896935  -0.768958  
0.901488  -0.776645  
0.895318  -0.780328  
0.891819  -0.786091  
0.900028  -0.78836  
0.877423  -0.804269  
0.889171  -0.799769  
0.890038  -0.805788  
0.891367  -0.80976  
0.886721  -0.805063  
0.91718  -0.788804  
0.903367  -0.803113  
0.911128  -0.797867  
0.913572  -0.802322  
0.921205  -0.797061  
0.933059  -0.797958  
0.93933  -0.779694  
0.944515  -0.781423  
0.959054  -0.762432  
0.95554  -0.76756  
0.971  -0.765999  
0.978305  -0.756231  
0.992242  -0.750084  
0.997696  -0.735221  
1.00019  -0.736754  
1.01225  -0.723645  
1.02357  -0.728797  
1.01565  -0.727473  
1.02069  -0.732347  
1.02609  -0.734442  
1.01825  -0.752382  
1.0103  -0.751058  
1.02342  -0.760269  
1.04348  -0.76534  
1.04348  -0.76534  
1.04209  -0.772282  
1.04745  -0.774387  
1.03933  -0.78812  
1.05639  -0.789253  
1.05092  -0.778418  
1.03997  -0.796558  
1.02789  -0.802345  
1.06009  -0.778785  
1.02991  -0.786736  
1.02505  -0.782409  
1.02545  -0.787841  
1.046  -0.77789  
1.03626  -0.789331  
1.04328  -0.78351  
1.03089  -0.798358  
1.04422  -0.789038  
1.06332  -0.777472  
1.04176  -0.79239  
1.05486  -0.796272  
1.04702  -0.798226  
1.0379  -0.800452  
1.03069  -0.80225  
1.02015  -0.800996  
1.02873  -0.796847  
1.01797  -0.800559  
1.01414  -0.796781  
1.0277  -0.788347  
1.02404  -0.788801  
1.01898  -0.798402  
1.00027  -0.796145  
1.00412  -0.798481  
1.02001  -0.795741  
1.02116  -0.798965  
1.01863  -0.808509  
1.03653  -0.796918  
1.04592  -0.79742  
1.05337  -0.79366  
1.02613  -0.816223  
1.04084  -0.805616  
1.04105  -0.810555  
1.06249  -0.797651  
1.05635  -0.795099  
1.05649  -0.800053  
1.05549  -0.780469  
1.04332  -0.786048  
1.04179  -0.776108  
1.04856  -0.770296  
1.05061  -0.763624  
1.04923  -0.757787  
1.05595  -0.752107  
1.00357  -0.777919  
1.00324  -0.771881  
1.00271  -0.782944  
1.02904  -0.763418  
1.02348  -0.758102  
1.00617  -0.775175  
0.998427  -0.782254  
1.0053  -0.776598  
0.993923  -0.776357  
0.989705  -0.767778  
0.980035  -0.768541  
1.0178  -0.738906  
1.0089  -0.738146  
0.988017  -0.748547  
0.991379  -0.734705  
0.980926  -0.738447  
0.971661  -0.740988  
0.970541  -0.743066  
0.962918  -0.743069  
0.956173  -0.740306  
0.950695  -0.746214  
0.936633  -0.76198  
0.92689  -0.768291  
0.941964  -0.763165  
0.943446  -0.763153  
0.932742  -0.765381  
0.935148  -0.767435  
0.928314  -0.766593  
0.941454  -0.756837  
0.946308  -0.762132  
0.936807  -0.761049  
0.946416  -0.752344  
0.946719  -0.757995  
0.931571  -0.764614  
0.938003  -0.753609  
0.937385  -0.750851  
0.931166  -0.733536  
0.931476  -0.739434  
0.925684  -0.743141  
0.932401  -0.738049  
0.93087  -0.731745  
0.934437  -0.728451  
0.901868  -0.736099  
0.924466  -0.732438  
0.934384  -0.718287  
0.909497  -0.745274  
0.916183  -0.74022  
0.928326  -0.736413  
0.903743  -0.752136  
0.918352  -0.741791  
0.899483  -0.758133  
0.903166  -0.749879  
0.890863  -0.755854  
0.91103  -0.738623  
0.904882  -0.743348  
0.890269  -0.748562  
0.899949  -0.735609  
0.884969  -0.741727  
0.888202  -0.740057  
0.895518  -0.735679  
0.904484  -0.730018  
0.885683  -0.740099  
0.879217  -0.743076  
0.883322  -0.7407  
0.872738  -0.740523  
0.873359  -0.737633  
0.877014  -0.736336  
0.8746  -0.737051  
0.89313  -0.720421  
0.888081  -0.721408  
0.888198  -0.727315  
0.871617  -0.720034  
0.914086  -0.691141  
0.913976  -0.697379  
0.899415  -0.691595  
0.905493  -0.687381  
0.909483  -0.689585  
0.924854  -0.671328  
0.923313  -0.679658  
0.942817  -0.661739  
0.942549  -0.66842  
0.935125  -0.678216  
0.946922  -0.672687  
0.956799  -0.678605  
0.962506  -0.674349  
0.965611  -0.689787  
0.958636  -0.685932  
0.958408  -0.694792  
0.951662  -0.691233  
0.981893  -0.674552  
0.978594  -0.67546  
0.971567  -0.671728  
0.965481  -0.677301  
0.952474  -0.684113  
0.954477  -0.676054  
0.954309  -0.682381  
0.957081  -0.690739  
0.97676  -0.681019  
0.968214  -0.680761  
0.96405  -0.683048  
0.963595  -0.690044  
0.960651  -0.70234  
0.980347  -0.691862  
0.968323  -0.694017  
0.967026  -0.699787  
0.971225  -0.705211  
0.934413  -0.710545  
0.935516  -0.698284  
0.935494  -0.704408  
0.938204  -0.709704  
0.931282  -0.705448  
0.931201  -0.699106  
0.901574  -0.709036  
0.901756  -0.715066  
0.897031  -0.710204  
0.890242  -0.706061  
0.88992  -0.704111  
0.893609  -0.696691  
0.896543  -0.699351  
0.888729  -0.698014  
0.888966  -0.689213  
0.88614  -0.690768  
0.881592  -0.688747  
0.894752  -0.682773  
0.893804  -0.691374  
0.896617  -0.694336  
0.898602  -0.700901  
0.913211  -0.689907  
0.924899  -0.684475  
0.927647  -0.672614  
0.94242  -0.677399  
0.942385  -0.677353  
0.947825  -0.673244  
0.949622  -0.678633  
0.957065  -0.676221  
0.956576  -0.682562  
0.958251  -0.68817  
0.963556  -0.683915  
0.960638  -0.698254  
0.96311  -0.692381  
0.962647  -0.698292  
0.969252  -0.710069  
0.954966  -0.714667  
0.969693  -0.707911  
0.967811  -0.699322  
0.956413  -0.701927  
0.953986  -0.715693  
0.954517  -0.702569  
0.945194  -0.707217  
0.943895  -0.711134  
0.949715  -0.700594  
0.955215  -0.698999  
0.947596  -0.701341  
0.980675  -0.686811  
0.991712  -0.678195  
0.979231  -0.702214  
0.980037  -0.699661  
1.00961  -0.683282  
1.00721  -0.684197  
0.993911  -0.690693  
0.979482  -0.696651  
0.984794  -0.692242  
1.00441  -0.684722  
1.00957  -0.680397  
0.969977  -0.704551  
0.979737  -0.684814  
0.97933  -0.691008  
0.989088  -0.663856  
0.981593  -0.660229  
0.983406  -0.649704  
0.993135  -0.64526  
0.983473  -0.649973  
0.959016  -0.667636  
0.951638  -0.663975  
0.97003  -0.659272  
0.962552  -0.655714  
0.981697  -0.642265  
0.992491  -0.648391  
0.992014  -0.655121  
0.988903  -0.671361  
0.97931  -0.678299  
0.978881  -0.684393  
0.984754  -0.686186  
1.01718  -0.668677  
0.991163  -0.69591  
1.00862  -0.698538  
1.0136  -0.694268  
1.01313  -0.705244  
1.00915  -0.719436  
1.02475  -0.705441  
1.04813  -0.69392  
1.06408  -0.67944  
1.08062  -0.672276  
1.09489  -0.665993  
1.08653  -0.682366  
1.10994  -0.66302  
1.10715  -0.672906  
1.11648  -0.661588  
1.10389  -0.661842  
1.11435  -0.655872  
1.1134  -0.662309  
1.13494  -0.642053  
1.12143  -0.648898  
1.12933  -0.626465  
1.15755  -0.610846  
1.16151  -0.59529  
1.14839  -0.572597  
1.14735  -0.580024  
1.16016  -0.54517  
1.15913  -0.552912  
1.16647  -0.543796  
1.18135  -0.540688  
1.17946  -0.532191  
1.17364  -0.546386  
1.18408  -0.531531  
1.20473  -0.526409  
1.18383  -0.534671  
1.19897  -0.52065  
1.19145  -0.516526  
1.18844  -0.529761  
1.17104  -0.535778  
1.15188  -0.539414  
1.15405  -0.551652  
1.14114  -0.546895  
1.14563  -0.541448  
1.12373  -0.537729  
1.11907  -0.547364  
1.12439  -0.539428  
1.07212  -0.571196  
1.07279  -0.574717  
1.07049  -0.564297  
1.06365  -0.569856  
1.06365  -0.569856  
1.0323  -0.584807  
1.0351  -0.584047  
1.01144  -0.600148  
1.04136  -0.577558  
1.03071  -0.585704  
1.02752  -0.57677  
1.03282  -0.57392  
1.01937  -0.582663  
1.02464  -0.579798  
1.02446  -0.582047  
1.03032  -0.583822  
1.02445  -0.589835  
1.02958  -0.586931  
1.02688  -0.602396  
1.01963  -0.626469  
1.02473  -0.623184  
1.03778  -0.631699  
1.0547  -0.62958  
1.05744  -0.628866  
1.04405  -0.653827  
1.049  -0.650172  
1.06439  -0.656558  
1.05644  -0.653089  
1.09416  -0.634924  
1.08962  -0.634677  
1.10343  -0.622393  
1.0796  -0.643517  
1.11668  -0.620269  
1.12182  -0.628537  
1.12171  -0.6248  
1.12658  -0.619667  
1.16738  -0.603729  
1.16907  -0.595179  
1.17621  -0.599072  
1.18588  -0.606124  
1.21922  -0.593088  
1.25813  -0.575863  
1.25243  -0.568846  
1.28189  -0.55378  
1.29273  -0.53973  
1.28849  -0.544107  
1.29843  -0.548402  
1.2981  -0.546549  
1.30762  -0.552312  
1.33759  -0.529289  
1.32469  -0.5477  
1.32868  -0.544274  
1.35561  -0.52968  
1.34743  -0.550497  
1.35129  -0.547454  
1.36903  -0.546445  
1.36741  -0.554317  
1.388  -0.54308  
1.39053  -0.559095  
1.38901  -0.566776  
1.42456  -0.544526  
1.44508  -0.545121  
1.48475  -0.540761  
1.52043  -0.535312  
1.5176  -0.52808  
1.56477  -0.523483  
1.57096  -0.523647  
1.60285  -0.519325  
1.62588  -0.505949  
1.6249  -0.509165  
1.64887  -0.499064  
1.64261  -0.512748  
1.66322  -0.505465  
1.64941  -0.513175  
1.65905  -0.528493  
1.64224  -0.538464  
1.65651  -0.522925  
1.67258  -0.522868  
1.66643  -0.54872  
1.65479  -0.548226  
1.67586  -0.567267  
1.69179  -0.543977  
1.70628  -0.549723  
1.70124  -0.562629  
1.71279  -0.553988  
1.75145  -0.540751  
1.74193  -0.538607  
1.74284  -0.558071  
1.72569  -0.555925  
1.73608  -0.543796  
1.71538  -0.552566  
1.70258  -0.551256  
1.68946  -0.55849  
1.67203  -0.568526  
1.65519  -0.575649  
1.6349  -0.583773  
1.62771  -0.585442  
1.62881  -0.582245  
1.61327  -0.584333  
1.60022  -0.585393  
1.58823  -0.591923  
1.60394  -0.578367  
1.59186  -0.585006  
1.58026  -0.593176  
1.55567  -0.604616  
1.57779  -0.600355  
1.57272  -0.602418  
1.5609  -0.608621  
1.54705  -0.617171  
1.53403  -0.62157  
1.53404  -0.626558  
1.52522  -0.623527  
1.50796  -0.639354  
1.49233  -0.649446  
1.51879  -0.631106  
1.51887  -0.637293  
1.53205  -0.634474  
1.51711  -0.637469  
1.53916  -0.627095  
1.52884  -0.638288  
1.53977  -0.635794  
1.53743  -0.642733  
1.53931  -0.649854  
1.55324  -0.627718  
1.56307  -0.62595  
1.56734  -0.624664  
1.56619  -0.616484  
1.56538  -0.618945  
1.57024  -0.619781  
1.56234  -0.616186  
1.56373  -0.624644  
1.54654  -0.626682  
1.55555  -0.613451  
1.55759  -0.616282  
1.55712  -0.607384  
1.54199  -0.617976  
1.53524  -0.624864  
1.54335  -0.611186  
1.54774  -0.606753  
1.54716  -0.589397  
1.53477  -0.596297  
1.55373  -0.586639  
1.55369  -0.564893  
1.56632  -0.568388  
1.59849  -0.546811  
1.58586  -0.554198  
1.62076  -0.538035  
1.60731  -0.554971  
1.61152  -0.551395  
1.62919  -0.550815  
1.63389  -0.546425  
1.64463  -0.550226  
1.67101  -0.535281  
1.65952  -0.550325  
1.68618  -0.538783  
1.67772  -0.553961  
1.70764  -0.537093  
1.67227  -0.565915  
1.67454  -0.564384  
1.6828  -0.563778  
1.69046  -0.550637  
1.66736  -0.558976  
1.65508  -0.578395  
1.66112  -0.556299  
1.65426  -0.564108  
1.63173  -0.557502  
1.62575  -0.569437  
1.63556  -0.559991  
1.61734  -0.556732  
1.60774  -0.574373  
1.60109  -0.56966  
1.6034  -0.560777  
1.5974  -0.548574  
1.60708  -0.546801  
1.58303  -0.560945  
1.58745  -0.546786  
1.59222  -0.543121  
1.57124  -0.546091  
1.5761  -0.542452  
1.57268  -0.540195  
1.57737  -0.536792  
1.57485  -0.534952  
1.57166  -0.535425  
1.56188  -0.529209  
1.5612  -0.532136  
1.55823  -0.543144  
1.54986  -0.554276  
1.55152  -0.55739  
1.54263  -0.556225  
1.53209  -0.568506  
1.5347  -0.567878  
1.5262  -0.585728  
1.53121  -0.581589  
1.5183  -0.59741  
1.55179  -0.583379  
1.54593  -0.571172  
1.54117  -0.57165  
1.53687  -0.589937  
1.54954  -0.583906  
1.53395  -0.606005  
1.53799  -0.609677  
1.5399  -0.595556  
1.556  -0.583956  
1.56064  -0.579916  
1.55671  -0.581943  
1.55808  -0.595082  
1.58706  -0.572388  
1.58706  -0.572388  
1.58766  -0.553822  
1.60018  -0.516492  
1.60462  -0.512975  
1.60624  -0.511692  
1.59934  -0.507685  
1.6133  -0.497763  
1.61212  -0.506173  
1.62075  -0.48442  
1.5937  -0.5012  
1.58802  -0.48884  
1.58422  -0.499106  
1.58689  -0.498403  
1.56762  -0.505951  
1.54135  -0.521641  
1.53935  -0.506009  
1.53238  -0.497633  
1.52764  -0.513462  
1.51959  -0.507605  
1.50456  -0.5062  
1.50579  -0.517246  
1.49656  -0.50657  
1.4996  -0.500215  
1.48674  -0.506285  
1.48874  -0.507558  
1.49915  -0.495624  
1.49007  -0.507469  
1.48615  -0.506308  
1.46178  -0.530061  
1.46675  -0.521165  
1.46331  -0.539609  
1.4781  -0.520587  
1.47592  -0.531351  
1.47602  -0.531637  
1.4695  -0.543636  
1.46327  -0.539076  
1.47235  -0.541702  
1.45704  -0.549128  
1.46954  -0.553975  
1.45766  -0.580529  
1.45692  -0.587832  
1.44582  -0.625525  
1.46235  -0.608737  
1.47436  -0.594456  
1.46727  -0.604173  
1.46654  -0.607878  
1.47806  -0.61155  
1.47725  -0.618381  
1.49515  -0.599797  
1.49385  -0.601468  
1.50452  -0.595898  
1.51565  -0.579602  
1.52622  -0.559089  
1.53459  -0.558555  
1.5464  -0.554267  
1.53472  -0.565453  
1.53645  -0.558424  
1.54828  -0.549935  
1.55275  -0.547194  
1.55615  -0.532475  
1.55896  -0.531668  
1.5301  -0.549569  
1.52913  -0.556844  
1.52797  -0.558337  
1.53294  -0.553628  
1.51864  -0.560843  
1.53473  -0.544493  
1.52569  -0.546446  
1.5307  -0.541844  
1.51543  -0.553133  
1.50357  -0.555878  
1.50879  -0.551081  
1.50883  -0.547288  
1.50775  -0.55235  
1.49626  -0.566614  
1.50617  -0.563745  
1.50996  -0.562984  
1.47815  -0.586155  
1.47987  -0.594524  
1.48658  -0.595605  
1.49497  -0.586302  
1.49106  -0.597795  
1.48696  -0.59251  
1.47289  -0.606584  
1.50021  -0.590488  
1.49719  -0.591445  
1.49743  -0.591263  
1.47164  -0.609745  
1.50582  -0.580559  
1.49791  -0.586091  
1.50049  -0.564304  
1.48341  -0.579931  
1.51816  -0.561823  
1.51172  -0.547353  
1.51083  -0.544911  
1.53228  -0.54076  
1.5324  -0.531176  
1.53861  -0.522161  
1.54368  -0.517174  
1.55098  -0.51392  
1.55597  -0.50901  
1.55833  -0.510623  
1.5633  -0.505695  
1.58768  -0.48116  
1.58658  -0.488495  
1.58951  -0.471511  
1.5821  -0.45701  
1.60891  -0.44139  
1.60587  -0.444719  
1.60515  -0.438679  
1.59307  -0.445705  
1.60602  -0.420753  
1.60001  -0.415568  
1.59452  -0.422855  
1.59354  -0.430854  
1.59364  -0.419883  
1.59349  -0.418802  
1.58766  -0.413484  
1.57103  -0.432946  
1.57654  -0.428319  
1.57102  -0.438128  
1.57497  -0.43365  
1.56227  -0.445664  
1.56092  -0.451602  
1.54748  -0.465582  
1.57149  -0.457307  
1.58416  -0.447441  
1.57168  -0.461898  
1.57281  -0.469036  
1.58053  -0.465056  
1.58481  -0.470251  
1.58763  -0.462461  
1.58206  -0.478205  
1.57267  -0.481973  
1.57066  -0.480612  
1.55933  -0.486223  
1.5451  -0.481428  
1.56253  -0.476959  
1.563  -0.45792  
1.56509  -0.465268  
1.56501  -0.463234  
1.55748  -0.469081  
1.57693  -0.447068  
1.57481  -0.442394  
1.59091  -0.444279  
1.60737  -0.426527  
1.60816  -0.428162  
1.62451  -0.410496  
1.62943  -0.408583  
1.63946  -0.403777  
1.64146  -0.392213  
1.64644  -0.387046  
1.64453  -0.384243  
1.64608  -0.380908  
1.65112  -0.375749  
1.62755  -0.383957  
1.63276  -0.378711  
1.59881  -0.402912  
1.60295  -0.386611  
1.59679  -0.39982  
1.5873  -0.394919  
1.59047  -0.393145  
1.57975  -0.387465  
1.58159  -0.383881  
1.57349  -0.380631  
1.57208  -0.367672  
1.55768  -0.375956  
1.53122  -0.383332  
1.53706  -0.359255  
1.53504  -0.363719  
1.5029  -0.373713  
1.51449  -0.358398  
1.51814  -0.33863  
1.49327  -0.353422  
1.48868  -0.346963  
1.49576  -0.350573  
1.48488  -0.356928  
1.48725  -0.350005  
1.48083  -0.354945  
1.47023  -0.353908  
1.4853  -0.342377  
1.47788  -0.340173  
1.45902  -0.360038  
1.4516  -0.357831  
1.45706  -0.348407  
1.44812  -0.339905  
1.45843  -0.329174  
1.4323  -0.336145  
1.43549  -0.334944  
1.45178  -0.319735  
1.45893  -0.316179  
1.46112  -0.312261  
1.46154  -0.304531  
1.46871  -0.305497  
1.4647  -0.300888  
1.46868  -0.30307  
1.45763  -0.311455  
1.46451  -0.314728  
1.47017  -0.308963  
1.45602  -0.315005  
1.4632  -0.315972  
1.44536  -0.322097  
1.43065  -0.321649  
1.45196  -0.317381  
1.44569  -0.317285  
1.44516  -0.324256  
1.43158  -0.311154  
1.40498  -0.311826  
1.40185  -0.32361  
1.42326  -0.295416  
1.4097  -0.306118  
1.41577  -0.276053  
1.40536  -0.274966  
1.4051  -0.258251  
1.40114  -0.250564  
1.40114  -0.250564  
1.39148  -0.246281  
1.39148  -0.246281  
1.38776  -0.228334  
1.38738  -0.23247  
1.37915  -0.230384  
1.37295  -0.224577  
1.37893  -0.218963  
1.37282  -0.213058  
1.36207  -0.219545  
1.35861  -0.207738  
1.35426  -0.201186  
1.34198  -0.197607  
1.32885  -0.180955  
1.31823  -0.187721  
1.31917  -0.160702  
1.30888  -0.159433  
1.27939  -0.1683  
1.23857  -0.18207  
1.24903  -0.170959  
1.25749  -0.164236  
1.24258  -0.163637  
1.22007  -0.171924  
1.20976  -0.178605  
1.19292  -0.176946  
1.18925  -0.170403  
1.18214  -0.174065  
1.17025  -0.171085  
1.1703  -0.178524  
1.16619  -0.156201  
1.1493  -0.167164  
1.12754  -0.161393  
1.12778  -0.149352  
1.14006  -0.113115  
1.12639  -0.103474  
1.1234  -0.103162  
1.10559  -0.111392  
1.12452  -0.0991517  
1.10813  -0.0999046  
1.10884  -0.0854564  
1.10698  -0.0912787  
1.09357  -0.0852678  
1.10525  -0.0765799  
1.10981  -0.0818045  
1.11045  -0.0956719  
1.10563  -0.0960912  
1.12865  -0.0644202  
1.12027  -0.0867938  
1.15618  -0.0455522  
1.14433  -0.0536079  
1.15166  -0.0440505  
1.15069  -0.0393567  
1.14991  -0.0474421  
1.16174  -0.0439539  
1.15744  -0.0373611  
1.14886  -0.0427495  
1.1466  -0.0350769  
1.1466  -0.0350769  
1.13135  -0.0342442  
1.12015  -0.0453767  
1.09007  -0.0611748  
1.0963  -0.0550575  
1.10928  -0.0389008  
1.09884  -0.0453843  
1.10927  -0.0334815  
1.11969  -0.0299247  
1.11914  -0.0373601  
1.11089  -0.022583  
1.1187  -0.0259698  
1.11118  -0.020337  
1.11437  -0.00426686  
1.12029  0.00185117  
1.10506  -0.00391113  
1.11571  0.00838783  
1.10877  0.0314839  
1.10817  0.0236468  
1.10303  0.0449613  
1.10764  0.0561634  
1.09463  0.0451577  
1.09437  0.065573  
1.09776  0.0673005  
1.08567  0.0703634  
1.08057  0.0828653  
1.07413  0.085752  
1.07147  0.0897267  
1.06822  0.0949408  
1.06598  0.106314  
1.04925  0.115556  
1.04454  0.100998  
1.04352  0.125023  
1.04191  0.122671  
1.02825  0.123708  
1.01829  0.117182  
1.01056  0.105052  
1.03629  0.135918  
1.03163  0.147403  
1.03695  0.158711  
1.03606  0.17652  
1.04277  0.182858  
1.04609  0.198529  
1.0467  0.203799  
1.05244  0.209305  
1.05852  0.236585  
1.05621  0.253233  
1.06788  0.284477  
1.05531  0.275117  
1.05477  0.266514  
1.05674  0.280541  
1.05286  0.28727  
1.05277  0.296272  
1.04732  0.302122  
1.0331  0.301343  
1.03257  0.319037  
1.03837  0.324309  
1.00755  0.30723  
1.0195  0.331334  
1.01631  0.334516  
1.03537  0.367722  
1.0294  0.375463  
1.04093  0.380201  
1.02741  0.365535  
1.02374  0.372231  
1.03671  0.386302  
1.03459  0.390195  
1.03845  0.38459  
1.03996  0.388273  
1.04426  0.391257  
1.02604  0.381147  
1.02703  0.365823  
1.01856  0.366065  
1.03593  0.386459  
1.04295  0.392796  
1.03493  0.390086  
1.03466  0.381488  
1.05002  0.421865  
1.05941  0.433795  
1.05811  0.433218  
1.02869  0.41551  
1.03924  0.424007  
1.04045  0.453395  
1.0381  0.440504  
1.03951  0.438898  
1.03934  0.452902  
1.04096  0.460004  
1.03197  0.448992  
1.03541  0.450713  
1.03346  0.458386  
1.03117  0.448488  
1.06061  0.496068  
1.04783  0.492027  
1.03711  0.477132  
1.03476  0.493016  
1.03715  0.505455  
1.03304  0.508136  
1.03397  0.500526  
1.0342  0.494242  
1.0413  0.509254  
1.03036  0.492055  
1.03241  0.494702  
1.01805  0.486108  
1.02781  0.48872  
1.0354  0.499516  
1.02967  0.501243  
1.03208  0.498492  
1.03199  0.501567  
1.02238  0.504116  
1.03046  0.51245  
1.02641  0.521911  
1.02897  0.523351  
1.03448  0.530259  
1.03182  0.554311  
1.01968  0.553711  
1.02685  0.552305  
1.01826  0.564692  
1.01826  0.564692  
1.0113  0.568872  
1.01208  0.571819  
1.01679  0.582614  
1.01333  0.562113  
1.01998  0.576199  
0.996683  0.539247  
0.999617  0.54007  
1.00087  0.53581  
1.01367  0.544534  
1.01414  0.526608  
1.02652  0.537015  
1.02178  0.530401  
1.02922  0.537328  
1.01721  0.525639  
1.01598  0.519775  
1.03894  0.52381  
1.02277  0.520419  
1.02918  0.517544  
1.02908  0.514102  
1.03206  0.512803  
1.02603  0.4962  
1.02897  0.492123  
1.03709  0.476887  
1.02767  0.48197  
1.032  0.488125  
1.04159  0.487891  
1.04011  0.465652  
1.03827  0.475404  
1.03825  0.46723  
1.0525  0.481173  
1.05976  0.502382  
1.05867  0.489331  
1.06421  0.488772  
1.06946  0.498215  
1.08654  0.515066  
1.08125  0.504015  
1.08614  0.518646  
1.08858  0.52872  
1.09096  0.541813  
1.0912  0.536557  
1.09182  0.555038  
1.09787  0.555491  
1.10134  0.577044  
1.10213  0.597785  
1.10721  0.60615  
1.10333  0.609303  
1.10498  0.611079  
1.10819  0.617909  
1.11145  0.623653  
1.11267  0.631447  
1.1171  0.644076  
1.11678  0.626944  
1.10242  0.632323  
1.12005  0.648754  
1.10946  0.633662  
1.12443  0.645656  
1.13001  0.667053  
1.13477  0.679496  
1.14276  0.698669  
1.14366  0.690026  
1.15247  0.720736  
1.15344  0.713257  
1.15297  0.731531  
1.15918  0.727695  
1.15756  0.74184  
1.14951  0.741848  
1.1535  0.743491  
1.1588  0.752258  
1.16396  0.760332  
1.14863  0.75365  
1.15387  0.761805  
1.14813  0.739168  
1.13861  0.742964  
1.14389  0.751394  
1.13903  0.746908  
1.11925  0.732406  
1.1219  0.741255  
1.11716  0.752987  
1.11286  0.749093  
1.11683  0.745329  
1.12224  0.754072  
1.09661  0.767988  
1.0976  0.76226  
1.09893  0.758954  
1.10433  0.767677  
1.1018  0.767889  
1.11243  0.798532  
1.11608  0.782293  
1.12345  0.805609  
1.12436  0.799858  
1.12233  0.806136  
1.12834  0.806828  
1.13109  0.816292  
1.13757  0.826707  
1.1373  0.814079  
1.14044  0.823057  
1.14123  0.817471  
1.14363  0.832057  
1.14443  0.826476  
1.16543  0.837527  
1.1605  0.849658  
1.16128  0.84399  
1.16402  0.871418  
1.16481  0.865599  
1.16101  0.873944  
1.16164  0.882226  
1.17178  0.897436  
1.16799  0.893296  
1.16055  0.895454  
1.1716  0.913792  
1.15871  0.909594  
1.15926  0.916753  
1.13323  0.891843  
1.13892  0.903082  
1.14256  0.906815  
1.14307  0.905033  
1.12507  0.893253  
1.12346  0.89324  
1.1245  0.888368  
1.12443  0.882144  
1.14462  0.891223  
1.12127  0.870173  
1.12519  0.879577  
1.12719  0.883964  
1.12485  0.887172  
1.1275  0.884793  
1.1285  0.880029  
1.12401  0.873558  
1.11885  0.886182  
1.13394  0.888267  
1.13488  0.88377  
1.12951  0.894115  
1.12012  0.892752  
1.11576  0.886674  
1.12095  0.896007  
1.12621  0.906474  
1.11706  0.90522  
1.13004  0.916141  
1.11576  0.935247  
1.10641  0.933721  
1.11031  0.926266  
1.11549  0.935504  
1.10891  0.937707  
1.10997  0.93321  
1.10238  0.945335  
1.10301  0.937853  
1.10732  0.934203  
1.13004  0.938297  
1.13097  0.933999  
1.12966  0.96281  
1.13055  0.958365  
1.13175  0.975254  
1.13267  0.970705  
1.13897  0.991555  
1.13322  1.01327  
1.13415  1.00844  
1.12578  1.02434  
1.12677  1.01947  
1.12556  1.04541  
1.15098  1.06382  
1.14498  1.06666  
1.14712  1.07988  
1.14814  1.0746  
1.14385  1.105  
1.14895  1.10086  
1.15436  1.10247  
1.14638  1.11355  
1.15146  1.10993  
1.14766  1.13376  
1.15277  1.14038  
1.14724  1.12392  
1.14433  1.13194  
1.14857  1.14524  
1.14583  1.16821  
1.15089  1.15886  
1.15415  1.16687  
1.15256  1.16837  
1.15557  1.18833  
1.16434  1.20184  
1.17364  1.20524  
1.14267  1.1963  
1.15624  1.20711  
1.15511  1.20272  
1.16826  1.21394  
1.16878  1.20374  
1.17124  1.21122  
1.1857  1.22759  
1.18636  1.2288  
1.17457  1.23016  
1.17824  1.22082  
1.19642  1.25534  
1.2025  1.25727  
1.20773  1.26546  
1.19082  1.25938  
1.19495  1.27316  
1.18026  1.26691  
1.19006  1.27675  
1.17945  1.27983  
1.18507  1.28446  
1.1786  1.30112  
1.19369  1.28329  
1.16882  1.2853  
1.17325  1.28731  
1.18821  1.30314  
1.19366  1.31136  
1.18753  1.32449  
1.17826  1.32218  
1.19009  1.33928  
1.18547  1.34626  
1.18681  1.34081  
1.1905  1.36645  
1.1889  1.36793  
1.18043  1.36692  
1.18442  1.37485  
1.18999  1.38286  
1.19544  1.37845  
1.20558  1.38734  
1.22456  1.38792  
1.2114  1.37717  
1.2076  1.37397  
1.22162  1.37321  
1.22699  1.38165  
1.24181  1.38562  
1.243  1.37691  
1.23815  1.39084  
1.23245  1.38208  
1.22297  1.38034  
1.2218  1.38611  
1.23275  1.39904  
1.23986  1.40718  
1.22429  1.39486  
1.22445  1.40811  
1.21462  1.39942  
1.22036  1.40139  
1.21592  1.40058  
1.21684  1.40638  
1.2215  1.40282  
1.23114  1.40925  
1.23144  1.39802  
1.23161  1.39188  
1.22953  1.40706  
1.22983  1.39586  
1.22401  1.40225  
1.22515  1.39819  
1.22388  1.40669  
1.22499  1.40273  
1.22761  1.41412  
1.2287  1.41011  
1.20619  1.40585  
1.20832  1.39445  
1.21371  1.40386  
1.20856  1.40143  
1.20973  1.39778  
1.19416  1.38249  
1.19238  1.37351  
1.1958  1.36244  
1.19166  1.3682  
1.19298  1.35324  
1.18179  1.36272  
1.17923  1.353  
1.18035  1.35015  
1.18004  1.34904  
1.17952  1.35335  
1.17647  1.36766  
1.16692  1.36782  
1.16278  1.37284  
1.16385  1.37002  
1.16335  1.37443  
1.16437  1.37165  
1.16036  1.37698  
1.1613  1.37441  
1.15412  1.38736  
1.15618  1.38725  
1.16143  1.39731  
1.16705  1.40225  
1.16798  1.39936  
1.1618  1.40982  
1.16034  1.41068  
1.16554  1.42063  
1.17126  1.42568  
1.17126  1.42568  
1.18245  1.42986  
1.18327  1.42693  
1.20982  1.43642  
1.20425  1.4492  
1.19607  1.44739  
1.20402  1.44781  
1.19419  1.44785  
1.20978  1.45846  
1.21048  1.45549  
1.19647  1.45312  
1.19921  1.44898  
1.20425  1.45911  
1.21124  1.45673  
1.20981  1.45685  
1.22931  1.45667  
1.21316  1.45357  
1.21717  1.4628  
1.22935  1.45718  
1.23  1.45457  
1.23332  1.47017  
1.23664  1.47469  
1.23718  1.47135  
1.23952  1.47169  
1.24014  1.46909  
1.23154  1.48333  
1.23225  1.48067  
1.23345  1.48901  
1.23039  1.48091  
1.22984  1.49265  
1.22925  1.49825  
1.22925  1.49825  
1.23302  1.51675  
1.23375  1.51399  
1.24355  1.52723  
1.2442  1.52445  
1.23826  1.53622  
1.23237  1.51926  
1.2331  1.51668  
1.23184  1.5249  
1.23257  1.52232  
1.22156  1.51307  
1.24721  1.52086  
1.24721  1.52086  
1.24283  1.52665  
1.24189  1.52995  
1.24192  1.52488  
1.22581  1.53692  
1.22692  1.54039  
1.23556  1.53989  
1.22646  1.54607  
1.23054  1.55839  
1.2255  1.56191  
1.21858  1.56427  
1.22047  1.56543  
1.21443  1.56514  
1.23027  1.56844  
1.22925  1.5755  
1.23464  1.56842  
1.2244  1.56938  
1.21652  1.57234  
1.2173  1.57  
1.23602  1.56602  
1.24046  1.5788  
1.2455  1.58181  
1.2275  1.5703  
1.2282  1.56815  
1.22418  1.58522  
1.22418  1.58522  
1.21858  1.58054  
1.22894  1.59762  
1.23447  1.59966  
1.22331  1.60342  
1.22233  1.59858  
1.22301  1.6092  
1.20245  1.60944  
1.2121  1.62187  
1.18256  1.60842  
1.18707  1.60771  
1.18217  1.62377  
1.18668  1.62401  
1.18198  1.62825  
1.18263  1.62832  
1.18387  1.63886  
1.18238  1.63415  
1.191  1.64936  
1.16246  1.63141  
1.16783  1.64364  
1.17167  1.6463  
1.16762  1.64948  
1.17147  1.65213  
1.14776  1.64853  
1.14854  1.64731  
1.14817  1.65008  
1.12867  1.6464  
1.13224  1.66133  
1.11101  1.65267  
1.10973  1.64574  
1.11545  1.65605  
1.10958  1.65163  
1.11067  1.6494  
1.09969  1.64943  
1.09278  1.65675  
1.09387  1.65453  
1.10635  1.65167  
1.11194  1.66206  
1.10937  1.66201  
1.11025  1.66086  
1.111  1.66187  
1.13101  1.66231  
1.12165  1.66488  
1.11944  1.6764  
1.11943  1.66616  
1.15272  1.68793  
1.15156  1.70091  
1.15155  1.69065  
1.15758  1.69145  
1.15399  1.69331  
1.15866  1.7058  
1.14902  1.70255  
1.15428  1.71273  
1.15976  1.71585  
1.15976  1.71585  
1.15334  1.70518  
1.15443  1.70929  
1.15443  1.70929  
1.15492  1.71553  
1.15553  1.7134  
1.1607  1.72188  
1.18585  1.72299  
1.19381  1.72255  
1.17874  1.72384  
1.17923  1.72179  
1.18458  1.74057  
1.17827  1.72982  
1.18149  1.73005  
1.17941  1.73395  
1.18736  1.74666  
1.16551  1.73363  
1.16806  1.73346  
1.15888  1.74056  
1.15854  1.73337  
1.16064  1.73257  
1.1597  1.73752  
1.14126  1.71947  
1.1446  1.72855  
1.13739  1.71841  
1.13806  1.71697  
1.15022  1.73816  
1.15231  1.73646  
1.13158  1.73568  
1.13286  1.74909  
1.13355  1.74973  
1.12112  1.75069  
1.11978  1.75739  
1.12714  1.76633  
1.10862  1.77304  
1.10939  1.77327  
1.10854  1.79714  
1.10943  1.79496  
1.10172  1.81118  
1.1026  1.80887  
1.12026  1.83468  
1.11074  1.84175  
1.11159  1.83922  
1.10888  1.86824  
1.10972  1.86546  
1.10394  1.86739  
1.10206  1.85915  
1.11116  1.86568  
1.10854  1.87166  
1.11411  1.87948  
1.12139  1.87308  
1.10578  1.85506  
1.11069  1.8674  
1.11932  1.85599  
1.11932  1.85599  
1.0991  1.85505  
1.0991  1.85505  
1.10841  1.8627  
1.11173  1.87263  
1.11153  1.8626  
1.08649  1.87488  
1.09145  1.88718  
1.08488  1.88641  
1.07869  1.88278  
1.0786  1.88537  
1.06146  1.88402  
1.06113  1.87665  
1.04262  1.87253  
1.01601  1.85071  
1.01714  1.84889  
1.03014  1.84624  
1.01034  1.83752  
1.00199  1.8185  
0.977633  1.81348  
0.983902  1.82429  
0.998253  1.82987  
0.998253  1.82987  
0.981562  1.81949  
0.981562  1.81949  
0.994552  1.83234  
0.987497  1.8302  
0.995417  1.83461  
1.00229  1.84562  
1.00192  1.8358  
1.01451  1.84699  
1.01126  1.8445  
1.00484  1.85534  
1.00629  1.8695  
1.00688  1.86784  
1.00774  1.8738  
1.00832  1.87214  
1.00179  1.88213  
1.01648  1.88822  
1.02163  1.90032  
1.01072  1.90569  
1.01233  1.9074  
1.01109  1.9226  
1.03078  1.93253  
1.03594  1.94465  
1.02669  1.95171  
1.02669  1.95171  
1.02254  1.95569  
1.02213  1.9459  
1.02305  1.93702  
1.02234  1.94243  
1.02234  1.94243  
1.02853  1.93389  
1.02853  1.93389  
1.02381  1.92869  
1.023  1.91784  
1.02293  1.92463  
1.02245  1.92937  
1.0301  1.92426  
1.00849  1.92434  
1.01555  1.92388  
1.01531  1.92472  
1.03388  1.94197  
1.00943  1.93823  
1.0086  1.94904  
1.0086  1.94904  
1.00304  1.94684  
0.996162  1.94732  
0.99683  1.9457  
1.00057  1.94398  
1.00643  1.95447  
0.980585  1.94491  
0.976191  1.93317  
0.996626  1.93918  
0.99289  1.93154  
0.99289  1.93154  
0.971128  1.92444  
0.976475  1.93643  
0.986246  1.93084  
0.980824  1.93782  
0.98565  1.94012  
1.00768  1.947  
1.01143  1.95353  
0.999426  1.95305  
1.00608  1.96417  
1.00909  1.96217  
1.02992  1.96797  
1.03453  1.96587  
1.05168  1.9789  
1.0587  1.97915  
1.07025  1.9976  
1.08043  1.99009  
1.08458  2.00624  
1.08251  2.00336  
1.10148  2.02204  
1.08072  2.0133  
1.09681  2.02566  
1.09563  2.03002  
1.09163  2.03493  
1.07301  2.02708  
1.07862  2.03743  
1.06657  2.02703  
1.06697  2.02535  
1.08681  2.02197  
1.07637  2.02005  
1.07249  2.01259  
1.08937  2.01324  
1.08969  2.01188  
1.08037  1.9933  
1.09368  2.00649  
1.09888  2.01096  
1.08989  1.99127  
1.08989  1.99127  
1.07821  1.97924  
1.07854  1.97839  
1.07503  1.98138  
1.07537  1.98053  
1.08791  1.98809  
1.07134  1.97379  
1.07705  1.98496  
1.05788  1.98848  
1.05828  1.98759  
1.04666  1.98621  
1.04715  1.98537  
1.02188  1.98227  
1.04086  2.00019  
1.04135  1.99924  
1.01125  1.98346  
1.01184  1.98268  
1.00866  1.99527  
1.00924  1.99438  
1.0025  1.98998  
0.978125  1.98065  
0.984302  1.99176  
0.983699  1.98642  
0.984276  1.98567  
0.974435  1.97741  
0.980537  1.98857  
0.981536  1.98919  
0.961085  1.98164  
0.973427  1.9788  
0.973983  1.97819  
0.974001  1.98635  
0.983421  1.98234  
0.983818  1.98172  
1.00096  1.99199  
1.00126  1.99129  
1.00832  1.99847  
1.00853  1.99772  
1.00031  1.99833  
1.016  1.99785  
1.016  1.99785  
1.02206  1.99429  
1.02835  1.9956  
1.03404  2.0046  
1.0381  2.00018  
1.03815  1.99952  
1.04816  1.99943  
1.02712  1.99199  
1.04066  2.00292  
1.03985  2.00465  
1.03991  2.00398  
1.03922  1.9949  
1.04434  1.99507  
1.0444  1.99458  
1.0333  1.97739  
1.0333  1.97739  
1.03819  1.97967  
1.04634  1.98408  
1.02463  1.96768  
1.02463  1.96768  
1.02997  1.96915  
1.00841  1.96319  
1.00841  1.96319  
1.02474  1.96219  
1.02416  1.96264  
1.01223  1.97438  
1.01255  1.96443  
0.989503  1.9589  
1.00338  1.97536  
1.00359  1.97508  
0.987344  1.97058  
0.987649  1.97037  
0.994882  1.9654  
0.974154  1.97347  
0.974522  1.97322  
0.98728  1.98016  
0.987548  1.97986  
0.974339  1.97778  
0.980192  1.98922  
0.980275  1.97889  
0.992371  1.98676  
0.992371  1.98676  
0.976809  1.99183  
0.977068  1.99141  
0.989941  1.99853  
0.990099  1.99805  
0.994995  2.00035  
0.995149  1.99988  
0.986986  2.00024  
0.986986  2.00024  
0.987141  1.99978  
0.999956  2.00742  
1.00001  2.00689  
0.999518  1.99624  
1.00416  2.00013  
1.00416  2.00013  
1.0047  1.99674  
1.00347  1.99055  
1.01151  1.99237  
1.0164  1.99465  
1.01661  1.9976  
0.996004  1.98828  
0.994751  1.98089  
0.995366  1.97956  
1.00091  1.99056  
0.999572  1.98335  
1.01065  1.97931  
1.01048  1.98051  
1.01065  1.97931  
0.995773  1.98394  
0.994243  1.97589  
1.00817  1.99023  
1.00807  1.99242  
1.00817  1.99023  
0.991828  1.98767  
0.991828  1.98767  
0.992298  2.0025  
0.992298  2.0025  
0.976035  1.998  
0.976302  1.99769  
0.990059  2.01379  
0.990213  2.01333  
0.973904  2.00933  
0.979765  2.02055  
0.996725  2.02722  
1.00325  2.02556  
1.00892  2.03676  
0.992632  2.03291  
0.99281  2.03229  
0.985334  2.03041  
0.989369  2.03574  
0.989551  2.0351  
0.975357  2.02641  
0.981569  2.03498  
0.968257  2.03999  
0.964728  2.03634  
