5.61138  1.83193  
5.61133  1.83202  
5.44236  1.8981  
5.42371  1.906  
5.15878  2.00479  
5.14384  2.00906  
4.93712  2.05423  
4.67727  2.14146  
4.64366  2.15369  
4.23629  2.29401  
4.22389  2.29497  
2.56777  2.22704  
2.15208  2.37123  
2.09192  2.29881  
1.54447  2.4017  
1.49897  2.42298  
1.12162  2.59344  
0.997995  2.62415  
0.966043  2.62292  
0.832818  2.60175  
0.861322  2.6024  
0.692971  2.65237  
0.706466  2.681  
0.777181  2.56152  
0.899554  2.43324  
0.961202  2.38717  
1.08345  2.24568  
1.152  2.19305  
1.32081  2.00163  
1.47357  1.8484  
1.51169  1.81599  
1.58172  1.68074  
1.64925  1.61343  
1.77556  1.43446  
1.87556  1.30059  
1.88836  1.28529  
1.89288  1.21761  
1.89987  1.20613  
1.96208  1.07794  
1.95499  1.03384  
1.9372  1.03705  
1.92258  0.987676  
1.92012  0.986658  
1.99876  0.898823  
2.01054  0.865112  
2.01435  0.850132  
2.04174  0.80408  
2.05097  0.782411  
2.10132  0.745203  
2.10348  0.733127  
2.09904  0.738444  
2.12995  0.726914  
2.14427  0.715303  
2.12419  0.72149  
2.07134  0.779073  
2.05078  0.799971  
2.04249  0.809281  
2.05744  0.79591  
1.99312  0.857219  
1.9695  0.890771  
1.9716  0.909899  
1.96733  0.907624  
1.97191  0.912665  
1.95386  0.971934  
1.96031  0.971354  
1.98679  0.978833  
2.00483  0.981642  
2.00039  1.01667  
2.03246  1.02638  
2.04402  1.05076  
2.06717  1.03398  
2.10605  1.01069  
2.08917  1.05155  
2.09028  1.08396  
2.10173  1.10795  
2.1037  1.10543  
2.11366  1.14231  
2.11674  1.13814  
2.09406  1.17577  
2.12124  1.17755  
2.1318  1.17494  
2.10134  1.23878  
2.12181  1.2274  
2.09588  1.27172  
2.15055  1.22253  
2.1626  1.22586  
2.14578  1.25661  
2.12737  1.27433  
2.15989  1.27653  
2.17207  1.29022  
2.183  1.28298  
2.20679  1.27924  
2.19208  1.28659  
2.23967  1.27007  
2.25795  1.28746  
2.25875  1.29476  
2.29682  1.27428  
2.29737  1.28152  
2.35664  1.24462  
2.36913  1.24444  
2.37533  1.24293  
2.37503  1.27269  
2.37622  1.26421  
2.44169  1.22423  
2.45953  1.22075  
2.45006  1.22584  
2.47158  1.21682  
2.4854  1.20699  
2.52299  1.1835  
2.55332  1.17695  
2.55008  1.17661  
2.61444  1.13979  
2.6204  1.12747  
2.66127  1.11333  
2.70611  1.08605  
2.70542  1.09296  
2.78634  1.04114  
2.80018  1.03282  
2.83382  1.01492  
2.90133  0.981563  
2.90507  0.983738  
2.973  0.927646  
2.98277  0.926069  
3.01911  0.901728  
3.05896  0.873264  
3.07878  0.851722  
3.09978  0.819677  
3.11386  0.816489  
3.15522  0.778266  
3.14336  0.782687  
3.12867  0.790737  
3.1448  0.763355  
3.13841  0.772943  
3.10012  0.813823  
3.08186  0.808374  
3.06812  0.81573  
3.07282  0.778426  
3.08161  0.770067  
3.05778  0.769797  
3.04559  0.754364  
3.04994  0.73882  
3.01277  0.731467  
3.02232  0.723318  
2.98984  0.650172  
2.96781  0.646033  
2.95827  0.630567  
2.94492  0.607211  
2.92893  0.605479  
2.90419  0.566136  
2.88753  0.554333  
2.87236  0.552011  
2.8121  0.576459  
2.81158  0.561486  
2.78799  0.538826  
2.7467  0.538917  
2.74383  0.533518  
2.71517  0.518602  
2.72597  0.494231  
2.69036  0.475716  
2.70517  0.426212  
2.69763  0.413661  
2.7102  0.327498  
2.69901  0.339944  
2.70249  0.28806  
2.70094  0.260315  
2.6817  0.273053  
2.70028  0.218169  
2.68104  0.231272  
2.69503  0.178288  
2.67578  0.191761  
2.70094  0.141789  
2.70576  0.108498  
2.69445  0.106933  
2.72262  0.0440945  
2.7251  0.0420969  
2.75499  -0.05429  
2.77215  -0.0955271  
2.7885  -0.131491  
2.77265  -0.127652  
2.79893  -0.176626  
2.80252  -0.216792  
2.81966  -0.242906  
2.83228  -0.271328  
2.82918  -0.288487  
2.83117  -0.287981  
2.83444  -0.309036  
2.84402  -0.324106  
2.84776  -0.353533  
2.86624  -0.399961  
2.86937  -0.407997  
2.85141  -0.431915  
2.85813  -0.437299  
2.80059  -0.429219  
2.75389  -0.426229  
2.73344  -0.427448  
2.70801  -0.438039  
2.70322  -0.43731  
2.68416  -0.477592  
2.6737  -0.475044  
2.67904  -0.536264  
2.6897  -0.549662  
2.71161  -0.605101  
2.71905  -0.675822  
2.72213  -0.672569  
2.74962  -0.719885  
2.74664  -0.715241  
2.77847  -0.74828  
2.81334  -0.775745  
2.80693  -0.77315  
2.82332  -0.776969  
2.82974  -0.78201  
2.85208  -0.816255  
2.86625  -0.829776  
2.89246  -0.872447  
2.91493  -0.896488  
2.92379  -0.907601  
2.91897  -0.941962  
2.93082  -0.943745  
2.9381  -0.941759  
2.93486  -0.980457  
2.94372  -0.991101  
2.94521  -1.00502  
2.96955  -1.0566  
2.97829  -1.06655  
3.00054  -1.10787  
3.0063  -1.1285  
3.00343  -1.15492  
2.96848  -1.12461  
2.9555  -1.1462  
2.92478  -1.13554  
2.92533  -1.13842  
2.90441  -1.13477  
2.87626  -1.11504  
2.88593  -1.12515  
2.85313  -1.12464  
2.83901  -1.11336  
2.84163  -1.15752  
2.82501  -1.13646  
2.81165  -1.1742  
2.80603  -1.19008  
2.79583  -1.18368  
2.78115  -1.20281  
2.77455  -1.19968  
2.73434  -1.17009  
2.74456  -1.17968  
2.73578  -1.18124  
2.7401  -1.18321  
2.73462  -1.19164  
2.71583  -1.17971  
2.72447  -1.18384  
2.71024  -1.18632  
2.71537  -1.19938  
2.72889  -1.21196  
2.72632  -1.24359  
2.74172  -1.25015  
2.77176  -1.30844  
2.77584  -1.3215  
2.78679  -1.33664  
2.80148  -1.36207  
2.81075  -1.37595  
2.80581  -1.37128  
2.81738  -1.40121  
2.82329  -1.40546  
2.84447  -1.42926  
2.85342  -1.43691  
2.86093  -1.4372  
2.83905  -1.4097  
2.84814  -1.41781  
2.8197  -1.39634  
2.82891  -1.40466  
2.81107  -1.40612  
2.79657  -1.40581  
2.79452  -1.41104  
2.78008  -1.4094  
2.78162  -1.41877  
2.77537  -1.4261  
2.76507  -1.41872  
2.77858  -1.45185  
2.76265  -1.43408  
2.75647  -1.43975  
2.72575  -1.43795  
2.72583  -1.42744  
2.70424  -1.41566  
2.66905  -1.38324  
2.67316  -1.3772  
2.64778  -1.36089  
2.64977  -1.37086  
2.62268  -1.37193  
2.60646  -1.38738  
2.59729  -1.38387  
2.57969  -1.37136  
2.58061  -1.37233  
2.58056  -1.39649  
2.57488  -1.38616  
2.58494  -1.39479  
2.58391  -1.40021  
2.57729  -1.3879  
2.61708  -1.40815  
2.63824  -1.4123  
2.64773  -1.42094  
2.67838  -1.4292  
2.6678  -1.42204  
2.71471  -1.45424  
2.75201  -1.4635  
2.74742  -1.45688  
2.7847  -1.46473  
2.77347  -1.45785  
2.79236  -1.47846  
2.81231  -1.5064  
2.80861  -1.47226  
2.84953  -1.51965  
2.84613  -1.51154  
2.86047  -1.53478  
2.84682  -1.52359  
2.87262  -1.54515  
2.86934  -1.53721  
2.87782  -1.53473  
2.88054  -1.53188  
2.86941  -1.52563  
2.85599  -1.50644  
2.86457  -1.51583  
2.83991  -1.50287  
2.82713  -1.48358  
2.82439  -1.47665  
2.79233  -1.45753  
2.78184  -1.4522  
2.76795  -1.43691  
2.72052  -1.39134  
2.72733  -1.38993  
2.70194  -1.36973  
2.71151  -1.38083  
2.67323  -1.37812  
2.66743  -1.38571  
2.64217  -1.38936  
2.60783  -1.37648  
2.62118  -1.38864  
2.59741  -1.39261  
2.60579  -1.4013  
2.60884  -1.41034  
2.6173  -1.42102  
2.62707  -1.43156  
2.65254  -1.44462  
2.65663  -1.44046  
2.69149  -1.45072  
2.72131  -1.46903  
2.73024  -1.47948  
2.76863  -1.511  
2.77727  -1.5212  
2.83631  -1.55949  
2.83203  -1.56134  
2.83824  -1.56599  
2.87468  -1.61647  
2.8829  -1.62619  
2.89494  -1.66067  
2.90443  -1.66685  
2.89451  -1.655  
2.9216  -1.67545  
2.90378  -1.68273  
2.89931  -1.67456  
2.88925  -1.6833  
2.89295  -1.68802  
2.89637  -1.69403  
2.88246  -1.66994  
2.88815  -1.70288  
2.87279  -1.70335  
2.88196  -1.71343  
2.85867  -1.70872  
2.83864  -1.68557  
2.82123  -1.71715  
2.83082  -1.72721  
2.80818  -1.73136  
2.79259  -1.72994  
2.79451  -1.74169  
2.79978  -1.74872  
2.78706  -1.73834  
2.78928  -1.75991  
2.78503  -1.78514  
2.795  -1.79492  
2.77194  -1.76924  
2.78196  -1.77928  
2.77412  -1.78877  
2.77229  -1.78403  
2.77936  -1.80493  
2.76495  -1.78153  
2.77505  -1.79177  
2.79232  -1.80587  
2.76893  -1.81044  
2.78019  -1.81388  
2.77579  -1.83424  
2.76823  -1.8342  
2.75981  -1.83262  
2.76523  -1.83908  
2.76873  -1.84498  
2.76822  -1.85031  
2.7755  -1.85852  
2.78947  -1.87299  
2.81618  -1.87682  
2.79607  -1.86881  
2.83377  -1.92173  
2.84365  -1.93176  
2.85782  -1.93307  
2.86759  -1.94319  
2.89803  -1.98737  
2.90764  -1.9972  
2.88592  -1.97168  
2.89392  -1.97242  
2.90365  -1.98271  
2.90884  -1.97691  
2.91069  -1.98954  
2.94396  -1.98219  
2.9493  -2.00743  
2.95971  -2.02249  
3.00088  -2.05867  
3.00841  -2.04361  
3.02116  -2.07291  
3.04449  -2.09636  
3.04283  -2.08906  
3.05628  -2.09643  
3.04311  -2.09092  
3.05268  -2.11336  
3.05662  -2.11143  
3.06453  -2.1038  
3.05232  -2.10769  
3.05419  -2.12136  
3.06269  -2.09808  
3.07252  -2.10982  
3.06033  -2.10632  
3.05823  -2.05454  
3.06706  -2.06302  
3.07157  -2.06766  
3.08303  -2.07985  
3.07466  -2.03845  
3.07178  -2.04253  
3.07688  -2.04107  
3.08156  -2.06107  
3.08348  -2.07663  
3.06528  -2.08598  
3.08162  -2.14809  
3.0917  -2.16061  
3.11116  -2.18288  
3.10846  -2.18313  
3.1226  -2.19279  
3.13275  -2.18606  
3.13145  -2.1951  
3.15308  -2.19377  
3.16361  -2.19492  
3.18202  -2.17719  
3.18943  -2.17755  
3.19833  -2.15619  
3.19119  -2.15036  
3.19611  -2.14978  
3.19874  -2.20213  
3.20374  -2.20126  
3.18365  -2.22948  
3.18889  -2.22847  
3.19021  -2.26545  
3.1773  -2.2432  
3.18266  -2.2423  
3.18287  -2.26715  
3.18503  -2.2833  
3.19549  -2.25036  
3.20083  -2.2498  
3.21576  -2.23272  
3.24814  -2.24403  
3.23185  -2.23135  
3.2679  -2.24394  
3.27184  -2.259  
3.28473  -2.30382  
3.27483  -2.32323  
3.28295  -2.31075  
3.2893  -2.38524  
3.27602  -2.36953  
3.27794  -2.38886  
3.26481  -2.37325  
3.26902  -2.41292  
3.27224  -2.42783  
3.26662  -2.4151  
3.26206  -2.40765  
3.2678  -2.40734  
3.2827  -2.41848  
3.26619  -2.39229  
3.27652  -2.40715  
3.26774  -2.41863  
3.28129  -2.43381  
3.27759  -2.44034  
3.26063  -2.42721  
3.2527  -2.42712  
3.23913  -2.41678  
3.2497  -2.43187  
3.24924  -2.44538  
3.24452  -2.44199  
3.23547  -2.43585  
3.25305  -2.47518  
3.24082  -2.46043  
3.25646  -2.47918  
3.2672  -2.48938  
3.28359  -2.51078  
3.29067  -2.5512  
3.27839  -2.53626  
3.3084  -2.56276  
3.29606  -2.54804  
3.27662  -2.55704  
3.27229  -2.55111  
3.2749  -2.56907  
3.27378  -2.59526  
3.26188  -2.58053  
3.24708  -2.59712  
3.23835  -2.61578  
3.24501  -2.61592  
3.21773  -2.62432  
3.22463  -2.62451  
3.24658  -2.67647  
3.23673  -2.68096  
3.24799  -2.69562  
3.23717  -2.67581  
3.24635  -2.6952  
3.2308  -2.66036  
3.24198  -2.67542  
3.22258  -2.67407  
3.23381  -2.68905  
3.20167  -2.70236  
3.21311  -2.71715  
3.22807  -2.76049  
3.20611  -2.78945  
3.19986  -2.78888  
3.18427  -2.84061  
3.17837  -2.83966  
3.16385  -2.8597  
3.15959  -2.8209  
3.15794  -2.82328  
3.16509  -2.79973  
3.15359  -2.80517  
3.12403  -2.70316  
3.13992  -2.72309  
3.13688  -2.69141  
3.14855  -2.6944  
3.17065  -2.67897  
3.15894  -2.69667  
3.17058  -2.7072  
3.16133  -2.75617  
3.15119  -2.76598  
3.17102  -2.77399  
3.15086  -2.76782  
3.15718  -2.81214  
3.14928  -2.80576  
3.12934  -2.79617  
3.12215  -2.79778  
3.12614  -2.7958  
3.11808  -2.75947  
3.14757  -2.78815  
3.15856  -2.80421  
3.15894  -2.81621  
3.16936  -2.83802  
3.16942  -2.85838  
3.16406  -2.8588  
3.15483  -2.87996  
3.17026  -2.89388  
3.13507  -2.90818  
3.11519  -2.91516  
3.12705  -2.93017  
3.06709  -2.88784  
3.08117  -2.89143  
3.04975  -2.88806  
3.04478  -2.88879  
3.02656  -2.90381  
3.03919  -2.91938  
3.00187  -2.88696  
2.99791  -2.87156  
2.98914  -2.8579  
2.99997  -2.87515  
3.0022  -2.87458  
2.98915  -2.85372  
2.99476  -2.84467  
3.0007  -2.84011  
3.00541  -2.82319  
3.01223  -2.82731  
3.00718  -2.82902  
2.97651  -2.82239  
2.9779  -2.82982  
2.97094  -2.81224  
2.97782  -2.84726  
2.96876  -2.83422  
2.9641  -2.86012  
2.97376  -2.87959  
2.9744  -2.91044  
2.97322  -2.92695  
2.97144  -2.92614  
2.98532  -2.95724  
2.98378  -2.97022  
2.97905  -2.97117  
2.96745  -2.99845  
2.9627  -2.99928  
2.94229  -2.97462  
2.9328  -2.97204  
2.92839  -2.97312  
2.91314  -2.98314  
2.90762  -2.96759  
2.86008  -2.96953  
2.86721  -2.99993  
2.86176  -2.98452  
2.86018  -3.02801  
2.86397  -3.03146  
2.86408  -3.0942  
2.8604  -3.09461  
2.86873  -3.10931  
2.86524  -3.10672  
2.87939  -3.13032  
2.89463  -3.14476  
2.88237  -3.12469  
2.89758  -3.13746  
2.89611  -3.1204  
2.90295  -3.1091  
2.91619  -3.14667  
2.91214  -3.14752  
2.92733  -3.22777  
2.92347  -3.22813  
2.91636  -3.25459  
2.89456  -3.2755  
2.90411  -3.27575  
2.88303  -3.30029  
2.87972  -3.30018  
2.82564  -3.30921  
2.83587  -3.30924  
2.82107  -3.30299  
2.81215  -3.29214  
2.78671  -3.30618  
2.74953  -3.3042  
2.76041  -3.30448  
2.73478  -3.27086  
2.73272  -3.27123  
2.71632  -3.32336  
2.71089  -3.30871  
2.67421  -3.34144  
2.65936  -3.33628  
2.65058  -3.34015  
2.62573  -3.34181  
2.64115  -3.3566  
2.61855  -3.36779  
2.6121  -3.39223  
2.62394  -3.3918  
2.63012  -3.38623  
2.63301  -3.38099  
2.63507  -3.36103  
2.64014  -3.35318  
2.66002  -3.33984  
2.68959  -3.2908  
2.6762  -3.28115  
2.68026  -3.30109  
2.68711  -3.29289  
2.67617  -3.3055  
2.69038  -3.32134  
2.6735  -3.36173  
2.6829  -3.40134  
2.67759  -3.38711  
2.66242  -3.41701  
2.67672  -3.43196  
2.66779  -3.44342  
2.66266  -3.42907  
2.70217  -3.4242  
2.70014  -3.42469  
2.73391  -3.42191  
2.724  -3.42693  
2.72971  -3.39967  
2.74374  -3.36124  
2.74946  -3.38199  
2.74847  -3.41057  
2.74258  -3.39739  
2.73246  -3.44273  
2.68896  -3.43587  
2.70301  -3.4519  
2.68082  -3.45969  
2.67098  -3.46048  
2.64533  -3.46819  
2.60216  -3.45753  
2.60096  -3.45846  
2.561  -3.38931  
2.54418  -3.37592  
2.52241  -3.34556  
2.482  -3.31691  
2.50034  -3.32981  
2.48893  -3.29839  
2.48854  -3.29879  
2.48224  -3.31391  
2.47868  -3.29974  
2.48812  -3.34637  
2.46737  -3.37415  
2.46668  -3.37568  
2.44635  -3.38563  
2.44603  -3.38613  
2.45692  -3.38781  
2.44109  -3.38299  
2.44081  -3.38354  
2.44084  -3.34859  
2.44002  -3.35041  
2.44146  -3.33535  
2.43863  -3.34136  
2.44302  -3.32405  
2.46143  -3.32605  
2.47368  -3.327  
2.45989  -3.32577  
2.4612  -3.36935  
2.46214  -3.37238  
2.45728  -3.37718  
2.46671  -3.40814  
2.48287  -3.44632  
2.5167  -3.46434  
2.50741  -3.47095  
2.54172  -3.5246  
2.55537  -3.54092  
2.57869  -3.58432  
2.61591  -3.57316  
2.61369  -3.57491  
2.65169  -3.59725  
2.64919  -3.59909  
2.67402  -3.61558  
2.67142  -3.61763  
2.69768  -3.64322  
2.70705  -3.67775  
2.69976  -3.67476  
2.72513  -3.73259  
2.73102  -3.7613  
2.75973  -3.84241  
2.75384  -3.82793  
2.7669  -3.86856  
2.75816  -3.8857  
2.7451  -3.87799  
2.74785  -3.8809  
2.74048  -3.8733  
2.72408  -3.83227  
2.70368  -3.78617  
2.70337  -3.77763  
2.66662  -3.72533  
2.65432  -3.72539  
2.61399  -3.69945  
2.58615  -3.68525  
2.58507  -3.68932  
2.55442  -3.70867  
2.55089  -3.69818  
2.53583  -3.73234  
2.54738  -3.73633  
2.54595  -3.73558  
2.54239  -3.72505  
2.54308  -3.71675  
2.53786  -3.70502  
2.53686  -3.70905  
2.55045  -3.6446  
2.5491  -3.62385  
2.54825  -3.59847  
2.55282  -3.61022  
2.55275  -3.59922  
2.56216  -3.63963  
2.54345  -3.6396  
2.54184  -3.65716  
2.54327  -3.67067  
2.5436  -3.67248  
2.53495  -3.69361  
2.51997  -3.70778  
2.50183  -3.665  
2.50578  -3.64494  
2.49372  -3.64108  
2.50451  -3.59204  
2.49997  -3.58689  
2.50147  -3.5569  
2.48549  -3.54903  
2.49608  -3.54861  
2.48108  -3.53224  
2.47665  -3.52433  
2.46127  -3.55504  
2.44893  -3.57904  
2.45927  -3.58522  
2.4749  -3.60228  
2.46022  -3.6353  
2.47998  -3.63913  
2.46749  -3.62608  
2.46958  -3.63767  
2.48956  -3.58672  
2.49915  -3.59326  
2.50313  -3.54764  
2.51491  -3.51576  
2.50697  -3.49418  
2.49417  -3.46901  
2.48883  -3.46239  
2.47812  -3.45906  
2.46676  -3.4604  
2.46942  -3.45807  
2.45391  -3.4976  
2.46316  -3.50537  
2.45867  -3.53605  
2.46788  -3.5436  
2.4626  -3.56377  
2.4759  -3.55564  
2.50146  -3.56698  
2.49861  -3.56364  
2.50474  -3.55677  
2.48729  -3.55639  
2.48796  -3.56986  
2.48589  -3.56334  
2.49197  -3.55682  
2.47611  -3.53616  
2.4746  -3.5466  
2.46904  -3.54052  
2.44452  -3.53403  
2.45078  -3.52796  
2.43653  -3.49908  
2.43409  -3.51111  
2.42584  -3.5086  
2.43229  -3.49995  
2.43048  -3.48837  
2.41819  -3.46983  
2.40004  -3.42474  
2.40854  -3.43422  
2.39477  -3.41607  
2.38923  -3.4113  
2.39084  -3.41198  
2.37871  -3.38996  
2.3834  -3.38017  
2.37085  -3.3545  
2.37905  -3.36465  
2.38551  -3.35978  
2.37833  -3.35423  
2.37005  -3.34654  
2.36554  -3.32352  
2.37314  -3.31156  
2.3681  -3.28879  
2.37564  -3.30898  
2.37506  -3.30136  
2.39215  -3.28258  
2.38314  -3.27534  
2.38459  -3.25875  
2.40235  -3.26624  
2.39551  -3.26311  
2.40852  -3.25302  
2.40148  -3.25002  
2.42198  -3.26964  
2.43918  -3.23419  
2.44306  -3.23121  
2.45038  -3.21771  
2.44775  -3.21435  
2.46774  -3.20307  
2.47128  -3.21049  
2.50637  -3.21378  
2.53449  -3.21452  
2.53366  -3.20636  
2.54861  -3.2072  
2.55883  -3.19894  
2.56945  -3.20238  
2.57532  -3.21878  
2.58731  -3.22924  
2.57238  -3.21572  
2.57595  -3.22327  
2.57222  -3.19794  
2.56062  -3.19869  
2.56133  -3.17927  
2.56878  -3.16835  
2.55706  -3.15295  
2.53998  -3.12837  
2.52843  -3.11322  
2.52228  -3.09444  
2.51187  -3.06829  
2.50187  -3.06176  
2.47479  -3.0669  
2.47709  -3.06632  
2.44927  -3.03324  
2.44195  -3.02085  
2.42726  -3.01275  
2.42656  -2.99481  
2.42047  -3.00207  
2.42559  -2.98095  
2.41463  -2.96507  
2.41979  -2.97454  
2.4279  -2.9358  
2.42702  -2.91056  
2.42619  -2.88743  
2.43891  -2.85427  
2.44839  -2.87298  
2.43412  -2.84749  
2.44323  -2.84161  
2.42576  -2.83296  
2.42705  -2.8337  
2.42345  -2.82943  
2.41938  -2.80944  
2.40813  -2.81194  
2.38631  -2.78801  
2.37672  -2.78934  
2.37993  -2.77879  
2.36812  -2.76538  
2.34776  -2.75019  
2.3352  -2.73196  
2.32288  -2.73335  
2.28549  -2.69386  
2.28419  -2.6887  
2.26837  -2.64734  
2.26493  -2.65147  
2.25352  -2.61771  
2.22445  -2.59297  
2.23612  -2.60236  
2.21485  -2.55225  
2.22437  -2.54691  
2.21005  -2.50904  
2.19736  -2.51045  
2.19698  -2.49051  
2.17161  -2.48289  
2.15399  -2.4653  
2.14331  -2.45263  
2.12105  -2.40686  
2.1156  -2.40752  
2.10335  -2.38091  
2.08633  -2.3718  
2.07178  -2.35156  
2.04866  -2.31191  
2.05261  -2.32878  
2.03689  -2.29216  
2.03958  -2.27835  
2.03107  -2.23973  
2.02398  -2.24041  
2.02571  -2.24227  
2.00563  -2.20042  
1.98656  -2.168  
1.97828  -2.17053  
1.98399  -2.11403  
1.98743  -2.13147  
1.96821  -2.09868  
1.96934  -2.10197  
1.97004  -2.07674  
1.96129  -2.07093  
1.95771  -2.04311  
1.95896  -2.02331  
1.96952  -2.03382  
1.97429  -2.01629  
1.97725  -2.00641  
1.98471  -2.02285  
1.98884  -2.00477  
1.99652  -1.99849  
1.99983  -2.01288  
2.00652  -1.99215  
2.01378  -1.98756  
1.99912  -1.99027  
2.01344  -1.99966  
2.00812  -1.97676  
2.01128  -1.99644  
1.9992  -1.98429  
2.01173  -1.97191  
2.01154  -1.97429  
1.9825  -1.95537  
1.98402  -1.95066  
1.98402  -1.95066  
1.98176  -1.90764  
1.98159  -1.91034  
1.96886  -1.90019  
1.98007  -1.90624  
1.97423  -1.89534  
1.97545  -1.9147  
1.9743  -1.9155  
2.00303  -1.92605  
1.99695  -1.94388  
2.00102  -1.94209  
1.99997  -1.96738  
2.00761  -1.97138  
2.01254  -1.98023  
2.0262  -1.96456  
2.02534  -1.967  
2.03809  -1.95172  
2.04389  -1.9452  
2.04016  -1.92223  
2.05134  -1.89787  
2.05432  -1.91693  
2.05579  -1.89132  
2.0637  -1.90245  
2.05263  -1.90387  
2.04776  -1.91677  
2.04189  -1.91701  
2.03118  -1.94509  
2.02708  -1.92449  
2.0251  -1.94893  
2.01017  -1.95842  
2.00184  -1.95328  
1.99039  -1.9534  
1.98719  -1.94972  
1.95606  -1.92044  
1.95139  -1.90163  
1.94102  -1.84661  
1.92489  -1.81891  
1.93379  -1.83796  
1.90981  -1.78914  
1.9112  -1.8082  
1.89985  -1.77692  
1.89976  -1.76563  
1.90375  -1.77756  
1.91175  -1.77759  
1.91205  -1.77733  
1.91533  -1.77869  
1.92206  -1.77475  
1.92498  -1.75891  
1.94436  -1.75364  
1.95052  -1.74987  
1.97241  -1.74032  
1.97818  -1.73668  
1.99114  -1.70483  
1.99653  -1.70154  
2.02167  -1.67579  
2.01951  -1.68032  
2.05357  -1.66205  
2.07963  -1.6655  
2.07859  -1.68556  
2.09877  -1.69623  
2.11406  -1.68827  
2.14578  -1.71509  
2.15291  -1.72485  
2.16727  -1.71919  
2.183  -1.74185  
2.19243  -1.74223  
2.22124  -1.7623  
2.22429  -1.75934  
2.23644  -1.77757  
2.25407  -1.79837  
2.25407  -1.79837  
2.25877  -1.80217  
2.26595  -1.80581  
2.27011  -1.82919  
2.25607  -1.82631  
2.259  -1.82346  
2.26403  -1.82646  
2.25198  -1.81339  
2.24619  -1.81246  
2.24574  -1.79554  
2.24133  -1.80087  
2.22789  -1.78529  
2.2311  -1.78295  
2.22909  -1.76726  
2.2106  -1.73095  
2.21312  -1.72603  
2.19536  -1.71584  
2.20608  -1.69424  
2.20209  -1.70012  
2.18339  -1.65962  
2.18675  -1.65809  
2.17731  -1.63728  
2.18065  -1.63584  
2.17639  -1.62898  
2.18415  -1.6227  
2.17413  -1.61466  
2.17875  -1.59955  
2.17031  -1.58408  
2.15738  -1.59244  
2.16063  -1.59104  
2.15939  -1.5997  
2.15479  -1.59903  
2.15067  -1.60524  
2.13394  -1.59264  
2.13737  -1.59097  
2.1308  -1.60003  
2.12362  -1.60027  
2.13074  -1.60398  
2.12844  -1.59958  
2.1334  -1.59954  
2.14247  -1.61109  
2.1382  -1.6034  
2.13962  -1.60692  
2.1426  -1.60575  
2.14438  -1.60808  
2.15097  -1.61698  
2.14777  -1.6113  
2.1611  -1.60571  
2.1524  -1.60308  
2.15868  -1.6032  
2.15666  -1.59329  
2.15783  -1.57737  
2.15822  -1.57896  
2.17074  -1.5606  
2.17342  -1.55902  
2.17594  -1.54441  
2.18035  -1.5249  
2.18035  -1.5249  
2.2003  -1.49857  
2.2003  -1.49857  
2.20268  -1.48001  
2.21316  -1.4796  
2.20852  -1.46396  
2.21482  -1.46196  
2.22049  -1.46047  
2.23822  -1.47667  
2.24395  -1.47707  
2.24552  -1.4762  
2.25204  -1.50276  
2.24386  -1.4845  
2.2654  -1.49064  
2.25888  -1.49936  
2.2603  -1.49833  
2.27927  -1.53369  
2.28052  -1.53248  
2.27917  -1.52292  
2.27844  -1.52227  
2.27969  -1.52118  
2.27415  -1.53388  
2.28128  -1.53757  
2.27529  -1.54865  
2.27665  -1.54132  
2.2705  -1.54461  
2.26659  -1.548  
2.26806  -1.54685  
2.2577  -1.54761  
2.25924  -1.54645  
2.25561  -1.55878  
2.25833  -1.55016  
2.23792  -1.54613  
2.22748  -1.54695  
2.22937  -1.54575  
2.22526  -1.53631  
2.22526  -1.53631  
2.21234  -1.52028  
2.20051  -1.52283  
2.19121  -1.50763  
2.18811  -1.50735  
2.1716  -1.5002  
2.17896  -1.50129  
2.16584  -1.51781  
2.15692  -1.5025  
2.12944  -1.5131  
2.1312  -1.52856  
2.11951  -1.52758  
2.12901  -1.53672  
2.10118  -1.5338  
2.09148  -1.53381  
2.09461  -1.53204  
2.07031  -1.55088  
2.06754  -1.5332  
2.06006  -1.54712  
2.05225  -1.54836  
2.0536  -1.54094  
2.04407  -1.55749  
2.05106  -1.56961  
2.05619  -1.5826  
2.05365  -1.5969  
2.04989  -1.60257  
2.05308  -1.61163  
2.05665  -1.60911  
2.04369  -1.60716  
2.0451  -1.60165  
2.0394  -1.62513  
2.02453  -1.61956  
2.01024  -1.61103  
2.00215  -1.59842  
2.00778  -1.61126  
1.99497  -1.61143  
2.00069  -1.62419  
1.97868  -1.6381  
1.98888  -1.64199  
1.98582  -1.64728  
1.9778  -1.64117  
1.98057  -1.6416  
1.98207  -1.64545  
1.98259  -1.66651  
1.97953  -1.67167  
1.97127  -1.67153  
1.97415  -1.67967  
1.9681  -1.70896  
1.97261  -1.70577  
1.9546  -1.74651  
1.94848  -1.72923  
1.93678  -1.74778  
1.9344  -1.75243  
1.93925  -1.76922  
1.92645  -1.78895  
1.92418  -1.79338  
1.91255  -1.80355  
1.90705  -1.78601  
1.8987  -1.79838  
1.8771  -1.84254  
1.87208  -1.82466  
1.83939  -1.83781  
1.82483  -1.8508  
1.79777  -1.86034  
1.75227  -1.88237  
1.75321  -1.90143  
1.70957  -1.90559  
1.71729  -1.90073  
1.69768  -1.92466  
1.66595  -1.91526  
1.65653  -1.92715  
1.65442  -1.93178  
1.66273  -1.92666  
1.6316  -1.91116  
1.61789  -1.89643  
1.62163  -1.90843  
1.59055  -1.90686  
1.58903  -1.88801  
1.57577  -1.89276  
1.56786  -1.89791  
1.54562  -1.91082  
1.50458  -1.93493  
1.51435  -1.92943  
1.48527  -1.96102  
1.47746  -1.95016  
1.45224  -1.99479  
1.44489  -1.98371  
1.40371  -2.03873  
1.40688  -2.04074  
1.39361  -2.05875  
1.38093  -2.04896  
1.37666  -2.05947  
1.33894  -2.05016  
1.34682  -2.06643  
1.32451  -2.05371  
1.33445  -2.06369  
1.3348  -2.06941  
1.32063  -2.08177  
1.32804  -2.08209  
1.31003  -2.10006  
1.30565  -2.11043  
1.30188  -2.12096  
1.28918  -2.1177  
1.28894  -2.13507  
1.26449  -2.16694  
1.2325  -2.18364  
1.22295  -2.17272  
1.21198  -2.18293  
1.21698  -2.18426  
1.21115  -2.20958  
1.20319  -2.196  
1.20036  -2.19953  
1.19737  -2.21611  
1.20604  -2.21224  
1.21257  -2.21295  
1.22663  -2.21256  
1.21381  -2.20634  
1.2078  -2.22827  
1.21411  -2.23122  
1.1913  -2.28084  
1.17634  -2.30872  
1.17191  -2.29687  
1.14711  -2.33056  
1.14302  -2.31865  
1.12824  -2.34402  
1.09334  -2.32993  
1.10935  -2.32967  
1.07945  -2.33403  
1.07741  -2.3444  
1.07586  -2.29468  
1.07375  -2.30553  
1.06806  -2.28669  
1.05673  -2.2848  
1.01913  -2.30911  
1.01749  -2.31994  
0.988594  -2.32188  
0.958867  -2.3245  
0.957724  -2.33534  
0.952858  -2.32009  
0.950749  -2.30883  
0.940382  -2.31366  
0.931381  -2.30721  
0.929352  -2.28045  
0.974856  -2.24198  
0.963945  -2.24098  
0.984818  -2.21571  
0.973103  -2.21682  
0.97092  -2.20939  
0.948683  -2.20845  
0.952827  -2.20724  
0.930631  -2.21584  
0.914507  -2.2086  
0.905742  -2.21889  
0.897568  -2.23585  
0.872993  -2.22886  
0.850432  -2.23656  
0.837584  -2.22757  
0.834469  -2.2141  
0.814651  -2.23064  
0.800988  -2.22859  
0.776196  -2.235  
0.737865  -2.22036  
0.736798  -2.21791  
0.680381  -2.2144  
0.681195  -2.18806  
0.680386  -2.16407  
0.650037  -2.15353  
0.640043  -2.17432  
0.65198  -2.1076  
0.668141  -2.10807  
0.659054  -2.10128  
0.650843  -2.10177  
0.630449  -2.11725  
0.60024  -2.14575  
0.601364  -2.14249  
0.598558  -2.15214  
0.556328  -2.16161  
0.541725  -2.15424  
0.551149  -2.1567  
0.510712  -2.15192  
0.504103  -2.15211  
0.517856  -2.12165  
0.518738  -2.13459  
0.518558  -2.12288  
0.535014  -2.10729  
0.535531  -2.12073  
0.543613  -2.13202  
0.536255  -2.16023  
0.536178  -2.16427  
0.532651  -2.2048  
0.533987  -2.19509  
0.538526  -2.24897  
0.537416  -2.27351  
0.529916  -2.27424  
0.532856  -2.33074  
0.529904  -2.3366  
0.521131  -2.38463  
0.518336  -2.4038  
0.524529  -2.41235  
0.524002  -2.46418  
0.515431  -2.46655  
0.51854  -2.47265  
0.506809  -2.49254  
0.506797  -2.50513  
0.509489  -2.50673  
0.503159  -2.50136  
0.51289  -2.52159  
0.498417  -2.59209  
0.480571  -2.59581  
0.466478  -2.63059  
0.467928  -2.62138  
0.452174  -2.67264  
0.424071  -2.68578  
0.418676  -2.68378  
0.402054  -2.71852  
0.40128  -2.71925  
0.369889  -2.72344  
0.360738  -2.70907  
0.355196  -2.69338  
0.321336  -2.68835  
0.314448  -2.69114  
0.300988  -2.66071  
0.294231  -2.66399  
0.288032  -2.6459  
0.269121  -2.64526  
0.276291  -2.65764  
0.25099  -2.67213  
0.25022  -2.67369  
0.223569  -2.68412  
0.213733  -2.69043  
0.195133  -2.68905  
0.16905  -2.70571  
0.173221  -2.69865  
0.123985  -2.72236  
0.118557  -2.72658  
0.0787438  -2.72336  
0.0614044  -2.69626  
0.0666785  -2.6896  
0.048386  -2.66527  
0.0578666  -2.65625  
0.0662857  -2.59881  
0.0677968  -2.611  
0.064701  -2.60822  
0.0789381  -2.58843  
0.0922515  -2.57426  
0.0942005  -2.57206  
0.0888141  -2.63888  
0.0829557  -2.64515  
0.0586246  -2.66601  
0.0633707  -2.66058  
0.0297783  -2.67398  
0.000886835  -2.72314  
0.00617537  -2.71751  
-0.0246098  -2.71975  
-0.02962  -2.72596  
-0.0482886  -2.70717  
-0.0688931  -2.67822  
-0.069993  -2.65055  
-0.102245  -2.64916  
-0.0964605  -2.64062  
-0.146065  -2.64533  
-0.185509  -2.64316  
-0.185444  -2.62894  
-0.194143  -2.65349  
-0.228043  -2.66727  
-0.223931  -2.66887  
-0.227424  -2.67681  
-0.244043  -2.67307  
-0.247411  -2.68102  
-0.216361  -2.65727  
-0.220157  -2.66558  
-0.219307  -2.66937  
-0.223075  -2.67763  
-0.220949  -2.66786  
-0.243254  -2.6688  
-0.236156  -2.66556  
-0.272654  -2.65211  
-0.26528  -2.64916  
-0.301432  -2.67699  
-0.311863  -2.67704  
-0.307648  -2.6777  
-0.286741  -2.67233  
-0.290759  -2.68223  
-0.303619  -2.72033  
-0.314381  -2.72107  
-0.300482  -2.71451  
-0.301915  -2.70948  
-0.305371  -2.74172  
-0.317917  -2.73914  
-0.311779  -2.74847  
-0.336045  -2.76062  
-0.33746  -2.75599  
-0.362141  -2.74375  
-0.373782  -2.75118  
-0.370627  -2.74847  
-0.413178  -2.75514  
-0.413076  -2.75149  
-0.445804  -2.78528  
-0.442603  -2.77113  
-0.462234  -2.81812  
-0.473525  -2.82572  
-0.477251  -2.83754  
-0.51242  -2.88303  
-0.500631  -2.86683  
-0.506988  -2.89757  
-0.501049  -2.9355  
-0.520678  -2.9412  
-0.557133  -2.99383  
-0.549612  -2.99785  
-0.588771  -3.0211  
-0.621203  -3.02124  
-0.6245  -3.03358  
-0.633229  -3.04903  
-0.626405  -3.04924  
-0.663109  -3.0963  
-0.664914  -3.11984  
-0.675377  -3.12473  
-0.674589  -3.16203  
-0.691907  -3.15433  
-0.680855  -3.22408  
-0.692341  -3.23036  
-0.648254  -3.24522  
-0.6564  -3.28735  
-0.659358  -3.29667  
-0.652437  -3.30955  
-0.635293  -3.31464  
-0.666208  -3.34526  
-0.674245  -3.37217  
-0.666649  -3.37334  
-0.684554  -3.43472  
-0.683892  -3.43545  
-0.696133  -3.47032  
-0.719385  -3.50653  
-0.712072  -3.50817  
-0.738059  -3.53615  
-0.730783  -3.53798  
-0.681738  -3.52549  
-0.682192  -3.52159  
-0.668401  -3.54443  
-0.634597  -3.51981  
-0.629315  -3.52297  
-0.637301  -3.5113  
-0.645485  -3.52798  
-0.68542  -3.55001  
-0.690373  -3.55274  
-0.722354  -3.55802  
-0.72716  -3.56108  
-0.786797  -3.57791  
-0.79117  -3.58118  
-0.82518  -3.56823  
-0.85496  -3.54139  
-0.866404  -3.53856  
-0.861066  -3.52103  
-0.862598  -3.50978  
-0.838308  -3.45776  
-0.878486  -3.4541  
-0.86886  -3.44625  
-0.954027  -3.45772  
-0.968999  -3.47094  
-0.998281  -3.45055  
-1.05105  -3.46303  
-1.06196  -3.4627  
-1.12189  -3.45376  
-1.15375  -3.47369  
-1.1461  -3.48064  
-1.182  -3.46952  
-1.18403  -3.44505  
-1.18364  -3.44629  
-1.19366  -3.38717  
-1.20064  -3.40826  
-1.24935  -3.38625  
-1.24876  -3.38851  
-1.27428  -3.36291  
-1.31217  -3.34968  
-1.31878  -3.33501  
-1.32989  -3.36856  
-1.35195  -3.36757  
-1.38009  -3.40931  
-1.391  -3.41235  
-1.40687  -3.41635  
-1.40335  -3.41761  
-1.40587  -3.42005  
-1.39298  -3.43131  
-1.39225  -3.42609  
-1.3995  -3.43023  
-1.42335  -3.43857  
-1.4076  -3.44771  
-1.4162  -3.44306  
-1.3992  -3.44303  
-1.40168  -3.44167  
-1.40577  -3.4487  
-1.38509  -3.43473  
-1.399  -3.476  
-1.39418  -3.46309  
-1.35958  -3.46842  
-1.31858  -3.47072  
-1.33103  -3.4715  
-1.29552  -3.50072  
-1.29765  -3.49301  
-1.24593  -3.48674  
-1.19916  -3.50626  
-1.19968  -3.50278  
-1.18037  -3.48693  
-1.1848  -3.49684  
-1.22302  -3.49462  
-1.2375  -3.49115  
-1.21541  -3.48318  
-1.21014  -3.46649  
-1.19983  -3.45466  
-1.2571  -3.45744  
-1.25858  -3.45721  
-1.26461  -3.45144  
-1.25268  -3.44536  
-1.26301  -3.45278  
-1.26439  -3.4403  
-1.25448  -3.42917  
-1.24886  -3.42344  
-1.29631  -3.41283  
-1.28501  -3.412  
-1.29926  -3.41201  
-1.3136  -3.41987  
-1.3383  -3.41682  
-1.34389  -3.4226  
-1.34957  -3.42832  
-1.35207  -3.46582  
-1.34907  -3.48197  
-1.38685  -3.54449  
-1.3704  -3.53111  
-1.38878  -3.59093  
-1.39336  -3.60341  
-1.41982  -3.66016  
-1.40166  -3.69627  
-1.41274  -3.69097  
-1.4297  -3.76209  
-1.41527  -3.74803  
-1.4164  -3.79888  
-1.41409  -3.81537  
-1.39192  -3.84921  
-1.40152  -3.89751  
-1.39248  -3.89576  
-1.34338  -3.94459  
-1.35255  -3.95605  
-1.31542  -4.01204  
-1.2971  -4.04899  
-1.30466  -4.04747  
-1.2853  -4.06183  
-1.27114  -4.08063  
-1.25227  -4.11543  
-1.2444  -4.10052  
-1.20546  -4.10367  
-1.21868  -4.11499  
-1.17977  -4.10305  
-1.17089  -4.1192  
-1.16806  -4.11726  
-1.1448  -4.12728  
-1.15967  -4.13879  
-1.11332  -4.1575  
-1.12586  -4.15639  
-1.0704  -4.18683  
-1.06983  -4.1847  
-1.0662  -4.21035  
-1.04535  -4.20955  
-1.04552  -4.2073  
-1.03588  -4.21969  
-1.02373  -4.20941  
-1.0179  -4.21111  
-1.03376  -4.20634  
-1.02502  -4.20893  
-1.02888  -4.1941  
-1.02344  -4.18035  
-1.04686  -4.16726  
-1.04564  -4.17105  
-1.04696  -4.1693  
-1.04112  -4.14594  
-1.05037  -4.16248  
-1.05346  -4.15452  
-1.06423  -4.12985  
-1.05094  -4.12937  
-1.06022  -4.12203  
-1.06195  -4.1206  
-1.05794  -4.11109  
-1.05451  -4.08838  
-1.04658  -4.08322  
-1.04657  -4.05533  
-1.06421  -4.05879  
-1.0382  -4.01479  
-1.04584  -4.01781  
-1.04637  -4.01412  
-1.0429  -4.00002  
-1.03326  -3.99983  
-1.02188  -4.00468  
-1.0118  -3.99556  
-0.996085  -3.9893  
-0.989627  -4.02763  
-0.976627  -4.01091  
-0.942244  -4.02764  
-0.951027  -4.03143  
-0.913368  -4.04444  
-0.917788  -4.04254  
-0.886633  -4.04756  
-0.90902  -4.05898  
-0.869428  -4.06845  
-0.834137  -4.07679  
-0.854482  -4.07535  
-0.798187  -4.07989  
-0.803971  -4.07739  
-0.780127  -4.09373  
-0.7914  -4.11428  
-0.781381  -4.11608  
-0.766806  -4.12961  
-0.763621  -4.13086  
-0.738434  -4.13544  
-0.733864  -4.13684  
-0.729135  -4.14152  
-0.726799  -4.14164  
-0.725466  -4.15303  
-0.723111  -4.15395  
-0.699826  -4.14763  
-0.69082  -4.14374  
-0.686845  -4.15891  
-0.675483  -4.17739  
-0.673802  -4.17803  
-0.676582  -4.17708  
-0.674842  -4.17773  
-0.667355  -4.19347  
-0.661932  -4.19698  
-0.654619  -4.20807  
-0.663937  -4.21285  
-0.663937  -4.21285  
-0.684532  -4.21994  
-0.675744  -4.23455  
-0.6886  -4.22628  
-0.70434  -4.23783  
-0.701062  -4.24255  
-0.703786  -4.23596  
-0.716054  -4.25037  
-0.714485  -4.25065  
-0.747316  -4.2683  
-0.745453  -4.26858  
-0.759063  -4.27933  
-0.768192  -4.26694  
-0.766209  -4.26733  
-0.77112  -4.29264  
-0.769257  -4.29291  
-0.791126  -4.30535  
-0.796098  -4.31114  
-0.794253  -4.30946  
-0.805853  -4.31527  
-0.793171  -4.31729  
-0.804171  -4.32622  
-0.807327  -4.32042  
-0.806302  -4.32531  
-0.792186  -4.31489  
-0.798265  -4.31526  
-0.81116  -4.32726  
-0.811145  -4.34055  
-0.826385  -4.332  
-0.819545  -4.3272  
-0.817802  -4.32767  
-0.839922  -4.34497  
-0.838122  -4.34541  
-0.859905  -4.35766  
-0.867893  -4.35369  
-0.860581  -4.34901  
-0.876267  -4.36295  
-0.888703  -4.35589  
-0.884021  -4.35253  
-0.882004  -4.35307  
-0.889153  -4.35071  
-0.887158  -4.35134  
-0.893304  -4.34807  
-0.902986  -4.33682  
-0.894057  -4.34081  
-0.900234  -4.35015  
-0.901594  -4.34344  
-0.89095  -4.33985  
-0.90536  -4.34692  
-0.905069  -4.34836  
-0.90402  -4.34037  
-0.904242  -4.33596  
-0.90338  -4.32874  
-0.914906  -4.32393  
-0.908875  -4.34054  
-0.906164  -4.31597  
-0.896217  -4.31977  
-0.896729  -4.31312  
-0.885102  -4.30739  
-0.893538  -4.30393  
-0.886108  -4.30256  
-0.884485  -4.30347  
-0.884295  -4.2853  
-0.885496  -4.29865  
-0.866122  -4.28897  
-0.87992  -4.29714  
-0.87992  -4.29714  
-0.878122  -4.27999  
-0.878122  -4.27999  
-0.896462  -4.2762  
-0.918101  -4.26914  
-0.918101  -4.26914  
-0.931488  -4.26527  
-0.951371  -4.28467  
-0.965403  -4.27414  
-0.978653  -4.27621  
-0.983223  -4.26938  
-0.993409  -4.26582  
-1.01647  -4.25053  
-1.01381  -4.25169  
-1.05224  -4.25635  
-1.05299  -4.25716  
-1.06348  -4.23933  
-1.06466  -4.23135  
-1.07725  -4.22711  
-1.09021  -4.22224  
-1.09022  -4.22204  
-1.10278  -4.20507  
-1.10211  -4.18929  
-1.09865  -4.19101  
-1.09877  -4.18427  
-1.10556  -4.1817  
-1.12461  -4.17989  
-1.13119  -4.17736  
-1.1277  -4.16117  
-1.13947  -4.15521  
-1.13585  -4.15715  
-1.15645  -4.15512  
-1.15273  -4.15704  
-1.16919  -4.13908  
-1.16795  -4.13443  
-1.17316  -4.13066  
-1.16918  -4.11596  
-1.15915  -4.09964  
-1.15564  -4.10167  
-1.14581  -4.08907  
-1.1489  -4.08456  
-1.14584  -4.07099  
-1.13581  -4.07543  
-1.14228  -4.07334  
-1.13411  -4.05859  
-1.12528  -4.06269  
-1.11959  -4.06793  
-1.11959  -4.06793  
-1.11944  -4.07239  
-1.13241  -4.07778  
-1.13375  -4.07764  
-1.12404  -4.07102  
-1.11521  -4.07513  
-1.13439  -4.07303  
-1.13466  -4.08169  
-1.14183  -4.07904  
-1.15437  -4.07868  
-1.15122  -4.08029  
-1.17139  -4.06355  
-1.17688  -4.06317  
-1.18377  -4.06067  
-1.19579  -4.06599  
-1.20255  -4.06344  
-1.2053  -4.0526  
-1.21087  -4.05232  
-1.21232  -4.0507  
-1.22447  -4.03661  
-1.21799  -4.03826  
-1.2493  -4.05445  
-1.25217  -4.04272  
-1.24664  -4.04467  
-1.25934  -4.03092  
-1.26269  -4.02821  
-1.30011  -4.02879  
-1.30618  -4.02968  
-1.31354  -4.01238  
-1.34405  -4.01197  
-1.35312  -4.01296  
-1.38536  -4.01097  
-1.41796  -4.01338  
-1.42318  -4.00299  
-1.4487  -4.00484  
-1.46368  -4.00402  
-1.48231  -4.00112  
-1.48619  -3.99503  
-1.50373  -3.98777  
-1.52  -3.99149  
-1.53501  -3.99077  
-1.55393  -3.98804  
-1.55953  -3.98223  
-1.55082  -3.97866  
-1.56325  -3.99037  
-1.56804  -3.98886  
-1.56422  -3.99368  
-1.56657  -3.98024  
-1.57475  -3.98846  
-1.56593  -3.99424  
-1.56751  -3.99436  
-1.5689  -3.99796  
-1.57923  -3.9938  
-1.5689  -3.98926  
-1.58129  -3.99002  
-1.58136  -3.98686  
-1.57104  -3.97847  
-1.57601  -3.97504  
-1.57785  -4.00037  
-1.56863  -3.98843  
-1.56136  -3.99028  
-1.5739  -3.99393  
-1.56585  -3.99618  
-1.57116  -3.98954  
-1.57158  -3.99457  
-1.55734  -3.99967  
-1.57541  -4.00011  
-1.57526  -4.00668  
-1.57217  -3.99049  
-1.58064  -3.99171  
-1.59439  -3.99174  
-1.60356  -3.99659  
-1.60802  -3.99377  
-1.61727  -3.99869  
-1.63515  -4.0029  
-1.62596  -4.0068  
-1.65031  -3.99052  
-1.64598  -3.99287  
-1.67454  -3.99599  
-1.67009  -3.99832  
-1.6841  -4.00073  
-1.67976  -4.003  
-1.69993  -3.98946  
-1.69558  -3.9918  
-1.71499  -3.97954  
-1.71622  -3.98443  
-1.72208  -3.98287  
-1.7441  -3.99805  
-1.76327  -3.9904  
-1.77759  -3.97749  
-1.78314  -3.97607  
-1.80901  -3.96654  
-1.81437  -3.96524  
-1.84171  -3.95005  
-1.84687  -3.94892  
-1.87776  -3.94609  
-1.87285  -3.94879  
-1.89279  -3.9334  
-1.9121  -3.92012  
-1.90663  -3.92331  
-1.94154  -3.91939  
-1.94631  -3.91862  
-1.9574  -3.90618  
-1.96813  -3.89976  
-1.97287  -3.8991  
-2.00887  -3.91035  
-2.00433  -3.90915  
-2.02086  -3.8913  
-2.02582  -3.89363  
-2.02582  -3.89363  
-2.04716  -3.90813  
-2.03861  -3.91267  
-2.02243  -3.90851  
-2.03295  -3.90447  
-2.0066  -3.92611  
-1.99933  -3.93076  
-1.99444  -3.93375  
-1.98908  -3.95825  
-1.99488  -3.95701  
-1.98161  -3.97202  
-1.97732  -3.97461  
-1.97341  -3.99351  
-1.97979  -3.99197  
-1.98773  -4.01094  
-1.98377  -4.01314  
-1.98903  -4.02073  
-1.99603  -4.03035  
-2.01064  -4.04535  
-2.01982  -4.05045  
-2.01849  -4.05157  
-2.04228  -4.07136  
-2.04404  -4.07671  
-2.04085  -4.07996  
-2.06655  -4.09739  
-2.07405  -4.09731  
-2.09449  -4.10285  
-2.10503  -4.10606  
-2.11354  -4.10573  
-2.14385  -4.1017  
-2.14342  -4.10401  
-2.18182  -4.10369  
-2.18902  -4.08904  
-2.20552  -4.08306  
-2.21926  -4.07489  
-2.22312  -4.06692  
-2.25044  -4.04421  
-2.27396  -4.017  
-2.27671  -4.01292  
-2.30539  -3.98652  
-2.31581  -3.96142  
-2.31876  -3.94984  
-2.35495  -3.92622  
-2.36439  -3.91976  
-2.38637  -3.88814  
-2.41717  -3.86732  
-2.42161  -3.86778  
-2.43292  -3.8456  
-2.42678  -3.85017  
-2.45706  -3.82542  
-2.48921  -3.81845  
-2.50944  -3.81354  
-2.52492  -3.78525  
-2.51819  -3.7903  
-2.57436  -3.77849  
-2.59372  -3.77159  
-2.60006  -3.77172  
-2.62028  -3.76059  
-2.67251  -3.75682  
-2.70611  -3.76201  
-2.70847  -3.76288  
-2.75612  -3.7528  
-2.75386  -3.74548  
-2.81641  -3.74048  
-2.84663  -3.74309  
-2.84882  -3.74491  
-2.88262  -3.74638  
-2.88507  -3.7489  
-2.92245  -3.75831  
-2.9249  -3.75927  
-2.96465  -3.76736  
-2.98767  -3.781  
-2.98969  -3.78279  
-2.99518  -3.79115  
-2.99747  -3.79285  
-3.03889  -3.803  
-3.07114  -3.8051  
-3.07369  -3.80614  
-3.1086  -3.79542  
-3.11117  -3.79648  
-3.15702  -3.80364  
-3.15801  -3.81095  
-3.21545  -3.82338  
-3.24471  -3.8304  
-3.27427  -3.82189  
-3.29443  -3.82597  
-3.33092  -3.83388  
-3.33163  -3.8247  
-3.40642  -3.82918  
-3.41522  -3.83056  
-3.43342  -3.83298  
-3.44797  -3.83049  
-3.49416  -3.83093  
-3.51706  -3.81907  
-3.52689  -3.8171  
-3.58876  -3.80131  
-3.63064  -3.78897  
-3.65289  -3.7734  
-3.71427  -3.77485  
-3.71814  -3.76628  
-3.77966  -3.74288  
-3.77971  -3.74721  
-3.83298  -3.70895  
-3.8435  -3.70989  
-3.90053  -3.67696  
-3.90021  -3.68204  
-3.91577  -3.65706  
-3.94666  -3.61505  
-3.95701  -3.61707  
-3.9954  -3.57955  
-3.99495  -3.58563  
-4.0153  -3.55739  
-4.02369  -3.5663  
-4.01076  -3.55672  
-4.04582  -3.54376  
-4.03056  -3.53357  
-4.05727  -3.52701  
-4.06436  -3.51775  
-4.05153  -3.50832  
-4.12058  -3.49319  
-4.11242  -3.48387  
-4.15051  -3.44323  
-4.16108  -3.44669  
-4.22362  -3.40182  
-4.24429  -3.40216  
-4.27733  -3.37832  
-4.31004  -3.36166  
-4.30091  -3.35367  
-4.36074  -3.3353  
-4.38092  -3.33641  
-4.41812  -3.32538  
-4.40731  -3.33414  
-4.43124  -3.31347  
-4.422  -3.30602  
-4.46949  -3.27905  
-4.52948  -3.25749  
-4.5491  -3.25951  
-4.58074  -3.2381  
-4.68065  -3.19252  
-4.69283  -3.14965  
-4.70114  -3.15632  
-4.73398  -3.11117  
-4.72338  -3.10606  
-4.76961  -3.05323  
-4.79294  -3.01054  
-4.79376  -3.01333  
-4.81016  -2.96813  
-4.80975  -2.96092  
-4.7836  -2.94347  
-4.78368  -2.93634  
-4.75754  -2.89836  
-4.76498  -2.87031  
-4.77266  -2.87219  
-4.7931  -2.83419  
-4.79461  -2.83806  
-4.80476  -2.85126  
-4.80317  -2.84735  
-4.80033  -2.84228  
-4.82481  -2.82844  
-4.84719  -2.80219  
-4.84756  -2.79608  
-4.90211  -2.79572  
-4.90193  -2.80237  
-4.911  -2.79461  
-4.90891  -2.79237  
-4.95575  -2.78358  
-4.96264  -2.77304  
-4.97656  -2.75583  
-4.99063  -2.76193  
-4.99422  -2.76991  
-4.99367  -2.79909  
-4.99253  -2.7967  
-4.99191  -2.78793  
-5.01505  -2.80075  
-5.02669  -2.79904  
-5.05379  -2.81638  
-5.06227  -2.81972  
-5.08046  -2.83653  
-5.09331  -2.84745  
-5.1074  -2.85337  
-5.16323  -2.86816  
-5.2088  -2.85442  
-5.22813  -2.85999  
-5.21804  -2.85328  
-5.21706  -2.85772  
-5.23735  -2.85986  
-5.25957  -2.86036  
-5.26894  -2.86894  
-5.31114  -2.85227  
-5.3011  -2.84929  
-5.33145  -2.84339  
-5.30977  -2.84008  
-5.32006  -2.85132  
-5.34003  -2.83894  
-5.34053  -2.83328  
-5.36445  -2.82363  
-5.38588  -2.79655  
-5.39345  -2.80115  
-5.40547  -2.79797  
-5.41066  -2.782  
-5.39801  -2.75555  
-5.39853  -2.75103  
-5.3535  -2.70054  
-5.37789  -2.68094  
-5.37846  -2.67704  
-5.41864  -2.64254  
-5.40893  -2.64192  
-5.44621  -2.63084  
-5.43751  -2.61334  
-5.4352  -2.61938  
-5.44012  -2.59005  
-5.46592  -2.55605  
-5.46575  -2.5537  
-5.49969  -2.53538  
-5.49703  -2.52756  
-5.49461  -2.50393  
-5.49912  -2.49002  
-5.50821  -2.4859  
-5.51678  -2.43831  
-5.51628  -2.43757  
-5.5322  -2.40802  
-5.53167  -2.40733  
-5.48972  -2.41133  
-5.47035  -2.39037  
-5.46978  -2.38974  
-5.48693  -2.3795  
-5.48614  -2.3789  
-5.46518  -2.38974  
-5.46458  -2.38898  
-5.47259  -2.39954  
-5.47224  -2.38168  
-5.47156  -2.38117  
-5.52788  -2.36155  
-5.52655  -2.36125  
-5.52597  -2.3625  
-5.5168  -2.37141  
-5.50958  -2.36078  
-5.53628  -2.33406  
-5.53546  -2.33364  
-5.51636  -2.32436  
-5.51749  -2.31686  
-5.49288  -2.33114  
-5.48059  -2.33211  
-5.47967  -2.33173  
-5.5101  -2.32668  
-5.50839  -2.32683  
-5.53624  -2.3299  
-5.52954  -2.33447  
-5.52981  -2.36471  
-5.53199  -2.3634  
-5.55902  -2.35479  
-5.572  -2.34381  
-5.56953  -2.34407  
-5.60093  -2.3589  
-5.59823  -2.35915  
-5.59602  -2.36792  
-5.59492  -2.37019  
-5.62351  -2.36029  
-5.63712  -2.3353  
-5.63575  -2.33496  
-5.62789  -2.35378  
-5.63003  -2.3557  
-5.63061  -2.36138  
-5.61616  -2.35515  
-5.6096  -2.35799  
-5.62206  -2.35921  
-5.62331  -2.35893  
-5.64006  -2.37721  
-5.67236  -2.38719  
-5.67185  -2.40064  
-5.72963  -2.41077  
-5.75017  -2.41456  
-5.76971  -2.40372  
-5.77663  -2.40071  
-5.81393  -2.3998  
-5.84443  -2.39887  
-5.8473  -2.38936  
-5.84726  -2.37886  
-5.84519  -2.37837  
-5.78296  -2.38634  
-5.78654  -2.38551  
-5.77042  -2.3726  
-5.77284  -2.3578  
-5.77434  -2.36775  
-5.74583  -2.36013  
-5.7467  -2.36162  
-5.70293  -2.34932  
-5.69458  -2.35953  
-5.70092  -2.3647  
-5.66096  -2.35756  
-5.67302  -2.35693  
-5.69312  -2.35434  
-5.68356  -2.3595  
-5.67493  -2.37016  
-5.65922  -2.37483  
-5.66222  -2.38487  
-5.62411  -2.36384  
-5.62041  -2.36618  
-5.59533  -2.3583  
-5.61529  -2.36611  
-5.54947  -2.34723  
-5.54476  -2.31911  
-5.54673  -2.31904  
-5.48176  -2.27927  
-5.48365  -2.27949  
-5.45186  -2.25703  
-5.43442  -2.24762  
-5.41705  -2.2265  
-5.41455  -2.20343  
-5.40676  -2.18885  
-5.36986  -2.16783  
-5.36423  -2.17293  
-5.35812  -2.16823  
-5.34551  -2.15628  
-5.33313  -2.1294  
-5.30895  -2.11106  
-5.31621  -2.09923  
-5.29363  -2.05391  
-5.2596  -2.02757  
-5.27064  -2.01572  
-5.19199  -1.95771  
-5.20101  -1.93064  
-5.16933  -1.89998  
-5.16055  -1.84533  
-5.15863  -1.84916  
-5.15449  -1.8303  
-5.16548  -1.80147  
-5.13455  -1.75514  
-5.13148  -1.75982  
-5.14908  -1.72402  
-5.18509  -1.70114  
-5.18749  -1.70376  
-5.18369  -1.6941  
-5.16741  -1.66811  
-5.16906  -1.61962  
-5.1694  -1.61506  
-5.15179  -1.56422  
-5.15893  -1.56558  
-5.12958  -1.51941  
-5.1288  -1.51574  
-5.11879  -1.46481  
-5.12352  -1.45958  
-5.11064  -1.42879  
-5.14585  -1.4116  
-5.14321  -1.40911  
-5.15028  -1.39378  
-5.15252  -1.3912  
-5.16894  -1.36877  
-5.19983  -1.34589  
-5.2021  -1.34262  
-5.19333  -1.31825  
-5.22107  -1.29989  
-5.19069  -1.25987  
-5.16495  -1.2222  
-5.16198  -1.2055  
-5.13063  -1.18028  
-5.1507  -1.15606  
-5.09484  -1.11689  
-5.09267  -1.08501  
-5.08977  -1.07253  
-5.02824  -1.02683  
-5.02214  -1.01315  
-5.00912  -0.990649  
-4.98126  -0.960995  
-4.98463  -0.944501  
-4.98637  -0.910307  
-4.98694  -0.885574  
-4.96712  -0.850522  
-4.96827  -0.803892  
-4.95809  -0.799313  
-4.95966  -0.758809  
-4.96772  -0.762435  
-4.95084  -0.726515  
-4.98107  -0.660659  
-4.96927  -0.657515  
-4.91474  -0.635741  
-4.9087  -0.630078  
-4.88045  -0.585176  
-4.85872  -0.538408  
-4.86177  -0.530517  
-4.86208  -0.511245  
-4.84437  -0.463009  
-4.84825  -0.45522  
-4.84091  -0.451237  
-4.79937  -0.420051  
-4.80674  -0.411047  
-4.79912  -0.407368  
-4.77849  -0.375173  
-4.78923  -0.378823  
-4.77371  -0.340929  
-4.74837  -0.333223  
-4.74041  -0.330127  
-4.76853  -0.288222  
-4.76016  -0.285576  
-4.70798  -0.253859  
-4.69577  -0.215281  
-4.69175  -0.196323  
-4.6591  -0.167241  
-4.67958  -0.167263  
-4.64823  -0.148503  
-4.6197  -0.15925  
-4.62029  -0.144842  
-4.58367  -0.138784  
-4.56403  -0.141937  
-4.53556  -0.132332  
-4.50655  -0.124359  
-4.49922  -0.125804  
-4.4775  -0.105998  
-4.46642  -0.113615  
-4.43309  -0.0878356  
-4.39376  -0.0736938  
-4.41447  -0.0539805  
-4.38396  -0.041621  
-4.382  -0.0238311  
-4.37161  -0.000432535  
-4.37951  -0.00226994  
-4.38408  0.0285159  
-4.3547  0.075102  
-4.36835  0.0763055  
-4.32802  0.10202  
-4.29629  0.132708  
-4.28548  0.146514  
-4.23952  0.185541  
-4.23355  0.207682  
-4.1888  0.233786  
-4.19424  0.239808  
-4.14479  0.22419  
-4.15792  0.220628  
-4.13894  0.145934  
-4.14649  0.0778459  
-4.15572  0.0720533  
-4.20547  -0.0213324  
-4.21471  -0.025917  
-4.24545  -0.13383  
-4.25485  -0.137069  
-4.30317  -0.219506  
-4.31343  -0.213926  
-4.34992  -0.269149  
-4.35497  -0.272841  
-4.37441  -0.2634  
-4.37946  -0.272868  
-4.3684  -0.262378  
-4.35086  -0.253392  
-4.35672  -0.24574  
-4.34711  -0.240247  
-4.32013  -0.244867  
-4.32376  -0.242209  
-4.29069  -0.257596  
-4.27737  -0.248647  
-4.2564  -0.279854  
-4.25336  -0.297084  
-4.25756  -0.301495  
-4.25318  -0.354907  
-4.25327  -0.360542  
-4.23471  -0.402959  
-4.22584  -0.410068  
-4.20956  -0.417299  
-4.20003  -0.418967  
-4.19104  -0.436244  
-4.18738  -0.432733  
-4.14689  -0.445262  
-4.13568  -0.465579  
-4.08532  -0.484332  
-4.08064  -0.487775  
-4.05113  -0.506225  
-4.02564  -0.516488  
-4.02095  -0.531385  
-4.01463  -0.545519  
-4.00168  -0.575338  
-4.00689  -0.568622  
-3.99759  -0.610232  
-3.99596  -0.611854  
-4.02498  -0.640743  
-4.02341  -0.642375  
-4.03153  -0.645135  
-4.03141  -0.647102  
-4.05527  -0.658355  
-4.0596  -0.658124  
-4.06558  -0.649433  
-4.07227  -0.663113  
-4.07231  -0.664524  
-4.0776  -0.663913  
-4.07779  -0.665212  
-4.11059  -0.640944  
-4.12079  -0.629056  
-4.11887  -0.631367  
-4.14914  -0.614629  
-4.14883  -0.616335  
-4.17535  -0.607049  
-4.17737  -0.61078  
-4.17891  -0.611525  
-4.19822  -0.61879  
-4.19958  -0.621194  
-4.22215  -0.63263  
-4.21555  -0.63542  
-4.21978  -0.628658  
-4.23282  -0.603734  
-4.22351  -0.618415  
-4.22656  -0.612069  
-4.22086  -0.615611  
-4.21747  -0.618339  
-4.22374  -0.590507  
-4.22066  -0.591858  
-4.22386  -0.559237  
-4.22522  -0.5605  
-4.22547  -0.554209  
-4.22846  -0.546938  
-4.23262  -0.54801  
-4.23649  -0.557921  
-4.23813  -0.558909  
-4.24792  -0.556316  
-4.24725  -0.564427  
-4.25674  -0.562336  
-4.26571  -0.550283  
-4.268  -0.547728  
-4.25651  -0.548857  
-4.25396  -0.550889  
-4.25925  -0.558682  
-4.26836  -0.552792  
-4.26706  -0.548471  
-4.26577  -0.547353  
-4.27873  -0.524856  
-4.28087  -0.52552  
-4.29633  -0.516142  
-4.28663  -0.536872  
-4.30349  -0.532999  
-4.31847  -0.545942  
-4.3207  -0.546172  
-4.33316  -0.537497  
-4.33121  -0.541641  
-4.37485  -0.537163  
-4.38217  -0.548741  
-4.38436  -0.548799  
-4.39936  -0.549372  
-4.39301  -0.569956  
-4.42285  -0.589537  
-4.43318  -0.615888  
-4.43771  -0.614105  
-4.45277  -0.64949  
-4.4552  -0.648168  
-4.4562  -0.693424  
-4.46772  -0.6963  
-4.46632  -0.714224  
-4.47414  -0.739886  
-4.4754  -0.746157  
-4.48316  -0.749581  
-4.47148  -0.744626  
-4.47351  -0.744428  
-4.4741  -0.752835  
-4.46347  -0.7432  
-4.4645  -0.755168  
-4.46636  -0.760991  
-4.45147  -0.759886  
-4.45507  -0.756829  
-4.46215  -0.734737  
-4.44727  -0.729969  
-4.44813  -0.720063  
-4.43902  -0.714966  
-4.43599  -0.71487  
-4.43618  -0.740437  
-4.41838  -0.733528  
-4.41352  -0.737836  
-4.38909  -0.772737  
-4.38674  -0.774292  
-4.35498  -0.806378  
-4.35478  -0.806127  
-4.33383  -0.813251  
-4.31105  -0.805593  
-4.30694  -0.825785  
-4.28851  -0.798847  
-4.28352  -0.786956  
-4.28213  -0.780947  
-4.26985  -0.746471  
-4.26871  -0.728278  
-4.25216  -0.698706  
-4.255  -0.688457  
-4.25781  -0.656781  
-4.26215  -0.633143  
-4.26745  -0.623676  
-4.27102  -0.601877  
-4.27086  -0.601151  
-4.27072  -0.575458  
-4.27048  -0.574974  
-4.2708  -0.572179  
-4.27049  -0.571656  
-4.28627  -0.558003  
-4.28579  -0.557579  
-4.28373  -0.525682  
-4.28763  -0.498987  
-4.28701  -0.499131  
-4.3025  -0.469644  
-4.30174  -0.47007  
-4.31919  -0.457263  
-4.3183  -0.457779  
-4.337  -0.432224  
-4.33343  -0.423991  
-4.33297  -0.423539  
-4.3587  -0.461769  
-4.35824  -0.461323  
-4.3625  -0.49775  
-4.37011  -0.528254  
-4.3676  -0.536863  
-4.35939  -0.544186  
-4.35842  -0.54335  
-4.36293  -0.558082  
-4.35883  -0.563213  
-4.3579  -0.562041  
-4.3589  -0.554617  
-4.35549  -0.554983  
-4.35464  -0.55384  
-4.32864  -0.55272  
-4.32314  -0.547789  
-4.31927  -0.552111  
-4.32068  -0.542429  
-4.31326  -0.541705  
-4.31362  -0.544972  
-4.3114  -0.553545  
-4.31504  -0.544455  
-4.32611  -0.548878  
-4.32582  -0.55054  
-4.32602  -0.550559  
-4.33342  -0.547638  
-4.33147  -0.555971  
-4.33166  -0.55823  
-4.33338  -0.573499  
-4.31671  -0.572207  
-4.3144  -0.580469  
-4.31591  -0.591108  
-4.31796  -0.594759  
-4.31393  -0.598862  
-4.32378  -0.581805  
-4.3215  -0.59075  
-4.33111  -0.574197  
-4.33766  -0.578448  
-4.33682  -0.576231  
-4.35867  -0.535351  
-4.36125  -0.542766  
-4.35273  -0.533566  
-4.35168  -0.531677  
-4.36623  -0.523848  
-4.36638  -0.538292  
-4.37165  -0.527001  
-4.35721  -0.553993  
-4.3609  -0.551966  
-4.36563  -0.564688  
-4.34831  -0.582304  
-4.35012  -0.585601  
-4.35703  -0.576604  
-4.35896  -0.587288  
-4.35151  -0.579944  
-4.35335  -0.57756  
-4.35236  -0.574674  
-4.34838  -0.545239  
-4.35182  -0.541114  
-4.36201  -0.525995  
-4.35985  -0.5331  
-4.35705  -0.545043  
-4.35593  -0.542384  
-4.35969  -0.556811  
-4.36299  -0.5525  
-4.35235  -0.587833  
-4.35041  -0.593514  
-4.34784  -0.631931  
-4.34946  -0.665062  
-4.35289  -0.659251  
-4.3342  -0.666201  
-4.33415  -0.670694  
-4.32049  -0.68625  
-4.32614  -0.686705  
-4.31826  -0.710922  
-4.30783  -0.709495  
-4.31131  -0.705941  
-4.30067  -0.704443  
-4.28918  -0.704109  
-4.28804  -0.709672  
-4.28511  -0.723969  
-4.28203  -0.721923  
-4.27433  -0.722149  
-4.26599  -0.712697  
-4.2653  -0.707075  
-4.26404  -0.686008  
-4.26243  -0.690404  
-4.24283  -0.673781  
-4.2355  -0.669716  
-4.23917  -0.662892  
-4.23414  -0.645005  
-4.21531  -0.644543  
-4.21052  -0.62402  
-4.20113  -0.624593  
-4.20421  -0.622494  
-4.19727  -0.616761  
-4.19734  -0.60659  
-4.18176  -0.57024  
-4.17994  -0.56176  
-4.17489  -0.546199  
-4.16671  -0.511515  
-4.17631  -0.51365  
-4.17258  -0.485388  
-4.17569  -0.480126  
-4.17826  -0.454407  
-4.16339  -0.45418  
-4.15513  -0.427082  
-4.15302  -0.421334  
-4.15589  -0.41649  
-4.15009  -0.397479  
-4.13387  -0.391865  
-4.1411  -0.362944  
-4.12427  -0.352336  
-4.12518  -0.339584  
-4.11045  -0.31294  
-4.11248  -0.318897  
-4.10179  -0.293544  
-4.10429  -0.289692  
-4.10204  -0.276112  
-4.10439  -0.272343  
-4.09406  -0.256213  
-4.07717  -0.231539  
-4.08377  -0.234865  
-4.0578  -0.191338  
-4.06  -0.188186  
-4.03841  -0.172867  
-4.02079  -0.153837  
-4.02138  -0.153161  
-3.993  -0.117936  
-3.99355  -0.117236  
-3.96128  -0.0721578  
-3.9634  -0.0698049  
-3.92742  -0.0515036  
-3.92364  -0.0288686  
-3.90701  -0.0230626  
-3.88667  -0.00994908  
-3.88707  -0.00915093  
-3.86859  0.00554634  
-3.84827  0.000354466  
-3.83247  0.00754876  
-3.82224  0.0116484  
-3.82136  0.000616562  
-3.79717  0.0188314  
-3.79711  0.0104328  
-3.77057  0.0274636  
-3.75809  0.0592913  
-3.75812  0.0498333  
-3.73331  0.0672959  
-3.73072  0.068454  
-3.71452  0.0742042  
-3.69494  0.0804959  
-3.67684  0.0807255  
-3.6783  0.0732522  
-3.63538  0.0731087  
-3.63694  0.0761739  
-3.61237  0.0767988  
-3.5821  0.100426  
-3.57949  0.10228  
-3.56344  0.107768  
-3.56079  0.109753  
-3.5277  0.12003  
-3.50575  0.134044  
-3.50189  0.143248  
-3.48418  0.155071  
-3.48538  0.158226  
-3.46639  0.170606  
-3.455  0.165951  
-3.45649  0.168637  
-3.42419  0.202218  
-3.42606  0.205212  
-3.42012  0.212831  
-3.39607  0.216257  
-3.39332  0.217699  
-3.37508  0.22942  
-3.37593  0.233228  
-3.35395  0.241658  
-3.35066  0.244323  
-3.34349  0.259411  
-3.34412  0.263386  
-3.31071  0.296886  
-3.28729  0.320003  
-3.28385  0.32251  
-3.27406  0.336159  
-3.27051  0.338742  
-3.25405  0.366127  
-3.23106  0.371045  
-3.23149  0.374946  
-3.20392  0.390606  
-3.20483  0.38356  
-3.18539  0.399339  
-3.1746  0.403545  
-3.17542  0.399205  
-3.15659  0.399534  
-3.14983  0.408547  
-3.1085  0.399347  
-3.10267  0.420177  
-3.10248  0.424934  
-3.0597  0.436348  
-3.06076  0.42113  
-3.01792  0.4451  
-2.9946  0.463905  
-2.98717  0.470831  
-2.95122  0.490405  
-2.94308  0.49762  
-2.91056  0.497774  
-2.8847  0.49283  
-2.87952  0.497827  
-2.84639  0.512102  
-2.84251  0.511346  
-2.80675  0.516185  
-2.77514  0.523286  
-2.7731  0.516292  
-2.7338  0.538354  
-2.73089  0.529294  
-2.70817  0.545531  
-2.69937  0.567105  
-2.69817  0.567488  
-2.67067  0.574878  
-2.67364  0.574675  
-2.66148  0.598881  
-2.6472  0.61043  
-2.64731  0.592421  
-2.63219  0.626558  
-2.63048  0.617967  
-2.629  0.65212  
-2.63102  0.682129  
-2.62762  0.676168  
-2.61395  0.713293  
-2.61319  0.720084  
-2.60923  0.732425  
-2.605  0.75617  
-2.61836  0.744262  
-2.60038  0.766161  
-2.61229  0.766201  
-2.60153  0.786724  
-2.59107  0.808432  
-2.58453  0.810676  
-2.59431  0.817732  
-2.59609  0.826105  
-2.6043  0.833956  
-2.59701  0.829067  
-2.61296  0.822312  
-2.60064  0.835443  
-2.59229  0.830412  
-2.583  0.819638  
-2.58044  0.810025  
-2.56168  0.842416  
-2.55602  0.84983  
-2.53102  0.855885  
-2.52148  0.897744  
-2.5177  0.893063  
-2.49422  0.898208  
-2.48865  0.905852  
-2.47556  0.888547  
-2.45539  0.90469  
-2.45315  0.905965  
-2.43869  0.845305  
-2.43914  0.843156  
-2.42713  0.834706  
-2.41247  0.834409  
-2.40179  0.808791  
-2.38762  0.834277  
-2.38423  0.832068  
-2.3524  0.875495  
-2.33538  0.878182  
-2.33081  0.891868  
-2.29721  0.954183  
-2.31076  0.947826  
-2.28045  0.989153  
-2.28197  0.991387  
-2.25485  1.02265  
-2.23792  1.03951  
-2.25685  1.03504  
-2.23259  1.07406  
-2.2316  1.07763  
-2.21944  1.14332  
-2.20245  1.17201  
-2.20493  1.17867  
-2.19701  1.20579  
-2.21392  1.21816  
-2.20956  1.21685  
-2.20882  1.21899  
-2.22604  1.23477  
-2.21223  1.26159  
-2.21568  1.26214  
-2.23431  1.2264  
-2.22534  1.21916  
-2.22508  1.21716  
-2.23077  1.23858  
-2.22732  1.24929  
-2.2285  1.28749  
-2.21252  1.34212  
-2.21213  1.33945  
-2.22466  1.34424  
-2.22092  1.3545  
-2.20994  1.40909  
-2.19697  1.42574  
-2.19704  1.42524  
-2.19703  1.41712  
-2.19268  1.41999  
-2.18085  1.41204  
-2.17441  1.37988  
-2.17056  1.39383  
-2.15145  1.39469  
-2.15122  1.39325  
-2.12187  1.40891  
-2.11795  1.407  
-2.1118  1.40209  
-2.10792  1.41362  
-2.08721  1.41965  
-2.0871  1.41883  
-2.08334  1.40734  
-2.0832  1.40699  
-2.05883  1.40274  
-2.04167  1.38612  
-2.04164  1.38633  
-2.04702  1.35946  
-2.0419  1.35798  
-2.01659  1.36237  
-2.00462  1.37274  
-2.00228  1.35472  
-2.00015  1.37575  
-1.99221  1.37365  
-1.96896  1.38878  
-1.97564  1.37474  
-1.97286  1.37456  
-1.96495  1.3907  
-1.96566  1.39097  
-1.94347  1.39786  
-1.94522  1.39368  
-1.94673  1.39157  
-1.93991  1.38788  
-1.94302  1.37235  
-1.94325  1.36715  
-1.92298  1.37596  
-1.92345  1.3655  
-1.92781  1.35505  
-1.92376  1.35768  
-1.92665  1.35327  
-1.90881  1.34678  
-1.90843  1.35039  
-1.89912  1.3625  
-1.89874  1.36611  
-1.89299  1.37924  
-1.892  1.3781  
-1.89653  1.36251  
-1.8974  1.36535  
-1.88866  1.37504  
-1.8914  1.36786  
-1.87709  1.36428  
-1.8729  1.36513  
-1.87111  1.34301  
-1.87159  1.33485  
-1.87072  1.32155  
-1.87484  1.31429  
-1.86998  1.30935  
-1.87043  1.30191  
-1.8587  1.28145  
-1.86118  1.27689  
-1.85684  1.28253  
-1.83892  1.27917  
-1.83461  1.28499  
-1.83596  1.29289  
-1.82361  1.27573  
-1.82786  1.26974  
-1.8132  1.26309  
-1.8132  1.26309  
-1.80559  1.25046  
-1.80124  1.25707  
-1.78519  1.26804  
-1.7809  1.27458  
-1.76742  1.26962  
-1.74657  1.28396  
-1.74737  1.2782  
-1.7294  1.29512  
-1.72884  1.30211  
-1.70178  1.3507  
-1.68656  1.3709  
-1.67972  1.38508  
-1.65833  1.41067  
-1.64289  1.43161  
-1.64398  1.42508  
-1.64537  1.44272  
-1.64116  1.44822  
-1.62217  1.47942  
-1.62329  1.47234  
-1.61252  1.47469  
-1.60961  1.47613  
-1.60209  1.48429  
-1.61316  1.47919  
-1.61562  1.4684  
-1.59644  1.4877  
-1.58623  1.48371  
-1.58331  1.48515  
-1.57183  1.48586  
-1.57008  1.49839  
-1.55509  1.50694  
-1.55175  1.51087  
-1.54353  1.50437  
-1.52887  1.52043  
-1.52443  1.52628  
-1.52138  1.52436  
-1.51414  1.5158  
-1.5151  1.51031  
-1.50786  1.50617  
-1.50621  1.48716  
-1.51078  1.48222  
-1.50186  1.47467  
-1.49722  1.48146  
-1.46775  1.47757  
-1.46355  1.46806  
-1.46406  1.45982  
-1.44692  1.46862  
-1.43697  1.45997  
-1.43241  1.46716  
-1.42011  1.46732  
-1.41761  1.46464  
-1.40109  1.47546  
-1.40068  1.46863  
-1.3913  1.46354  
-1.37228  1.45967  
-1.36545  1.46598  
-1.37898  1.44124  
-1.37898  1.43278  
-1.37098  1.42504  
-1.35887  1.42292  
-1.3601  1.4189  
-1.34854  1.41956  
-1.35189  1.40743  
-1.33853  1.407  
-1.33742  1.40152  
-1.33818  1.39867  
-1.32139  1.41394  
-1.32225  1.41145  
-1.31737  1.42003  
-1.30613  1.4311  
-1.30692  1.42814  
-1.31419  1.43005  
-1.31821  1.4359  
-1.31883  1.43312  
-1.31769  1.41933  
-1.33143  1.42372  
-1.34432  1.4007  
-1.34432  1.4007  
-1.35431  1.38415  
-1.34883  1.39367  
-1.36145  1.37291  
-1.34385  1.38191  
-1.3441  1.37994  
-1.34145  1.38704  
-1.34169  1.38507  
-1.34146  1.38269  
-1.34644  1.3839  
-1.34089  1.39375  
-1.34621  1.38287  
-1.33612  1.39676  
-1.33031  1.38578  
-1.32319  1.37929  
-1.32349  1.3776  
-1.30899  1.36816  
-1.30934  1.36665  
-1.29766  1.35541  
-1.28813  1.35505  
-1.28384  1.35157  
-1.25374  1.34804  
-1.25436  1.34688  
-1.24688  1.32932  
-1.23879  1.3324  
-1.23848  1.33006  
-1.23033  1.32515  
-1.22635  1.32174  
-1.21819  1.3178  
-1.20932  1.3195  
-1.20757  1.32547  
-1.2127  1.30555  
-1.21044  1.30982  
-1.20154  1.30739  
-1.18768  1.3182  
-1.18882  1.31427  
-1.18158  1.32041  
-1.17956  1.3158  
-1.17319  1.32273  
-1.16569  1.32469  
-1.16715  1.32084  
-1.1596  1.32689  
-1.15822  1.33298  
-1.16837  1.33299  
-1.16189  1.34397  
-1.16079  1.34075  
-1.15582  1.34615  
-1.15243  1.35544  
-1.14785  1.35904  
-1.16896  1.35228  
-1.1692  1.35148  
-1.16305  1.35639  
-1.15667  1.35879  
-1.15695  1.35799  
-1.15284  1.36614  
-1.15311  1.36525  
-1.15332  1.36749  
-1.15629  1.35777  
-1.14909  1.37116  
-1.14909  1.37116  
-1.13892  1.37496  
-1.14024  1.38072  
-1.14024  1.38072  
-1.14031  1.37274  
-1.14054  1.37191  
-1.13564  1.38502  
-1.13588  1.3841  
-1.11561  1.38537  
-1.11656  1.38722  
-1.11686  1.38632  
-1.11208  1.38866  
-1.1124  1.38776  
-1.11303  1.39051  
-1.11013  1.39222  
-1.11013  1.39222  
-1.10969  1.38654  
-1.10862  1.38404  
-1.11406  1.38078  
-1.11556  1.37482  
-1.11564  1.37018  
-1.0921  1.38315  
-1.09285  1.37927  
-1.0892  1.38486  
-1.09046  1.37591  
-1.09132  1.37115  
-1.08842  1.37287  
-1.08842  1.37287  
-1.08752  1.36317  
-1.08752  1.36317  
-1.08841  1.36156  
-1.10105  1.3365  
-1.10105  1.3365  
-1.10402  1.32693  
-1.10406  1.32693  
-1.10009  1.3268  
-1.10015  1.32681  
-1.10081  1.31726  
-1.09696  1.31727  
-1.09696  1.31727  
-1.09504  1.30545  
-1.09509  1.30571  
-1.06676  1.32303  
-1.08295  1.31622  
-1.08207  1.31517  
-1.08252  1.30582  
-1.08177  1.30389  
-1.05351  1.31276  
-1.05682  1.30248  
-1.05527  1.30016  
-1.047  1.30245  
-1.0438  1.30984  
-1.03447  1.31105  
-1.03771  1.30623  
-1.02481  1.30971  
-1.01501  1.32005  
-1.01364  1.31956  
-1.01447  1.31514  
-0.986736  1.32223  
-0.981653  1.33113  
-0.975627  1.33097  
-0.974702  1.33153  
-0.964871  1.33128  
-0.964274  1.33181  
-0.95873  1.33219  
-0.949848  1.33263  
-0.950345  1.33262  
-0.922579  1.3404  
-0.923188  1.34033  
-0.920207  1.34666  
-0.920724  1.34654  
-0.918023  1.34632  
-0.914256  1.34771  
-0.914732  1.34758  
-0.907285  1.3481  
-0.898395  1.35678  
-0.898927  1.35949  
-0.892484  1.35759  
-0.900732  1.35441  
-0.893503  1.35302  
-0.88569  1.35603  
-0.886059  1.35587  
-0.878958  1.35541  
-0.877553  1.35693  
-0.870274  1.36601  
-0.864096  1.36602  
-0.866615  1.35963  
-0.854194  1.36814  
-0.854211  1.37073  
-0.84553  1.37868  
-0.844743  1.37904  
-0.84327  1.37352  
-0.834849  1.38113  
-0.8345  1.38499  
-0.831742  1.38161  
-0.826498  1.38347  
-0.826728  1.38693  
-0.829879  1.37581  
-0.830354  1.37881  
-0.822789  1.38079  
-0.82311  1.38049  
-0.822492  1.38088  
-0.822784  1.38058  
-0.820701  1.37208  
-0.818351  1.3834  
-0.818601  1.38309  
-0.814844  1.37435  
-0.81508  1.37415  
-0.814233  1.37474  
-0.814448  1.37455  
-0.809826  1.37586  
-0.806892  1.37489  
-0.806667  1.37675  
-0.805935  1.37543  
-0.802003  1.38561  
-0.798879  1.37895  
-0.821744  1.37098  
-0.818695  1.37225  
-0.813925  1.38106  
-0.811065  1.38228  
-0.811178  1.38205  
-0.831337  1.36654  
-0.833261  1.36741  
-0.829016  1.36668  
-0.848241  1.36213  
-0.849956  1.3624  
-0.837025  1.36757  
-0.838742  1.36784  
-0.857998  1.35145  
-0.852045  1.36237  
-0.844932  1.36802  
-0.862782  1.36096  
-0.862782  1.36096  
-0.864493  1.36123  
-0.864301  1.36121  
-0.858013  1.3576  
-0.860184  1.35776  
-0.875506  1.35084  
-0.848979  1.36322  
-0.851841  1.35416  
-0.851841  1.35416  
-0.842955  1.35948  
-0.844747  1.35976  
-0.844821  1.35977  
-0.85046  1.3488  
-0.846457  1.34966  
-0.8464  1.34868  
-0.818871  1.36114  
-0.827736  1.35615  
-0.827833  1.3562  
-0.82853  1.35656  
-0.821929  1.36705  
-0.799615  1.37302  
-0.797436  1.37404  
-0.797702  1.37392  
-0.779086  1.38798  
-0.776269  1.39018  
-0.775179  1.38786  
-0.783306  1.38308  
-0.781135  1.38479  
-0.775053  1.39584  
-0.77539  1.39549  
-0.788711  1.38173  
-0.780704  1.39009  
-0.779081  1.39212  
-0.787906  1.3871  
-0.782717  1.39664  
-0.778874  1.39621  
-0.781041  1.39534  
-0.779969  1.39771  
-0.791151  1.39862  
-0.793462  1.3916  
-0.793515  1.39136  
-0.814077  1.3765  
-0.814077  1.3765  
-0.815761  1.36563  
-0.815662  1.36566  
-0.836556  1.34968  
-0.832503  1.34957  
-0.832282  1.34977  
-0.824085  1.34599  
-0.823938  1.34625  
-0.831568  1.33548  
-0.822646  1.34075  
-0.818582  1.34063  
-0.819544  1.34334  
-0.817477  1.34989  
-0.816042  1.34466  
-0.816042  1.34466  
-0.797749  1.35266  
-0.804919  1.34155  
-0.804919  1.34155  
-0.802089  1.35053  
-0.781735  1.3576  
-0.784048  1.35822  
-0.763101  1.3649  
-0.763101  1.3649  
-0.765224  1.36512  
-0.759992  1.37391  
-0.748571  1.37568  
-0.748872  1.3756  
-0.721133  1.39152  
-0.721603  1.39127  
-0.731928  1.38538  
-0.706082  1.39283  
-0.700387  1.40341  
-0.704841  1.39842  
-0.705279  1.39812  
-0.702909  1.39688  
-0.703298  1.40087  
-0.700391  1.40325  
-0.695405  1.40062  
-0.702953  1.39811  
-0.69281  1.40887  
-0.68415  1.41556  
-0.690097  1.4139  
-0.681538  1.41241  
-0.680737  1.41559  
-0.689427  1.4158  
-0.687093  1.41592  
-0.68531  1.41048  
-0.670168  1.42745  
-0.669377  1.43169  
-0.660959  1.42915  
-0.658623  1.42927  
-0.656224  1.43604  
-0.647315  1.44114  
-0.648648  1.43799  
-0.63974  1.44309  
-0.606656  1.45559  
-0.605266  1.46253  
-0.59907  1.45751  
-0.600366  1.4557  
-0.591483  1.45944  
-0.568282  1.46758  
-0.565026  1.47386  
-0.541076  1.47549  
-0.528163  1.48094  
-0.528927  1.48014  
-0.500743  1.48955  
-0.501584  1.48867  
-0.472585  1.49776  
-0.463936  1.50673  
-0.440032  1.51433  
-0.415151  1.51774  
-0.405611  1.52752  
-0.404859  1.52482  
-0.400651  1.53365  
-0.399318  1.52353  
-0.395045  1.53241  
-0.393327  1.53091  
-0.389  1.53973  
-0.37836  1.53943  
-0.362283  1.54979  
-0.363151  1.54864  
-0.375852  1.54428  
-0.372297  1.54296  
-0.348718  1.55855  
-0.345221  1.5571  
-0.345136  1.54979  
-0.349339  1.55279  
-0.349959  1.55174  
-0.365753  1.55434  
-0.361932  1.55304  
-0.366314  1.54776  
-0.384335  1.55042  
-0.381654  1.54681  
-0.393749  1.53915  
-0.402867  1.53031  
-0.394182  1.53354  
-0.407965  1.5289  
-0.413828  1.51869  
-0.399533  1.52366  
-0.395379  1.52726  
-0.41038  1.5138  
-0.401219  1.51719  
-0.392767  1.5198  
-0.406184  1.51347  
-0.404481  1.50512  
-0.400208  1.50462  
-0.385757  1.51288  
-0.39553  1.51135  
-0.393191  1.50444  
-0.394033  1.49363  
-0.394073  1.49348  
-0.408641  1.48744  
-0.407769  1.4774  
-0.392157  1.48457  
-0.375785  1.47931  
-0.371551  1.4791  
-0.361375  1.47906  
-0.355846  1.47611  
-0.356083  1.47043  
-0.33523  1.48202  
-0.331176  1.48179  
-0.329755  1.47237  
-0.323467  1.47681  
-0.311034  1.47725  
-0.308209  1.47434  
-0.317847  1.4694  
-0.307905  1.46641  
-0.303874  1.46635  
-0.306803  1.4658  
