2.9536  4.89342  
2.95353  4.89326  
2.9535  4.89319  
3.19347  4.72807  
3.20406  4.71918  
3.19151  4.65804  
3.17369  4.66216  
3.12673  4.60362  
3.28757  4.45325  
3.29047  4.44325  
3.15261  4.39608  
3.15527  4.38625  
2.6212  2.02807  
2.43471  1.84501  
2.20906  1.83991  
1.37932  1.99065  
1.36449  1.96828  
1.29401  1.59555  
1.16764  1.54387  
0.944035  1.63392  
0.271537  1.89313  
0.286885  1.7046  
0.303485  1.67892  
-0.107998  1.84121  
-0.134237  1.85591  
-0.253507  1.74481  
0.0410195  1.47849  
0.0539408  1.45565  
-0.193088  1.59459  
-0.212048  1.59742  
0.024071  1.30849  
0.0604518  1.28599  
0.142462  1.24525  
-0.090608  1.39557  
0.0338829  1.30921  
0.357847  1.06814  
0.276865  1.13453  
0.196363  1.26854  
-0.143771  1.50745  
-0.0602173  1.46398  
0.11253  1.30048  
-0.214942  1.56443  
-0.271804  1.58833  
-0.378036  1.60213  
-0.304002  1.55524  
-0.124058  1.42828  
-0.29038  1.58487  
-0.297776  1.57502  
0.0532436  1.30934  
0.101925  1.28163  
0.159453  1.30657  
0.182668  1.31261  
0.298253  1.24297  
0.699516  1.04316  
0.687339  1.06176  
0.514127  1.2784  
0.641452  1.19247  
0.660319  1.17634  
0.747674  1.11851  
0.696712  1.20695  
0.455321  1.4075  
0.631704  1.32212  
0.630618  1.31749  
0.494374  1.44874  
0.484851  1.45499  
0.573766  1.35512  
0.601769  1.33778  
0.65503  1.33822  
0.587371  1.41995  
0.611793  1.40814  
0.891264  1.21178  
0.900991  1.20491  
0.815782  1.3231  
0.864715  1.32566  
0.888931  1.3033  
1.01649  1.22643  
1.00082  1.27676  
0.84853  1.41497  
0.913443  1.38029  
0.921704  1.38661  
0.767915  1.53334  
0.764279  1.53499  
0.723002  1.54884  
0.783349  1.48308  
0.763893  1.50898  
0.707054  1.53888  
0.708079  1.54006  
0.823977  1.39757  
0.860235  1.36228  
0.828273  1.39081  
0.74705  1.41903  
0.875124  1.29729  
0.870239  1.30003  
0.736826  1.40226  
0.724338  1.40414  
0.727859  1.40966  
0.715254  1.41129  
0.701597  1.40866  
0.578968  1.52383  
0.575415  1.5239  
0.65494  1.44074  
0.668833  1.43981  
0.578691  1.50747  
0.616918  1.45972  
0.659473  1.4224  
0.702213  1.36732  
0.683712  1.37378  
0.703033  1.33636  
0.741997  1.28744  
0.764477  1.2591  
0.710834  1.26792  
0.686372  1.28276  
0.66516  1.28408  
0.674064  1.25696  
0.668783  1.25881  
0.581662  1.32362  
0.586979  1.31758  
0.574261  1.30513  
0.562565  1.32706  
0.559111  1.32738  
0.577906  1.28694  
0.5758  1.2478  
0.562281  1.26081  
0.5231  1.24722  
0.513956  1.2538  
0.525304  1.18773  
0.520167  1.18981  
0.459115  1.19643  
0.455439  1.19692  
0.461022  1.16996  
0.464826  1.15961  
0.459753  1.16179  
0.420313  1.17482  
0.415309  1.17681  
0.423982  1.16624  
0.385595  1.18101  
0.37685  1.18474  
0.368768  1.175  
0.363498  1.17687  
0.373419  1.16092  
0.405708  1.1192  
0.393042  1.12845  
0.415213  1.08193  
0.409439  1.0845  
0.401055  1.06299  
0.386991  1.07719  
0.356486  1.06963  
0.353654  1.05679  
0.34775  1.05958  
0.308452  1.06108  
0.314364  1.04748  
0.310237  1.04835  
0.303821  1.05204  
0.292159  1.05769  
0.30316  1.03186  
0.336222  1.00304  
0.349082  0.992838  
0.383493  0.943375  
0.377025  0.946901  
0.434117  0.880872  
0.458388  0.857163  
0.451455  0.861396  
0.436937  0.833347  
0.465924  0.812118  
0.483792  0.786173  
0.442029  0.799241  
0.458346  0.784762  
0.457593  0.753691  
0.450508  0.751227  
0.41687  0.755851  
0.406543  0.756429  
0.412303  0.746036  
0.368143  0.74462  
0.357408  0.752641  
0.377034  0.713295  
0.386398  0.678645  
0.382024  0.670478  
0.406538  0.625452  
0.402464  0.632164  
0.463212  0.591322  
0.486518  0.552928  
0.479986  0.563041  
0.526936  0.533873  
0.527607  0.529019  
0.530003  0.517678  
0.524333  0.533792  
0.519512  0.535688  
0.530504  0.557902  
0.533625  0.548108  
0.489213  0.586641  
0.512896  0.573029  
0.500871  0.581038  
0.503104  0.563996  
0.490724  0.576242  
0.501077  0.555644  
0.501671  0.553694  
0.494512  0.559682  
0.475608  0.560847  
0.468547  0.566753  
0.455072  0.57239  
0.453458  0.569939  
0.48378  0.545495  
0.503982  0.534813  
0.498958  0.53698  
0.544399  0.519455  
0.547036  0.510184  
0.569481  0.499283  
0.579831  0.486834  
0.574799  0.489143  
0.580936  0.475422  
0.565526  0.48445  
0.551655  0.486762  
0.560971  0.486197  
0.563431  0.477005  
0.546067  0.486072  
0.565688  0.476675  
0.532955  0.493764  
0.533693  0.492931  
0.559117  0.459924  
0.546589  0.459539  
0.566144  0.450273  
0.5456  0.470519  
0.54413  0.474631  
0.540872  0.473456  
0.530354  0.483583  
0.541984  0.47459  
0.550288  0.458807  
0.542501  0.465201  
0.559954  0.444368  
0.583221  0.422085  
0.565722  0.436961  
0.604105  0.408852  
0.588252  0.416221  
0.602054  0.411276  
0.601758  0.409674  
0.596595  0.407813  
0.59699  0.41675  
0.582903  0.424259  
0.598546  0.407706  
0.555729  0.452478  
0.546331  0.457359  
0.556461  0.44147  
0.56775  0.432446  
0.564909  0.431139  
0.557052  0.437587  
0.591972  0.410585  
0.60495  0.387539  
0.603337  0.392059  
0.595572  0.395506  
0.614199  0.386112  
0.619569  0.375453  
0.596571  0.394353  
0.596869  0.385128  
0.550038  0.405699  
0.536911  0.409094  
0.515573  0.41653  
0.507939  0.423187  
0.497238  0.421234  
0.483441  0.416698  
0.492537  0.410763  
0.458946  0.42483  
0.448765  0.422326  
0.440828  0.426816  
0.429983  0.439863  
0.445686  0.42883  
0.445702  0.427338  
0.428514  0.443268  
0.451444  0.437729  
0.452481  0.435418  
0.471964  0.426212  
0.46151  0.420806  
0.480201  0.407601  
0.481918  0.393703  
0.51342  0.371712  
0.502826  0.375186  
0.517749  0.360166  
0.505865  0.355736  
0.496179  0.350583  
0.482226  0.348035  
0.457217  0.374002  
0.478732  0.370494  
0.486105  0.366154  
0.464907  0.414953  
0.477834  0.406596  
0.489224  0.397867  
0.52113  0.390688  
0.505685  0.400253  
0.571468  0.3644  
0.588638  0.365831  
0.607313  0.346796  
0.631397  0.33876  
0.638536  0.33424  
0.641269  0.321091  
0.625972  0.330959  
0.637811  0.328748  
0.626198  0.344173  
0.611082  0.362479  
0.592355  0.374209  
0.595153  0.379415  
0.574647  0.409791  
0.585489  0.400199  
0.604211  0.387441  
0.588904  0.394358  
0.596325  0.390999  
0.573103  0.407845  
0.584076  0.398119  
0.59078  0.368855  
0.574507  0.386734  
0.575756  0.380605  
0.571044  0.371499  
0.578323  0.366904  
0.548678  0.383182  
0.57355  0.371454  
0.547912  0.364202  
0.521997  0.384467  
0.514612  0.391177  
0.512647  0.38739  
0.495851  0.394819  
0.485551  0.398817  
0.480468  0.386148  
0.46127  0.398121  
0.466017  0.391324  
0.442991  0.401389  
0.474733  0.377869  
0.453981  0.397888  
0.463055  0.377927  
0.496269  0.366992  
0.48144  0.374395  
0.48146  0.388942  
0.493166  0.379509  
0.51806  0.367145  
0.510633  0.364485  
0.528296  0.353034  
0.51026  0.345242  
0.521839  0.336004  
0.485591  0.341338  
0.491717  0.349371  
0.499021  0.341411  
0.477455  0.342618  
0.489396  0.333417  
0.483638  0.345339  
0.468202  0.361815  
0.467325  0.372061  
0.492893  0.375376  
0.497937  0.376832  
0.512626  0.372709  
0.524278  0.362879  
0.50549  0.399991  
0.533248  0.382309  
0.526321  0.386793  
0.555092  0.37825  
0.574038  0.358687  
0.590752  0.339201  
0.608556  0.317747  
0.610906  0.305629  
0.622627  0.271415  
0.630248  0.266039  
0.609801  0.245831  
0.595473  0.253951  
0.571348  0.272835  
0.546868  0.282297  
0.547935  0.288351  
0.530803  0.299845  
0.506447  0.327894  
0.510143  0.330963  
0.500811  0.33129  
0.507958  0.342755  
0.539128  0.316296  
0.534935  0.315942  
0.542438  0.304101  
0.571728  0.271971  
0.558123  0.279499  
0.564782  0.286147  
0.582426  0.268051  
0.568198  0.280154  
0.583376  0.271163  
0.588617  0.272449  
0.586917  0.270954  
0.594893  0.244694  
0.561586  0.264451  
0.548502  0.27182  
0.546212  0.278094  
0.558605  0.267636  
0.508317  0.291654  
0.521033  0.281209  
0.519132  0.27525  
0.491494  0.288171  
0.501639  0.283425  
0.511602  0.265572  
0.537658  0.24513  
0.544095  0.243008  
0.540153  0.251533  
0.53429  0.247189  
0.532956  0.241245  
0.520333  0.248764  
0.527927  0.253747  
0.536792  0.240632  
0.545065  0.234467  
0.554829  0.244366  
0.533953  0.254193  
0.536679  0.238773  
0.531895  0.253136  
0.536943  0.238122  
0.530907  0.243163  
0.554092  0.220741  
0.54082  0.225895  
0.570311  0.20309  
0.558125  0.210557  
0.550452  0.205493  
0.538499  0.212905  
0.538445  0.204245  
0.545351  0.194294  
0.551814  0.195298  
0.578941  0.179205  
0.560389  0.198633  
0.565147  0.184478  
0.566298  0.195911  
0.579408  0.184607  
0.579815  0.201096  
0.597889  0.187554  
0.61032  0.177988  
0.598669  0.185101  
0.590055  0.180815  
0.578626  0.187876  
0.578857  0.196027  
0.597567  0.178151  
0.58626  0.185092  
0.579475  0.19404  
0.571265  0.204416  
0.582785  0.195838  
0.575424  0.220399  
0.582121  0.220212  
0.579168  0.218536  
0.594748  0.206448  
0.573176  0.232197  
0.574494  0.241492  
0.563515  0.247445  
0.576227  0.24339  
0.558625  0.261297  
0.569936  0.27147  
0.564855  0.268655  
0.56577  0.272852  
0.573983  0.277582  
0.558423  0.288965  
0.574669  0.26832  
0.583349  0.261186  
0.578096  0.256824  
0.585442  0.256343  
0.592099  0.255337  
0.586108  0.260891  
0.592537  0.247645  
0.593975  0.272631  
0.565432  0.315086  
0.572149  0.313484  
0.56219  0.328838  
0.542214  0.360609  
0.564534  0.363033  
0.560099  0.367495  
0.597046  0.338  
0.609998  0.323957  
0.597058  0.34285  
0.612688  0.323316  
0.625508  0.309264  
0.628085  0.301238  
0.641452  0.296522  
0.604723  0.334094  
0.611221  0.328599  
0.582518  0.351221  
0.568675  0.375039  
0.560451  0.399095  
0.534252  0.417224  
0.543446  0.414619  
0.550304  0.411694  
0.556366  0.406801  
0.537952  0.431055  
0.556361  0.411246  
0.565507  0.399217  
0.561221  0.395915  
0.580705  0.373124  
0.560189  0.388681  
0.560237  0.394077  
0.555135  0.4092  
0.55987  0.407542  
0.521822  0.44666  
0.491618  0.465161  
0.505093  0.450478  
0.481506  0.482809  
0.488685  0.479319  
0.50179  0.46522  
0.499281  0.466139  
0.511007  0.456294  
0.52602  0.451018  
0.509084  0.46563  
0.551419  0.434758  
0.540927  0.43769  
0.567045  0.449317  
0.559766  0.459604  
0.571926  0.454338  
0.570182  0.459284  
0.582643  0.456222  
0.583133  0.474572  
0.575232  0.473771  
0.586299  0.464477  
0.567512  0.471811  
0.583356  0.457733  
0.581455  0.440139  
0.563537  0.451708  
0.572619  0.44083  
0.591465  0.427481  
0.588342  0.419727  
0.594566  0.407242  
0.5977  0.395163  
0.59257  0.394294  
0.615521  0.385679  
0.640181  0.36699  
0.641913  0.362667  
0.648397  0.361447  
0.651926  0.358224  
0.665979  0.350054  
0.6695  0.346804  
0.663446  0.355205  
0.647083  0.369953  
0.661055  0.378821  
0.673557  0.362631  
0.663884  0.372884  
0.66528  0.370781  
0.671539  0.366645  
0.65565  0.383086  
0.658506  0.386271  
0.639552  0.401542  
0.66434  0.372974  
0.653434  0.381463  
0.652666  0.369545  
0.653481  0.355584  
0.666252  0.339356  
0.669912  0.338386  
0.681253  0.326609  
0.672653  0.328709  
0.6652  0.329262  
0.678233  0.318897  
0.672623  0.33408  
0.663325  0.342651  
0.667388  0.350709  
0.668749  0.338487  
0.656673  0.353594  
0.653347  0.367076  
0.640983  0.370023  
0.675054  0.338808  
0.661242  0.351365  
0.674306  0.334253  
0.673511  0.339989  
0.686205  0.315394  
0.656141  0.343942  
0.652204  0.351059  
0.643348  0.352759  
0.646414  0.342621  
0.659044  0.338926  
0.656924  0.348446  
0.662635  0.348303  
0.671851  0.346551  
0.699895  0.327165  
0.68111  0.349674  
0.72816  0.300393  
0.713157  0.314496  
0.753696  0.282719  
0.744715  0.28442  
0.744387  0.288751  
0.7466  0.272807  
0.752958  0.26803  
0.733617  0.290708  
0.75139  0.274452  
0.742075  0.292761  
0.72733  0.306672  
0.703898  0.341444  
0.676308  0.362783  
0.688504  0.359402  
0.645385  0.397105  
0.652696  0.391259  
0.658064  0.367548  
0.670105  0.34688  
0.650849  0.351139  
0.652455  0.325905  
0.664141  0.312986  
0.665347  0.284629  
0.676805  0.268603  
0.664518  0.271529  
0.669164  0.257448  
0.676913  0.240567  
0.67288  0.234855  
0.675304  0.239602  
0.672321  0.239395  
0.67085  0.254792  
0.686308  0.239439  
0.679359  0.238944  
0.682592  0.225191  
0.67362  0.241034  
0.671448  0.235517  
0.67903  0.230549  
0.673093  0.224298  
0.645379  0.271523  
0.649348  0.267373  
0.653273  0.269488  
0.646707  0.280606  
0.639427  0.286989  
0.653466  0.281859  
0.637435  0.295498  
0.670995  0.26911  
0.655239  0.283161  
0.676189  0.254503  
0.702556  0.211936  
0.685679  0.227239  
0.68053  0.213007  
0.689312  0.182034  
0.660358  0.207892  
0.668214  0.202852  
0.64695  0.221076  
0.634027  0.235542  
0.617463  0.249303  
0.631728  0.2313  
0.610465  0.264917  
0.602316  0.282627  
0.598869  0.295018  
0.58403  0.313893  
0.597203  0.30276  
0.608545  0.290864  
0.643149  0.258065  
0.630312  0.272035  
0.643257  0.256331  
0.651303  0.250736  
0.651313  0.232805  
0.643949  0.235233  
0.631248  0.249454  
0.6492  0.230279  
0.657223  0.224868  
0.633469  0.233425  
0.616822  0.248574  
0.610912  0.230453  
0.599046  0.238304  
0.588469  0.240561  
0.59026  0.231382  
0.603394  0.219979  
0.580232  0.207886  
0.583825  0.183283  
0.572133  0.198045  
0.59252  0.163059  
0.601399  0.158079  
0.601224  0.155313  
0.610037  0.150341  
0.621227  0.137515  
0.615626  0.139525  
0.636283  0.115967  
0.644838  0.11106  
0.644646  0.103999  
0.635156  0.0976593  
0.623851  0.112922  
0.641404  0.0717102  
0.636191  0.0760387  
0.642547  0.0628332  
0.632979  0.0710242  
0.625227  0.0867435  
0.609461  0.140538  
0.599412  0.14256  
0.635624  0.123514  
0.62455  0.138303  
0.644327  0.141672  
0.658265  0.155209  
0.64707  0.169435  
0.690566  0.141933  
0.674351  0.154201  
0.686003  0.131873  
0.687792  0.0982558  
0.68116  0.0985006  
0.686337  0.0845083  
0.681155  0.0859795  
0.675114  0.102837  
0.652959  0.111178  
0.661714  0.105548  
0.639075  0.13054  
0.622816  0.138747  
0.609527  0.184827  
0.629405  0.165713  
0.61428  0.19394  
0.61727  0.199451  
0.629245  0.1906  
0.638311  0.184177  
0.667972  0.154509  
0.671866  0.14656  
0.696454  0.116238  
0.704715  0.103208  
0.718517  0.0842824  
0.704666  0.0953277  
0.710103  0.101079  
0.707236  0.0967331  
0.715767  0.0907285  
0.682801  0.116229  
0.693175  0.107909  
0.677007  0.112693  
0.685907  0.106462  
0.726002  0.0467815  
0.740165  0.0173948  
0.725338  0.0297369  
0.758455  -0.0326648  
0.748523  -0.0176993  
0.746843  -0.0209867  
0.750113  -0.0341672  
0.749397  -0.0419714  
0.731156  -0.0101191  
0.717463  -0.00496121  
0.696817  0.0269226  
0.713772  0.0196907  
0.695037  0.0377233  
0.684241  0.0572691  
0.694661  0.0601182  
0.685559  0.0736749  
0.705258  0.0577664  
0.719731  0.0376565  
0.72182  0.0413772  
0.727963  0.0140885  
0.731759  0.00280089  
0.749798  -0.0298675  
0.743403  -0.0208631  
0.747049  -0.0390808  
0.721067  -0.011559  
0.728103  -0.026107  
0.699927  -0.00227502  
0.68225  0.0211036  
0.677377  0.0346918  
0.670024  0.0488128  
0.679472  0.0421706  
0.68606  0.053505  
0.702577  0.0443672  
0.730429  0.00991524  
0.734925  0.000674467  
0.753378  -0.0143157  
0.781638  -0.0656223  
0.776251  -0.0576569  
0.786732  -0.085427  
0.778069  -0.0710929  
0.773829  -0.0822521  
0.782662  -0.0883767  
0.759963  -0.0632703  
0.738223  -0.0245452  
0.742839  -0.0338848  
0.726368  0.0104079  
0.731093  0.000758569  
0.718402  0.0460482  
0.725099  0.0420757  
0.732307  0.0315961  
0.743931  0.0172529  
0.73599  0.0344595  
0.771113  -0.0284272  
0.772444  -0.0597895  
0.774011  -0.0578566  
0.774611  -0.0722215  
0.785454  -0.0990312  
0.786149  -0.0932557  
0.786654  -0.107987  
0.778689  -0.0938868  
0.77267  -0.0788283  
0.764792  -0.0650277  
0.765396  -0.0364486  
0.749745  0.00593617  
0.754496  -0.00444333  
0.763436  0.00834841  
0.75489  0.0158613  
0.738591  0.0353036  
0.743082  0.0125285  
0.758521  -0.0211885  
0.768639  -0.0636081  
0.777868  -0.070783  
0.765396  -0.0849749  
0.774703  -0.0920202  
0.775319  -0.0862984  
0.764583  -0.0814998  
0.769338  -0.101039  
0.765015  -0.0901324  
0.772797  -0.0859744  
0.764477  -0.0475749  
0.751384  -0.032908  
0.749633  -0.0238887  
0.746513  -0.00339812  
0.739256  0.00916515  
0.723035  -0.00994526  
0.720923  -0.0110565  
0.737618  -0.0403404  
0.743693  -0.0767901  
0.747723  -0.0833382  
0.747255  -0.106251  
0.740552  -0.0928597  
0.750618  -0.101256  
0.765183  -0.110821  
0.759161  -0.126336  
0.770188  -0.117254  
0.778921  -0.100881  
0.788037  -0.108315  
0.788536  -0.0903379  
0.78135  -0.0659726  
0.785253  -0.0755814  
0.792303  -0.0858178  
0.798  -0.0874675  
0.809519  -0.101712  
0.802728  -0.0891895  
0.81525  -0.110644  
0.825688  -0.118696  
0.81879  -0.115385  
0.826665  -0.11519  
0.822566  -0.108131  
0.812675  -0.0632543  
0.820482  -0.0620275  
0.829274  -0.0703826  
0.840715  -0.0990546  
0.830502  -0.083121  
0.812161  -0.0575289  
0.816115  -0.0643353  
0.81219  -0.0650471  
0.802657  -0.054888  
0.810596  -0.0583791  
0.817271  -0.0642088  
0.812856  -0.0874742  
0.811384  -0.0991712  
0.821675  -0.105934  
0.815433  -0.0942263  
0.815248  -0.106763  
0.811975  -0.0952408  
0.804877  -0.0851303  
0.803704  -0.0718513  
0.79752  -0.0603645  
0.795266  -0.0928642  
0.784866  -0.0849801  
0.762291  -0.0589451  
0.759709  -0.0602376  
0.749713  -0.0483275  
0.778053  -0.0972292  
0.774335  -0.0905762  
0.774477  -0.102148  
0.779316  -0.108642  
0.794687  -0.137054  
0.803197  -0.157096  
0.800972  -0.131923  
0.827591  -0.169804  
0.825901  -0.171239  
0.818033  -0.168737  
0.807978  -0.159283  
0.81499  -0.177201  
0.807981  -0.168967  
0.817448  -0.177789  
0.817744  -0.188029  
0.832442  -0.202348  
0.83929  -0.22043  
0.831292  -0.183454  
0.846955  -0.193365  
0.868688  -0.225048  
0.883685  -0.204056  
0.887988  -0.217474  
0.893349  -0.206191  
0.900701  -0.219708  
0.897544  -0.217564  
0.877393  -0.196332  
0.886219  -0.205858  
0.871826  -0.209435  
0.847694  -0.181277  
0.856618  -0.19091  
0.8599  -0.189827  
0.858528  -0.198304  
0.842032  -0.169717  
0.858745  -0.186159  
0.853861  -0.176332  
0.858329  -0.166362  
0.868893  -0.167415  
0.888293  -0.19692  
0.893254  -0.176439  
0.897527  -0.191226  
0.898971  -0.195969  
0.892037  -0.183852  
0.894322  -0.19625  
0.885089  -0.188457  
0.892447  -0.188458  
0.889664  -0.19162  
0.894657  -0.187824  
0.905938  -0.200798  
0.919717  -0.236952  
0.918078  -0.220358  
0.939319  -0.246206  
0.9457  -0.265324  
0.932195  -0.242817  
0.916243  -0.243521  
0.925978  -0.26785  
0.922834  -0.266901  
0.907518  -0.2776  
0.907572  -0.29076  
0.899712  -0.300742  
0.908426  -0.311166  
0.922251  -0.324087  
0.912905  -0.313207  
0.933731  -0.339846  
0.942094  -0.350298  
0.97284  -0.325847  
0.971946  -0.327898  
0.986986  -0.337742  
0.991104  -0.332244  
0.98183  -0.328994  
0.976175  -0.321582  
0.983991  -0.332589  
0.972522  -0.328897  
0.977239  -0.325805  
0.93867  -0.314994  
0.928834  -0.305546  
0.937213  -0.316942  
0.935157  -0.332787  
0.926679  -0.330082  
0.956839  -0.366106  
0.946724  -0.360913  
0.950528  -0.377665  
0.946805  -0.405802  
0.955068  -0.416916  
0.952969  -0.424791  
0.957114  -0.445498  
0.937783  -0.43466  
0.946053  -0.444746  
0.958117  -0.440209  
0.951708  -0.427012  
0.972203  -0.431094  
0.965382  -0.409089  
0.995511  -0.421358  
0.988515  -0.399793  
1.02746  -0.396939  
1.02296  -0.39021  
1.04267  -0.405917  
1.04658  -0.406798  
1.04963  -0.422089  
1.04736  -0.429019  
1.05176  -0.426863  
1.04019  -0.462417  
1.04393  -0.460807  
1.04649  -0.479573  
1.03323  -0.481031  
1.02276  -0.48197  
1.02314  -0.483965  
1.02794  -0.481716  
1.04917  -0.501969  
1.0621  -0.500296  
1.0624  -0.501446  
1.07565  -0.495951  
1.08245  -0.508391  
1.0738  -0.516875  
1.07971  -0.531203  
1.07821  -0.527449  
1.07691  -0.52678  
1.07715  -0.546384  
1.07062  -0.540024  
1.06849  -0.544779  
1.06881  -0.546044  
1.06384  -0.517869  
1.05982  -0.512638  
1.06622  -0.506383  
1.05977  -0.487156  
1.06409  -0.481778  
1.06635  -0.501338  
1.06423  -0.496154  
1.06026  -0.491476  
1.05095  -0.492805  
1.04024  -0.478642  
1.0473  -0.492146  
1.03888  -0.490463  
1.04063  -0.487138  
1.03346  -0.488006  
1.04247  -0.510215  
1.03965  -0.49616  
1.05298  -0.508082  
1.04503  -0.484991  
1.0519  -0.493283  
1.06236  -0.500682  
1.06681  -0.500069  
1.07261  -0.498711  
1.08775  -0.514886  
1.08347  -0.532824  
1.08559  -0.533967  
1.09286  -0.534426  
1.06897  -0.518413  
1.07556  -0.532352  
1.06504  -0.542659  
1.0681  -0.542562  
1.06522  -0.548743  
1.05677  -0.543705  
1.05267  -0.545383  
1.06043  -0.555191  
1.0564  -0.538433  
1.06981  -0.553516  
1.07608  -0.56147  
1.0751  -0.54012  
1.08646  -0.561674  
1.10002  -0.579191  
1.09396  -0.56151  
1.09975  -0.586016  
1.09573  -0.582704  
1.08968  -0.566159  
1.07102  -0.552524  
1.07741  -0.567027  
1.0692  -0.555503  
1.06797  -0.559751  
1.07482  -0.559266  
1.06912  -0.542168  
1.06892  -0.554823  
1.0653  -0.552177  
1.06438  -0.541425  
1.06874  -0.542095  
1.07814  -0.555817  
1.07313  -0.574955  
1.07737  -0.575407  
1.06815  -0.603697  
1.05873  -0.616652  
1.06555  -0.624123  
1.07048  -0.673652  
1.07498  -0.673615  
1.07253  -0.689487  
1.06571  -0.704327  
1.06083  -0.687401  
1.0719  -0.69586  
1.07639  -0.695896  
1.08274  -0.695009  
1.08869  -0.709508  
1.10422  -0.684327  
1.10055  -0.682236  
1.10011  -0.663653  
1.10419  -0.664491  
1.11466  -0.65664  
1.12079  -0.645084  
1.12625  -0.660376  
1.11906  -0.661743  
1.12258  -0.680385  
1.11064  -0.681081  
1.11613  -0.707541  
1.11744  -0.712112  
1.12973  -0.728156  
1.11017  -0.724288  
1.11404  -0.725332  
1.11372  -0.735837  
1.10814  -0.716771  
1.1135  -0.731922  
1.11491  -0.719703  
1.11892  -0.720979  
1.12127  -0.739514  
1.12191  -0.737667  
1.12709  -0.753005  
1.1178  -0.758863  
1.10756  -0.751641  
1.10736  -0.785789  
1.10826  -0.787075  
1.10758  -0.794793  
1.09851  -0.819927  
1.10234  -0.823815  
1.08932  -0.822382  
1.09743  -0.826223  
1.09125  -0.821135  
1.09389  -0.806362  
1.10975  -0.806874  
1.10576  -0.8221  
1.11496  -0.80764  
1.11017  -0.793158  
1.11761  -0.791737  
1.12779  -0.788301  
1.11774  -0.795675  
1.12571  -0.806475  
1.12058  -0.824693  
1.11502  -0.860929  
1.11908  -0.862562  
1.11621  -0.87474  
1.11726  -0.857438  
1.10982  -0.888443  
1.10314  -0.90591  
1.09593  -0.90696  
1.10546  -0.886295  
1.10415  -0.896504  
1.09863  -0.873092  
1.09971  -0.869236  
1.09898  -0.862489  
1.11187  -0.861976  
1.10736  -0.848476  
1.10583  -0.880376  
1.10994  -0.882642  
1.10503  -0.892909  
1.09756  -0.925627  
1.09404  -0.91737  
1.1072  -0.94289  
1.09822  -0.952179  
1.08728  -0.967287  
1.0916  -0.969168  
1.08245  -0.98145  
1.08149  -0.970748  
1.07129  -0.9531  
1.07404  -0.932677  
1.07844  -0.935045  
1.0733  -0.903021  
1.07206  -0.893728  
1.07433  -0.868717  
1.0695  -0.884626  
1.07179  -0.85856  
1.06817  -0.882877  
1.06273  -0.908008  
1.05561  -0.89028  
1.05026  -0.926927  
1.05288  -0.945161  
1.05057  -0.972674  
1.05328  -1.01565  
1.05204  -1.02686  
1.04687  -1.03849  
1.05147  -1.04064  
1.05124  -1.0411  
1.05808  -1.02527  
1.06518  -1.04735  
1.06551  -1.03437  
1.0704  -1.05108  
1.06341  -1.0482  
1.06454  -1.04495  
1.05473  -1.05399  
1.04057  -1.07833  
1.03925  -1.09009  
1.04009  -1.12755  
1.03111  -1.12433  
1.04117  -1.16871  
1.04579  -1.17096  
1.05128  -1.22734  
1.05568  -1.25372  
1.056  -1.25696  
1.06858  -1.26344  
1.07499  -1.27104  
1.0842  -1.25882  
1.08841  -1.26105  
1.0838  -1.22622  
1.09392  -1.23126  
1.08062  -1.24359  
1.08429  -1.22777  
1.08846  -1.23076  
1.07076  -1.24679  
1.06689  -1.245  
1.05961  -1.2342  
1.06149  -1.22911  
1.07091  -1.22999  
1.07355  -1.23044  
1.06275  -1.23475  
1.06707  -1.23818  
1.07431  -1.21772  
1.0709  -1.2073  
1.06787  -1.2015  
1.0712  -1.18115  
1.0777  -1.18898  
1.06274  -1.20171  
1.06692  -1.2057  
1.06213  -1.22291  
1.05193  -1.24812  
1.05553  -1.26588  
1.05118  -1.28633  
1.03933  -1.29017  
1.03761  -1.3191  
1.03532  -1.33174  
1.0405  -1.34525  
1.03381  -1.35077  
1.04178  -1.35879  
1.04451  -1.34216  
1.04608  -1.33069  
1.0437  -1.34426  
1.0425  -1.33455  
1.05004  -1.33488  
1.06019  -1.34057  
1.06506  -1.33641  
1.06534  -1.34014  
1.06089  -1.36868  
1.05443  -1.38238  
1.05208  -1.40938  
1.05168  -1.42708  
1.04627  -1.42729  
1.03775  -1.43323  
1.04198  -1.43704  
1.0282  -1.45216  
1.03251  -1.4559  
1.02107  -1.44619  
1.02645  -1.44417  
1.02352  -1.43501  
1.0181  -1.42094  
1.02243  -1.42529  
1.02311  -1.42938  
1.01275  -1.43201  
1.01382  -1.44037  
0.997099  -1.45935  
0.994958  -1.47346  
0.979928  -1.502  
0.972233  -1.51231  
0.963261  -1.52872  
0.963841  -1.53021  
0.945871  -1.53578  
0.940892  -1.55653  
0.938679  -1.56889  
0.939238  -1.55764  
0.929107  -1.58899  
0.938515  -1.58465  
0.942928  -1.59838  
0.947882  -1.60242  
0.933311  -1.63723  
0.928779  -1.65772  
0.935132  -1.66555  
0.925182  -1.69707  
0.925288  -1.70122  
0.931031  -1.71302  
0.929407  -1.73193  
0.926967  -1.74618  
0.92582  -1.76468  
0.930885  -1.76841  
0.921182  -1.76169  
0.944898  -1.7624  
0.942642  -1.75424  
0.95601  -1.75236  
0.949072  -1.74437  
0.946055  -1.76156  
0.946155  -1.76584  
0.951489  -1.78919  
0.94849  -1.80424  
0.945432  -1.82259  
0.943081  -1.81509  
0.955876  -1.83933  
0.96  -1.84387  
0.958711  -1.86197  
0.958533  -1.86077  
0.962859  -1.86539  
0.978718  -1.85378  
0.975833  -1.84682  
0.989342  -1.83329  
0.987985  -1.82246  
0.994486  -1.83032  
0.986011  -1.8401  
0.989073  -1.83619  
0.979446  -1.86088  
0.976848  -1.88645  
0.964185  -1.89028  
0.952803  -1.90984  
0.948252  -1.90641  
0.94129  -1.94397  
0.939964  -1.9715  
0.932867  -1.9644  
0.934274  -1.98149  
0.934628  -1.97129  
0.953622  -1.96263  
0.973942  -1.95676  
0.981308  -1.95599  
0.993983  -1.96444  
0.994106  -1.94756  
1.01624  -1.94436  
1.01023  -1.95544  
1.01141  -1.9443  
1.02671  -1.96143  
1.02267  -1.95623  
1.0044  -1.96999  
1.00766  -1.97617  
1.00186  -1.98027  
0.99877  -1.96206  
0.986411  -1.99325  
0.990871  -1.97735  
0.991106  -1.99427  
0.992302  -1.98195  
0.996229  -1.99142  
1.0193  -1.97616  
1.01522  -1.97168  
1.03618  -1.96898  
1.03181  -1.96467  
1.0328  -1.9783  
1.03532  -1.97021  
1.03085  -1.96601  
1.01745  -1.97917  
1.0202  -1.98619  
1.00499  -2.006  
0.982181  -2.01652  
0.98256  -2.02447  
0.951866  -2.03562  
0.955267  -2.04237  
0.932771  -2.04789  
0.929204  -2.05939  
0.919694  -2.07692  
0.910979  -2.07602  
0.902473  -2.07133  
0.908499  -2.06021  
0.900278  -2.07027  
0.89883  -2.06351  
0.904086  -2.07628  
0.893127  -2.09758  
0.897704  -2.10981  
0.911131  -2.10301  
0.914663  -2.10995  
0.89822  -2.13109  
0.902149  -2.13457  
0.891603  -2.17112  
0.871295  -2.1982  
0.878891  -2.19337  
0.875156  -2.21047  
0.878949  -2.21707  
0.873746  -2.21055  
0.856088  -2.22149  
0.854533  -2.22012  
0.861491  -2.20263  
0.861314  -2.20791  
0.875318  -2.20917  
0.878282  -2.23717  
0.885877  -2.21033  
0.890354  -2.23821  
0.899674  -2.23694  
0.902718  -2.24418  
0.901287  -2.24461  
0.901982  -2.25  
0.89264  -2.2782  
0.892449  -2.28359  
0.873873  -2.28816  
0.873664  -2.29357  
0.877512  -2.27271  
0.864701  -2.27161  
0.864394  -2.26974  
0.852221  -2.25079  
0.85566  -2.25859  
0.863046  -2.24149  
0.867351  -2.23648  
0.897456  -2.19318  
0.900208  -2.20161  
0.912014  -2.18375  
0.925608  -2.18131  
0.92126  -2.17968  
0.957865  -2.17829  
0.968673  -2.17539  
0.985789  -2.15011  
0.987336  -2.15908  
0.995719  -2.15909  
1.00217  -2.16714  
0.995165  -2.16261  
0.999112  -2.17073  
0.998861  -2.17644  
0.991242  -2.16513  
0.985781  -2.1537  
0.988271  -2.15974  
0.956571  -2.17933  
0.951543  -2.17816  
0.957972  -2.21115  
0.954054  -2.19683  
0.973451  -2.19802  
0.964887  -2.21125  
0.973866  -2.20511  
0.975343  -2.2301  
0.975024  -2.23593  
0.985555  -2.23322  
0.983582  -2.23737  
0.994024  -2.23431  
0.983416  -2.25825  
0.974354  -2.2539  
0.976416  -2.23781  
0.984076  -2.25089  
0.988994  -2.22501  
0.983338  -2.23968  
0.984268  -2.24895  
0.979727  -2.26559  
0.98073  -2.25164  
0.949948  -2.30761  
0.951632  -2.33355  
0.947423  -2.31982  
0.939266  -2.35848  
0.933969  -2.35753  
0.934001  -2.38251  
0.935234  -2.39122  
0.922682  -2.41187  
0.925217  -2.40774  
0.94118  -2.43192  
0.943446  -2.42782  
0.968042  -2.40619  
0.977483  -2.40338  
0.996547  -2.39195  
1.00056  -2.40566  
0.994154  -2.40537  
1.01729  -2.37899  
1.01839  -2.37804  
1.03849  -2.37039  
1.04971  -2.36408  
1.04279  -2.35292  
1.02731  -2.39118  
1.01746  -2.4035  
0.99632  -2.41945  
0.984386  -2.42407  
0.996438  -2.42668  
0.974183  -2.43866  
0.951492  -2.46267  
0.945568  -2.46273  
0.921997  -2.48702  
0.922788  -2.49647  
0.937328  -2.48734  
0.933161  -2.4942  
0.927314  -2.49437  
0.947712  -2.49703  
0.949439  -2.49385  
0.952297  -2.50492  
0.94247  -2.50324  
0.970663  -2.4803  
0.981442  -2.4618  
0.980861  -2.46821  
0.98775  -2.46047  
0.987444  -2.47075  
0.977623  -2.4626  
0.977385  -2.47294  
0.974462  -2.46795  
0.962556  -2.48199  
0.963844  -2.4794  
0.958973  -2.49429  
0.952244  -2.49538  
0.951184  -2.51529  
0.93232  -2.52401  
0.932397  -2.53421  
0.937778  -2.53125  
0.939226  -2.52857  
0.923001  -2.54854  
0.931761  -2.54768  
0.926572  -2.53588  
0.916002  -2.5304  
0.927878  -2.51535  
0.908412  -2.52175  
0.916253  -2.5183  
0.907532  -2.50538  
0.895447  -2.52205  
0.88881  -2.51189  
0.898058  -2.49027  
0.896376  -2.50215  
0.883649  -2.50792  
0.852166  -2.52217  
0.852715  -2.53287  
0.850765  -2.55155  
0.84797  -2.53939  
0.853608  -2.54761  
0.846595  -2.54745  
0.848737  -2.5452  
0.836779  -2.54837  
0.83728  -2.55904  
0.841458  -2.54884  
0.841851  -2.55956  
0.85216  -2.53538  
0.85407  -2.53337  
0.84274  -2.53106  
0.842994  -2.54201  
0.840929  -2.5467  
0.833693  -2.54825  
0.833974  -2.5592  
0.82467  -2.55171  
0.821953  -2.55625  
0.810903  -2.56939  
0.792601  -2.58916  
0.7907  -2.60134  
0.780907  -2.64259  
0.775128  -2.62784  
0.765189  -2.66943  
0.768972  -2.68011  
0.763844  -2.68072  
0.763509  -2.70056  
0.755005  -2.70412  
0.755159  -2.69165  
0.755882  -2.70229  
0.764453  -2.6796  
0.769982  -2.66278  
0.775162  -2.67781  
0.782137  -2.66844  
0.784261  -2.66666  
0.782234  -2.65823  
0.777575  -2.64844  
0.779019  -2.63697  
0.776478  -2.62752  
0.787925  -2.61473  
0.768392  -2.61139  
0.767464  -2.60442  
0.769859  -2.60101  
0.760126  -2.59001  
0.753335  -2.58979  
0.754004  -2.57448  
0.732358  -2.58736  
0.746077  -2.57324  
0.750694  -2.56761  
0.751523  -2.5701  
0.761104  -2.5727  
0.757851  -2.58341  
0.751581  -2.58711  
0.761823  -2.58878  
0.766742  -2.57926  
0.75982  -2.59641  
0.763441  -2.58227  
0.752275  -2.604  
0.739304  -2.61598  
0.733049  -2.61963  
0.714919  -2.63423  
0.711056  -2.62492  
0.700209  -2.62706  
0.693938  -2.63966  
0.694838  -2.63688  
0.685216  -2.65199  
0.679354  -2.65571  
0.671688  -2.65836  
0.681758  -2.65448  
0.687816  -2.64996  
0.696525  -2.63874  
0.695116  -2.64303  
0.711074  -2.63183  
0.701691  -2.62853  
0.712765  -2.61855  
0.714033  -2.62641  
0.718335  -2.62061  
0.729943  -2.599  
0.741115  -2.59814  
0.722365  -2.60557  
0.697535  -2.628  
0.699091  -2.61762  
0.703772  -2.61676  
0.69958  -2.60849  
0.706739  -2.59243  
0.690111  -2.59296  
0.695405  -2.60347  
0.662074  -2.61967  
0.642048  -2.62002  
0.614115  -2.65111  
0.617275  -2.65997  
0.611395  -2.6647  
0.57596  -2.71068  
0.555869  -2.7381  
0.550711  -2.74235  
0.548019  -2.75894  
0.542643  -2.76321  
0.551406  -2.76679  
0.554579  -2.76596  
0.570722  -2.77272  
0.55601  -2.77983  
0.566544  -2.77594  
0.560306  -2.77735  
0.567405  -2.76849  
0.559069  -2.76674  
0.547492  -2.77472  
0.558762  -2.7681  
0.553776  -2.76135  
0.545284  -2.77418  
0.550484  -2.79028  
0.532888  -2.81091  
0.530004  -2.82397  
0.533772  -2.82826  
0.530195  -2.82077  
0.533712  -2.84665  
0.527451  -2.8518  
0.534862  -2.86526  
0.546571  -2.84679  
0.54  -2.85214  
0.555317  -2.83707  
0.551184  -2.8299  
0.572022  -2.78378  
0.568288  -2.76952  
0.578464  -2.75426  
0.562445  -2.73841  
0.561575  -2.73499  
0.579158  -2.69409  
0.588032  -2.68144  
0.595212  -2.65356  
0.58873  -2.66758  
0.602894  -2.64689  
0.589941  -2.67739  
0.572859  -2.69632  
0.565507  -2.70321  
0.555843  -2.70917  
0.563009  -2.72284  
0.559366  -2.73538  
0.54597  -2.73758  
0.533275  -2.75261  
0.525727  -2.75634  
0.515854  -2.7586  
0.525259  -2.73749  
0.507993  -2.72748  
0.520516  -2.70322  
0.512004  -2.68623  
0.512158  -2.68174  
0.523681  -2.6528  
0.509316  -2.66046  
0.508229  -2.67478  
0.501906  -2.67801  
0.502508  -2.67452  
0.530574  -2.64517  
0.524309  -2.65686  
0.539159  -2.64436  
0.534291  -2.66556  
0.52949  -2.66038  
0.518654  -2.67021  
0.479218  -2.68865  
0.483744  -2.70217  
0.46425  -2.69146  
0.460531  -2.70512  
0.425385  -2.72237  
0.423323  -2.72704  
0.405598  -2.73439  
0.406808  -2.72512  
0.407209  -2.72239  
0.392701  -2.72461  
0.406786  -2.70777  
0.405828  -2.71384  
0.419283  -2.70945  
0.429877  -2.70373  
0.431361  -2.70395  
0.437398  -2.69776  
0.430011  -2.69572  
0.440801  -2.694  
0.441083  -2.69156  
0.455843  -2.6788  
0.462589  -2.68686  
0.457353  -2.67733  
0.430089  -2.69477  
0.440453  -2.69344  
0.416972  -2.68144  
0.407509  -2.67766  
0.408755  -2.67719  
0.404247  -2.67779  
0.405547  -2.68007  
0.391158  -2.69435  
0.392479  -2.69655  
0.398997  -2.69793  
0.401276  -2.70641  
0.395951  -2.70252  
0.397406  -2.72388  
0.388634  -2.7325  
0.393793  -2.71854  
0.402817  -2.71519  
0.403273  -2.70886  
0.394984  -2.71721  
0.394991  -2.7072  
0.374437  -2.70354  
0.371494  -2.69487  
0.371614  -2.69629  
0.353  -2.69544  
0.350355  -2.68845  
0.33988  -2.70826  
0.31245  -2.7242  
0.324107  -2.71186  
0.298068  -2.73648  
0.293141  -2.73092  
0.296412  -2.73838  
0.300867  -2.72991  
0.300719  -2.7378  
0.305546  -2.73684  
0.309151  -2.733  
0.316799  -2.72003  
0.319742  -2.72976  
0.30993  -2.73931  
0.303919  -2.73799  
0.332115  -2.72416  
0.32439  -2.72522  
0.323478  -2.74087  
0.323223  -2.74378  
0.316265  -2.75838  
0.302607  -2.75493  
0.313517  -2.74391  
0.299694  -2.74678  
0.296289  -2.73748  
0.308361  -2.72314  
0.301159  -2.72081  
0.278908  -2.72919  
0.271313  -2.72896  
0.270875  -2.73157  
0.25921  -2.72997  
0.270543  -2.7312  
0.258417  -2.73107  
0.27356  -2.71383  
0.265159  -2.72252  
0.271504  -2.71539  
0.267291  -2.71205  
0.287314  -2.69339  
0.29242  -2.68535  
0.297819  -2.68597  
0.29297  -2.67597  
0.298923  -2.68085  
0.282959  -2.67662  
0.287129  -2.67408  
0.303208  -2.67802  
0.29442  -2.67577  
0.288624  -2.697  
0.255063  -2.71297  
0.252756  -2.69955  
0.241713  -2.69963  
0.234997  -2.69717  
0.230128  -2.70219  
0.20467  -2.7259  
0.188255  -2.72983  
0.192402  -2.73252  
0.164687  -2.73106  
0.150057  -2.7335  
0.144233  -2.72107  
0.143788  -2.71156  
0.142561  -2.71538  
0.148499  -2.7121  
0.147055  -2.71593  
0.15661  -2.69966  
0.166776  -2.67772  
0.154139  -2.68723  
0.178733  -2.66922  
0.184383  -2.67439  
0.184675  -2.67362  
0.199698  -2.65422  
0.190457  -2.67043  
0.188182  -2.67772  
0.195274  -2.66074  
0.184281  -2.66422  
0.197652  -2.65397  
0.19217  -2.64523  
0.176335  -2.66332  
0.165947  -2.67026  
0.170366  -2.66569  
0.18372  -2.65539  
0.179343  -2.64219  
0.19366  -2.63015  
0.190421  -2.61554  
0.196839  -2.60533  
0.209786  -2.59533  
0.195433  -2.58433  
0.195395  -2.58216  
0.194835  -2.57658  
0.199958  -2.56197  
0.207225  -2.55078  
0.171908  -2.56513  
0.17377  -2.56279  
0.154352  -2.56817  
0.167321  -2.54671  
0.154084  -2.55451  
0.17141  -2.54129  
0.167483  -2.54605  
0.153456  -2.54014  
0.162462  -2.54226  
0.16676  -2.53447  
0.1553  -2.5348  
0.179846  -2.50238  
0.176861  -2.49431  
0.161433  -2.50674  
0.165986  -2.5044  
0.171014  -2.49036  
0.166395  -2.50592  
0.167477  -2.50371  
0.185029  -2.48717  
0.200737  -2.45722  
0.201994  -2.47486  
0.206786  -2.4553  
0.201586  -2.46028  
0.227736  -2.40692  
0.231298  -2.38924  
0.224936  -2.40079  
0.22478  -2.37519  
0.226986  -2.36409  
0.214339  -2.36539  
0.228241  -2.34287  
0.207646  -2.34758  
0.220182  -2.32233  
0.221735  -2.31628  
0.205025  -2.32941  
0.208386  -2.33547  
0.208274  -2.34316  
0.20002  -2.3518  
0.189832  -2.35545  
0.187253  -2.36827  
0.164677  -2.3864  
0.178904  -2.38665  
0.14701  -2.39491  
0.11066  -2.41486  
0.122378  -2.41116  
0.102844  -2.41554  
0.0951818  -2.4178  
0.0836185  -2.42874  
0.0804612  -2.44022  
0.0845814  -2.42624  
0.0720013  -2.44534  
0.0838263  -2.43541  
0.0577499  -2.45624  
0.0741192  -2.4599  
0.0818084  -2.46161  
0.0859567  -2.4488  
0.0719256  -2.45062  
0.0763562  -2.46011  
0.0801422  -2.44845  
0.062557  -2.45709  
0.0657481  -2.44341  
0.0800681  -2.43698  
0.0777238  -2.42636  
0.0709247  -2.43123  
0.0877246  -2.41682  
0.0769561  -2.43323  
0.0689319  -2.41989  
0.0758125  -2.4219  
0.0819999  -2.4123  
0.0620508  -2.42816  
0.06885  -2.43017  
0.0478026  -2.41895  
0.0546657  -2.42103  
0.0421274  -2.40472  
0.040938  -2.39214  
0.0499106  -2.38708  
0.0586757  -2.3802  
0.042926  -2.38155  
0.0367473  -2.368  
0.0478095  -2.36321  
0.0384252  -2.35041  
0.042186  -2.35154  
0.0459851  -2.33999  
0.0354065  -2.34382  
0.0391174  -2.33753  
0.046366  -2.31617  
0.0280678  -2.31692  
0.0383291  -2.30789  
0.0141562  -2.30732  
0.0162861  -2.29469  
0.00494773  -2.29933  
0.000369331  -2.28949  
0.0039727  -2.27578  
-0.0236735  -2.27895  
-0.0130898  -2.27011  
-0.00956547  -2.24684  
-0.0112386  -2.24601  
-0.00345096  -2.2326  
-0.02302  -2.23059  
-0.0125023  -2.22633  
-0.0137782  -2.21365  
-0.00605513  -2.22191  
-0.0154908  -2.21607  
-0.0235674  -2.22174  
-0.0243478  -2.20112  
-0.00896015  -2.19112  
-0.0366861  -2.20357  
-0.0447645  -2.21656  
-0.0491069  -2.21971  
-0.0464755  -2.215  
-0.061218  -2.22328  
-0.0599868  -2.21109  
-0.0517574  -2.20968  
-0.0501288  -2.19739  
-0.0358256  -2.17056  
-0.0563973  -2.18737  
-0.052308  -2.16022  
-0.0594913  -2.15714  
-0.049292  -2.1485  
-0.070116  -2.15376  
-0.0599145  -2.14514  
-0.0734497  -2.15097  
-0.0890383  -2.15138  
-0.0950325  -2.15249  
-0.10003  -2.16266  
-0.117307  -2.16487  
-0.107553  -2.15406  
-0.108469  -2.15126  
-0.10404  -2.13632  
-0.116355  -2.13821  
-0.115778  -2.13407  
-0.130342  -2.11809  
-0.150212  -2.10628  
-0.135244  -2.0958  
-0.15386  -2.08878  
-0.198049  -2.11737  
-0.209599  -2.10547  
-0.217768  -2.11122  
-0.236966  -2.11606  
-0.248799  -2.13273  
-0.245353  -2.12189  
-0.262318  -2.12441  
-0.249045  -2.1031  
-0.265904  -2.10322  
-0.251845  -2.10883  
-0.265176  -2.09043  
-0.265055  -2.09575  
-0.259257  -2.07368  
-0.267126  -2.07298  
-0.2563  -2.05173  
-0.279251  -2.06695  
-0.256293  -2.05995  
-0.283633  -2.07906  
-0.264411  -2.08317  
-0.299892  -2.10331  
-0.311548  -2.12151  
-0.307885  -2.11047  
-0.301177  -2.10723  
-0.28848  -2.10762  
-0.305213  -2.12311  
-0.304526  -2.11148  
-0.32223  -2.13666  
-0.308797  -2.11808  
-0.318242  -2.12345  
-0.303434  -2.09824  
-0.293775  -2.08986  
-0.303158  -2.08985  
-0.313985  -2.08859  
-0.310122  -2.08294  
-0.304593  -2.07013  
-0.299048  -2.05786  
-0.287257  -2.0097  
-0.287658  -2.00221  
-0.278531  -1.99191  
-0.269715  -1.96907  
-0.291731  -1.98502  
-0.285581  -1.96433  
-0.284908  -1.9531  
-0.283452  -1.95142  
-0.287329  -1.93439  
-0.300363  -1.94724  
-0.315214  -1.93445  
-0.328868  -1.93305  
-0.346103  -1.94322  
-0.373088  -1.94  
-0.382391  -1.92477  
-0.391891  -1.93083  
-0.401851  -1.93095  
-0.417913  -1.93091  
-0.455146  -1.94797  
-0.444963  -1.94039  
-0.455163  -1.94246  
-0.468155  -1.95911  
-0.46633  -1.95045  
-0.460097  -1.94542  
-0.469746  -1.95127  
-0.462075  -1.94107  
-0.454001  -1.94588  
-0.440822  -1.92963  
-0.450941  -1.9355  
-0.45479  -1.92814  
-0.469597  -1.9328  
-0.458647  -1.92878  
-0.466807  -1.93349  
-0.466377  -1.93891  
-0.473527  -1.9314  
-0.466915  -1.93925  
-0.457755  -1.93144  
-0.471059  -1.94379  
-0.456245  -1.9345  
-0.45922  -1.93766  
-0.453917  -1.94053  
-0.446452  -1.95045  
-0.441395  -1.95313  
-0.421276  -1.93967  
-0.408338  -1.92438  
-0.400312  -1.9164  
-0.383391  -1.89367  
-0.379062  -1.89646  
-0.379279  -1.89507  
-0.379011  -1.89588  
-0.376312  -1.88676  
-0.376153  -1.87544  
-0.378587  -1.86486  
-0.359893  -1.84022  
-0.355968  -1.83494  
-0.370431  -1.82305  
-0.352736  -1.81029  
-0.345162  -1.80256  
-0.351155  -1.78331  
-0.357134  -1.78381  
-0.329351  -1.76438  
-0.341498  -1.75192  
-0.329711  -1.74178  
-0.33767  -1.74123  
-0.333664  -1.74439  
-0.320435  -1.7427  
-0.325136  -1.72822  
-0.333196  -1.72083  
-0.33339  -1.71175  
-0.320947  -1.70828  
-0.337913  -1.69945  
-0.341866  -1.70326  
-0.345026  -1.70413  
-0.340911  -1.68938  
-0.339638  -1.67881  
-0.339527  -1.66982  
-0.358097  -1.66839  
-0.355414  -1.66179  
-0.375369  -1.67227  
-0.374098  -1.66103  
-0.397074  -1.65804  
-0.386614  -1.64009  
-0.405908  -1.65752  
-0.408194  -1.64936  
-0.411721  -1.65377  
-0.410063  -1.6507  
-0.422239  -1.66114  
-0.426801  -1.65361  
-0.428344  -1.63878  
-0.425156  -1.63368  
-0.417482  -1.62189  
-0.422541  -1.60602  
-0.418471  -1.60824  
-0.421943  -1.5823  
-0.429228  -1.56711  
-0.437505  -1.55027  
-0.418452  -1.51239  
-0.430911  -1.51896  
-0.416622  -1.49045  
-0.412015  -1.4942  
-0.434906  -1.48037  
-0.428661  -1.45623  
-0.423891  -1.46009  
-0.444945  -1.45344  
-0.436488  -1.44691  
-0.428091  -1.43623  
-0.426096  -1.41844  
-0.426321  -1.42182  
-0.432045  -1.40668  
-0.438818  -1.41478  
-0.431299  -1.39912  
-0.415976  -1.3688  
-0.417898  -1.37831  
-0.420011  -1.35718  
-0.418275  -1.33989  
-0.430541  -1.34669  
-0.421045  -1.32992  
-0.427859  -1.32543  
-0.44859  -1.3261  
-0.433551  -1.31749  
-0.454444  -1.31833  
-0.450314  -1.31369  
-0.467202  -1.30948  
-0.469989  -1.31031  
-0.472012  -1.31722  
-0.482495  -1.29567  
-0.474716  -1.29985  
-0.491557  -1.29572  
-0.489657  -1.27555  
-0.491551  -1.26724  
-0.50419  -1.26205  
-0.494753  -1.2505  
-0.507529  -1.24602  
-0.510466  -1.24097  
-0.537118  -1.25584  
-0.519845  -1.24197  
-0.553912  -1.25335  
-0.54856  -1.25717  
-0.568434  -1.25005  
-0.556143  -1.24921  
-0.546204  -1.24093  
-0.574194  -1.24717  
-0.564417  -1.23911  
-0.568879  -1.23519  
-0.560832  -1.23287  
-0.555151  -1.20893  
-0.540871  -1.19514  
-0.538817  -1.17582  
-0.532776  -1.1635  
-0.53257  -1.16369  
-0.523917  -1.14827  
-0.522631  -1.1481  
-0.499067  -1.10304  
-0.506645  -1.09085  
-0.49352  -1.08118  
-0.514219  -1.07387  
-0.501824  -1.06392  
-0.529436  -1.05396  
-0.526528  -1.0232  
-0.518364  -1.02676  
-0.539643  -1.01094  
-0.527845  -1.00468  
-0.557004  -0.997198  
-0.551372  -1.00218  
-0.566418  -0.981326  
-0.550478  -0.980664  
-0.557476  -0.97466  
-0.563223  -0.966964  
-0.565695  -0.974292  
-0.582621  -0.966832  
-0.59095  -0.968049  
-0.590775  -0.968125  
-0.618172  -0.97301  
-0.629575  -0.977152  
-0.651864  -0.969822  
-0.671891  -0.960824  
-0.672594  -0.97085  
-0.695208  -0.954911  
-0.699436  -0.960206  
-0.709024  -0.959547  
-0.731306  -0.970292  
-0.743822  -0.966263  
-0.736503  -0.950501  
-0.740586  -0.948947  
-0.743332  -0.917896  
-0.734315  -0.927457  
-0.727691  -0.907182  
-0.717991  -0.902988  
-0.721368  -0.887266  
-0.711535  -0.868551  
-0.71339  -0.862655  
-0.709794  -0.84515  
-0.711745  -0.839449  
-0.722046  -0.831787  
-0.745626  -0.837834  
-0.757286  -0.836059  
-0.757061  -0.828199  
-0.747378  -0.824556  
-0.783821  -0.831133  
-0.777242  -0.836846  
-0.794999  -0.833103  
-0.779855  -0.832492  
-0.800396  -0.825022  
-0.784626  -0.817321  
-0.774994  -0.813666  
-0.787351  -0.800361  
-0.780835  -0.806191  
-0.800985  -0.797875  
-0.79013  -0.789008  
-0.781627  -0.784848  
-0.77665  -0.764186  
-0.77902  -0.75882  
-0.767013  -0.750455  
-0.774699  -0.745018  
-0.765139  -0.731386  
-0.752246  -0.733124  
-0.749126  -0.723836  
-0.726813  -0.712444  
-0.734545  -0.70712  
-0.707529  -0.69999  
-0.704242  -0.700045  
-0.691946  -0.700658  
-0.684389  -0.708038  
-0.667829  -0.708806  
-0.657187  -0.699325  
-0.626402  -0.684835  
-0.618996  -0.691469  
-0.609272  -0.684782  
-0.603639  -0.681797  
-0.616715  -0.687377  
-0.585238  -0.678723  
-0.596083  -0.695226  
-0.574509  -0.672397  
-0.572151  -0.660969  
-0.558837  -0.62975  
-0.557397  -0.615995  
-0.57221  -0.623935  
-0.563221  -0.595139  
-0.567193  -0.590065  
-0.575104  -0.572392  
-0.577698  -0.552527  
-0.569209  -0.549496  
-0.573799  -0.514097  
-0.565114  -0.511369  
-0.566021  -0.508311  
-0.571922  -0.50168  
-0.571819  -0.500044  
-0.564874  -0.490289  
-0.570532  -0.50016  
-0.573943  -0.495877  
-0.570859  -0.486864  
-0.566471  -0.483982  
-0.59639  -0.490391  
-0.592033  -0.487549  
-0.610485  -0.48913  
-0.601395  -0.486322  
-0.610236  -0.467594  
-0.61334  -0.463355  
-0.631824  -0.467178  
-0.628627  -0.452953  
-0.619341  -0.450496  
-0.628561  -0.450542  
-0.635169  -0.455059  
-0.628049  -0.43493  
-0.615172  -0.42927  
-0.63867  -0.434701  
-0.628859  -0.414663  
-0.619384  -0.412472  
-0.619168  -0.406111  
-0.619643  -0.390835  
-0.618811  -0.396834  
-0.632665  -0.391283  
-0.621014  -0.386504  
-0.621579  -0.388862  
-0.630678  -0.378722  
-0.619818  -0.37986  
-0.623844  -0.388897  
-0.619433  -0.386424  
-0.629533  -0.39414  
-0.624382  -0.38775  
-0.614244  -0.391096  
-0.627611  -0.396015  
-0.626048  -0.39048  
-0.631085  -0.381191  
-0.657887  -0.393204  
-0.649605  -0.385615  
-0.658259  -0.382856  
-0.653911  -0.380513  
-0.64355  -0.364329  
-0.646956  -0.360925  
-0.615021  -0.34922  
-0.605727  -0.347486  
-0.60005  -0.33393  
-0.621335  -0.336157  
-0.601964  -0.342402  
-0.614043  -0.338156  
-0.614495  -0.338133  
-0.603405  -0.324759  
-0.609215  -0.317834  
-0.601529  -0.314685  
-0.640405  -0.315573  
-0.638146  -0.313289  
-0.641789  -0.301833  
-0.647611  -0.302483  
-0.636011  -0.295855  
-0.646363  -0.276195  
-0.648468  -0.265926  
-0.640923  -0.266839  
-0.639839  -0.260297  
-0.652162  -0.264828  
-0.639698  -0.253017  
-0.635121  -0.25105  
-0.621536  -0.238862  
-0.61178  -0.23838  
-0.597248  -0.22897  
-0.60078  -0.227092  
-0.642374  -0.232656  
-0.643031  -0.217081  
-0.646204  -0.21547  
-0.63013  -0.208737  
-0.633374  -0.20719  
-0.637981  -0.199107  
-0.627782  -0.199166  
-0.636182  -0.188908  
-0.65664  -0.193958  
-0.643976  -0.195867  
-0.621468  -0.176169  
-0.643523  -0.165887  
-0.63973  -0.166846  
-0.641023  -0.174345  
-0.651133  -0.178901  
-0.636221  -0.162879  
-0.643956  -0.164766  
-0.646814  -0.163997  
-0.625049  -0.145557  
-0.632989  -0.133294  
-0.57809  -0.125945  
-0.571978  -0.141766  
-0.561422  -0.142459  
-0.528667  -0.124812  
-0.526331  -0.120561  
-0.514844  -0.128675  
-0.518391  -0.132201  
-0.501637  -0.129446  
-0.49708  -0.14585  
-0.500818  -0.145321  
-0.498119  -0.156402  
-0.494552  -0.161827  
-0.472833  -0.153911  
-0.498269  -0.175599  
-0.501829  -0.174823  
-0.4893  -0.176517  
-0.480621  -0.173623  
-0.450322  -0.163196  
-0.441431  -0.16441  
-0.442651  -0.165221  
-0.438114  -0.150328  
-0.427658  -0.150615  
-0.431673  -0.147121  
-0.435283  -0.146863  
-0.42123  -0.136247  
-0.433864  -0.138456  
-0.423208  -0.138975  
-0.431116  -0.137178  
-0.434574  -0.137205  
-0.416243  -0.148011  
-0.405523  -0.157527  
-0.394805  -0.157815  
-0.372046  -0.15083  
-0.37577  -0.150779  
-0.344781  -0.146957  
-0.346207  -0.14123  
-0.343804  -0.137042  
-0.339524  -0.139591  
-0.344557  -0.138074  
-0.32148  -0.124625  
-0.299605  -0.129197  
-0.303952  -0.126897  
-0.280156  -0.122863  
-0.291942  -0.123402  
-0.310429  -0.150984  
-0.3071  -0.161962  
-0.305808  -0.170685  
-0.292748  -0.179646  
-0.290741  -0.183517  
-0.305806  -0.192533  
-0.306072  -0.19799  
-0.298409  -0.199479  
-0.3066  -0.206267  
-0.313949  -0.208192  
-0.304951  -0.197451  
-0.298298  -0.194322  
-0.303901  -0.188755  
-0.29259  -0.178127  
-0.284507  -0.176516  
-0.274522  -0.168336  
-0.259215  -0.155191  
-0.268039  -0.153588  
-0.249048  -0.149574  
-0.248255  -0.153609  
-0.273453  -0.174331  
-0.280459  -0.177738  
-0.282986  -0.17592  
-0.254078  -0.175168  
-0.262161  -0.187725  
-0.224499  -0.182344  
-0.260916  -0.209705  
-0.263721  -0.215984  
-0.256526  -0.211342  
-0.245225  -0.211658  
-0.231393  -0.22148  
-0.239845  -0.219616  
-0.242987  -0.220459  
-0.262973  -0.221713  
-0.259805  -0.214319  
-0.277177  -0.201877  
-0.294634  -0.2067  
-0.291038  -0.19674  
-0.278823  -0.202066  
-0.287357  -0.20057  
-0.293424  -0.200538  
-0.294817  -0.201773  
-0.290518  -0.214909  
-0.294408  -0.218127  
-0.296054  -0.225782  
-0.309225  -0.241553  
-0.304443  -0.234479  
-0.286206  -0.241903  
-0.277005  -0.249874  
-0.276927  -0.240806  
-0.283065  -0.242243  
-0.284228  -0.242746  
-0.24124  -0.209317  
-0.284843  -0.214191  
-0.288536  -0.210963  
-0.271302  -0.20344  
-0.268441  -0.189965  
-0.291636  -0.203277  
-0.30274  -0.181503  
-0.304129  -0.184431  
-0.301331  -0.19853  
-0.28188  -0.192402  
-0.246755  -0.194626  
-0.213733  -0.205559  
-0.215454  -0.208311  
-0.22931  -0.22446  
-0.230852  -0.227122  
-0.193018  -0.226463  
-0.151987  -0.223746  
-0.146329  -0.216019  
-0.139053  -0.20651  
-0.140763  -0.209448  
-0.156721  -0.221117  
-0.137459  -0.214201  
-0.149289  -0.213962  
-0.150547  -0.216951  
-0.136671  -0.219639  
-0.137978  -0.222662  
-0.142488  -0.237142  
-0.169719  -0.261476  
-0.163628  -0.255276  
-0.142486  -0.265548  
-0.143324  -0.268266  
-0.13818  -0.28141  
-0.121226  -0.283158  
-0.118898  -0.281949  
-0.106039  -0.292838  
-0.106694  -0.293815  
-0.113084  -0.313347  
-0.0989015  -0.319746  
-0.100185  -0.327462  
-0.0986628  -0.34309  
-0.0922165  -0.334806  
-0.109919  -0.370985  
-0.104153  -0.369504  
-0.113154  -0.376156  
-0.100237  -0.376985  
-0.0749979  -0.367396  
-0.091042  -0.371553  
-0.0808692  -0.368691  
-0.0656422  -0.35815  
-0.0646986  -0.366327  
-0.0927088  -0.36986  
-0.0901924  -0.384185  
-0.0830374  -0.375454  
-0.0700334  -0.376815  
-0.0366642  -0.372006  
-0.0310494  -0.37634  
0.00983352  -0.390069  
0.0479226  -0.389847  
0.0404204  -0.395081  
0.0871814  -0.380358  
0.0878567  -0.386158  
0.114976  -0.381537  
0.111547  -0.395405  
0.112485  -0.383756  
0.122891  -0.39984  
0.12106  -0.413449  
0.0982886  -0.437885  
0.0896581  -0.454534  
0.100421  -0.445687  
0.0972533  -0.454613  
0.107924  -0.470188  
0.1012  -0.485114  
0.117444  -0.486317  
0.11754  -0.487335  
0.111993  -0.484433  
0.110678  -0.488553  
0.121622  -0.488998  
0.113318  -0.489588  
0.113697  -0.49074  
0.123533  -0.499179  
0.0936224  -0.511322  
0.0913655  -0.530704  
0.127548  -0.523373  
0.0937429  -0.539664  
0.121279  -0.558229  
0.121861  -0.558742  
0.144548  -0.567584  
0.160054  -0.564571  
0.166685  -0.56877  
0.181745  -0.569017  
0.160906  -0.573929  
0.189744  -0.552959  
0.202399  -0.552722  
0.223596  -0.555614  
0.225463  -0.549477  
0.199877  -0.570288  
0.194042  -0.578351  
0.194655  -0.578545  
0.166057  -0.606185  
0.169452  -0.605197  
0.186122  -0.615797  
0.165703  -0.64503  
0.131376  -0.657141  
0.125104  -0.675752  
0.0993106  -0.688002  
0.113001  -0.689731  
0.112793  -0.677501  
0.115023  -0.678999  
0.120114  -0.685275  
0.131839  -0.669514  
0.12016  -0.668768  
0.134084  -0.682071  
0.140499  -0.680474  
0.148239  -0.684556  
0.143803  -0.683237  
0.123411  -0.713625  
0.110348  -0.753186  
0.111634  -0.752386  
0.146912  -0.753268  
0.148012  -0.752403  
0.129665  -0.816975  
0.14738  -0.825068  
0.131927  -0.836715  
0.143864  -0.837178  
0.144789  -0.837151  
0.182593  -0.827258  
0.183531  -0.827211  
0.197246  -0.817792  
0.199901  -0.816581  
0.212697  -0.816121  
0.213524  -0.806871  
0.214504  -0.806783  
0.198029  -0.815484  
0.210556  -0.813731  
0.198359  -0.825784  
0.199087  -0.837817  
0.20399  -0.845984  
0.216761  -0.856033  
0.217779  -0.855909  
0.244408  -0.872196  
0.217015  -0.88378  
0.245309  -0.887438  
0.267757  -0.885257  
0.260525  -0.893123  
0.282845  -0.890229  
0.283098  -0.888033  
0.305906  -0.872873  
0.306097  -0.870852  
0.313606  -0.88535  
0.313878  -0.883135  
0.338821  -0.862367  
0.322885  -0.873678  
0.315136  -0.888384  
0.326452  -0.885741  
0.316653  -0.89942  
0.326529  -0.919587  
0.338126  -0.916637  
0.315054  -0.956653  
0.315271  -0.95373  
0.304714  -0.959122  
0.296772  -0.961972  
0.294243  -0.970791  
0.294717  -0.967764  
0.275747  -0.995227  
0.276239  -0.99203  
0.268615  -0.992184  
0.248159  -0.993353  
0.248851  -0.990253  
0.268073  -0.978511  
0.279827  -0.975353  
0.304992  -0.961841  
0.306069  -0.961586  
0.278425  -0.976713  
0.313591  -0.933905  
0.326176  -0.933361  
0.30556  -0.950873  
0.300532  -0.948331  
0.299407  -0.967341  
0.282631  -0.977665  
0.249797  -0.988453  
0.25076  -1.01006  
0.23777  -1.03052  
0.238259  -1.03021  
0.228532  -1.04175  
0.202942  -1.07482  
0.182387  -1.09897  
0.184924  -1.10275  
0.169409  -1.12269  
0.138998  -1.14791  
0.141015  -1.15096  
0.132459  -1.157  
0.136958  -1.15882  
0.15335  -1.15943  
0.130696  -1.16916  
0.142738  -1.16501  
0.148283  -1.14881  
0.132675  -1.15722  
0.131423  -1.15666  
0.149638  -1.14263  
0.153986  -1.14866  
0.146676  -1.1575  
0.146544  -1.15352  
0.121644  -1.1657  
0.139249  -1.16581  
0.145555  -1.16336  
0.125072  -1.18613  
0.142384  -1.17802  
0.136284  -1.18136  
0.135984  -1.17729  
0.164683  -1.16282  
0.160308  -1.16514  
0.164235  -1.17101  
0.17413  -1.166  
0.169662  -1.1683  
0.157067  -1.1754  
0.190883  -1.14062  
0.19611  -1.13551  
0.195498  -1.13205  
0.202626  -1.12246  
0.213375  -1.11906  
0.225255  -1.1046  
0.222831  -1.08763  
0.215067  -1.09397  
0.230988  -1.05587  
0.241968  -1.05302  
0.236535  -1.06021  
0.236017  -1.0573  
0.235066  -1.05652  
0.234613  -1.05364  
0.235967  -1.04322  
0.21784  -1.05295  
0.217562  -1.05009  
0.218617  -1.04136  
0.195296  -1.05897  
0.196662  -1.04724  
0.207561  -1.04736  
0.184677  -1.05801  
0.171622  -1.05849  
0.184158  -1.05828  
0.19325  -1.05473  
0.179036  -1.05953  
0.204265  -1.04073  
0.219963  -1.03251  
0.2272  -1.03377  
0.219305  -1.03847  
0.230804  -1.03573  
0.226402  -1.02116  
0.198229  -1.03109  
0.1934  -1.02273  
0.193321  -1.02019  
0.180933  -1.03342  
0.176187  -1.04317  
0.182492  -1.04072  
0.149882  -1.06129  
0.156169  -1.05888  
0.167211  -1.05878  
0.166788  -1.05308  
0.171952  -1.0609  
0.187157  -1.07326  
0.175389  -1.08294  
0.149887  -1.09022  
0.16661  -1.08539  
0.172823  -1.06604  
0.192087  -1.04623  
0.198641  -1.03794  
0.206271  -1.02119  
0.213231  -1.02424  
0.230481  -1.00621  
0.248222  -0.988623  
0.240682  -0.972509  
0.261195  -0.945867  
0.268367  -0.93745  
0.273676  -0.939633  
0.312271  -0.919531  
0.323361  -0.917419  
0.315882  -0.915879  
0.314593  -0.913949  
0.34025  -0.902218  
0.313036  -0.919337  
0.3228  -0.918224  
0.32  -0.924818  
0.329829  -0.924783  
0.329644  -0.91195  
0.336059  -0.907334  
0.310172  -0.915762  
0.312693  -0.904985  
0.322695  -0.901728  
0.320316  -0.917358  
0.33437  -0.919868  
0.345318  -0.917692  
0.357915  -0.905786  
0.368737  -0.903652  
0.329513  -0.943476  
0.342443  -0.948823  
0.353262  -0.946244  
0.354062  -0.939238  
0.364768  -0.936719  
0.343617  -0.928467  
0.350736  -0.920912  
0.351459  -0.914002  
0.345051  -0.908775  
0.358374  -0.896092  
0.360768  -0.863878  
0.366747  -0.861381  
0.344891  -0.865818  
0.334433  -0.879229  
0.328286  -0.876979  
0.322759  -0.888494  
0.322476  -0.888398  
0.294564  -0.910216  
0.293454  -0.908221  
0.257354  -0.945046  
0.2685  -0.942627  
0.23469  -0.964251  
0.224387  -0.972649  
0.223478  -0.970029  
0.230534  -0.976406  
0.241617  -0.973732  
0.28207  -0.947613  
0.265041  -0.957309  
0.308446  -0.925539  
0.300144  -0.929317  
0.31984  -0.913588  
0.352221  -0.904643  
0.334797  -0.921027  
0.348587  -0.913049  
0.321597  -0.919075  
0.340792  -0.913082  
0.298359  -0.944754  
0.304839  -0.954796  
0.301848  -0.954595  
0.304282  -0.958461  
0.322982  -0.956704  
0.313812  -0.963415  
0.340213  -0.957467  
0.30677  -0.96805  
0.366521  -0.936961  
0.345654  -0.954023  
0.372647  -0.919015  
0.36922  -0.91423  
0.381405  -0.913627  
0.39867  -0.89924  
0.396102  -0.893562  
0.4  -0.903402  
0.410041  -0.898498  
0.407789  -0.90151  
0.439031  -0.900329  
0.431154  -0.902405  
0.429498  -0.91057  
0.436074  -0.917584  
0.436852  -0.929776  
0.441754  -0.938078  
0.450722  -0.934843  
0.454557  -0.923767  
0.449857  -0.926943  
0.456666  -0.916859  
0.452243  -0.919122  
0.444266  -0.929362  
0.44928  -0.925553  
0.445981  -0.922566  
0.439096  -0.91041  
0.44809  -0.907344  
0.473963  -0.884702  
0.459288  -0.891462  
0.455971  -0.888758  
0.482736  -0.867227  
0.488079  -0.855973  
0.48447  -0.845937  
0.486508  -0.853473  
0.483924  -0.843311  
0.520648  -0.829236  
0.51017  -0.837202  
0.512601  -0.843664  
0.521201  -0.840887  
0.523482  -0.841055  
0.505604  -0.856354  
0.51064  -0.854275  
0.533684  -0.835165  
0.526  -0.841988  
0.495778  -0.861092  
0.492987  -0.860285  
0.481039  -0.866459  
0.488551  -0.865832  
0.478082  -0.86466  
0.474718  -0.853383  
0.466608  -0.860527  
0.461756  -0.853493  
0.446113  -0.861111  
0.444439  -0.867248  
0.458739  -0.857319  
0.477074  -0.828828  
0.460246  -0.838924  
0.444418  -0.846834  
0.455405  -0.837743  
0.449175  -0.839887  
0.45428  -0.846796  
0.448569  -0.839157  
0.447419  -0.846037  
0.443429  -0.838427  
0.43983  -0.852586  
0.459428  -0.839731  
0.435246  -0.843881  
0.470266  -0.822561  
0.455961  -0.831008  
0.441071  -0.82734  
0.441046  -0.831587  
0.436939  -0.829252  
0.445582  -0.825284  
0.458536  -0.815815  
0.443816  -0.815966  
0.456907  -0.805779  
0.466592  -0.80541  
0.442324  -0.81694  
0.44173  -0.80935  
0.46635  -0.807031  
0.470994  -0.805216  
0.455387  -0.815476  
0.450795  -0.813113  
0.453731  -0.813272  
0.449086  -0.810966  
0.436966  -0.83014  
0.456408  -0.818982  
0.445477  -0.826211  
0.437349  -0.829143  
0.413836  -0.833739  
0.409268  -0.831177  
0.412621  -0.819942  
0.412377  -0.81491  
0.420189  -0.812339  
0.409752  -0.816572  
0.405078  -0.8143  
0.403778  -0.815423  
0.402802  -0.807935  
0.403167  -0.809007  
0.411027  -0.806466  
0.441286  -0.806363  
0.456084  -0.808602  
0.450713  -0.806151  
0.448248  -0.816173  
0.436829  -0.82334  
0.453604  -0.829237  
0.457031  -0.841237  
0.451496  -0.838344  
0.465313  -0.84868  
0.472413  -0.845468  
0.481237  -0.840869  
0.481528  -0.843659  
0.47116  -0.84551  
0.476111  -0.850779  
0.478601  -0.85314  
0.4713  -0.854371  
0.478314  -0.850994  
0.506817  -0.830236  
0.500402  -0.817763  
0.498664  -0.82594  
0.501856  -0.822528  
0.490147  -0.82927  
0.514729  -0.809236  
0.508799  -0.806489  
0.506413  -0.798121  
0.494639  -0.80513  
0.537407  -0.774925  
0.518889  -0.785615  
0.525622  -0.782744  
0.525492  -0.777859  
0.532182  -0.775031  
0.526082  -0.779944  
0.519989  -0.777395  
0.517902  -0.77499  
0.506082  -0.782155  
0.506024  -0.784452  
0.482732  -0.796725  
0.489584  -0.793759  
0.480492  -0.795918  
0.487397  -0.792925  
0.454057  -0.805216  
0.46109  -0.802181  
0.472721  -0.804832  
0.47588  -0.799327  
0.482714  -0.796276  
0.506603  -0.786372  
0.513175  -0.783393  
0.49119  -0.789194  
0.497865  -0.786195  
0.50334  -0.787177  
0.527812  -0.778077  
0.531664  -0.776684  
0.546683  -0.773878  
0.543279  -0.774778  
0.561387  -0.763893  
0.560526  -0.755999  
0.557751  -0.766854  
0.536472  -0.772451  
0.553079  -0.758714  
0.553239  -0.755394  
0.556038  -0.760385  
0.562747  -0.752607  
0.555816  -0.755267  
0.556391  -0.757018  
0.54952  -0.769921  
0.544657  -0.777387  
0.547768  -0.77355  
0.541025  -0.777726  
0.545085  -0.780414  
0.525146  -0.79701  
0.515971  -0.795992  
0.508488  -0.800014  
0.500388  -0.795835  
0.493929  -0.792771  
0.492734  -0.784957  
0.486279  -0.782034  
0.489685  -0.779632  
0.486342  -0.776377  
0.474319  -0.783093  
0.480033  -0.768959  
0.47343  -0.766271  
0.477113  -0.76042  
0.474943  -0.764968  
0.473507  -0.767477  
0.469762  -0.764979  
0.47376  -0.758007  
0.475127  -0.7607  
0.473665  -0.757649  
0.476467  -0.758414  
0.480464  -0.757499  
0.472498  -0.750384  
0.476263  -0.739799  
0.483553  -0.740054  
0.47962  -0.741727  
0.482357  -0.731857  
0.491693  -0.732533  
0.488353  -0.732038  
0.486137  -0.731739  
0.48976  -0.7236  
0.48669  -0.730296  
0.492767  -0.720893  
0.510033  -0.711042  
0.514852  -0.719198  
0.525407  -0.712547  
0.52347  -0.719827  
0.529146  -0.717343  
0.53977  -0.708695  
0.54528  -0.706315  
0.536493  -0.699698  
0.542018  -0.697424  
0.539024  -0.686225  
0.544583  -0.684074  
0.518846  -0.685639  
0.526248  -0.675781  
0.531886  -0.67377  
0.503749  -0.67678  
0.510383  -0.674766  
0.476962  -0.686964  
0.454866  -0.69531  
0.465925  -0.693635  
0.438791  -0.705947  
0.425446  -0.711673  
0.4096  -0.716919  
0.385438  -0.732986  
0.38549  -0.73212  
0.380403  -0.719054  
0.378973  -0.724965  
0.363505  -0.729652  
0.333999  -0.722418  
0.339055  -0.722841  
0.347706  -0.714795  
0.35348  -0.714475  
0.336672  -0.709618  
0.333244  -0.705933  
0.342088  -0.695962  
0.325076  -0.699974  
0.340196  -0.69155  
0.332653  -0.690131  
0.338951  -0.680878  
0.332021  -0.684947  
0.346605  -0.682151  
0.34755  -0.675698  
0.377011  -0.666513  
0.344889  -0.679573  
0.350625  -0.678186  
0.348329  -0.683663  
0.363229  -0.676334  
0.366784  -0.677247  
0.377091  -0.670471  
0.382526  -0.669131  
0.375307  -0.67034  
0.367652  -0.673131  
0.399577  -0.661734  
0.37986  -0.664447  
0.396761  -0.650258  
0.383403  -0.641534  
0.400756  -0.631562  
0.392408  -0.628977  
0.391091  -0.630437  
0.382195  -0.627672  
0.382783  -0.621896  
0.406309  -0.605362  
0.412079  -0.600218  
0.382957  -0.610978  
0.392917  -0.60821  
0.392666  -0.604137  
0.381559  -0.621003  
0.384494  -0.627315  
0.358387  -0.638902  
0.365499  -0.638683  
0.372264  -0.624021  
0.351767  -0.645111  
0.357245  -0.644149  
0.358539  -0.644138  
0.360776  -0.646379  
0.379467  -0.637575  
0.366031  -0.64563  
0.382853  -0.628848  
0.374173  -0.628184  
0.391001  -0.61287  
0.396012  -0.612249  
0.396329  -0.611418  
0.401173  -0.610804  
0.405866  -0.61443  
0.394264  -0.613947  
0.399273  -0.613325  
0.419115  -0.611143  
0.420314  -0.611816  
0.408489  -0.63631  
0.396419  -0.649104  
0.396601  -0.65711  
0.391955  -0.658238  
0.396946  -0.657117  
0.396076  -0.646885  
0.398429  -0.656591  
0.390313  -0.65665  
0.398394  -0.654759  
0.403386  -0.653666  
0.424205  -0.637087  
0.436746  -0.628074  
0.449229  -0.627766  
0.45572  -0.613201  
0.463718  -0.609631  
0.463447  -0.609505  
0.473903  -0.602855  
0.484303  -0.590111  
0.470006  -0.601142  
0.483535  -0.598565  
0.473969  -0.600505  
0.443697  -0.609564  
0.445215  -0.613699  
0.429437  -0.617691  
0.428353  -0.630813  
0.416861  -0.63885  
0.430764  -0.639714  
0.428977  -0.647104  
0.447551  -0.639052  
0.436432  -0.637944  
0.448056  -0.639388  
0.455117  -0.641642  
0.459795  -0.640653  
0.470495  -0.633849  
0.456531  -0.642114  
0.43967  -0.634584  
0.444347  -0.633749  
0.431953  -0.640561  
0.436751  -0.639659  
0.415025  -0.641117  
0.419886  -0.64026  
0.436073  -0.63884  
0.427291  -0.638246  
0.434183  -0.639589  
0.422299  -0.6467  
0.413285  -0.645855  
0.399537  -0.662218  
0.393118  -0.658713  
0.397453  -0.670817  
0.405897  -0.671057  
0.396829  -0.669906  
0.377062  -0.676597  
0.382733  -0.669326  
0.378677  -0.672372  
0.370304  -0.683025  
0.361362  -0.681751  
0.399504  -0.668471  
0.390345  -0.667392  
0.37681  -0.669713  
0.381519  -0.660883  
0.386507  -0.660068  
0.413568  -0.645774  
0.418196  -0.645027  
0.408099  -0.647512  
0.423079  -0.631791  
0.432318  -0.619876  
0.405827  -0.626045  
0.40197  -0.627796  
0.393691  -0.640889  
0.41156  -0.647876  
0.40038  -0.647243  
0.382168  -0.671186  
0.373251  -0.69059  
0.374898  -0.683705  
0.379643  -0.682656  
0.326767  -0.707776  
0.327215  -0.715336  
0.323643  -0.71652  
0.336679  -0.714674  
0.313752  -0.727047  
0.344276  -0.717133  
0.34885  -0.705163  
0.339288  -0.706075  
0.330258  -0.704679  
0.379794  -0.689581  
0.370601  -0.688418  
0.383598  -0.68145  
0.388122  -0.680491  
0.394785  -0.666947  
0.385449  -0.666077  
0.394191  -0.659461  
0.384798  -0.658664  
0.369154  -0.679839  
0.36191  -0.676509  
0.366583  -0.675665  
0.381006  -0.689709  
0.375684  -0.686361  
0.368453  -0.705027  
0.375338  -0.708113  
0.358118  -0.719567  
0.385711  -0.710507  
0.38394  -0.710897  
0.370665  -0.724724  
0.382516  -0.719027  
0.411841  -0.724712  
0.398092  -0.726304  
0.425039  -0.720067  
0.415793  -0.718542  
0.421468  -0.712834  
0.427187  -0.707923  
0.42047  -0.705338  
0.424905  -0.704027  
0.440616  -0.688066  
0.449133  -0.678078  
0.443164  -0.675124  
0.432015  -0.676482  
0.436837  -0.667376  
0.445851  -0.668652  
0.460684  -0.665532  
0.458595  -0.67409  
0.447001  -0.674859  
0.443458  -0.692456  
0.447226  -0.699884  
0.419945  -0.713803  
0.423109  -0.71696  
0.424428  -0.705538  
0.426121  -0.717556  
0.405166  -0.720441  
0.385021  -0.729105  
0.376208  -0.740595  
0.387268  -0.733212  
0.392108  -0.724123  
0.380836  -0.713971  
0.385774  -0.712566  
0.373178  -0.708977  
0.378078  -0.707662  
0.380071  -0.717355  
0.376698  -0.701595  
0.38156  -0.700358  
0.38963  -0.674383  
0.380681  -0.673218  
0.38834  -0.666042  
0.385544  -0.674173  
0.375376  -0.673642  
0.38916  -0.659309  
0.395298  -0.657213  
0.383297  -0.66745  
0.384422  -0.666916  
0.390381  -0.665589  
0.370094  -0.663088  
0.37854  -0.664371  
0.386012  -0.671797  
0.375105  -0.670916  
0.375958  -0.659839  
0.374973  -0.661787  
0.377898  -0.661172  
0.40831  -0.634154  
0.411249  -0.633508  
0.409389  -0.621265  
0.402341  -0.618742  
0.414403  -0.615127  
0.430149  -0.599947  
0.439779  -0.584407  
0.418827  -0.591183  
0.466108  -0.555656  
0.456787  -0.555773  
0.439433  -0.569459  
0.44419  -0.569462  
0.483746  -0.557793  
0.490429  -0.548218  
0.493453  -0.547462  
0.478184  -0.561765  
0.481211  -0.561015  
0.503522  -0.552614  
0.492854  -0.551861  
0.474673  -0.566081  
0.497226  -0.537421  
0.486571  -0.536658  
0.504833  -0.521201  
0.495904  -0.521483  
0.482372  -0.52775  
0.494367  -0.517233  
0.473829  -0.507849  
0.486998  -0.493222  
0.491959  -0.493707  
0.470227  -0.502036  
0.478768  -0.503022  
0.452357  -0.51882  
0.446668  -0.51108  
0.451999  -0.511322  
0.43935  -0.52019  
0.440207  -0.528133  
0.443861  -0.528151  
0.447056  -0.527325  
0.443674  -0.523564  
0.47476  -0.495122  
0.477983  -0.494252  
0.487847  -0.484179  
0.482735  -0.485129  
0.482366  -0.481505  
0.468505  -0.480712  
0.485676  -0.469907  
0.482003  -0.460792  
0.480461  -0.456708  
0.468967  -0.475975  
0.464007  -0.475001  
0.441359  -0.484703  
0.449803  -0.487337  
0.444597  -0.490744  
0.447442  -0.508985  
0.451318  -0.521163  
0.445515  -0.523528  
0.467264  -0.511738  
0.465674  -0.520037  
0.484187  -0.49806  
0.49744  -0.475805  
0.489128  -0.475737  
0.503582  -0.462537  
0.502848  -0.451675  
0.523393  -0.424566  
0.527619  -0.393745  
0.519212  -0.394544  
0.527941  -0.395664  
0.524381  -0.389018  
0.541514  -0.372491  
0.54409  -0.376354  
0.533005  -0.376112  
0.544517  -0.378326  
0.545749  -0.388103  
0.537761  -0.388633  
0.542489  -0.392518  
0.522245  -0.389583  
0.525127  -0.381064  
0.547491  -0.408457  
0.53839  -0.421963  
0.547058  -0.422544  
0.558337  -0.416619  
0.563688  -0.416067  
0.520289  -0.44678  
0.524486  -0.454264  
0.528699  -0.467866  
0.534761  -0.444471  
0.527702  -0.443816  
0.52415  -0.452426  
0.545124  -0.434697  
0.534278  -0.428168  
0.548185  -0.417753  
0.54752  -0.419275  
0.561633  -0.408626  
0.592128  -0.362717  
0.597575  -0.362174  
0.599526  -0.356498  
0.600692  -0.363667  
0.596942  -0.366725  
0.590456  -0.361305  
0.583063  -0.360775  
0.60402  -0.35285  
0.599967  -0.356329  
0.592813  -0.355736  
0.560627  -0.385289  
0.561304  -0.388499  
0.542993  -0.392036  
0.545995  -0.394525  
0.539245  -0.393263  
0.547107  -0.381546  
0.541402  -0.378663  
0.537101  -0.385428  
0.531748  -0.378296  
0.535125  -0.385157  
0.534538  -0.381613  
0.536065  -0.37266  
0.541337  -0.359783  
0.54799  -0.356161  
0.550626  -0.362839  
0.518659  -0.376311  
0.522597  -0.376161  
0.532698  -0.368734  
0.543756  -0.364416  
0.532863  -0.374175  
0.555303  -0.365048  
0.552691  -0.368165  
0.527527  -0.387713  
0.529665  -0.401676  
0.523361  -0.406703  
0.547452  -0.397278  
0.548237  -0.413433  
0.546498  -0.41752  
0.539729  -0.41123  
0.539232  -0.419144  
0.523939  -0.423182  
0.523578  -0.430879  
0.532916  -0.431214  
0.530497  -0.415276  
0.517478  -0.422957  
0.550473  -0.403182  
0.550473  -0.403182  
0.553916  -0.395576  
0.56256  -0.395749  
0.559357  -0.388586  
0.588108  -0.373255  
0.594954  -0.362148  
0.596753  -0.366883  
0.602682  -0.363611  
0.590135  -0.365746  
0.577143  -0.373552  
0.60192  -0.358024  
0.603962  -0.365131  
0.59784  -0.361661  
0.610521  -0.354611  
0.614251  -0.35302  
0.605966  -0.364444  
0.612073  -0.360643  
0.600693  -0.364145  
0.614678  -0.349748  
0.62638  -0.340012  
0.59149  -0.351262  
0.588272  -0.361  
0.5988  -0.355987  
0.605827  -0.347332  
0.590585  -0.357206  
0.599524  -0.352049  
0.603824  -0.349507  
0.617855  -0.334376  
0.614625  -0.340145  
0.618411  -0.34519  
0.621559  -0.350003  
0.627051  -0.339875  
0.632628  -0.335338  
0.633636  -0.330462  
0.626441  -0.346769  
0.65662  -0.329397  
0.668053  -0.316873  
0.661759  -0.321043  
0.653078  -0.335977  
0.658053  -0.338616  
0.694106  -0.327026  
0.689143  -0.330301  
0.689482  -0.33866  
0.72499  -0.322314  
0.735679  -0.31674  
0.741028  -0.31348  
0.73128  -0.33832  
0.741964  -0.333572  
0.776021  -0.306115  
0.782598  -0.31039  
0.771586  -0.319535  
0.768474  -0.319414  
0.79129  -0.300214  
0.79481  -0.298513  
0.794769  -0.314155  
0.797969  -0.315059  
0.804949  -0.30277  
0.789852  -0.305614  
0.795711  -0.299586  
0.795678  -0.315401  
0.794687  -0.321345  
0.796721  -0.321595  
0.794758  -0.324814  
0.791271  -0.335547  
0.77946  -0.338486  
0.77645  -0.338228  
0.787754  -0.328551  
0.780003  -0.333346  
0.77571  -0.338499  
0.76854  -0.339425  
0.768195  -0.334295  
0.792716  -0.321741  
0.767036  -0.339868  
0.767036  -0.339868  
0.755909  -0.341649  
0.755378  -0.346809  
0.767714  -0.332806  
0.774216  -0.325471  
0.762596  -0.338538  
0.756982  -0.330675  
0.760531  -0.329026  
0.772391  -0.320071  
0.793357  -0.301195  
0.776133  -0.308459  
0.771999  -0.306272  
0.784201  -0.302137  
0.800018  -0.289767  
0.796041  -0.293027  
0.798644  -0.284209  
0.824007  -0.266894  
0.830118  -0.259569  
0.819152  -0.262035  
0.822653  -0.260342  
0.824871  -0.243472  
0.821377  -0.254631  
0.842777  -0.237108  
0.838513  -0.229325  
0.827729  -0.241953  
0.838886  -0.234687  
0.844998  -0.227295  
0.811482  -0.253713  
0.817903  -0.245972  
0.817424  -0.234691  
0.827252  -0.223911  
0.827252  -0.223911  
0.806949  -0.220085  
0.806428  -0.225513  
0.83959  -0.190746  
0.822398  -0.197352  
0.817463  -0.200176  
0.833131  -0.179618  
0.839612  -0.170242  
0.8339  -0.170486  
0.843865  -0.154874  
0.840261  -0.169136  
0.82513  -0.167798  
0.833177  -0.164075  
0.839482  -0.151546  
0.812978  -0.166773  
0.817454  -0.169897  
0.824267  -0.160947  
0.826887  -0.159393  
0.856747  -0.144049  
0.834028  -0.160988  
0.836419  -0.147252  
0.865966  -0.131769  
0.873711  -0.118018  
0.871837  -0.122928  
0.863839  -0.117511  
0.872734  -0.114454  
0.878615  -0.105532  
0.882067  -0.103774  
0.872757  -0.111177  
0.869  -0.102314  
0.8939  -0.0773932  
0.901534  -0.0648118  
0.888392  -0.0757313  
0.873721  -0.0764506  
0.879849  -0.0686091  
0.908084  -0.0415842  
0.87776  -0.0549459  
0.884447  -0.0398398  
0.881329  -0.0548627  
0.883735  -0.0443137  
0.898529  -0.0337841  
0.889271  -0.0474138  
0.894773  -0.0398107  
0.900249  -0.0205358  
0.906801  -0.0110639  
0.906279  -0.0112052  
0.876671  -0.0357931  
0.881442  -0.0277606  
0.905198  -0.00880888  
0.905447  -0.00836191  
0.882897  -0.0217641  
0.888169  -0.014904  
0.887018  -0.0164128  
0.894244  -0.00922234  
0.896926  -0.00920151  
0.884813  -0.0115969  
0.886667  -0.00646189  
0.893419  -0.00632585  
0.89149  -0.0170376  
0.888175  -0.0215393  
0.883703  -0.0282119  
0.898801  -0.00712061  
0.888725  -0.0111599  
0.891978  0.00199617  
0.891575  -0.00342618  
0.876356  -0.0097598  
0.893891  -0.00154152  
0.899975  0.00725317  
0.899823  0.0187417  
0.88981  0.0147348  
0.885352  0.00823977  
0.875139  -0.000357889  
0.875642  0.00276535  
0.871915  -0.00550672  
0.86618  -0.00432128  
0.892339  0.0143395  
0.895338  0.0271634  
0.879003  0.0199262  
0.875407  0.0156131  
0.882611  0.0285344  
0.882339  0.0236682  
0.896754  0.033768  
0.898433  0.0457843  
0.890362  0.0392164  
0.897972  0.0520125  
0.890578  0.0319116  
0.907641  0.0513381  
0.896905  0.0388066  
0.898734  0.0454345  
0.897312  0.0490481  
0.886341  0.035386  
0.897692  0.0480448  
0.902308  0.0467672  
0.893911  0.0651094  
0.882592  0.0679087  
0.888491  0.076848  
0.873375  0.0717927  
0.863758  0.0685384  
0.890346  0.105715  
0.880683  0.102184  
0.876025  0.102924  
0.865111  0.103244  
0.861846  0.119393  
0.85566  0.125208  
0.85566  0.125208  
0.842441  0.111291  
0.831222  0.124343  
0.83018  0.123226  
0.817869  0.122581  
0.813455  0.108013  
0.800264  0.118499  
0.821813  0.130481  
0.81726  0.144496  
0.804277  0.126453  
0.805968  0.12077  
0.803807  0.141759  
0.800158  0.146719  
0.802401  0.141938  
0.794139  0.152773  
0.796383  0.147984  
0.797141  0.169933  
0.804852  0.184938  
0.797838  0.165947  
0.791764  0.183466  
0.794391  0.185038  
0.800555  0.201363  
0.803562  0.192337  
0.803562  0.192337  
0.803291  0.195753  
0.81291  0.211246  
0.812028  0.213615  
0.819628  0.191224  
0.816012  0.202829  
0.83302  0.221155  
0.834586  0.219464  
0.847521  0.239482  
0.825012  0.221743  
0.826216  0.219057  
0.835696  0.228873  
0.841264  0.238294  
0.842815  0.220321  
0.845317  0.237092  
0.843675  0.236624  
0.848886  0.220071  
0.848753  0.215221  
0.843258  0.216498  
0.855073  0.238534  
0.8607  0.25316  
0.86663  0.260401  
0.855189  0.249739  
0.863176  0.269998  
0.866734  0.271631  
0.866824  0.286308  
0.867653  0.299925  
0.867653  0.299925  
0.873165  0.321416  
0.878513  0.33047  
0.876831  0.335476  
0.882181  0.34455  
0.880347  0.344894  
0.888809  0.350006  
0.888777  0.3444  
0.89425  0.371685  
0.894212  0.36591  
0.907009  0.377902  
0.89269  0.352039  
0.899746  0.364801  
0.905668  0.35817  
0.90775  0.35598  
0.915897  0.352334  
0.926863  0.365906  
0.924465  0.353098  
0.94093  0.358807  
0.947507  0.356177  
0.932717  0.345268  
0.953142  0.359158  
0.955008  0.381864  
0.969486  0.374956  
0.974638  0.387877  
0.971223  0.384035  
0.980009  0.389969  
0.979868  0.388446  
0.969245  0.404384  
0.973367  0.418277  
0.988771  0.41066  
0.98044  0.430551  
0.978218  0.42316  
0.992311  0.455659  
0.989874  0.449939  
0.987626  0.477178  
1.00133  0.496623  
0.998793  0.493918  
0.989447  0.505944  
0.990284  0.505161  
1.00021  0.519257  
0.985648  0.532447  
0.992145  0.529587  
0.986926  0.540875  
0.970392  0.542891  
0.975666  0.551199  
0.967254  0.576896  
0.972611  0.585228  
0.963893  0.608665  
0.962903  0.595653  
0.937927  0.619587  
0.938708  0.613084  
0.928214  0.63011  
0.929036  0.623577  
0.921634  0.649162  
0.898965  0.637042  
0.899917  0.630568  
0.891229  0.645231  
0.892199  0.638757  
0.887789  0.629467  
0.884141  0.632933  
0.865342  0.602766  
0.880015  0.618939  
0.876322  0.626268  
0.864215  0.619772  
0.852288  0.617547  
0.852288  0.617547  
0.854302  0.611511  
0.849865  0.623408  
0.848135  0.620774  
0.839305  0.618861  
0.845702  0.625854  
0.861054  0.648222  
0.861947  0.642478  
0.865202  0.660918  
0.870467  0.669422  
0.877217  0.694364  
0.878003  0.688292  
0.875076  0.697519  
0.875881  0.691587  
0.906374  0.719731  
0.909617  0.738904  
0.910266  0.732697  
0.913755  0.741145  
0.914438  0.734946  
0.918183  0.75483  
0.946371  0.777513  
0.936253  0.780579  
0.922222  0.780281  
0.930296  0.791222  
0.923567  0.814716  
0.917123  0.811762  
0.924998  0.817688  
0.930495  0.830452  
0.920316  0.829476  
0.929619  0.827269  
0.904442  0.827705  
0.904201  0.820316  
0.903702  0.824619  
0.902775  0.818069  
0.912931  0.818817  
0.906784  0.816094  
0.9087  0.797073  
0.883024  0.792013  
0.885724  0.794642  
0.892635  0.797736  
0.867541  0.787141  
0.875938  0.789135  
0.883061  0.809944  
0.884945  0.800073  
0.863802  0.810479  
0.869151  0.806016  
0.874501  0.81472  
0.864375  0.819953  
0.859846  0.826514  
0.86438  0.828535  
0.866258  0.845586  
0.867414  0.839971  
0.863358  0.852124  
0.86746  0.866158  
0.869892  0.854531  
0.875107  0.862968  
0.870013  0.880714  
0.871197  0.875103  
0.872524  0.881342  
0.872798  0.87347  
0.877986  0.881913  
0.879381  0.877272  
0.874169  0.888765  
0.875773  0.867065  
0.883943  0.876488  
0.873073  0.870676  
0.880432  0.872406  
0.880047  0.862266  
0.873114  0.871648  
0.877318  0.872786  
0.881879  0.882591  
0.869896  0.883047  
0.874071  0.893162  
0.847182  0.882296  
0.83963  0.892295  
0.840921  0.887391  
0.856086  0.907654  
0.8573  0.902684  
0.848708  0.900785  
0.849155  0.905243  
0.854363  0.91418  
0.845838  0.912319  
0.847068  0.907523  
0.845111  0.911238  
0.836523  0.907932  
0.840957  0.898651  
0.829355  0.902465  
0.831337  0.900239  
0.810881  0.904965  
0.801657  0.88575  
0.804643  0.901979  
0.804448  0.888396  
0.804213  0.879031  
0.807588  0.880445  
0.797783  0.898335  
0.802006  0.885439  
0.801002  0.890448  
0.805321  0.887819  
0.799993  0.880718  
0.810726  0.88698  
0.80147  0.889733  
0.799537  0.895652  
0.800421  0.89571  
0.798512  0.901641  
0.779763  0.89367  
0.783615  0.898553  
0.782729  0.912036  
0.782634  0.90457  
0.781771  0.918049  
0.786695  0.923236  
0.77721  0.922424  
0.780517  0.933257  
0.77962  0.93928  
0.780727  0.935512  
0.779429  0.941236  
0.786201  0.955103  
0.787233  0.951284  
0.795918  0.958256  
0.790345  0.970344  
0.800046  0.96903  
0.794731  0.980352  
0.806182  0.985956  
0.806154  0.994707  
0.800466  1.00682  
0.809763  1.00277  
0.814666  1.01198  
0.792894  1.01946  
0.795007  1.0149  
0.785504  1.01375  
0.794763  1.00983  
0.799743  1.01903  
0.794147  1.01599  
0.79913  1.02518  
0.797887  1.02416  
0.798934  1.02032  
0.81046  1.02483  
0.792579  1.01815  
0.797547  1.0274  
0.794951  1.04118  
0.796003  1.03735  
0.784324  1.02936  
0.785427  1.0257  
0.764514  1.02454  
0.775524  1.02978  
0.776656  1.02624  
0.765606  1.02542  
0.766768  1.02199  
0.777706  1.02717  
0.755334  1.02068  
0.760641  1.02011  
0.755912  1.01473  
0.763647  1.02142  
0.760766  1.02217  
0.760766  1.02217  
0.752039  1.00838  
0.767014  1.01616  
0.767014  1.01616  
0.75248  1.01562  
0.764228  1.01699  
0.755059  1.00416  
0.765426  1.02535  
0.765792  1.01454  
0.769476  1.01965  
0.758803  1.0281  
0.759695  1.0254  
0.772873  1.01843  
0.7566  1.03178  
0.772284  1.03913  
0.773095  1.03634  
0.775883  1.05233  
0.780675  1.06212  
0.781594  1.05943  
0.782377  1.05655  
0.792858  1.07062  
0.795727  1.07418  
0.792455  1.07825  
0.785144  1.08259  
0.774495  1.08542  
0.778501  1.09439  
0.780264  1.09256  
0.784283  1.10154  
0.79298  1.11606  
0.79298  1.11606  
0.798789  1.12323  
0.80283  1.136  
0.802553  1.14191  
0.822786  1.15145  
0.827516  1.16087  
0.812469  1.16393  
0.812469  1.16393  
0.819785  1.16554  
0.805415  1.16925  
0.806286  1.16589  
0.805816  1.17893  
0.806719  1.17554  
0.796522  1.18798  
0.818609  1.20369  
0.818914  1.19306  
0.795711  1.20266  
0.796713  1.19926  
0.799292  1.20431  
0.800235  1.20095  
0.796278  1.20352  
0.786732  1.203  
0.788471  1.20075  
0.783106  1.19319  
0.788272  1.20266  
0.764857  1.19601  
0.765996  1.19298  
0.768066  1.20323  
0.763352  1.21364  
0.763352  1.21364  
0.740822  1.20388  
0.746247  1.21346  
0.748817  1.21832  
0.741288  1.21421  
0.748628  1.23079  
0.731366  1.22807  
0.728206  1.23791  
0.724405  1.23778  
0.740158  1.25403  
0.72602  1.2482  
0.728996  1.25221  
0.736623  1.27033  
0.763169  1.27705  
0.757129  1.25265  
0.761388  1.27294  
0.767138  1.27347  
0.7573  1.27504  
0.756058  1.27173  
0.77647  1.25849  
0.78224  1.25453  
0.765393  1.25683  
0.782404  1.2559  
0.767363  1.25815  
0.767963  1.25415  
0.768806  1.25153  
0.772024  1.25615  
0.772804  1.25358  
0.766783  1.24898  
0.77643  1.25082  
0.780733  1.26318  
0.780459  1.25291  
0.778636  1.25995  
0.786265  1.25422  
0.783092  1.2663  
0.782689  1.26206  
0.782203  1.27166  
0.777507  1.27725  
0.767809  1.2775  
0.794141  1.28942  
0.79917  1.29918  
0.793186  1.30498  
0.793883  1.30239  
0.79305  1.30777  
0.793729  1.30525  
0.796112  1.30363  
0.796804  1.30126  
0.798433  1.31643  
0.795589  1.29984  
0.796235  1.29758  
0.794128  1.30759  
0.79479  1.30527  
0.794671  1.30122  
0.799721  1.31118  
0.76892  1.30633  
0.77303  1.30909  
0.765322  1.31122  
0.7575  1.30525  
0.754678  1.30673  
0.758606  1.3119  
0.740033  1.3039  
0.740962  1.30185  
0.728191  1.30245  
0.720805  1.29856  
0.728687  1.29716  
0.708363  1.27995  
0.709323  1.27826  
0.695896  1.28113  
0.701412  1.29152  
0.691903  1.27569  
0.691903  1.27569  
0.678351  1.26848  
0.687812  1.2851  
0.687812  1.2851  
0.667527  1.28194  
0.675402  1.2863  
0.679436  1.29338  
0.679901  1.29618  
0.679769  1.28635  
0.686946  1.2954  
0.651496  1.29332  
0.658999  1.30327  
0.664671  1.31347  
0.667599  1.31215  
0.687503  1.32153  
0.668409  1.3153  
0.688103  1.32539  
0.690539  1.32441  
0.697729  1.34421  
0.696703  1.34597  
0.704495  1.34513  
0.711688  1.35604  
0.709922  1.36006  
0.710392  1.35816  
0.732959  1.37042  
0.729628  1.36714  
0.733611  1.37429  
0.734492  1.38517  
0.74844  1.38938  
0.761915  1.3977  
0.762207  1.39552  
0.760067  1.39194  
0.76469  1.40397  
0.785852  1.40506  
0.786077  1.40296  
0.783303  1.41663  
0.783621  1.41447  
0.804473  1.41771  
0.818495  1.41897  
0.818662  1.4169  
0.831961  1.42553  
0.832129  1.42346  
0.822865  1.42401  
0.832946  1.42816  
0.830637  1.42864  
0.846254  1.43657  
0.851917  1.42958  
0.834306  1.42987  
0.834306  1.42987  
0.828833  1.43172  
0.83588  1.43567  
0.840895  1.4459  
0.830936  1.43921  
0.831333  1.43731  
0.826236  1.43937  
0.806592  1.44904  
0.807227  1.44714  
0.812383  1.44987  
0.812383  1.44987  
0.797716  1.44445  
0.803034  1.45463  
0.819581  1.44379  
0.820109  1.44212  
0.810103  1.44518  
0.810631  1.44352  
0.81118  1.43492  
0.824912  1.42779  
0.825363  1.42639  
0.830959  1.42938  
0.831377  1.42801  
0.828895  1.41137  
0.824751  1.41074  
0.825873  1.42314  
0.842899  1.41786  
0.843169  1.41669  
0.841872  1.40865  
0.841872  1.40865  
0.852152  1.41842  
0.860588  1.41199  
0.860588  1.41199  
0.862233  1.42132  
0.86693  1.43337  
0.876802  1.41849  
0.870206  1.42747  
0.870376  1.42639  
0.88449  1.43857  
0.88449  1.43857  
0.878186  1.43362  
0.878186  1.43362  
0.883403  1.4316  
0.89209  1.42584  
0.881474  1.42771  
0.890558  1.44304  
0.890733  1.44193  
0.890107  1.44061  
0.862236  1.43298  
0.862573  1.43201  
0.86144  1.43386  
0.86144  1.43386  
0.855267  1.43882  
0.855656  1.43784  
0.853972  1.4308  
0.854363  1.42994  
0.827517  1.42811  
0.828052  1.42729  
0.828932  1.42606  
0.833036  1.43614  
0.833477  1.43526  
0.836233  1.45088  
0.836682  1.44987  
0.816371  1.44222  
0.812584  1.44875  
0.813143  1.44777  
0.824284  1.46712  
0.824741  1.46597  
0.823172  1.46898  
0.821397  1.47307  
0.822518  1.46967  
0.840203  1.47245  
0.842146  1.47677  
0.84247  1.47567  
0.860226  1.48877  
0.852507  1.48862  
0.863701  1.4928  
0.866698  1.4899  
0.862608  1.49466  
0.866278  1.50765  
0.869293  1.50563  
0.862766  1.51667  
0.865089  1.51514  
0.875355  1.51029  
0.875422  1.5201  
0.877969  1.51968  
0.878915  1.52415  
0.876647  1.52542  
0.862568  1.53066  
0.856695  1.52637  
0.85792  1.52582  
0.870652  1.53691  
0.872198  1.52709  
0.874159  1.54097  
0.87289  1.53388  
0.86991  1.53476  
0.866591  1.52899  
0.862931  1.53047  
0.872714  1.53982  
0.868098  1.54325  
0.868454  1.54189  
0.850965  1.55415  
0.850965  1.55415  
0.822888  1.54303  
0.83807  1.55286  
0.83807  1.55286  
0.818401  1.55982  
0.818401  1.55982  
0.785035  1.56204  
0.784727  1.55231  
0.794455  1.58137  
0.787504  1.58084  
0.792301  1.57691  
0.779405  1.58102  
0.776061  1.5917  
0.773048  1.59929  
0.781958  1.60685  
0.762033  1.59903  
0.774712  1.60559  
0.776182  1.60446  
0.770717  1.6118  
0.766752  1.60487  
0.76719  1.60473  
0.759874  1.61738  
0.760353  1.61823  
0.743574  1.60874  
0.736627  1.60803  
0.749547  1.62382  
0.740105  1.61818  
0.740275  1.61828  
0.748172  1.6175  
0.739932  1.62208  
0.741128  1.62031  
0.728127  1.62359  
0.728849  1.61225  
0.748263  1.61964  
0.748856  1.61811  
0.757144  1.61846  
0.743845  1.61005  
0.748956  1.62185  
0.744898  1.61419  
0.744898  1.61419  
0.727392  1.60527  
0.756247  1.61018  
0.756247  1.61018  
0.75362  1.61862  
0.752198  1.61727  
0.752443  1.61847  
0.741369  1.61645  
0.745071  1.62112  
0.724954  1.61586  
0.725034  1.61842  
0.736348  1.61768  
0.732793  1.61962  
0.722997  1.62384  
0.724574  1.6242  
0.718876  1.61614  
0.720507  1.61749  
0.712298  1.61721  
0.685157  1.6013  
0.69806  1.60175  
0.700309  1.59542  
0.694495  1.60371  
0.681015  1.59745  
0.683253  1.5897  
0.681978  1.57767  
0.685195  1.57741  
0.686037  1.58359  
0.672815  1.57978  
0.684189  1.57656  
0.678102  1.57466  
0.657148  1.56736  
0.655467  1.55735  
0.6718  1.56208  
0.672181  1.56169  
0.674615  1.57385  
0.674987  1.57334  
0.676573  1.56149  
0.663827  1.563  
0.668623  1.56095  
0.671455  1.57259  
0.679921  1.57693  
0.6879  1.58632  
0.6879  1.58632  
0.688146  1.58835  
0.673342  1.58401  
0.673342  1.58401  
0.686705  1.60501  
0.686915  1.60425  
0.683179  1.607  
0.683389  1.60625  
0.686795  1.61531  
0.695848  1.63349  
0.696045  1.63249  
0.687392  1.63732  
0.687392  1.63732  
0.706406  1.65096  
0.714997  1.66121  
0.715147  1.66  
0.706171  1.65142  
0.706328  1.65033  
0.697474  1.65629  
0.709234  1.66005  
0.707014  1.65962  
0.676537  1.6441  
0.682269  1.65477  
0.669878  1.65342  
0.678737  1.65585  
0.67426  1.64524  
0.665021  1.6491  
0.660962  1.64723  
0.661533  1.65109  
0.639993  1.63526  
0.645465  1.64685  
0.629878  1.65571  
0.629077  1.64636  
0.625586  1.64835  
0.625586  1.64835  
0.62746  1.64943  
0.619576  1.65038  
0.625097  1.66195  
0.621624  1.66394  
0.621624  1.66394  
0.619758  1.66312  
0.622833  1.67332  
0.623286  1.67229  
0.616813  1.67982  
0.625375  1.68585  
0.61335  1.68659  
0.635186  1.71017  
0.635575  1.70882  
0.636445  1.71442  
0.636834  1.71306  
0.654477  1.72337  
0.66689  1.7248  
0.672656  1.73085  
0.695917  1.753  
0.69598  1.75136  
0.691732  1.74552  
0.703103  1.75456  
0.701124  1.74852  
0.717076  1.76137  
0.723612  1.75967  
0.738773  1.77214  
0.72651  1.7735  
0.72651  1.7735  
0.751222  1.77777  
0.75123  1.77619  
0.768988  1.78667  
0.747878  1.7782  
0.756475  1.7749  
0.756493  1.77343  
0.743929  1.76314  
0.7321  1.7608  
0.732331  1.75955  
0.72772  1.75457  
0.727965  1.75341  
0.712138  1.75067  
0.703524  1.75234  
0.699078  1.75157  
0.695684  1.7536  
0.695684  1.7536  
0.687262  1.75785  
0.683877  1.75987  
0.683877  1.75987  
0.686038  1.77353  
0.686038  1.77353  
0.677656  1.77777  
0.674293  1.77979  
0.658494  1.7845  
0.66928  1.78901  
0.670913  1.79704  
0.673898  1.80898  
0.650078  1.79396  
0.657381  1.8019  
0.641166  1.78948  
0.647522  1.7981  
0.656014  1.79807  
0.632745  1.79045  
0.633412  1.78925  
0.621004  1.77043  
0.631835  1.76794  
0.603518  1.75384  
0.604243  1.7531  
0.592661  1.74377  
0.593381  1.74316  
0.587814  1.75501  
0.599257  1.75188  
0.5707  1.742  
0.57135  1.74145  
0.580117  1.73987  
0.565126  1.74353  
0.565798  1.74295  
0.583923  1.74545  
0.584394  1.74487  
0.56761  1.74865  
0.597341  1.75449  
0.570488  1.75033  
0.590053  1.76223  
0.59038  1.7615  
0.603293  1.76204  
0.604073  1.77514  
0.603817  1.77055  
0.605432  1.76906  
0.611975  1.78435  
0.616747  1.78853  
0.624739  1.7973  
0.627375  1.79835  
0.631823  1.80189  
0.63845  1.80508  
0.623822  1.80644  
0.626165  1.80877  
0.632213  1.8133  
0.623882  1.82401  
0.629675  1.82853  
0.615898  1.82856  
0.607799  1.82284  
0.608152  1.82173  
0.615991  1.83681  
0.616332  1.83559  
0.591537  1.83072  
0.591973  1.82959  
0.582494  1.82523  
0.58884  1.83549  
0.59758  1.82016  
0.582391  1.82369  
0.578266  1.81336  
0.573981  1.80445  
0.580303  1.81506  
0.575219  1.79758  
0.554023  1.79009  
0.56399  1.79695  
0.560257  1.78769  
0.568252  1.79052  
0.549331  1.78806  
0.544479  1.78316  
0.561739  1.80139  
0.539981  1.79449  
0.549251  1.79205  
0.575569  1.80624  
0.554059  1.79868  
0.577968  1.80857  
0.57819  1.8079  
0.578073  1.80656  
0.597878  1.82409  
0.597943  1.82329  
0.58228  1.80824  
0.59114  1.8127  
0.609245  1.81043  
0.6152  1.82188  
0.623216  1.82819  
0.600396  1.82018  
0.600479  1.81951  
0.602781  1.83431  
0.602883  1.83353  
0.607965  1.83354  
0.616397  1.84104  
0.605515  1.8479  
0.605602  1.847  
0.609887  1.85515  
0.623482  1.86188  
0.623527  1.86089  
0.638254  1.86471  
0.638237  1.86373  
0.621357  1.86005  
0.63216  1.87291  
0.63216  1.87291  
0.64548  1.87085  
0.644602  1.87041  
0.654186  1.87595  
0.659855  1.87858  
0.658957  1.87724  
0.663644  1.87245  
0.676923  1.88327  
0.676812  1.88232  
0.670848  1.88329  
0.669082  1.87253  
0.653892  1.8707  
0.678593  1.87467  
0.678566  1.8739  
0.677486  1.86259  
0.676524  1.85857  
0.661509  1.85842  
0.681323  1.85643  
0.686151  1.8631  
0.65396  1.84613  
0.657705  1.84726  
0.657685  1.83524  
0.661432  1.84016  
0.661566  1.83984  
0.63965  1.8333  
0.639892  1.83303  
0.65336  1.84005  
0.653493  1.83973  
0.643377  1.82621  
0.641841  1.83246  
0.641841  1.83246  
0.620113  1.82565  
0.620113  1.82565  
0.626048  1.82724  
0.606376  1.8201  
0.612012  1.82554  
0.619981  1.8349  
0.616868  1.8278  
0.597939  1.82009  
0.611897  1.83478  
0.608481  1.82787  
0.589825  1.81998  
0.601857  1.83677  
0.603813  1.83467  
0.602731  1.8263  
0.609329  1.83227  
0.595731  1.83455  
0.592571  1.82746  
0.594634  1.82619  
0.608631  1.84088  
0.606274  1.83419  
0.586537  1.82608  
0.59193  1.82275  
0.59946  1.8324  
0.598018  1.83431  
0.598194  1.83408  
0.5833  1.82823  
0.58994  1.83421  
0.591379  1.8323  
0.594792  1.83647  
0.594968  1.83623  
0.585631  1.8259  
0.592919  1.8314  
0.599686  1.84058  
0.582052  1.83826  
0.582052  1.83826  
0.595787  1.84499  
0.595787  1.84499  
0.580088  1.84958  
0.580088  1.84958  
0.570315  1.8548  
0.551141  1.85666  
0.557273  1.8681  
0.540301  1.86346  
0.540735  1.86295  
0.538413  1.87475  
0.53883  1.87413  
0.529057  1.86545  
0.52949  1.86494  
0.518231  1.87223  
0.532046  1.87902  
0.532463  1.8784  
0.530204  1.8903  
0.530604  1.88957  
0.529862  1.89833  
0.521106  1.90173  
0.525229  1.90371  
0.523068  1.91595  
0.514019  1.91878  
0.514444  1.91784  
0.503829  1.92687  
0.498734  1.9262  
0.501829  1.93977  
0.501829  1.93977  
0.504932  1.95334  
0.501829  1.95547  
0.501829  1.95547  
0.498729  1.9576  
0.504954  1.96905  
0.509818  1.97691  
0.511875  1.97091  
0.496556  1.98074  
0.489712  1.98098  
0.489712  1.98098  
0.504319  2.00099  
0.497724  1.99701  
0.481335  1.9974  
0.486875  2.00334  
0.49365  2.01323  
0.494165  2.00331  
0.472218  2.0015  
0.474997  2.0011  
0.482245  2.00117  
0.490779  2.01036  
0.462361  1.98846  
0.462953  1.98722  
0.451408  1.9904  
0.454534  1.99157  
0.453  1.98249  
0.436655  1.97668  
0.440468  1.97537  
0.448212  1.97523  
0.448759  1.97428  
0.432641  1.97877  
0.433234  1.97781  
0.449373  1.9832  
0.456192  1.9934  
0.443819  1.98256  
0.435474  1.98802  
0.451344  1.98632  
0.454405  2.001  
0.454763  1.99989  
0.442595  1.99174  
0.447865  1.99504  
0.450734  1.99062  
0.448638  2.00782  
0.451166  1.99243  
0.451447  1.99155  
0.446234  2.00096  
0.44962  1.99544  
0.447334  1.99511  
0.450576  1.98878  
0.418884  1.9783  
0.430651  1.97659  
0.430256  1.98003  
0.422886  1.98106  
0.438608  1.96671  
0.416261  1.96238  
0.439222  1.97539  
0.435416  1.97169  
0.450993  1.97366  
0.430813  1.96759  
0.437544  1.97804  
0.459883  1.97658  
0.437894  1.969  
0.450347  1.96688  
0.450435  1.96644  
0.448042  1.96697  
0.44813  1.96654  
0.45959  1.98009  
0.459657  1.97956  
0.445497  1.96674  
0.460777  1.96876  
0.460802  1.96837  
0.469672  1.97859  
0.469649  1.9781  
0.452862  1.97221  
0.454871  1.97195  
0.432768  1.96494  
0.449429  1.96229  
0.446729  1.95609  
0.432964  1.95826  
0.439825  1.95424  
0.433686  1.95829  
0.409788  1.94221  
0.409788  1.94221  
0.423771  1.94929  
0.423989  1.94916  
0.420018  1.93543  
0.415001  1.93792  
0.415001  1.93792  
0.422388  1.93349  
0.400275  1.92651  
0.400013  1.92642  
0.420451  1.92886  
0.420451  1.92886  
0.389652  1.90151  
0.389652  1.90151  
0.39377  1.90864  
0.400678  1.9201  
0.382335  1.89933  
0.382571  1.89967  
0.391656  1.90401  
0.391656  1.90401  
0.398516  1.91549  
0.386276  1.9062  
0.386466  1.90646  
0.3759  1.91369  
0.375096  1.91298  
0.386165  1.91085  
0.390258  1.9179  
0.39031  1.91798  
0.390682  1.91863  
0.369191  1.91201  
0.367975  1.91095  
0.367515  1.90381  
0.367975  1.91095  
0.37728  1.91556  
0.356195  1.90966  
0.354974  1.9086  
0.351476  1.91187  
0.349789  1.91102  
0.349555  1.9109  
0.351476  1.91187  
0.359169  1.91573  
0.360013  1.91616  
0.359169  1.91573  
0.360013  1.91616  
0.366658  1.92664  
0.375354  1.93174  
0.375187  1.93093  
0.375354  1.93174  
0.375187  1.93093  
0.364791  1.93297  
0.364452  1.93414  
0.371423  1.94346  
0.371274  1.94555  
0.371423  1.94346  
0.378038  1.95395  
0.376199  1.94784  
0.361547  1.94959  
0.360632  1.95213  
0.361547  1.94959  
0.368171  1.96009  
0.372717  1.9607  
0.379496  1.96839  
0.377634  1.963  
0.384408  1.97068  
0.382527  1.96569  
0.389305  1.97661  
0.396909  1.97274  
0.396817  1.97229  
0.38138  1.97704  
0.38629  1.97934  
0.386292  1.97884  
0.391201  1.98164  
0.391203  1.98114  
0.396113  1.98394  
0.402703  1.99032  
0.402843  1.99477  
0.407612  1.99262  
0.407748  1.99707  
0.412521  1.99493  
0.427524  2.0097  
0.426862  2.00635  
0.432419  2.012  
0.43176  2.00866  
0.437315  2.01431  
0.442212  2.01661  
0.441692  2.01394  
0.44711  2.01892  
0.446461  2.01557  
0.458484  2.03176  
0.463376  2.03407  
0.463043  2.03232  
0.436763  2.03183  
0.434971  2.0291  
0.448143  2.0447  
0.453038  2.04702  
0.451411  2.0451  
0.456371  2.0411  
0.456299  2.0483  
0.457411  2.05607  
0.438034  2.05048  
0.438222  2.04962  
0.459181  2.05602  
0.446702  2.05731  
0.437498  2.05609  
0.439292  2.05716  
0.43948  2.05631  
0.436995  2.06282  
0.42913  2.06248  
0.429384  2.06165  
0.424938  2.06294  
0.429965  2.06528  
0.419168  2.07283  
0.419513  2.0719  
0.443608  2.07971  
0.430279  2.0757  
0.426672  2.07398  
0.421109  2.07905  
0.421417  2.07812  
0.441056  2.08463  
0.42722  2.08424  
0.428588  2.08021  
0.429012  2.08421  
0.425659  2.08243  
0.417647  2.0822  
0.409794  2.08209  
0.405598  2.07988  
0.400053  2.08829  
0.41346  2.07985  
0.428663  2.09519  
0.419196  2.08685  
0.421919  2.09674  
0.422842  2.09966  
0.419009  2.09897  
0.413123  2.10587  
0.424864  2.10424  
0.437154  2.11979  
0.428522  2.11706  
0.434692  2.12255  
0.43487  2.12153  
0.44082  2.13874  
0.437949  2.1394  
0.433288  2.13259  
0.433288  2.13259  
0.452387  2.14196  
0.459124  2.1521  
0.446953  2.15095  
0.459353  2.14891  
0.459433  2.14775  
0.465116  2.16732  
0.443423  2.15895  
0.46718  2.17193  
0.481317  2.17894  
0.481317  2.17894  
0.478321  2.18458  
0.475907  2.18797  
0.494546  2.20119  
0.519151  2.22077  
0.517927  2.22496  
0.53535  2.23615  
0.547154  2.23591  
0.548563  2.24911  
0.557998  2.2614  
0.542715  2.26383  
0.573165  2.28924  
0.572987  2.28707  
0.555771  2.29388  
0.555798  2.29177  
0.551175  2.31927  
0.557817  2.32837  
0.551256  2.35131  
0.557938  2.36015  
0.561137  2.38555  
0.54521  2.39975  
0.552087  2.40826  
0.528195  2.41719  
0.514055  2.40935  
0.507455  2.43032  
0.505688  2.42522  
0.501352  2.42076  
0.482727  2.44276  
0.481039  2.43366  
0.449375  2.43077  
0.447826  2.44067  
0.455629  2.4493  
0.445488  2.45791  
0.445488  2.45791  
0.448149  2.47463  
0.415245  2.47516  
0.421944  2.48674  
0.405212  2.47529  
0.413205  2.48383  
0.387683  2.48368  
0.388956  2.48063  
0.364896  2.46479  
0.359762  2.46688  
0.361121  2.46415  
0.353823  2.45062  
0.368317  2.46169  
0.354993  2.45935  
0.368964  2.45831  
0.353149  2.45059  
0.366641  2.45076  
0.374154  2.44459  
0.381882  2.45363  
0.393869  2.45465  
0.398835  2.44539  
0.3991  2.44733  
0.401414  2.43747  
0.411035  2.43485  
0.436215  2.44132  
0.440845  2.44267  
0.449436  2.45336  
0.464373  2.44602  
0.470196  2.44653  
0.492536  2.45868  
0.492559  2.45686  
0.51904  2.46694  
0.525931  2.47844  
0.529661  2.48443  
0.55122  2.48384  
0.55122  2.48384  
0.580766  2.50017  
0.580433  2.49819  
0.595613  2.50481  
0.597643  2.50355  
0.613039  2.51212  
0.607784  2.52006  
0.606004  2.51095  
0.619555  2.52525  
0.619555  2.52525  
0.615752  2.54036  
0.601146  2.52811  
0.607938  2.53967  
0.584529  2.53381  
0.579623  2.53265  
0.57509  2.54898  
0.548387  2.54275  
0.549511  2.54625  
0.529977  2.54075  
0.526109  2.53647  
0.522982  2.54718  
0.509296  2.53879  
0.492403  2.53394  
0.504291  2.54349  
0.483166  2.5345  
0.477459  2.53155  
0.478342  2.53001  
0.493042  2.53347  
0.487983  2.52592  
0.49498  2.53747  
0.494228  2.5402  
0.494228  2.5402  
0.48582  2.53277  
0.51206  2.55221  
0.5129  2.55255  
0.512406  2.5648  
0.519223  2.56188  
0.510741  2.57068  
0.507057  2.57181  
0.510647  2.58049  
0.525231  2.58328  
0.534718  2.59485  
0.526788  2.59703  
0.531873  2.5995  
0.532838  2.59976  
0.554047  2.60475  
0.554047  2.60475  
0.566051  2.60506  
0.566051  2.60506  
0.575111  2.61019  
0.568608  2.59342  
0.568762  2.59195  
0.593325  2.60049  
0.580722  2.59366  
0.586362  2.58455  
0.581654  2.57994  
0.581765  2.57876  
0.579363  2.573  
0.579497  2.57193  
0.575385  2.56882  
0.57499  2.5711  
