-0.419664  -0.0467691  0.150592
-0.419664  -0.0467691  0.150592
-0.419664  -0.046463  0.150555
-0.419664  -0.046432  0.150544
-0.419664  -0.0459294  0.15055
-0.419664  -0.0458951  0.150567
-0.419664  -0.045355  0.150981
-0.419664  -0.0448145  0.151118
-0.419664  -0.044749  0.151124
-0.419664  -0.043915  0.151301
-0.419664  -0.0438739  0.15135
-0.419664  -0.0431211  0.151797
-0.419664  -0.0424823  0.151934
-0.419664  -0.0424374  0.151957
-0.419664  -0.0416186  0.152162
-0.419664  -0.0415598  0.152166
-0.419664  -0.0409173  0.152449
-0.419664  -0.0405268  0.152656
-0.419664  -0.0404679  0.15266
-0.419664  -0.039939  0.153027
-0.419664  -0.0399112  0.153041
-0.419664  -0.039392  0.153407
-0.419664  -0.0393538  0.153427
-0.419664  -0.038955  0.153924
-0.419664  -0.0387394  0.154349
-0.419664  -0.0387116  0.154393
-0.419664  -0.0384463  0.154986
-0.419664  -0.0384288  0.155024
-0.419664  -0.0382074  0.155676
-0.419664  -0.0380519  0.156153
-0.419664  -0.0380586  0.156233
-0.419664  -0.037789  0.156939
-0.419664  -0.0377713  0.156977
-0.419664  -0.0375556  0.15779
-0.419664  -0.0373969  0.158321
-0.419664  -0.0373824  0.158385
-0.419664  -0.0371231  0.159052
-0.419664  -0.0371084  0.159116
-0.419664  -0.0368852  0.159928
-0.419664  -0.0366958  0.160445
-0.419664  -0.0366777  0.160483
-0.419664  -0.0363858  0.161219
-0.419664  -0.0363675  0.161257
-0.419664  -0.0361758  0.162076
-0.419664  -0.0360015  0.162608
-0.419664  -0.0359863  0.162672
-0.419664  -0.0357554  0.163371
-0.419664  -0.0357401  0.163434
-0.419664  -0.035543  0.164169
-0.419664  -0.0353639  0.164646
-0.419664  -0.0353453  0.164684
-0.419664  -0.0351199  0.165321
-0.419664  -0.0351152  0.165378
-0.419664  -0.0348779  0.166022
-0.419664  -0.0346687  0.166461
-0.419664  -0.0346399  0.166476
-0.419664  -0.0344087  0.167087
-0.419664  -0.0344039  0.167144
-0.419664  -0.0341437  0.167718
-0.419664  -0.0339785  0.168049
-0.419664  -0.0339705  0.168081
-0.419664  -0.033753  0.168629
-0.419664  -0.033748  0.168686
-0.419664  -0.0335428  0.169146
-0.419664  -0.0334083  0.169487
-0.419664  -0.0334003  0.169519
-0.419664  -0.0332262  0.169989
-0.419664  -0.0332181  0.17002
-0.419664  -0.0330738  0.170446
-0.419664  -0.0329575  0.170749
-0.419664  -0.0329494  0.170781
-0.419664  -0.0328142  0.171229
-0.419664  -0.0327851  0.171244
-0.419664  -0.0326519  0.171611
-0.419664  -0.0325402  0.171857
-0.419664  -0.032532  0.171889
-0.419664  -0.0324065  0.172223
-0.419664  -0.0323983  0.172255
-0.419664  -0.0322627  0.172567
-0.419664  -0.0321826  0.172823
-0.419664  -0.0321854  0.172848
-0.419664  -0.0320466  0.173135
-0.419664  -0.0320494  0.17316
-0.419664  -0.0319187  0.173415
-0.419664  -0.0318703  0.173682
-0.419664  -0.0318731  0.173707
-0.419664  -0.0317602  0.173953
-0.419664  -0.0317308  0.173968
-0.419664  -0.031657  0.174222
-0.419664  -0.0315998  0.174413
-0.419664  -0.0316026  0.174438
-0.419664  -0.0315285  0.174693
-0.419664  -0.0314991  0.174708
-0.419664  -0.0314543  0.174947
-0.419664  -0.031415  0.175129
-0.419664  -0.031415  0.175129
-0.419664  -0.0313588  0.175375
-0.419664  -0.0313588  0.175375
-0.419664  -0.0313236  0.175637
-0.419664  -0.0312926  0.175788
-0.419664  -0.0312841  0.17582
-0.419664  -0.0312235  0.175986
-0.419664  -0.0312151  0.176017
-0.419664  -0.031202  0.176267
-0.419664  -0.0311821  0.176411
-0.419664  -0.0311638  0.17642
-0.419664  -0.0311268  0.176627
-0.419664  -0.0311296  0.176652
-0.419664  -0.0311065  0.176878
-0.419664  -0.0311005  0.177041
-0.419664  -0.0310892  0.177048
-0.419664  -0.0310886  0.177261
-0.419664  -0.03108  0.177292
-0.419664  -0.0310793  0.177506
-0.419664  -0.0310844  0.177662
-0.419664  -0.0310844  0.177662
-0.419664  -0.0311088  0.177887
-0.419664  -0.0311115  0.177912
-0.419664  -0.0311036  0.178127
-0.419664  -0.0311338  0.178295
-0.419664  -0.0311338  0.178295
-0.419664  -0.0311536  0.178547
-0.419664  -0.0311563  0.178572
-0.419664  -0.0311523  0.178782
-0.419664  -0.0311639  0.178959
-0.419664  -0.0311778  0.178978
-0.419664  -0.0311579  0.179221
-0.419664  -0.0311718  0.179239
-0.419664  -0.0311631  0.179476
-0.419664  -0.0311323  0.17962
-0.419664  -0.0311139  0.179628
-0.419664  -0.0310793  0.179875
-0.419664  -0.0310793  0.179875
-0.419664  -0.0310043  0.180037
-0.419664  -0.0309549  0.180189
-0.419664  -0.0309365  0.180197
-0.419664  -0.0308743  0.180484
-0.419664  -0.0308769  0.180509
-0.419664  -0.0307882  0.180729
-0.419664  -0.0307225  0.180914
-0.419664  -0.0307251  0.180939
-0.419664  -0.0306089  0.181198
-0.419664  -0.0306114  0.181223
-0.419664  -0.0304677  0.181522
-0.419664  -0.0303718  0.181722
-0.419664  -0.0303533  0.18173
-0.419664  -0.0302301  0.182046
-0.419664  -0.0302141  0.182079
-0.419664  -0.0300769  0.182376
-0.419664  -0.0299716  0.182606
-0.419664  -0.0299531  0.182614
-0.419664  -0.0297733  0.182878
-0.419664  -0.0297757  0.182903
-0.419664  -0.0296103  0.183239
-0.419664  -0.0294722  0.18346
-0.419664  -0.029456  0.183493
-0.419664  -0.0292788  0.183835
-0.419664  -0.0292836  0.183885
-0.419664  -0.0290972  0.184258
-0.419664  -0.0290028  0.184535
-0.419664  -0.0289753  0.184575
-0.419664  -0.0288116  0.184989
-0.419664  -0.0287929  0.184998
-0.419664  -0.0286363  0.18541
-0.419664  -0.0285  0.185708
-0.419664  -0.02847  0.185723
-0.419664  -0.0283225  0.186157
-0.419664  -0.0282925  0.186172
-0.419664  -0.0281333  0.186613
-0.419664  -0.0281032  0.186628
-0.419664  -0.0279534  0.187091
-0.419664  -0.0278333  0.18741
-0.419664  -0.0278055  0.187449
-0.419664  -0.0276572  0.187937
-0.419664  -0.0276481  0.187968
-0.419664  -0.027479  0.188493
-0.419664  -0.02737  0.188858
-0.419664  -0.0273631  0.188914
-0.419664  -0.0271751  0.189371
-0.419664  -0.0271795  0.18942
-0.419664  -0.0269939  0.189956
-0.419664  -0.0269869  0.190012
-0.419664  -0.0268212  0.190509
-0.419664  -0.0266973  0.190856
-0.419664  -0.0266881  0.190887
-0.419664  -0.0265086  0.191421
-0.419664  -0.0265015  0.191476
-0.419664  -0.0263138  0.192011
-0.419664  -0.0261911  0.192382
-0.419664  -0.0261839  0.192438
-0.419664  -0.0259703  0.192961
-0.419664  -0.0259631  0.193017
-0.419664  -0.0257143  0.193506
-0.419664  -0.0255121  0.193894
-0.419664  -0.0254722  0.19394
-0.419664  -0.0252305  0.194527
-0.419664  -0.0252096  0.194565
-0.419664  -0.0249747  0.19515
-0.419664  -0.0249461  0.195189
-0.419664  -0.0247376  0.195809
-0.419664  -0.0247301  0.195865
-0.419664  -0.0245188  0.19646
-0.419664  -0.0243432  0.196907
-0.419664  -0.0243336  0.196938
-0.419664  -0.0241211  0.197533
-0.419664  -0.0241115  0.197564
-0.419664  -0.0239196  0.198122
-0.419664  -0.0237926  0.198545
-0.419664  -0.0237637  0.198584
-0.419664  -0.0235514  0.199203
-0.419664  -0.0235436  0.199258
-0.419664  -0.0233422  0.19987
-0.419664  -0.0233344  0.199925
-0.419664  -0.0231341  0.20056
-0.419664  -0.0229977  0.200984
-0.419664  -0.0229898  0.20104
-0.419664  -0.0227654  0.201634
-0.419664  -0.022638  0.202027
-0.419664  -0.0226282  0.202058
-0.419664  -0.0223968  0.202678
-0.419664  -0.0223887  0.202733
-0.419664  -0.0221683  0.203346
-0.419664  -0.0220276  0.203842
-0.419664  -0.0220194  0.203897
-0.419664  -0.0218031  0.204581
-0.419664  -0.0217949  0.204636
-0.419664  -0.021553  0.205256
-0.419664  -0.0213631  0.205647
-0.419664  -0.0213336  0.205686
-0.419664  -0.0210616  0.206291
-0.419664  -0.0210516  0.206322
-0.419664  -0.0207865  0.206925
-0.419664  -0.0205986  0.207364
-0.419664  -0.0205902  0.207418
-0.419664  -0.0202873  0.208138
-0.419664  -0.0202576  0.208177
-0.419664  -0.0199953  0.208851
-0.419664  -0.0199639  0.208866
-0.419664  -0.0196857  0.209498
-0.419664  -0.0194957  0.209936
-0.419664  -0.0194658  0.209975
-0.419664  -0.0191862  0.210606
-0.419664  -0.0191563  0.210645
-0.419664  -0.0188366  0.211293
-0.419664  -0.0188278  0.211347
-0.419664  -0.0185481  0.212002
-0.419664  -0.0183653  0.212461
-0.419664  -0.0183352  0.2125
-0.419664  -0.0180511  0.213106
-0.419664  -0.0180422  0.213161
-0.419664  -0.0177574  0.213767
-0.419664  -0.0175731  0.214226
-0.419664  -0.0175641  0.21428
-0.419664  -0.0172887  0.214932
-0.419664  -0.0172797  0.214986
-0.419664  -0.0170276  0.2157
-0.419664  -0.0168391  0.216188
-0.419664  -0.0168299  0.216242
-0.419664  -0.0165722  0.216884
-0.419664  -0.016563  0.216939
-0.419664  -0.0162912  0.217564
-0.419664  -0.0161119  0.218021
-0.419664  -0.0161025  0.218075
-0.419664  -0.0158521  0.218739
-0.419664  -0.0158427  0.218793
-0.419664  -0.0155915  0.219457
-0.419664  -0.0153559  0.219965
-0.419664  -0.0153464  0.220019
-0.419664  -0.0150579  0.220627
-0.419664  -0.0150484  0.220681
-0.419664  -0.0147604  0.221313
-0.419664  -0.0145527  0.221758
-0.419664  -0.014531  0.22182
-0.419664  -0.0142508  0.222473
-0.419664  -0.0142291  0.222534
-0.419664  -0.0139372  0.223218
-0.419664  -0.0139062  0.223256
-0.419664  -0.0136457  0.223925
-0.419664  -0.0134347  0.224346
-0.419664  -0.0134115  0.224384
-0.419664  -0.0130717  0.225066
-0.419664  -0.0130607  0.225097
-0.419664  -0.01275  0.225717
-0.419664  -0.0125131  0.226154
-0.419664  -0.012502  0.226184
-0.419664  -0.0121788  0.226835
-0.419664  -0.0121566  0.226896
-0.419664  -0.0118448  0.227539
-0.419664  -0.0116164  0.228021
-0.419664  -0.011585  0.228059
-0.419664  -0.0112707  0.228679
-0.419664  -0.0112595  0.228709
-0.419664  -0.0109589  0.229368
-0.419664  -0.0107435  0.229789
-0.419664  -0.0107333  0.229842
-0.419664  -0.0104427  0.23047
-0.419664  -0.0104111  0.230508
-0.419664  -0.0101715  0.231152
-0.419664  -0.00997022  0.231634
-0.419664  -0.00995986  0.231688
-0.419664  -0.00970463  0.232292
-0.419664  -0.00967285  0.23233
-0.419664  -0.00945626  0.232958
-0.419664  -0.00929793  0.233393
-0.419664  -0.00926607  0.233432
-0.419664  -0.00903504  0.234043
-0.419664  -0.00900313  0.234081
-0.419664  -0.008752  0.234723
-0.419664  -0.00858546  0.235181
-0.419664  -0.00855347  0.235219
-0.419664  -0.00830303  0.235906
-0.419664  -0.00828346  0.235937
-0.419664  -0.00804299  0.236569
-0.419664  -0.00801089  0.236607
-0.419664  -0.00775726  0.237247
-0.419664  -0.00773762  0.237278
-0.419664  -0.00749413  0.237864
-0.419664  -0.00730401  0.238305
-0.419664  -0.00727178  0.238343
-0.419664  -0.00698614  0.238944
-0.419664  -0.00697526  0.238997
-0.419664  -0.00668816  0.239575
-0.419664  -0.00648265  0.239977
-0.419664  -0.00646284  0.240008
-0.419664  -0.00616944  0.240569
-0.419664  -0.00613702  0.240607
-0.419664  -0.0058556  0.241161
-0.419664  -0.00562603  0.241503
-0.419664  -0.00561496  0.241556
-0.419664  -0.00529933  0.242125
-0.419664  -0.00528821  0.242177
-0.419664  -0.00493553  0.242814
-0.419664  -0.00490293  0.242852
-0.419664  -0.00458668  0.243443
-0.419664  -0.00434436  0.243836
-0.419664  -0.00433311  0.243889
-0.419664  -0.00402318  0.244457
-0.419664  -0.0040112  0.244487
-0.419664  -0.00373413  0.245039
-0.419664  -0.00353354  0.245462
-0.419664  -0.00352217  0.245515
-0.419664  -0.00324547  0.246111
-0.419664  -0.00323341  0.246141
-0.419664  -0.00298966  0.246722
-0.419664  -0.00277586  0.247174
-0.419664  -0.00276438  0.247227
-0.419664  -0.00251969  0.247807
-0.419664  -0.00250817  0.247859
-0.419664  -0.00229716  0.248446
-0.419664  -0.00209378  0.248845
-0.419664  -0.00208219  0.248898
-0.419664  -0.00183259  0.249529
-0.419664  -0.00182095  0.249582
-0.419664  -0.0015574  0.250198
-0.419664  -0.00137441  0.250612
-0.419664  -0.00134067  0.250627
-0.419664  -0.00108897  0.251235
-0.419664  -0.00105574  0.251273
-0.419664  -0.000780919  0.251821
-0.419664  -0.000575922  0.252242
-0.419664  -0.000563593  0.252272
-0.419664  -0.000288901  0.252864
-0.419664  -0.000255548  0.252902
-0.419664  4.02454e-05  0.253524
-0.419664  0.000259243  0.253952
-0.419664  0.000271174  0.254004
-0.419664  0.000590452  0.254566
-0.419664  0.000624396  0.254582
-0.419664  0.000968731  0.255226
-0.419664  0.000980751  0.255278
-0.419664  0.00130604  0.255848
-0.419664  0.00154005  0.256261
-0.419664  0.00156509  0.256321
-0.419664  0.00186948  0.256927
-0.419664  0.00190314  0.256965
-0.419664  0.00222114  0.257579
-0.419664  0.00245637  0.257991
-0.419664  0.00246858  0.258043
-0.419664  0.00280997  0.258598
-0.419664  0.00282222  0.25865
-0.419664  0.00315045  0.259241
-0.419664  0.00337382  0.259645
-0.419664  0.00339918  0.259705
-0.419664  0.0037288  0.260273
-0.419664  0.00374117  0.260325
-0.419664  0.00404949  0.26093
-0.419664  0.0043083  0.261348
-0.419664  0.00432074  0.2614
-0.419664  0.00465664  0.261999
-0.419664  0.00469068  0.262036
-0.419664  0.00502756  0.262612
-0.419664  0.00524508  0.263016
-0.419664  0.00527078  0.263076
-0.419664  0.00559554  0.263644
-0.419664  0.00560813  0.263695
-0.419664  0.00591192  0.264277
-0.419664  0.00614321  0.264732
-0.419664  0.00619065  0.264778
-0.419664  0.00652086  0.265463
-0.419664  0.00653356  0.265514
-0.419664  0.00683928  0.266074
-0.419664  0.00685202  0.266126
-0.419664  0.00714972  0.266729
-0.419664  0.0071625  0.266781
-0.419664  0.00749638  0.267313
-0.419664  0.00772223  0.267725
-0.419664  0.00773508  0.267776
-0.419664  0.00803504  0.268315
-0.419664  0.00806125  0.268375
-0.419664  0.00834802  0.268948
-0.419664  0.00857483  0.269381
-0.419664  0.00858778  0.269432
-0.419664  0.00885388  0.270019
-0.419664  0.00886706  0.270049
-0.419664  0.00918227  0.270617
-0.419664  0.00938344  0.271033
-0.419664  0.00941007  0.271071
-0.419664  0.00971285  0.27163
-0.419664  0.00974775  0.271646
-0.419664  0.0100511  0.272205
-0.419664  0.0102804  0.272615
-0.419664  0.0102937  0.272645
-0.419664  0.0106328  0.273241
-0.419664  0.0106595  0.273301
-0.419664  0.0109591  0.273807
-0.419664  0.0109724  0.273858
-0.419664  0.0112996  0.274381
-0.419664  0.0115118  0.274688
-0.419664  0.0115252  0.274718
-0.419664  0.0118396  0.275253
-0.419664  0.0118529  0.275305
-0.419664  0.0121817  0.275784
-0.419664  0.0124081  0.276164
-0.419664  0.0124216  0.276193
-0.419664  0.0127374  0.276729
-0.419664  0.0127644  0.276788
-0.419664  0.013108  0.277319
-0.419664  0.0133274  0.277721
-0.419664  0.0133408  0.277772
-0.419664  0.0136364  0.2783
-0.419664  0.0136637  0.278338
-0.419664  0.0139599  0.278823
-0.419664  0.0141667  0.279173
-0.419664  0.014194  0.279211
-0.419664  0.0144772  0.279709
-0.419664  0.0144909  0.279739
-0.419664  0.0148021  0.280232
-0.419664  0.0150097  0.280582
-0.419664  0.0150234  0.280612
-0.419664  0.0153708  0.281142
-0.419664  0.0153846  0.281172
-0.419664  0.0157246  0.281746
-0.419664  0.0157383  0.281776
-0.419664  0.0160869  0.282306
-0.419664  0.0161007  0.282336
-0.419664  0.0164143  0.28285
-0.419664  0.0166592  0.283173
-0.419664  0.016673  0.283203
-0.419664  0.0169735  0.283687
-0.419664  0.0170013  0.283747
-0.419664  0.017324  0.284217
-0.419664  0.0173379  0.284247
-0.419664  0.0176394  0.284731
-0.419664  0.017836  0.285072
-0.419664  0.0178717  0.285088
-0.419664  0.0181461  0.285576
-0.419664  0.018174  0.285635
-0.419664  0.0184845  0.286139
-0.419664  0.0187316  0.286504
-0.419664  0.0187456  0.286534
-0.419664  0.0190849  0.287096
-0.419664  0.0191207  0.287112
-0.419664  0.0194324  0.287594
-0.419664  0.0194682  0.28761
-0.419664  0.0197805  0.288113
-0.419664  0.0200008  0.28846
-0.419664  0.0200367  0.288497
-0.419664  0.0203573  0.288956
-0.419664  0.0203715  0.288986
-0.419664  0.0207067  0.289496
-0.419664  0.0209496  0.289808
-0.419664  0.0209638  0.289858
-0.419664  0.0212996  0.290326
-0.419664  0.0213139  0.290377
-0.419664  0.0216502  0.290844
-0.419664  0.0219002  0.291167
-0.419664  0.0219363  0.291203
-0.419664  0.0222796  0.29164
-0.419664  0.0222939  0.29169
-0.419664  0.0226379  0.292189
-0.419664  0.0228747  0.292503
-0.419664  0.0229108  0.292518
-0.419664  0.0232338  0.293031
-0.419664  0.0232699  0.293047
-0.419664  0.0235868  0.293527
-0.419664  0.0238169  0.293864
-0.419664  0.0238313  0.293914
-0.419664  0.0241918  0.294442
-0.419664  0.024228  0.294458
-0.419664  0.0245671  0.294979
-0.419664  0.0246033  0.294995
-0.419664  0.0249645  0.29546
-0.419664  0.0252177  0.295783
-0.419664  0.0252466  0.295842
-0.419664  0.0255946  0.29634
-0.419664  0.0256309  0.296356
-0.419664  0.0260012  0.29684
-0.419664  0.0262633  0.297202
-0.419664  0.0262778  0.297232
-0.419664  0.0266566  0.297714
-0.419664  0.0266712  0.297744
-0.419664  0.0270143  0.298251
-0.419664  0.0273137  0.298629
-0.419664  0.0273285  0.298679
-0.419664  0.027482  0.298856
-0.419664  0.0278335  0.299341
-0.419664  0.0281041  0.299618
-0.419664  0.0281189  0.299668
-0.419664  0.0285442  0.300184
-0.419664  0.028559  0.300234
-0.419664  0.0289701  0.30072
-0.419664  0.028985  0.30077
-0.419664  0.0293609  0.301322
-0.419664  0.0296554  0.301687
-0.419664  0.0296923  0.301724
-0.419664  0.0300908  0.302262
-0.419664  0.0301276  0.302298
-0.419664  0.0305114  0.302765
-0.419664  0.030777  0.303051
-0.419664  0.0308139  0.303087
-0.419664  0.0311835  0.303525
-0.419664  0.0312351  0.30357
-0.419664  0.0316264  0.303953
-0.419664  0.0318859  0.304302
-0.419664  0.0319227  0.304318
-0.419664  0.032286  0.304777
-0.419664  0.0323011  0.304827
-0.419664  0.0327016  0.305302
-0.419664  0.0327168  0.305352
-0.419664  0.033118  0.305847
-0.419664  0.0333927  0.306164
-0.419664  0.0334079  0.306214
-0.419664  0.0338089  0.306648
-0.419664  0.03407  0.306996
-0.419664  0.0341069  0.307011
-0.419664  0.0345011  0.307448
-0.419664  0.0345383  0.307484
-0.419664  0.0349038  0.307922
-0.419664  0.0349408  0.307938
-0.419664  0.035285  0.308409
-0.419664  0.0355618  0.308766
-0.419664  0.035592  0.308825
-0.419664  0.0359662  0.30928
-0.419664  0.0362436  0.309636
-0.419664  0.0362809  0.309672
-0.419664  0.0366851  0.310125
-0.419664  0.0367005  0.310175
-0.419664  0.0371274  0.310634
-0.419664  0.0374271  0.310956
-0.419664  0.0374426  0.311006
-0.419664  0.0379292  0.311468
-0.419664  0.0379447  0.311517
-0.419664  0.0383954  0.312003
-0.419664  0.0384329  0.312039
-0.419664  0.0388691  0.312515
-0.419664  0.0388847  0.312564
-0.419664  0.039328  0.312997
-0.419664  0.0396216  0.313307
-0.419664  0.0396588  0.313323
-0.419664  0.0400588  0.313783
-0.419664  0.0403528  0.314092
-0.419664  0.0403901  0.314108
-0.419664  0.0407828  0.314535
-0.419664  0.0408055  0.314561
-0.419664  0.0412134  0.314998
-0.419664  0.0414935  0.315317
-0.419664  0.0415312  0.315353
-0.419664  0.0419766  0.315784
-0.419664  0.0420143  0.31582
-0.419664  0.0424154  0.316239
-0.419664  0.0427042  0.316589
-0.419664  0.0427415  0.316605
-0.419664  0.043174  0.317081
-0.419664  0.0431899  0.31713
-0.419664  0.0436004  0.3176
-0.419664  0.0438895  0.31793
-0.419664  0.0439274  0.317966
-0.419664  0.0443385  0.318435
-0.419664  0.0446431  0.318774
-0.419664  0.044681  0.31881
-0.419664  0.0451075  0.319268
-0.419664  0.0451454  0.319304
-0.419664  0.0455787  0.31972
-0.419664  0.0458836  0.320039
-0.419664  0.0459216  0.320075
-0.419664  0.0463491  0.320533
-0.419664  0.0463866  0.320548
-0.419664  0.046882  0.321021
-0.419664  0.0472195  0.321418
-0.419664  0.0472571  0.321434
-0.419664  0.0477019  0.32194
-0.419664  0.0477328  0.321979
-0.419664  0.0481629  0.322475
-0.419664  0.048201  0.32251
-0.419664  0.0486306  0.322967
-0.419664  0.0489374  0.323286
-0.419664  0.0489536  0.323334
-0.419664  0.0494068  0.323817
-0.419664  0.0494445  0.323833
-0.419664  0.0498676  0.324296
-0.419664  0.050167  0.324601
-0.419664  0.0502053  0.324637
-0.419664  0.0506764  0.325186
-0.419664  0.0507147  0.325221
-0.419664  0.051149  0.325774
-0.419664  0.0511873  0.325809
-0.419664  0.0516424  0.32629
-0.419664  0.0520119  0.326649
-0.419664  0.0520277  0.326678
-0.419664  0.0525061  0.327165
-0.419664  0.0525445  0.3272
-0.419664  0.053099  0.327719
-0.419664  0.0531149  0.327748
-0.419664  0.0536007  0.328211
-0.419664  0.0536392  0.328246
-0.419664  0.0541573  0.328768
-0.419664  0.0545502  0.329112
-0.419664  0.0545662  0.329141
-0.419664  0.0550904  0.329601
-0.419664  0.055129  0.329636
-0.419664  0.0556798  0.330195
-0.419664  0.0557178  0.330211
-0.419664  0.0562681  0.330731
-0.419664  0.0566397  0.331069
-0.419664  0.0566938  0.331113
-0.419664  0.0572519  0.33163
-0.419664  0.0572686  0.331677
-0.419664  0.0578187  0.33218
-0.419664  0.0581917  0.332536
-0.419664  0.0582079  0.332565
-0.419664  0.058698  0.333045
-0.419664  0.0587367  0.33308
-0.419664  0.0592416  0.333531
-0.419664  0.0592803  0.333566
-0.419664  0.059755  0.334016
-0.419664  0.060081  0.334305
-0.419664  0.0601348  0.33433
-0.419664  0.0606424  0.334838
-0.419664  0.0606813  0.334872
-0.419664  0.0612432  0.335405
-0.419664  0.0612601  0.335453
-0.419664  0.0617843  0.335969
-0.419664  0.0621764  0.336371
-0.419664  0.0622147  0.336387
-0.419664  0.0627547  0.336893
-0.419664  0.0627717  0.336941
-0.419664  0.0632568  0.337384
-0.419664  0.0632951  0.337399
-0.419664  0.0637825  0.337898
-0.419664  0.0638215  0.337933
-0.419664  0.064286  0.338407
-0.419664  0.0643408  0.338451
-0.419664  0.064818  0.33888
-0.419664  0.065162  0.339176
-0.419664  0.0651948  0.339233
-0.419664  0.0656829  0.339712
-0.419664  0.0657213  0.339728
-0.419664  0.0662256  0.340216
-0.419664  0.0666244  0.340537
-0.419664  0.0666416  0.340584
-0.419664  0.0671752  0.341056
-0.419664  0.0672144  0.34109
-0.419664  0.0677477  0.341543
-0.419664  0.0681533  0.341841
-0.419664  0.0681925  0.341875
-0.419664  0.0687311  0.342267
-0.419664  0.0687922  0.342289
-0.419664  0.0693318  0.342699
-0.419664  0.0697539  0.343007
-0.419664  0.0697712  0.343054
-0.419664  0.0703286  0.343511
-0.419664  0.0703678  0.343545
-0.419664  0.0709036  0.344014
-0.419664  0.0709422  0.34403
-0.419664  0.0714724  0.344521
-0.419664  0.0718895  0.344851
-0.419664  0.0719289  0.344885
-0.419664  0.0724802  0.345326
-0.419664  0.0725196  0.34536
-0.419664  0.0730333  0.345804
-0.419664  0.0734118  0.346099
-0.419664  0.0734511  0.346133
-0.419664  0.073964  0.346539
-0.419664  0.0740034  0.346574
-0.419664  0.0745173  0.346998
-0.419664  0.0749139  0.347339
-0.419664  0.0749527  0.347355
-0.419664  0.0754517  0.347787
-0.419664  0.0754686  0.347815
-0.419664  0.0759994  0.348249
-0.419664  0.0763748  0.348602
-0.419664  0.0764143  0.348636
-0.419664  0.0769393  0.349074
-0.419664  0.0769569  0.34912
-0.419664  0.077445  0.349579
-0.419664  0.0777823  0.349915
-0.419664  0.077838  0.349959
-0.419664  0.0782885  0.350419
-0.419664  0.0783062  0.350465
-0.419664  0.0787732  0.350935
-0.419664  0.0790935  0.351224
-0.419664  0.0791331  0.351258
-0.419664  0.0795929  0.351696
-0.419664  0.0796325  0.351729
-0.419664  0.0800834  0.35217
-0.419664  0.0801231  0.352204
-0.419664  0.0806239  0.352693
-0.419664  0.0809565  0.353032
-0.419664  0.0809961  0.353066
-0.419664  0.0814595  0.353557
-0.419664  0.0814936  0.353613
-0.419664  0.0819417  0.354111
-0.419664  0.0819807  0.354127
-0.419664  0.0824495  0.354576
-0.419664  0.0828042  0.354885
-0.419664  0.0828596  0.354911
-0.419664  0.0833275  0.355324
-0.419664  0.083383  0.35535
-0.419664  0.0838881  0.355726
-0.419664  0.0842578  0.355991
-0.419664  0.0842976  0.356024
-0.419664  0.084826  0.356405
-0.419664  0.0848815  0.356431
-0.419664  0.0854425  0.356815
-0.419664  0.0858762  0.357137
-0.419664  0.085916  0.35717
-0.419664  0.0864634  0.357596
-0.419664  0.0865026  0.357612
-0.419664  0.0870677  0.358066
-0.419664  0.087085  0.358094
-0.419664  0.0875986  0.358465
-0.419664  0.0876377  0.35848
-0.419664  0.0881516  0.35885
-0.419664  0.0885294  0.35911
-0.419664  0.0885693  0.359143
-0.419664  0.089049  0.359457
-0.419664  0.0890882  0.359473
-0.419664  0.0896022  0.359825
-0.419664  0.0899594  0.360114
-0.419664  0.0899993  0.360148
-0.419664  0.0905042  0.360562
-0.419664  0.0905601  0.360588
-0.419664  0.0910705  0.36098
-0.419664  0.0914277  0.361252
-0.419664  0.0914677  0.361285
-0.419664  0.0919721  0.361664
-0.419664  0.0920114  0.36168
-0.419664  0.0925191  0.361984
-0.419664  0.0928594  0.362228
-0.419664  0.0929156  0.362254
-0.419664  0.0933859  0.362577
-0.419664  0.0934421  0.362603
-0.419664  0.0939295  0.362937
-0.419664  0.0942866  0.363174
-0.419664  0.094321  0.363212
-0.419664  0.0948428  0.363566
-0.419664  0.0948822  0.363582
-0.419664  0.0953882  0.363944
-0.419664  0.095758  0.364213
-0.419664  0.0957756  0.364241
-0.419664  0.0962605  0.364615
-0.419664  0.096295  0.364653
-0.419664  0.0967457  0.364988
-0.419664  0.0971035  0.365207
-0.419664  0.0971381  0.365246
-0.419664  0.0975872  0.365529
-0.419664  0.0976049  0.365557
-0.419664  0.0980536  0.365823
-0.419664  0.0984242  0.366075
-0.419664  0.0984631  0.366073
-0.419664  0.0989649  0.366406
-0.419664  0.0990045  0.366421
-0.419664  0.0994672  0.366738
-0.419664  0.0995238  0.366764
-0.419664  0.0999869  0.367081
-0.419664  0.10032  0.367335
-0.419664  0.100338  0.367362
-0.419664  0.100785  0.367686
-0.419664  0.100803  0.367714
-0.419664  0.101267  0.36803
-0.419664  0.101565  0.368246
-0.419664  0.101583  0.368274
-0.419664  0.102088  0.368606
-0.419664  0.102105  0.368617
-0.419664  0.10261  0.368949
-0.419664  0.102645  0.368987
-0.419664  0.103093  0.369294
-0.419664  0.103111  0.369304
-0.419664  0.103581  0.369598
-0.419664  0.103898  0.369825
-0.419664  0.103938  0.36984
-0.419664  0.104409  0.370135
-0.419664  0.104426  0.370145
-0.419664  0.104885  0.370406
-0.419664  0.105208  0.370627
-0.419664  0.105265  0.370653
-0.419664  0.105686  0.370933
-0.419664  0.105726  0.370949
-0.419664  0.106185  0.37121
-0.419664  0.106511  0.371374
-0.419664  0.106529  0.371402
-0.419664  0.107007  0.371673
-0.419664  0.107047  0.371689
-0.419664  0.107467  0.371952
-0.419664  0.107795  0.372133
-0.419664  0.107835  0.372148
-0.419664  0.108261  0.372388
-0.419664  0.108279  0.372416
-0.419664  0.108705  0.372673
-0.419664  0.109016  0.372843
-0.419664  0.109056  0.372859
-0.419664  0.109487  0.373093
-0.419664  0.109527  0.373109
-0.419664  0.109935  0.373338
-0.419664  0.110225  0.373538
-0.419664  0.110265  0.373553
-0.419664  0.110634  0.373767
-0.419664  0.110674  0.373783
-0.419664  0.111066  0.374001
-0.419664  0.111338  0.37419
-0.419664  0.111378  0.374205
-0.419664  0.111765  0.37443
-0.419664  0.111805  0.374445
-0.419664  0.112154  0.374688
-0.419664  0.112448  0.374847
-0.419664  0.112465  0.374858
-0.419664  0.1128  0.37505
-0.419664  0.11284  0.375066
-0.419664  0.11317  0.375263
-0.419664  0.113188  0.375291
-0.419664  0.113502  0.375512
-0.419664  0.113734  0.375668
-0.419664  0.113757  0.375672
-0.419664  0.114105  0.375898
-0.419664  0.114105  0.375898
-0.419664  0.114418  0.376101
-0.419664  0.114437  0.376129
-0.419664  0.11475  0.376333
-0.419664  0.115004  0.37646
-0.419664  0.115022  0.376487
-0.419664  0.115334  0.376657
-0.419664  0.115374  0.376673
-0.419664  0.115687  0.376843
-0.419664  0.115901  0.376971
-0.419664  0.115941  0.37697
-0.419664  0.116253  0.377123
-0.419664  0.116292  0.377122
-0.419664  0.116622  0.377286
-0.419664  0.116858  0.377402
-0.419664  0.116898  0.377417
-0.419664  0.117251  0.377603
-0.419664  0.117269  0.377614
-0.419664  0.117625  0.37776
-0.419664  0.117862  0.377876
-0.419664  0.117901  0.377875
-0.419664  0.118196  0.378017
-0.419664  0.118236  0.378033
-0.419664  0.118531  0.378175
-0.419664  0.118767  0.378275
-0.419664  0.118785  0.378302
-0.419664  0.119079  0.378428
-0.419664  0.119119  0.378427
-0.419664  0.119413  0.378552
-0.419664  0.119649  0.378652
-0.419664  0.119668  0.378679
-0.419664  0.120002  0.37882
-0.419664  0.120002  0.37882
-0.419664  0.120315  0.378974
-0.419664  0.120333  0.378984
-0.419664  0.120628  0.379127
-0.419664  0.12065  0.379115
-0.419664  0.120963  0.379268
-0.419664  0.121181  0.37934
-0.419664  0.121221  0.379356
-0.419664  0.121498  0.379487
-0.419664  0.121538  0.379486
-0.419664  0.121855  0.379617
-0.419664  0.122091  0.379716
-0.419664  0.122132  0.379732
-0.419664  0.122488  0.379845
-0.419664  0.12251  0.379849
-0.419664  0.122826  0.379963
-0.419664  0.122849  0.379968
-0.419664  0.123165  0.380082
-0.419664  0.123406  0.380159
-0.419664  0.123406  0.380175
-0.419664  0.123745  0.380277
-0.419664  0.123745  0.380277
-0.419664  0.124065  0.380385
-0.419664  0.124302  0.380485
-0.419664  0.124324  0.380473
-0.419664  0.124664  0.380608
-0.419664  0.124904  0.380685
-0.419664  0.124944  0.380684
-0.419664  0.125264  0.380775
-0.419664  0.125304  0.380791
-0.419664  0.125603  0.380894
-0.419664  0.125643  0.380893
-0.419664  0.12596  0.381007
-0.419664  0.126218  0.381078
-0.419664  0.126237  0.381106
-0.419664  0.126557  0.381197
-0.419664  0.126579  0.381202
-0.419664  0.1269  0.381293
-0.419664  0.127119  0.381382
-0.419664  0.127137  0.381393
-0.419664  0.127458  0.381484
-0.419664  0.127698  0.381544
-0.419664  0.127738  0.38156
-0.419664  0.128059  0.381651
-0.419664  0.128078  0.381679
-0.419664  0.128398  0.38177
-0.419664  0.128416  0.381781
-0.419664  0.128697  0.381873
-0.419664  0.128738  0.381889
-0.419664  0.129019  0.381981
-0.419664  0.129238  0.382053
-0.419664  0.129238  0.38207
-0.419664  0.129515  0.382168
-0.419664  0.129694  0.382241
-0.419664  0.129713  0.382269
-0.419664  0.12999  0.382367
-0.419664  0.12999  0.382367
-0.419664  0.130247  0.382494
-0.419664  0.130443  0.382561
-0.419664  0.130443  0.382561
-0.419664  0.130717  0.382683
-0.419664  0.130718  0.382699
-0.419664  0.130973  0.382793
-0.419664  0.131149  0.382889
-0.419664  0.131189  0.382888
-0.419664  0.131423  0.382993
-0.419664  0.131441  0.383004
-0.419664  0.131732  0.383103
-0.419664  0.131908  0.383183
-0.419664  0.131908  0.383183
-0.419664  0.132163  0.38326
-0.419664  0.132181  0.383271
-0.419664  0.132433  0.383371
-0.419664  0.132587  0.383462
-0.419664  0.132627  0.383461
-0.419664  0.132858  0.38359
-0.419664  0.132876  0.383601
-0.419664  0.133089  0.383718
-0.419664  0.133262  0.38382
-0.419664  0.133284  0.383825
-0.419664  0.133515  0.383953
-0.419664  0.133515  0.383953
-0.419664  0.133728  0.384071
-0.419664  0.133867  0.384128
-0.419664  0.133885  0.384139
-0.419664  0.134083  0.384223
-0.419664  0.134102  0.384234
-0.419664  0.134322  0.384323
-0.419664  0.134461  0.38438
-0.419664  0.13448  0.384407
-0.419664  0.1347  0.384496
-0.419664  0.134701  0.384513
-0.419664  0.134921  0.384618
-0.419664  0.135083  0.384696
-0.419664  0.135101  0.384707
-0.419664  0.135322  0.384829
-0.419664  0.135344  0.384817
-0.419664  0.135565  0.384938
-0.419664  0.135749  0.385021
-0.419664  0.135789  0.385037
-0.419664  0.136014  0.385136
-0.419664  0.136036  0.38514
-0.419664  0.136299  0.385222
-0.419664  0.13632  0.38521
-0.419664  0.136565  0.385264
-0.419664  0.136748  0.385314
-0.419664  0.136748  0.385331
-0.419664  0.137011  0.385396
-0.419664  0.13703  0.385423
-0.419664  0.137294  0.385504
-0.419664  0.137455  0.385567
-0.419664  0.137456  0.385583
-0.419664  0.137676  0.385671
-0.419664  0.137698  0.385676
-0.419664  0.137918  0.385764
-0.419664  0.137918  0.385764
-0.419664  0.138138  0.385837
-0.419664  0.138295  0.385905
-0.419664  0.138295  0.385905
-0.419664  0.138475  0.385978
-0.419664  0.138475  0.385978
-0.419664  0.138673  0.386046
-0.419664  0.138673  0.386046
-0.419664  0.138813  0.386103
-0.419664  0.138831  0.386114
-0.419664  0.138971  0.386171
-0.419664  0.139048  0.386225
-0.419664  0.139067  0.386252
-0.419664  0.139185  0.386321
-0.419664  0.139185  0.386321
-0.419664  0.139282  0.386402
-0.419664  0.13936  0.386456
-0.419664  0.13936  0.386456
-0.419664  0.139457  0.386537
-0.419664  0.139457  0.386537
-0.419664  0.139553  0.386618
-0.419664  0.139553  0.386618
-0.419664  0.13965  0.386699
-0.419664  0.139707  0.386764
-0.419664  0.139707  0.386764
-0.419664  0.139803  0.386829
-0.419664  0.139803  0.386829
-0.419664  0.139918  0.38692
-0.419664  0.139996  0.386958
-0.419664  0.139996  0.386958
-0.419664  0.140092  0.387022
-0.419664  0.140113  0.387011
-0.419664  0.140228  0.38707
-0.419664  0.140287  0.387096
-0.419664  0.140305  0.387107
-0.419664  0.140423  0.387144
-0.419664  0.140423  0.387144
-0.419664  0.14054  0.38718
-0.419664  0.140638  0.38719
-0.419664  0.140638  0.38719
-0.419664  0.140774  0.387237
-0.419664  0.140833  0.387248
-0.419664  0.140851  0.387259
-0.419664  0.14099  0.387267
-0.419664  0.14099  0.387267
-0.419664  0.141106  0.387288
-0.419664  0.141106  0.387288
-0.419664  0.141224  0.387324
-0.419664  0.141224  0.387324
-0.419664  0.141341  0.387345
-0.419664  0.141418  0.387366
-0.419664  0.141439  0.387354
-0.419664  0.141575  0.387402
-0.419664  0.141575  0.387402
-0.419664  0.14169  0.387445
-0.419664  0.141767  0.387466
-0.419664  0.141785  0.387477
-0.419664  0.141921  0.387509
-0.419664  0.141921  0.387509
-0.419664  0.142035  0.387552
-0.419664  0.142131  0.387584
-0.419664  0.142131  0.387584
-0.419664  0.142245  0.387627
-0.419664  0.142245  0.387627
-0.419664  0.142338  0.387682
-0.419664  0.142415  0.387703
-0.419664  0.142434  0.387714
-0.419664  0.142548  0.387757
-0.419664  0.142548  0.387757
-0.419664  0.142642  0.387812
-0.419664  0.142719  0.387833
-0.419664  0.142719  0.387833
-0.419664  0.142833  0.387876
-0.419664  0.142833  0.387876
-0.419664  0.142929  0.387908
-0.419664  0.142988  0.387919
-0.419664  0.143006  0.38793
-0.419664  0.143084  0.387951
-0.419664  0.143084  0.387951
-0.419664  0.143161  0.387972
-0.419664  0.14322  0.387982
-0.419664  0.14322  0.387982
-0.419664  0.143278  0.387993
-0.419664  0.143278  0.387993
-0.419664  0.143359  0.388007
-0.419664  0.143378  0.388018
-0.419664  0.143399  0.388007
-0.419664  0.143458  0.388033
-0.419664  0.143458  0.388033
-0.419664  0.143496  0.388071
-0.419664  0.143536  0.388087
-0.419664  0.143536  0.388087
-0.419664  0.143574  0.388125
-0.419664  0.143595  0.388113
-0.419664  0.143615  0.388141
-0.419664  0.143655  0.388156
-0.419664  0.143655  0.388156
-0.419664  0.143693  0.388211
-0.419664  0.143693  0.388211
-0.419664  0.143734  0.388226
-0.419664  0.143774  0.388242
-0.419664  0.143774  0.388242
-0.419664  0.143834  0.388285
-0.419664  0.143834  0.388285
-0.419664  0.143875  0.388316
-0.419664  0.143875  0.388316
-0.419664  0.143937  0.388336
-0.419664  0.143978  0.388368
-0.419664  0.143978  0.388368
-0.419664  0.14404  0.388388
-0.419664  0.14404  0.388388
-0.419664  0.144103  0.388425
-0.419664  0.144103  0.388425
-0.419664  0.144187  0.388449
-0.419664  0.14425  0.388469
-0.419664  0.14425  0.388469
-0.419664  0.144315  0.388483
-0.419664  0.144315  0.388483
-0.419664  0.144402  0.388501
-0.419664  0.144465  0.388521
-0.419664  0.144486  0.388509
-0.419664  0.144552  0.388539
-0.419664  0.144592  0.388539
-0.419664  0.144658  0.388568
-0.419664  0.144742  0.388609
-0.419664  0.144764  0.388597
-0.419664  0.144888  0.388637
-0.419664  0.144888  0.388654
-0.419664  0.144994  0.388683
-0.419664  0.144995  0.388699
-0.419664  0.145141  0.388727
-0.419664  0.145225  0.388752
-0.419664  0.145225  0.388752
-0.419664  0.145349  0.388808
-0.419664  0.145371  0.388796
-0.419664  0.145496  0.388852
-0.419664  0.145598  0.388888
-0.419664  0.145598  0.388888
-0.419664  0.145723  0.388944
-0.419664  0.145805  0.388991
-0.419664  0.145805  0.389007
-0.419664  0.14593  0.389063
-0.419664  0.145949  0.389074
-0.419664  0.146073  0.38913
-0.419664  0.146073  0.38913
-0.419664  0.146216  0.389181
-0.419664  0.146319  0.389217
-0.419664  0.146338  0.389244
-0.419664  0.146503  0.389299
-0.419664  0.146543  0.389299
-0.419664  0.146686  0.389349
-0.419664  0.146687  0.389366
-0.419664  0.146848  0.389427
-0.419664  0.146849  0.389444
-0.419664  0.14701  0.389505
-0.419664  0.147092  0.389552
-0.419664  0.14711  0.389563
-0.419664  0.147272  0.389625
-0.419664  0.147272  0.389625
-0.419664  0.147434  0.389687
-0.419664  0.147534  0.389745
-0.419664  0.147553  0.389756
-0.419664  0.147733  0.389829
-0.419664  0.147734  0.389845
-0.419664  0.147912  0.38994
-0.419664  0.147912  0.38994
-0.419664  0.148108  0.390047
-0.419664  0.14813  0.390035
-0.419664  0.148308  0.390131
-0.419664  0.148326  0.390142
-0.419664  0.148486  0.390226
-0.419664  0.148623  0.39029
-0.419664  0.148642  0.390301
-0.419664  0.148838  0.390391
-0.419664  0.148859  0.39038
-0.419664  0.149075  0.390481
-0.419664  0.14925  0.390583
-0.419664  0.149271  0.390571
-0.419664  0.149545  0.390683
-0.419664  0.149564  0.390694
-0.419664  0.149838  0.390806
-0.419664  0.150035  0.390881
-0.419664  0.150054  0.390908
-0.419664  0.15035  0.391008
-0.419664  0.15035  0.391008
-0.419664  0.150643  0.391131
-0.419664  0.15088  0.391205
-0.419664  0.150899  0.391216
-0.419664  0.151173  0.391328
-0.419664  0.151173  0.391328
-0.419664  0.15151  0.391427
-0.419664  0.151746  0.391501
-0.419664  0.151747  0.391517
-0.419664  0.152102  0.391628
-0.419664  0.152123  0.391617
-0.419664  0.152458  0.391739
-0.419664  0.152498  0.391755
-0.419664  0.152851  0.391888
-0.419664  0.153108  0.391989
-0.419664  0.153108  0.391989
-0.419664  0.153521  0.39215
-0.419664  0.153561  0.392149
-0.419664  0.153953  0.392321
-0.419664  0.153993  0.39232
-0.419664  0.154404  0.392487
-0.419664  0.154423  0.392498
-0.419664  0.154815  0.392654
-0.419664  0.155091  0.392735
-0.419664  0.155129  0.392757
-0.419664  0.155542  0.392885
-0.419664  0.155562  0.392912
-0.419664  0.155973  0.393047
-0.419664  0.156228  0.393155
-0.419664  0.156247  0.393167
-0.419664  0.156678  0.393329
-0.419664  0.156697  0.39334
-0.419664  0.157128  0.393503
-0.419664  0.157403  0.393606
-0.419664  0.157441  0.393628
-0.419664  0.157873  0.393775
-0.419664  0.157911  0.393797
-0.419664  0.15836  0.393977
-0.419664  0.158692  0.394098
-0.419664  0.158732  0.394097
-0.419664  0.159182  0.394262
-0.419664  0.159201  0.394273
-0.419664  0.15963  0.394449
-0.419664  0.159943  0.394543
-0.419664  0.159963  0.394554
-0.419664  0.160392  0.394715
-0.419664  0.160411  0.394726
-0.419664  0.160841  0.394886
-0.419664  0.161134  0.394992
-0.419664  0.161193  0.395002
-0.419664  0.161643  0.395174
-0.419664  0.161662  0.395185
-0.419664  0.162152  0.395395
-0.419664  0.162484  0.395523
-0.419664  0.162525  0.395523
-0.419664  0.162995  0.395706
-0.419664  0.163036  0.395705
-0.419664  0.163507  0.395889
-0.419664  0.163882  0.395978
-0.419664  0.163902  0.395989
-0.419664  0.164435  0.39616
-0.419664  0.164474  0.396182
-0.419664  0.16495  0.396305
-0.419664  0.164989  0.396327
-0.419664  0.165523  0.396483
-0.419664  0.165583  0.396493
-0.419664  0.166119  0.396665
-0.419664  0.166158  0.396687
-0.419664  0.166715  0.396848
-0.419664  0.167093  0.396953
-0.419664  0.167132  0.396975
-0.419664  0.167629  0.397109
-0.419664  0.16767  0.397109
-0.419664  0.168168  0.397258
-0.419664  0.168528  0.397353
-0.419664  0.168568  0.397336
-0.419664  0.169008  0.397453
-0.419664  0.169068  0.397464
-0.419664  0.169567  0.397598
-0.419664  0.169947  0.397703
-0.419664  0.170008  0.397714
-0.419664  0.170549  0.397848
-0.419664  0.170568  0.397859
-0.419664  0.17111  0.398009
-0.419664  0.171491  0.398099
-0.419664  0.171551  0.39811
-0.419664  0.172053  0.39826
-0.419664  0.172113  0.398255
-0.419664  0.172676  0.398401
-0.419664  0.173079  0.398495
-0.419664  0.173098  0.39849
-0.419664  0.173681  0.398647
-0.419664  0.173742  0.398658
-0.419664  0.174346  0.39881
-0.419664  0.174789  0.398895
-0.419664  0.17485  0.398906
-0.419664  0.175476  0.399047
-0.419664  0.175517  0.399031
-0.419664  0.176103  0.399149
-0.419664  0.176548  0.399234
-0.419664  0.176588  0.399257
-0.419664  0.177135  0.399337
-0.419664  0.177155  0.399348
-0.419664  0.177823  0.399496
-0.419664  0.177885  0.399507
-0.419664  0.178532  0.399666
-0.419664  0.179081  0.399801
-0.419664  0.179121  0.399807
-0.419664  0.179405  0.399881
-0.419664  0.180055  0.400017
-0.419664  0.180503  0.400103
-0.419664  0.180523  0.400114
-0.419664  0.181196  0.40024
-0.419664  0.181257  0.400251
-0.419664  0.181869  0.400365
-0.419664  0.181909  0.400388
-0.419664  0.182542  0.400514
-0.419664  0.182991  0.400616
-0.419664  0.183032  0.400638
-0.419664  0.183645  0.400785
-0.419664  0.184096  0.400904
-0.419664  0.184116  0.400915
-0.419664  0.184731  0.401078
-0.419664  0.184772  0.401078
-0.419664  0.185366  0.401253
-0.419664  0.185797  0.401376
-0.419664  0.185859  0.401388
-0.419664  0.186454  0.401579
-0.419664  0.186516  0.40159
-0.419664  0.187133  0.40177
-0.419664  0.187565  0.401893
-0.419664  0.187585  0.401905
-0.419664  0.188182  0.402089
-0.419664  0.188244  0.402101
-0.419664  0.188843  0.402247
-0.419664  0.189276  0.402364
-0.419664  0.189317  0.402386
-0.419664  0.189916  0.402526
-0.419664  0.189978  0.402537
-0.419664  0.190578  0.4027
-0.419664  0.191032  0.402867
-0.419664  0.191094  0.402879
-0.419664  0.191715  0.403053
-0.419664  0.191757  0.403053
-0.419664  0.192399  0.403231
-0.419664  0.192875  0.403333
-0.419664  0.192937  0.403344
-0.419664  0.193559  0.403496
-0.419664  0.193622  0.403507
-0.419664  0.194286  0.403636
-0.419664  0.194763  0.403715
-0.419664  0.194826  0.403726
-0.419664  0.195574  0.403855
-0.419664  0.195636  0.403866
-0.419664  0.196322  0.403968
-0.419664  0.196385  0.403979
-0.419664  0.19705  0.404086
-0.419664  0.197529  0.404159
-0.419664  0.19757  0.404182
-0.419664  0.198278  0.404305
-0.419664  0.19834  0.404316
-0.419664  0.199111  0.404434
-0.419664  0.199173  0.404446
-0.419664  0.199923  0.404553
-0.419664  0.200465  0.404637
-0.419664  0.200507  0.404637
-0.419664  0.201278  0.404756
-0.419664  0.20134  0.404767
-0.419664  0.202091  0.404859
-0.419664  0.202633  0.404905
-0.419664  0.202675  0.404905
-0.419664  0.203426  0.404974
-0.419664  0.203468  0.404974
-0.419664  0.204197  0.405009
-0.419664  0.204719  0.405083
-0.419664  0.204782  0.405094
-0.419664  0.205471  0.405152
-0.419664  0.205533  0.405164
-0.419664  0.206264  0.405245
-0.419664  0.206787  0.405364
-0.419664  0.20685  0.405375
-0.419664  0.207624  0.405463
-0.419664  0.207665  0.405463
-0.419664  0.20846  0.40554
-0.419664  0.209004  0.405632
-0.419664  0.209046  0.405632
-0.419664  0.2098  0.405693
-0.419664  0.209862  0.405705
-0.419664  0.210637  0.405754
-0.419664  0.211243  0.405774
-0.419664  0.211285  0.405775
-0.419664  0.212122  0.405836
-0.419664  0.212164  0.405836
-0.419664  0.213044  0.405898
-0.419664  0.213714  0.405953
-0.419664  0.213776  0.405942
-0.419664  0.214112  0.405988
-0.419664  0.21495  0.40605
-0.419664  0.215474  0.406093
-0.419664  0.215538  0.406105
-0.419664  0.216438  0.406134
-0.419664  0.216501  0.406145
-0.419664  0.217319  0.40618
-0.419664  0.217382  0.406192
-0.419664  0.218222  0.406239
-0.419664  0.218285  0.40625
-0.419664  0.219125  0.406297
-0.419664  0.219733  0.406325
-0.419664  0.219775  0.406325
-0.419664  0.220656  0.40635
-0.419664  0.220698  0.40635
-0.419664  0.22158  0.406398
-0.419664  0.221664  0.406398
-0.419664  0.222441  0.406434
-0.419664  0.223072  0.406458
-0.419664  0.223135  0.40647
-0.419664  0.223957  0.406535
-0.419664  0.224041  0.406536
-0.419664  0.224861  0.406556
-0.419664  0.224925  0.406552
-0.419664  0.225746  0.406595
-0.419664  0.226356  0.406608
-0.419664  0.22642  0.40662
-0.419664  0.22724  0.406641
-0.419664  0.227304  0.406636
-0.419664  0.228165  0.406635
-0.419664  0.228776  0.406648
-0.419664  0.228839  0.40666
-0.419664  0.229764  0.406655
-0.419664  0.229806  0.406655
-0.419664  0.230734  0.406695
-0.419664  0.230796  0.406685
-0.419664  0.231661  0.406729
-0.419664  0.232251  0.406731
-0.419664  0.232314  0.406743
-0.419664  0.23322  0.406766
-0.419664  0.233262  0.40675
-0.419664  0.234106  0.406784
-0.419664  0.234739  0.40681
-0.419664  0.234822  0.40681
-0.419664  0.23573  0.406856
-0.419664  0.235772  0.406857
-0.419664  0.236698  0.406869
-0.419664  0.23735  0.406845
-0.419664  0.237413  0.406857
-0.419664  0.238296  0.406847
-0.419664  0.23836  0.406859
-0.419664  0.239224  0.406882
-0.419664  0.239836  0.406897
-0.419664  0.23992  0.406898
-0.419664  0.240868  0.406923
-0.419664  0.240952  0.406908
-0.419664  0.241797  0.406959
-0.419664  0.241861  0.406955
-0.419664  0.24266  0.406945
-0.419664  0.243272  0.40696
-0.419664  0.243336  0.406972
-0.419664  0.244158  0.406957
-0.419664  0.2442  0.406958
-0.419664  0.245085  0.406956
-0.419664  0.245717  0.40696
-0.419664  0.245759  0.406961
-0.419664  0.246605  0.406981
-0.419664  0.246669  0.406993
-0.419664  0.247493  0.406985
-0.419664  0.248148  0.406986
-0.419664  0.248189  0.406986
-0.419664  0.249012  0.406956
-0.419664  0.249053  0.406957
-0.419664  0.249812  0.406899
-0.419664  0.249876  0.406895
-0.419664  0.250657  0.406865
-0.419664  0.251245  0.406815
-0.419664  0.251287  0.406815
-0.419664  0.252169  0.406737
-0.419664  0.252233  0.406749
-0.419664  0.253094  0.406698
-0.419664  0.253158  0.406694
-0.419664  0.254059  0.406605
-0.419664  0.254123  0.406601
-0.419664  0.25494  0.406527
-0.419664  0.255005  0.406523
-0.419664  0.255861  0.406411
-0.419664  0.256425  0.406311
-0.419664  0.256508  0.406296
-0.419664  0.257326  0.406174
-0.419664  0.257387  0.406164
-0.419664  0.258199  0.405996
-0.419664  0.258865  0.405903
-0.419664  0.258907  0.405888
-0.419664  0.259864  0.405767
-0.419664  0.259948  0.405768
-0.419664  0.260842  0.405603
-0.419664  0.261488  0.405505
-0.419664  0.261571  0.40549
-0.419664  0.262503  0.40532
-0.419664  0.263126  0.405227
-0.419664  0.263168  0.405227
-0.419664  0.264099  0.405041
-0.419664  0.264738  0.404898
-0.419664  0.264799  0.404888
-0.419664  0.265826  0.404631
-0.419664  0.26589  0.404644
-0.419664  0.266858  0.404436
-0.419664  0.266919  0.404426
-0.419664  0.267868  0.404213
-0.419664  0.268547  0.404056
-0.419664  0.268608  0.40403
-0.419664  0.269494  0.403876
-0.419664  0.269577  0.403862
-0.419664  0.270561  0.403677
-0.419664  0.270645  0.403662
-0.419664  0.271565  0.403449
-0.419664  0.272223  0.403303
-0.419664  0.272284  0.403293
-0.419664  0.273146  0.403096
-0.419664  0.273207  0.40307
-0.419664  0.274087  0.402863
-0.419664  0.274726  0.402728
-0.419664  0.274767  0.402729
-0.419664  0.275629  0.402517
-0.419664  0.275689  0.402507
-0.419664  0.276527  0.402283
-0.419664  0.277138  0.402131
-0.419664  0.277199  0.402104
-0.419664  0.277998  0.401935
-0.419664  0.278058  0.401909
-0.419664  0.27877  0.401715
-0.419664  0.27932  0.401573
-0.419664  0.27938  0.401564
-0.419664  0.280095  0.401393
-0.419664  0.280156  0.401367
-0.419664  0.280803  0.401161
-0.419664  0.281311  0.401035
-0.419664  0.281371  0.401009
-0.419664  0.282077  0.400793
-0.419664  0.282137  0.400783
-0.419664  0.282866  0.400563
-0.419664  0.283373  0.400405
-0.419664  0.283411  0.400383
-0.419664  0.284075  0.400151
-0.419664  0.284117  0.400135
-0.419664  0.284817  0.399914
-0.419664  0.285282  0.399772
-0.419664  0.285342  0.399745
-0.419664  0.285982  0.399518
-0.419664  0.286041  0.399508
-0.419664  0.2867  0.39927
-0.419664  0.287178  0.399094
-0.419664  0.287215  0.399073
-0.419664  0.28795  0.398798
-0.419664  0.287969  0.398787
-0.419664  0.28863  0.398556
-0.419664  0.288689  0.398546
-0.419664  0.289345  0.398309
-0.419664  0.289762  0.398159
-0.419664  0.289822  0.39815
-0.419664  0.290403  0.397972
-0.419664  0.290444  0.397973
-0.419664  0.291106  0.397798
-0.419664  0.291125  0.39777
-0.419664  0.291728  0.397605
-0.419664  0.291769  0.397606
-0.419664  0.292371  0.397457
-0.419664  0.292791  0.39733
-0.419664  0.292851  0.397304
-0.419664  0.293374  0.397192
-0.419664  0.293393  0.397165
-0.419664  0.293935  0.397026
-0.419664  0.293958  0.397038
-0.419664  0.294436  0.396902
-0.419664  0.2948  0.396824
-0.419664  0.294818  0.396814
-0.419664  0.295242  0.39671
-0.419664  0.295283  0.396712
-0.419664  0.295665  0.396623
-0.419664  0.295946  0.39656
-0.419664  0.295988  0.396545
-0.419664  0.296347  0.396428
-0.419664  0.296388  0.396429
-0.419664  0.296812  0.396309
-0.419664  0.29683  0.396282
-0.419664  0.297172  0.39616
-0.419664  0.297213  0.396161
-0.419664  0.297509  0.396031
-0.419664  0.297732  0.395961
-0.419664  0.29775  0.39595
-0.419664  0.298051  0.395843
-0.419664  0.298092  0.395844
-0.419664  0.298351  0.395753
-0.419664  0.298392  0.395737
-0.419664  0.298633  0.395656
-0.419664  0.298651  0.395646
-0.419664  0.298916  0.39556
-0.419664  0.299076  0.395476
-0.419664  0.299094  0.395466
-0.419664  0.299335  0.395368
-0.419664  0.299336  0.395351
-0.419664  0.299578  0.395254
-0.419664  0.299755  0.395176
-0.419664  0.299755  0.395176
-0.419664  0.30001  0.395045
-0.419664  0.30001  0.395028
-0.419664  0.300265  0.394897
-0.419664  0.300424  0.39483
-0.419664  0.300442  0.39482
-0.419664  0.300656  0.394688
-0.419664  0.300679  0.3947
-0.419664  0.300892  0.394584
-0.419664  0.301065  0.394467
-0.419664  0.301065  0.394467
-0.419664  0.301297  0.394341
-0.419664  0.301315  0.39433
-0.419664  0.301528  0.394198
-0.419664  0.30166  0.394097
-0.419664  0.301678  0.394086
-0.419664  0.301887  0.393931
-0.419664  0.301928  0.393933
-0.419664  0.302096  0.393777
-0.419664  0.30225  0.393687
-0.419664  0.302268  0.393676
-0.419664  0.302458  0.393549
-0.419664  0.302476  0.393538
-0.419664  0.302666  0.393428
-0.419664  0.302666  0.393411
-0.419664  0.302816  0.393299
-0.419664  0.302933  0.393264
-0.419664  0.302951  0.393237
-0.419664  0.303082  0.393152
-0.419664  0.303105  0.393147
-0.419664  0.303218  0.393073
-0.419664  0.303236  0.393062
-0.419664  0.303331  0.392982
-0.419664  0.303372  0.392983
-0.419664  0.303467  0.39292
-0.419664  0.303503  0.392882
-0.419664  0.303544  0.392866
-0.419664  0.303598  0.392818
-0.419664  0.303616  0.392807
-0.419664  0.303692  0.392771
-0.419664  0.303768  0.392751
-0.419664  0.303768  0.392751
-0.419664  0.303839  0.392709
-0.419664  0.303839  0.392709
-0.419664  0.30391  0.392667
-0.419664  0.303946  0.392646
-0.419664  0.303964  0.392635
-0.419664  0.304017  0.392603
-0.419664  0.30407  0.392588
-0.419664  0.30407  0.392588
-0.419664  0.3041  0.392545
-0.419664  0.3041  0.392545
-0.419664  0.304135  0.39254
-0.419664  0.30417  0.392536
-0.419664  0.30417  0.392536
-0.419664  0.304224  0.392504
-0.419664  0.304224  0.392504
-0.419664  0.304258  0.3925
-0.419664  0.304258  0.3925
-0.419664  0.304293  0.392495
-0.419664  0.304329  0.392474
-0.419664  0.304329  0.392474
-0.419664  0.304387  0.392465
-0.419664  0.304404  0.392471
-0.419664  0.304422  0.392461
-0.419664  0.30448  0.392452
-0.419664  0.30448  0.392452
-0.419664  0.304515  0.392431
-0.419664  0.304555  0.392432
-0.419664  0.304555  0.392432
-0.419664  0.304631  0.392429
-0.419664  0.304631  0.392429
-0.419664  0.304689  0.39242
-0.419664  0.304724  0.392399
-0.419664  0.304724  0.392399
-0.419664  0.304781  0.392406
-0.419664  0.304781  0.392406
-0.419664  0.304839  0.392397
-0.419664  0.304874  0.392393
-0.419664  0.304874  0.392393
-0.419664  0.304932  0.392384
-0.419664  0.304932  0.392384
-0.419664  0.30499  0.392375
-0.419664  0.305026  0.392354
-0.419664  0.305026  0.392354
-0.419664  0.305061  0.392333
-0.419664  0.305061  0.392333
-0.419664  0.305119  0.392324
-0.419664  0.305159  0.392325
-0.419664  0.305177  0.392314
-0.419664  0.305212  0.392293
-0.419664  0.305212  0.392293
-0.419664  0.305287  0.39229
-0.419664  0.305287  0.39229
-0.419664  0.305345  0.392281
-0.419664  0.305363  0.392271
-0.419664  0.305416  0.392239
-0.419664  0.305439  0.392251
-0.419664  0.305492  0.39222
-0.419664  0.305527  0.392198
-0.419664  0.305527  0.392198
-0.419664  0.305579  0.392183
-0.419664  0.305579  0.392183
-0.419664  0.305632  0.392152
-0.419664  0.305686  0.39212
-0.419664  0.305686  0.39212
-0.419664  0.305738  0.392105
-0.419664  0.305756  0.392095
-0.419664  0.305785  0.392068
-0.419664  0.305838  0.392053
-0.419664  0.305838  0.392053
-0.419664  0.305885  0.392015
-0.419664  0.305885  0.392015
-0.419664  0.305933  0.391978
-0.419664  0.305986  0.391946
-0.419664  0.305985  0.391963
-0.419664  0.306033  0.391909
-0.419664  0.306033  0.391909
-0.419664  0.30608  0.391871
-0.419664  0.306092  0.391855
-0.419664  0.30611  0.391844
-0.419664  0.30614  0.391817
-0.419664  0.30614  0.391817
-0.419664  0.306188  0.391763
-0.419664  0.306187  0.39178
-0.419664  0.306217  0.391736
-0.419664  0.30627  0.391721
-0.419664  0.30627  0.391721
-0.419664  0.306317  0.391667
-0.419664  0.306317  0.391667
-0.419664  0.306388  0.391625
-0.419664  0.306441  0.391593
-0.419664  0.306441  0.391593
-0.419664  0.306511  0.391551
-0.419664  0.306534  0.391563
-0.419664  0.306604  0.391521
-0.419664  0.306657  0.391489
-0.419664  0.306657  0.391489
-0.419664  0.306745  0.391437
-0.419664  0.306798  0.391388
-0.419664  0.306798  0.391388
-0.419664  0.306926  0.391337
-0.419664  0.306926  0.391337
-0.419664  0.307015  0.391268
-0.419664  0.307032  0.391257
-0.419664  0.30712  0.391205
-0.419664  0.30719  0.391163
-0.419664  0.30719  0.391163
-0.419664  0.307296  0.391083
-0.419664  0.307344  0.391029
-0.419664  0.307344  0.391029
-0.419664  0.307449  0.390966
-0.419664  0.307466  0.390955
-0.419664  0.307572  0.390892
-0.419664  0.307589  0.390881
-0.419664  0.307672  0.390806
-0.419664  0.307759  0.390754
-0.419664  0.307759  0.390754
-0.419664  0.307882  0.39068
-0.419664  0.307882  0.39068
-0.419664  0.307982  0.390594
-0.419664  0.308046  0.390546
-0.419664  0.308064  0.390536
-0.419664  0.308163  0.39045
-0.419664  0.308228  0.390385
-0.419664  0.308228  0.390385
-0.419664  0.308305  0.390304
-0.419664  0.308322  0.390294
-0.419664  0.308405  0.390219
-0.419664  0.308469  0.390171
-0.419664  0.308486  0.39016
-0.419664  0.308568  0.390085
-0.419664  0.308568  0.390085
-0.419664  0.30865  0.390027
-0.419664  0.30865  0.390027
-0.419664  0.308731  0.389968
-0.419664  0.308801  0.389926
-0.419664  0.308818  0.389916
-0.419664  0.308883  0.389851
-0.419664  0.308883  0.389851
-0.419664  0.308987  0.389788
-0.419664  0.30904  0.389757
-0.419664  0.309057  0.389746
-0.419664  0.309144  0.389694
-0.419664  0.309144  0.389694
-0.419664  0.309249  0.389614
-0.419664  0.309319  0.389572
-0.419664  0.309336  0.389562
-0.419664  0.309423  0.389509
-0.419664  0.30944  0.389499
-0.419664  0.309528  0.389429
-0.419664  0.309597  0.389387
-0.419664  0.309597  0.389387
-0.419664  0.309702  0.389308
-0.419664  0.309702  0.389308
-0.419664  0.309829  0.389257
-0.419664  0.309899  0.389198
-0.419664  0.309899  0.389198
-0.419664  0.310021  0.389108
-0.419664  0.310021  0.389108
-0.419664  0.310165  0.38903
-0.419664  0.310252  0.388978
-0.419664  0.310253  0.388961
-0.419664  0.310397  0.388883
-0.419664  0.310414  0.388873
-0.419664  0.310559  0.388795
-0.419664  0.310685  0.388744
-0.419664  0.310686  0.388727
-0.419664  0.310847  0.388639
-0.419664  0.310864  0.388628
-0.419664  0.311026  0.38854
-0.419664  0.311113  0.388471
-0.419664  0.31113  0.38846
-0.419664  0.311291  0.388372
-0.419664  0.311309  0.388361
-0.419664  0.31147  0.388273
-0.419664  0.311574  0.388193
-0.419664  0.311574  0.388193
-0.419664  0.311735  0.388105
-0.419664  0.311752  0.388095
-0.419664  0.311873  0.388021
-0.419664  0.311891  0.387994
-0.419664  0.312029  0.38791
-0.419664  0.312115  0.387858
-0.419664  0.312132  0.387848
-0.419664  0.312269  0.387764
-0.419664  0.312286  0.387754
-0.419664  0.312402  0.387658
-0.419664  0.312505  0.387595
-0.419664  0.312522  0.387585
-0.419664  0.31262  0.387499
-0.419664  0.312637  0.387489
-0.419664  0.312756  0.387432
-0.419664  0.312819  0.387368
-0.419664  0.312819  0.387368
-0.419664  0.312956  0.387284
-0.419664  0.312956  0.387284
-0.419664  0.313071  0.387189
-0.419664  0.313157  0.387136
-0.419664  0.313157  0.387136
-0.419664  0.313277  0.387063
-0.419664  0.313277  0.387063
-0.419664  0.313374  0.386978
-0.419664  0.313459  0.386926
-0.419664  0.313477  0.386915
-0.419664  0.313596  0.386842
-0.419664  0.313613  0.386832
-0.419664  0.313733  0.386759
-0.419664  0.313818  0.386706
-0.419664  0.313818  0.386706
-0.419664  0.313956  0.386606
-0.419664  0.313956  0.386606
-0.419664  0.314092  0.386523
-0.419664  0.314092  0.386523
-0.419664  0.314228  0.386439
-0.419664  0.314228  0.386439
-0.419664  0.314365  0.386339
-0.419664  0.314365  0.386339
-0.419664  0.314502  0.386239
-0.419664  0.314588  0.386187
-0.419664  0.314605  0.386176
-0.419664  0.314678  0.386157
-0.419664  0.314815  0.386057
-0.419664  0.314918  0.385978
-0.419664  0.314935  0.385968
-0.419664  0.315088  0.385857
-0.419664  0.315105  0.385847
-0.419664  0.315259  0.385736
-0.419664  0.315276  0.385726
-0.419664  0.315435  0.385621
-0.419664  0.315435  0.385621
-0.419664  0.315589  0.385511
-0.419664  0.315708  0.385421
-0.419664  0.315708  0.385421
-0.419664  0.315885  0.385306
-0.419664  0.315902  0.385296
-0.419664  0.316055  0.385169
-0.419664  0.316158  0.38509
-0.419664  0.316175  0.385079
-0.419664  0.31635  0.384981
-0.419664  0.316367  0.384971
-0.419664  0.31652  0.384844
-0.419664  0.316639  0.384754
-0.419664  0.316639  0.384754
-0.419664  0.316814  0.384656
-0.419664  0.316814  0.384656
-0.419664  0.316928  0.384544
-0.419664  0.316945  0.384534
-0.419664  0.317063  0.384461
-0.419664  0.317148  0.384393
-0.419664  0.317148  0.384393
-0.419664  0.317265  0.38432
-0.419664  0.317282  0.384309
-0.419664  0.3174  0.384237
-0.419664  0.3174  0.384237
-0.419664  0.317518  0.384164
-0.419664  0.317535  0.384154
-0.419664  0.317635  0.384091
-0.419664  0.317635  0.384091
-0.419664  0.317736  0.384029
-0.419664  0.31782  0.383977
-0.419664  0.317843  0.383989
-0.419664  0.317943  0.383927
-0.419664  0.317943  0.383927
-0.419664  0.318066  0.383877
-0.419664  0.318134  0.383835
-0.419664  0.318134  0.383835
-0.419664  0.318257  0.383785
-0.419664  0.318273  0.383775
-0.419664  0.31838  0.383718
-0.419664  0.318464  0.383667
-0.419664  0.318481  0.383656
-0.419664  0.318621  0.383579
-0.419664  0.318621  0.383579
-0.419664  0.318761  0.383502
-0.419664  0.318846  0.383434
-0.419664  0.318863  0.383423
-0.419664  0.318981  0.383334
-0.419664  0.318997  0.383324
-0.419664  0.319149  0.383197
-0.419664  0.319268  0.383091
-0.419664  0.319268  0.383091
-0.419664  0.319436  0.382954
-0.419664  0.319532  0.382853
-0.419664  0.319549  0.382826
-0.419664  0.319734  0.382679
-0.419664  0.319734  0.382679
-0.419664  0.319897  0.382519
-0.419664  0.320032  0.382403
-0.419664  0.320048  0.382393
-0.419664  0.320211  0.382233
-0.419664  0.320211  0.382233
-0.419664  0.320406  0.382053
-0.419664  0.320556  0.381944
-0.419664  0.320573  0.381933
-0.419664  0.320769  0.381737
-0.419664  0.320769  0.381737
-0.419664  0.320986  0.381569
-0.419664  0.321137  0.381443
-0.419664  0.321153  0.381432
-0.419664  0.321253  0.381354
-0.419664  0.32147  0.381186
-0.419664  0.321636  0.381066
-0.419664  0.321653  0.381056
-0.419664  0.321902  0.380868
-0.419664  0.32192  0.380841
-0.419664  0.322169  0.380653
-0.419664  0.322351  0.380522
-0.419664  0.322367  0.380512
-0.419664  0.322599  0.380334
-0.419664  0.322616  0.380324
-0.419664  0.322847  0.380163
-0.419664  0.322863  0.380153
-0.419664  0.323111  0.379982
-0.419664  0.323292  0.379852
-0.419664  0.323308  0.379842
-0.419664  0.323533  0.379658
-0.419664  0.323549  0.379648
-0.419664  0.323796  0.379477
-0.419664  0.323976  0.379347
-0.419664  0.323993  0.379337
-0.419664  0.324233  0.379143
-0.419664  0.324249  0.379133
-0.419664  0.324511  0.378952
-0.419664  0.324527  0.378942
-0.419664  0.324804  0.378767
-0.419664  0.324984  0.378638
-0.419664  0.325017  0.378617
-0.419664  0.325256  0.378424
-0.419664  0.325434  0.378311
-0.419664  0.325451  0.378284
-0.419664  0.325744  0.378083
-0.419664  0.325777  0.378062
-0.419664  0.326015  0.37787
-0.419664  0.326047  0.377849
-0.419664  0.326324  0.377642
-0.419664  0.326513  0.37748
-0.419664  0.326545  0.377459
-0.419664  0.326831  0.377219
-0.419664  0.327052  0.377037
-0.419664  0.327084  0.377016
-0.419664  0.327417  0.376762
-0.419664  0.32745  0.376725
-0.419664  0.327744  0.376469
-0.419664  0.32776  0.376459
-0.419664  0.32808  0.376144
-0.419664  0.328112  0.376124
-0.419664  0.328446  0.375815
-0.419664  0.328462  0.375805
-0.419664  0.328742  0.375505
-0.419664  0.328979  0.375257
-0.419664  0.329011  0.375237
-0.419664  0.329314  0.374911
-0.419664  0.32933  0.374901
-0.419664  0.329616  0.374585
-0.419664  0.329803  0.374402
-0.419664  0.329812  0.374369
-0.419664  0.330112  0.37406
-0.419664  0.330122  0.374028
-0.419664  0.330389  0.373739
-0.419664  0.330625  0.373471
-0.419664  0.330634  0.373438
-0.419664  0.331003  0.373073
-0.419664  0.331012  0.373041
-0.419664  0.331327  0.372667
-0.419664  0.331359  0.372647
-0.419664  0.331656  0.372301
-0.419664  0.331703  0.37227
-0.419664  0.332  0.371924
-0.419664  0.332215  0.371683
-0.419664  0.332224  0.371651
-0.419664  0.332596  0.371254
-0.419664  0.332643  0.371224
-0.419664  0.332967  0.370858
-0.419664  0.332991  0.370832
-0.419664  0.333307  0.370444
-0.419664  0.333316  0.370412
-0.419664  0.333647  0.370014
-0.419664  0.333928  0.369702
-0.419664  0.333975  0.369672
-0.419664  0.334147  0.369468
-0.419664  0.334566  0.36901
-0.419664  0.334794  0.36869
-0.419664  0.334824  0.36867
-0.419664  0.335166  0.368225
-0.419664  0.335174  0.368193
-0.419664  0.3355  0.367742
-0.419664  0.335747  0.367396
-0.419664  0.335769  0.36737
-0.419664  0.336138  0.366852
-0.419664  0.336161  0.36681
-0.419664  0.336466  0.366348
-0.419664  0.33649  0.366306
-0.419664  0.336756  0.365843
-0.419664  0.336991  0.365492
-0.419664  0.337012  0.365467
-0.419664  0.337335  0.364981
-0.419664  0.337357  0.364955
-0.419664  0.337683  0.364509
-0.419664  0.337882  0.364196
-0.419664  0.337905  0.364154
-0.419664  0.338221  0.363685
-0.419664  0.338456  0.363321
-0.419664  0.338478  0.363279
-0.419664  0.338813  0.362824
-0.419664  0.338834  0.362798
-0.419664  0.33913  0.362341
-0.419664  0.339152  0.362299
-0.419664  0.339497  0.361836
-0.419664  0.33971  0.361499
-0.419664  0.339732  0.361457
-0.419664  0.34003  0.361023
-0.419664  0.34005  0.360998
-0.419664  0.340332  0.360575
-0.419664  0.340536  0.360254
-0.419664  0.340557  0.360213
-0.419664  0.340865  0.359771
-0.419664  0.340885  0.359745
-0.419664  0.341194  0.359325
-0.419664  0.341403  0.359011
-0.419664  0.341446  0.358982
-0.419664  0.341725  0.358565
-0.419664  0.341753  0.358545
-0.419664  0.342095  0.358112
-0.419664  0.342311  0.357789
-0.419664  0.342353  0.357759
-0.419664  0.342602  0.357331
-0.419664  0.342623  0.357289
-0.419664  0.342907  0.356863
-0.419664  0.343115  0.356556
-0.419664  0.343143  0.356536
-0.419664  0.343454  0.356076
-0.419664  0.343461  0.356044
-0.419664  0.343756  0.355593
-0.419664  0.343927  0.355284
-0.419664  0.343968  0.355255
-0.419664  0.344235  0.354808
-0.419664  0.344256  0.354767
-0.419664  0.344535  0.35431
-0.419664  0.344766  0.353915
-0.419664  0.344794  0.353896
-0.419664  0.345076  0.353425
-0.419664  0.345097  0.353368
-0.419664  0.345362  0.352854
-0.419664  0.345382  0.352813
-0.419664  0.345584  0.352299
-0.419664  0.345782  0.351941
-0.419664  0.345801  0.3519
-0.419664  0.346102  0.351376
-0.419664  0.346108  0.351344
-0.419664  0.346429  0.350816
-0.419664  0.346601  0.350463
-0.419664  0.34662  0.350422
-0.419664  0.346867  0.349906
-0.419664  0.347071  0.349487
-0.419664  0.34709  0.349446
-0.419664  0.347374  0.348903
-0.419664  0.347393  0.348862
-0.419664  0.347668  0.348297
-0.419664  0.347866  0.347896
-0.419664  0.347898  0.347846
-0.419664  0.348191  0.347227
-0.419664  0.34821  0.347186
-0.419664  0.348479  0.346624
-0.419664  0.348497  0.346583
-0.419664  0.348715  0.346045
-0.419664  0.348887  0.345634
-0.419664  0.348905  0.345593
-0.419664  0.349213  0.344974
-0.419664  0.349231  0.344933
-0.419664  0.349478  0.3444
-0.419664  0.349496  0.344359
-0.419664  0.349765  0.343806
-0.419664  0.349957  0.343379
-0.419664  0.349975  0.343338
-0.419664  0.35028  0.342759
-0.419664  0.350297  0.342718
-0.419664  0.350569  0.342122
-0.419664  0.350586  0.342082
-0.419664  0.35084  0.34151
-0.419664  0.351049  0.341081
-0.419664  0.351066  0.341041
-0.419664  0.351304  0.340481
-0.419664  0.351321  0.34044
-0.419664  0.351557  0.339881
-0.419664  0.35175  0.339463
-0.419664  0.351766  0.339423
-0.419664  0.352074  0.338809
-0.419664  0.352091  0.338769
-0.419664  0.35238  0.338197
-0.419664  0.352396  0.338157
-0.419664  0.352655  0.337634
-0.419664  0.352671  0.337594
-0.419664  0.352957  0.337007
-0.419664  0.353143  0.336593
-0.419664  0.353159  0.336553
-0.419664  0.353479  0.33594
-0.419664  0.353495  0.335901
-0.419664  0.353762  0.335342
-0.419664  0.353777  0.335302
-0.419664  0.354079  0.334717
-0.419664  0.354284  0.334271
-0.419664  0.3543  0.334232
-0.419664  0.354561  0.333676
-0.419664  0.354588  0.333627
-0.419664  0.354847  0.333072
-0.419664  0.355025  0.332646
-0.419664  0.35504  0.332607
-0.419664  0.35532  0.332036
-0.419664  0.355335  0.331997
-0.419664  0.355622  0.331431
-0.419664  0.355861  0.331014
-0.419664  0.355888  0.330966
-0.419664  0.356231  0.330358
-0.419664  0.35628  0.330306
-0.419664  0.356564  0.329714
-0.419664  0.35659  0.329666
-0.419664  0.356907  0.329048
-0.419664  0.357128  0.328629
-0.419664  0.357156  0.328566
-0.419664  0.357434  0.327963
-0.419664  0.357448  0.327925
-0.419664  0.357716  0.327289
-0.419664  0.357741  0.327242
-0.419664  0.358026  0.32662
-0.419664  0.358222  0.326163
-0.419664  0.358245  0.326132
-0.419664  0.358516  0.325492
-0.419664  0.358541  0.325445
-0.419664  0.358787  0.32481
-0.419664  0.358973  0.324402
-0.419664  0.358996  0.324371
-0.419664  0.359226  0.323761
-0.419664  0.359248  0.323731
-0.419664  0.359573  0.323074
-0.419664  0.359755  0.322655
-0.419664  0.359767  0.322617
-0.419664  0.36003  0.322022
-0.419664  0.360054  0.321975
-0.419664  0.360297  0.321325
-0.419664  0.360497  0.320876
-0.419664  0.360489  0.320826
-0.419664  0.360626  0.320565
-0.419664  0.360841  0.319935
-0.419664  0.361061  0.319427
-0.419664  0.361084  0.319381
-0.419664  0.361318  0.318679
-0.419664  0.361341  0.318633
-0.419664  0.361571  0.318004
-0.419664  0.361573  0.317946
-0.419664  0.361845  0.317269
-0.419664  0.362034  0.316811
-0.419664  0.362058  0.316749
-0.419664  0.362283  0.316108
-0.419664  0.362304  0.316063
-0.419664  0.362611  0.31537
-0.419664  0.362799  0.314883
-0.419664  0.362802  0.31481
-0.419664  0.363064  0.314137
-0.419664  0.363085  0.314092
-0.419664  0.36338  0.313336
-0.419664  0.363564  0.312809
-0.419664  0.363595  0.312756
-0.419664  0.363813  0.312004
-0.419664  0.363836  0.311944
-0.419664  0.364142  0.311177
-0.419664  0.364364  0.310617
-0.419664  0.364384  0.310573
-0.419664  0.364708  0.309818
-0.419664  0.36473  0.309758
-0.419664  0.365073  0.308889
-0.419664  0.365092  0.308845
-0.419664  0.365441  0.308055
-0.419664  0.365744  0.307414
-0.419664  0.365773  0.307362
-0.419664  0.365925  0.307013
-0.419664  0.366278  0.306204
-0.419664  0.366566  0.305531
-0.419664  0.366596  0.305464
-0.419664  0.366962  0.304601
-0.419664  0.366999  0.304542
-0.419664  0.367363  0.303665
-0.419664  0.367393  0.303598
-0.419664  0.367805  0.302667
-0.419664  0.367844  0.302593
-0.419664  0.368232  0.30175
-0.419664  0.368572  0.301117
-0.419664  0.368601  0.301051
-0.419664  0.369033  0.300171
-0.419664  0.369071  0.300097
-0.419664  0.369516  0.299205
-0.419664  0.36985  0.298546
-0.419664  0.369886  0.298473
-0.419664  0.370345  0.29754
-0.419664  0.370382  0.297467
-0.419664  0.370817  0.29651
-0.419664  0.371116  0.295822
-0.419664  0.371143  0.295758
-0.419664  0.3716  0.294795
-0.419664  0.371635  0.294723
-0.419664  0.372061  0.293744
-0.419664  0.372406  0.293029
-0.419664  0.37244  0.292958
-0.419664  0.372863  0.291937
-0.419664  0.372897  0.291866
-0.419664  0.373377  0.290866
-0.419664  0.37369  0.290149
-0.419664  0.373718  0.290069
-0.419664  0.374231  0.289025
-0.419664  0.374258  0.288946
-0.419664  0.374745  0.287895
-0.419664  0.375096  0.287143
-0.419664  0.375123  0.287064
-0.419664  0.375616  0.286006
-0.419664  0.375662  0.285939
-0.419664  0.376168  0.284854
-0.419664  0.376556  0.284068
-0.419664  0.376581  0.28399
-0.419664  0.377045  0.282941
-0.419664  0.377078  0.282856
-0.419664  0.377589  0.281737
-0.419664  0.377964  0.280861
-0.419664  0.378004  0.280769
-0.419664  0.378235  0.280287
-0.419664  0.378738  0.279186
-0.419664  0.379125  0.278411
-0.419664  0.379156  0.278328
-0.419664  0.379634  0.277233
-0.419664  0.380005  0.27647
-0.419664  0.380035  0.276387
-0.419664  0.380542  0.275251
-0.419664  0.380592  0.27518
-0.419664  0.381109  0.274019
-0.419664  0.381452  0.273237
-0.419664  0.381481  0.273155
-0.419664  0.382044  0.272022
-0.419664  0.382072  0.27194
-0.419664  0.38253  0.270801
-0.419664  0.382884  0.269979
-0.419664  0.382904  0.269904
-0.419664  0.383379  0.268762
-0.419664  0.383439  0.26868
-0.419664  0.383925  0.267542
-0.419664  0.384238  0.266797
-0.419664  0.384271  0.26671
-0.419664  0.384727  0.265625
-0.419664  0.38476  0.265539
-0.419664  0.385193  0.264444
-0.419664  0.385501  0.26366
-0.419664  0.385533  0.263575
-0.419664  0.385966  0.262479
-0.419664  0.385991  0.2624
-0.419664  0.386436  0.261263
-0.419664  0.386717  0.260473
-0.419664  0.38676  0.260406
-0.419664  0.387173  0.259311
-0.419664  0.387197  0.259233
-0.419664  0.387607  0.258154
-0.419664  0.387652  0.25807
-0.419664  0.388083  0.256957
-0.419664  0.388354  0.256129
-0.419664  0.388398  0.256047
-0.419664  0.388781  0.254918
-0.419664  0.389029  0.254111
-0.419664  0.389047  0.254023
-0.419664  0.3894  0.252878
-0.419664  0.389418  0.25279
-0.419664  0.389755  0.251686
-0.419664  0.38979  0.251627
-0.419664  0.390159  0.250521
-0.419664  0.390193  0.250461
-0.419664  0.390538  0.249533
-0.419664  0.390826  0.248813
-0.419664  0.39086  0.248753
-0.419664  0.391273  0.247803
-0.419664  0.391306  0.247744
-0.419664  0.391657  0.246891
-0.419664  0.39169  0.246832
-0.419664  0.392082  0.245913
-0.419664  0.392117  0.245837
-0.419664  0.392456  0.244994
-0.419664  0.392483  0.24494
-0.419664  0.392809  0.244066
-0.419664  0.393035  0.243453
-0.419664  0.393045  0.243373
-0.419664  0.393324  0.242496
-0.419664  0.393353  0.242426
-0.419664  0.393624  0.241584
-0.419664  0.393804  0.240999
-0.419664  0.393827  0.240934
-0.419664  0.394066  0.240135
-0.419664  0.39407  0.240059
-0.419664  0.39431  0.239286
-0.419664  0.394489  0.238729
-0.419664  0.39451  0.238681
-0.419664  0.394739  0.23793
-0.419664  0.394754  0.237887
-0.419664  0.394967  0.237151
-0.419664  0.395106  0.236628
-0.419664  0.395108  0.236569
-0.419664  0.395297  0.235824
-0.419664  0.395311  0.23578
-0.419664  0.395499  0.235035
-0.419664  0.395595  0.234537
-0.419664  0.39561  0.234493
-0.419664  0.39574  0.233816
-0.419664  0.395754  0.233773
-0.419664  0.39589  0.233132
-0.419664  0.395987  0.232658
-0.419664  0.396002  0.232615
-0.419664  0.396149  0.23196
-0.419664  0.396259  0.231501
-0.419664  0.396275  0.23144
-0.419664  0.396426  0.23078
-0.419664  0.396435  0.230741
-0.419664  0.396598  0.230154
-0.419664  0.396607  0.230115
-0.419664  0.396757  0.229466
-0.419664  0.396766  0.229427
-0.419664  0.396922  0.228814
-0.419664  0.396936  0.22877
-0.419664  0.39708  0.228136
-0.419664  0.397181  0.227707
-0.419664  0.39719  0.227668
-0.419664  0.39733  0.227067
-0.419664  0.397339  0.227028
-0.419664  0.397493  0.226423
-0.419664  0.397595  0.225977
-0.419664  0.397604  0.225937
-0.419664  0.397764  0.22531
-0.419664  0.397773  0.225271
-0.419664  0.397928  0.224647
-0.419664  0.398017  0.224225
-0.419664  0.398026  0.224185
-0.419664  0.398164  0.223621
-0.419664  0.398173  0.223582
-0.419664  0.398315  0.223012
-0.419664  0.398398  0.222593
-0.419664  0.398409  0.222536
-0.419664  0.398538  0.221902
-0.419664  0.398547  0.221863
-0.419664  0.398664  0.221254
-0.419664  0.39875  0.220798
-0.419664  0.398754  0.220763
-0.419664  0.39887  0.220153
-0.419664  0.398873  0.220118
-0.419664  0.398994  0.219454
-0.419664  0.399003  0.219414
-0.419664  0.39911  0.218793
-0.419664  0.399121  0.218736
-0.419664  0.399228  0.218144
-0.419664  0.399302  0.217743
-0.419664  0.399311  0.217703
-0.419664  0.399415  0.217128
-0.419664  0.399424  0.217088
-0.419664  0.39953  0.216495
-0.419664  0.399607  0.216056
-0.419664  0.399617  0.215998
-0.419664  0.399699  0.215397
-0.419664  0.399703  0.215361
-0.419664  0.399801  0.214788
-0.419664  0.399875  0.214365
-0.419664  0.399878  0.214329
-0.419664  0.399965  0.213753
-0.419664  0.40004  0.213311
-0.419664  0.400049  0.213271
-0.419664  0.400152  0.212673
-0.419664  0.400155  0.212637
-0.419664  0.400257  0.212055
-0.419664  0.400325  0.211666
-0.419664  0.400334  0.211626
-0.419664  0.400429  0.211047
-0.419664  0.400433  0.211011
-0.419664  0.400556  0.210434
-0.419664  0.400625  0.210026
-0.419664  0.400634  0.209985
-0.419664  0.400731  0.209419
-0.419664  0.400733  0.209401
-0.419664  0.400845  0.208881
-0.419664  0.400912  0.208539
-0.419664  0.40092  0.208499
-0.419664  0.401014  0.208
-0.419664  0.401022  0.207959
-0.419664  0.40111  0.207482
-0.419664  0.401173  0.207125
-0.419664  0.401181  0.207085
-0.419664  0.401266  0.206574
-0.419664  0.401273  0.206552
-0.419664  0.401356  0.206058
-0.419664  0.401397  0.205676
-0.419664  0.401405  0.205635
-0.419664  0.401435  0.20544
-0.419664  0.40149  0.204942
-0.419664  0.401541  0.20461
-0.419664  0.401547  0.204588
-0.419664  0.401596  0.204094
-0.419664  0.401604  0.204053
-0.419664  0.401676  0.203513
-0.419664  0.401705  0.203155
-0.419664  0.401709  0.203099
-0.419664  0.401756  0.20257
-0.419664  0.401758  0.202551
-0.419664  0.401812  0.20211
-0.419664  0.401796  0.202062
-0.419664  0.401845  0.201624
-0.419664  0.401853  0.20135
-0.419664  0.401856  0.201313
-0.419664  0.401883  0.200848
-0.419664  0.401884  0.20083
-0.419664  0.401909  0.200331
-0.419664  0.401917  0.199985
-0.419664  0.401918  0.199966
-0.419664  0.401938  0.19947
-0.419664  0.40194  0.199432
-0.419664  0.401972  0.198969
-0.419664  0.401982  0.198584
-0.419664  0.401983  0.198565
-0.419664  0.402003  0.198048
-0.419664  0.402006  0.19801
-0.419664  0.402047  0.197466
-0.419664  0.402076  0.197071
-0.419664  0.402079  0.197033
-0.419664  0.402123  0.19643
-0.419664  0.402125  0.196393
-0.419664  0.402162  0.195883
-0.419664  0.402165  0.195845
-0.419664  0.402203  0.195316
-0.419664  0.402205  0.195278
-0.419664  0.402259  0.194724
-0.419664  0.402262  0.194687
-0.419664  0.402303  0.194079
-0.419664  0.402338  0.193639
-0.419664  0.402341  0.193601
-0.419664  0.402401  0.192983
-0.419664  0.402404  0.192945
-0.419664  0.402464  0.192399
-0.419664  0.402466  0.192361
-0.419664  0.402525  0.191833
-0.419664  0.402555  0.191428
-0.419664  0.402558  0.19139
-0.419664  0.402634  0.190871
-0.419664  0.402636  0.190833
-0.419664  0.402692  0.190322
-0.419664  0.402738  0.189964
-0.419664  0.402739  0.189945
-0.419664  0.402781  0.189418
-0.419664  0.402783  0.18938
-0.419664  0.402836  0.188886
-0.419664  0.402864  0.188497
-0.419664  0.402866  0.188458
-0.419664  0.402922  0.187924
-0.419664  0.402948  0.187553
-0.419664  0.40295  0.187514
-0.419664  0.402969  0.187012
-0.419664  0.402971  0.186973
-0.419664  0.403009  0.186462
-0.419664  0.403011  0.186423
-0.419664  0.403048  0.18593
-0.419664  0.403076  0.185573
-0.419664  0.403079  0.185534
-0.419664  0.403121  0.184997
-0.419664  0.403169  0.184631
-0.419664  0.403171  0.184592
-0.419664  0.403211  0.184093
-0.419664  0.403213  0.184054
-0.419664  0.403252  0.183574
-0.419664  0.403254  0.183535
-0.419664  0.403295  0.18309
-0.419664  0.403303  0.182739
-0.419664  0.403305  0.1827
-0.419664  0.403347  0.182215
-0.419664  0.403379  0.181851
-0.419664  0.403385  0.181808
-0.419664  0.403434  0.18128
-0.419664  0.403435  0.18126
-0.419664  0.403482  0.18075
-0.419664  0.403517  0.180402
-0.419664  0.403519  0.180362
-0.419664  0.403572  0.179809
-0.419664  0.403577  0.179785
-0.419664  0.403609  0.17928
-0.419664  0.403611  0.17924
-0.419664  0.403666  0.178722
-0.419664  0.4037  0.178371
-0.419664  0.403706  0.178328
-0.419664  0.403734  0.17788
-0.419664  0.40374  0.177837
-0.419664  0.403787  0.17738
-0.419664  0.4038  0.177058
-0.419664  0.403807  0.177015
-0.419664  0.403855  0.176517
-0.419664  0.403855  0.176497
-0.419664  0.403889  0.175985
-0.419664  0.403929  0.175569
-0.419664  0.40393  0.17553
-0.419664  0.403959  0.17502
-0.419664  0.403965  0.174976
-0.419664  0.404016  0.174473
-0.419664  0.404017  0.174453
-0.419664  0.404053  0.173956
-0.419664  0.404055  0.173916
-0.419664  0.404105  0.173432
-0.419664  0.404111  0.173388
-0.419664  0.404134  0.172977
-0.419664  0.404135  0.172957
-0.419664  0.404178  0.172515
-0.419664  0.404206  0.172221
-0.419664  0.404212  0.172178
-0.419664  0.404231  0.171748
-0.419664  0.404237  0.171705
-0.419664  0.404255  0.171295
-0.419664  0.404288  0.170997
-0.419664  0.404288  0.170977
-0.419664  0.40431  0.170563
-0.419664  0.404311  0.170543
-0.419664  0.404332  0.170129
-0.419664  0.404346  0.169819
-0.419664  0.404351  0.169796
-0.419664  0.404377  0.169399
-0.419664  0.404378  0.169358
-0.419664  0.404404  0.168941
-0.419664  0.404417  0.16863
-0.419664  0.404418  0.16859
-0.419664  0.404444  0.168151
-0.419664  0.404444  0.168131
-0.419664  0.404451  0.167702
-0.419664  0.404463  0.167391
-0.419664  0.404469  0.167347
-0.419664  0.404494  0.166928
-0.419664  0.404476  0.166897
-0.419664  0.404501  0.166437
-0.419664  0.404514  0.166105
-0.419664  0.404519  0.166061
-0.419664  0.404544  0.16562
-0.419664  0.404545  0.16558
-0.419664  0.404551  0.165087
-0.419664  0.404552  0.165047
-0.419664  0.404576  0.164565
-0.419664  0.404589  0.164211
-0.419664  0.404594  0.164188
-0.419664  0.404623  0.163661
-0.419664  0.404629  0.163617
-0.419664  0.404657  0.163131
-0.419664  0.404643  0.163097
-0.419664  0.404672  0.16259
-0.419664  0.404688  0.162232
-0.419664  0.404693  0.162188
-0.419664  0.40472  0.161681
-0.419664  0.404707  0.161626
-0.419664  0.404749  0.161067
-0.419664  0.404736  0.161012
-0.419664  0.404772  0.160498
-0.419664  0.404778  0.160081
-0.419664  0.404783  0.160058
-0.419664  0.404809  0.159526
-0.419664  0.404814  0.159482
-0.419664  0.404844  0.158947
-0.419664  0.404849  0.158902
-0.419664  0.404879  0.158367
-0.419664  0.404888  0.157947
-0.419664  0.404894  0.157902
-0.419664  0.404909  0.157291
-0.419664  0.404914  0.157246
-0.419664  0.404924  0.156699
-0.419664  0.404932  0.156299
-0.419664  0.404937  0.156254
-0.419664  0.404947  0.155665
-0.419664  0.404952  0.155621
-0.419664  0.404961  0.154969
-0.419664  0.404966  0.154925
-0.419664  0.404966  0.154319
-0.419664  0.404987  0.15389
-0.419664  0.404973  0.153835
-0.419664  0.404985  0.153284
-0.419664  0.40499  0.153239
-0.419664  0.405006  0.152665
-0.419664  0.404988  0.152633
-0.419664  0.405008  0.152055
-0.419664  0.405023  0.151648
-0.419664  0.405028  0.151604
-0.419664  0.405038  0.151009
-0.419664  0.405038  0.150967
-0.419664  0.405048  0.150352
-0.419664  0.405062  0.149881
-0.419664  0.405067  0.149857
-0.419664  0.405071  0.149285
-0.419664  0.405071  0.149243
-0.419664  0.405098  0.148658
-0.419664  0.405079  0.148605
-0.419664  0.405101  0.148001
-0.419664  0.405105  0.147977
-0.419664  0.405099  0.147409
-0.419664  0.405104  0.147364
-0.419664  0.40512  0.146783
-0.419664  0.405113  0.146341
-0.419664  0.405113  0.146298
-0.419664  0.405137  0.145753
-0.419664  0.405137  0.145711
-0.419664  0.405133  0.145159
-0.419664  0.40514  0.144751
-0.419664  0.405139  0.144708
-0.419664  0.405153  0.144146
-0.419664  0.405157  0.144101
-0.419664  0.405171  0.143538
-0.419664  0.40519  0.14312
-0.419664  0.405194  0.143075
-0.419664  0.405201  0.142492
-0.419664  0.405205  0.142447
-0.419664  0.405235  0.141872
-0.419664  0.405235  0.141485
-0.419664  0.405235  0.141443
-0.419664  0.405259  0.140848
-0.419664  0.405263  0.140802
-0.419664  0.405279  0.140255
-0.419664  0.405278  0.140212
-0.419664  0.405311  0.139631
-0.419664  0.405315  0.139586
-0.419664  0.405324  0.138996
-0.419664  0.405335  0.138535
-0.419664  0.405334  0.138492
-0.419664  0.405361  0.137955
-0.419664  0.405361  0.137912
-0.419664  0.405387  0.137332
-0.419664  0.405389  0.13696
-0.419664  0.405393  0.136915
-0.419664  0.405413  0.136335
-0.419664  0.405417  0.136311
-0.419664  0.405437  0.135731
-0.419664  0.405456  0.135347
-0.419664  0.40546  0.135302
-0.419664  0.40548  0.134786
-0.419664  0.405479  0.134742
-0.419664  0.405481  0.134215
-0.419664  0.405503  0.133828
-0.419664  0.405502  0.133784
-0.419664  0.405503  0.133255
-0.419664  0.405507  0.13321
-0.419664  0.405506  0.132637
-0.419664  0.405509  0.132238
-0.419664  0.405508  0.132194
-0.419664  0.405507  0.131664
-0.419664  0.405506  0.131621
-0.419664  0.405506  0.131134
-0.419664  0.405505  0.130779
-0.419664  0.405508  0.130733
-0.419664  0.405507  0.130224
-0.419664  0.405506  0.13018
-0.419664  0.405504  0.12967
-0.419664  0.405496  0.129273
-0.419664  0.405499  0.129227
-0.419664  0.405492  0.128696
-0.419664  0.405491  0.128674
-0.419664  0.405502  0.128175
-0.419664  0.405517  0.127808
-0.419664  0.405516  0.127786
-0.419664  0.405522  0.127289
-0.419664  0.405525  0.127264
-0.419664  0.405548  0.126755
-0.419664  0.405558  0.126389
-0.419664  0.405557  0.126367
-0.419664  0.405578  0.125835
-0.419664  0.405576  0.125791
-0.419664  0.405619  0.125266
-0.419664  0.405645  0.124888
-0.419664  0.405645  0.124865
-0.419664  0.405665  0.124354
-0.419664  0.405668  0.124307
-0.419664  0.405707  0.123828
-0.419664  0.405732  0.123448
-0.419664  0.405749  0.123436
-0.419664  0.405772  0.122921
-0.419664  0.405789  0.122887
-0.419664  0.405829  0.122359
-0.419664  0.405853  0.121978
-0.419664  0.405851  0.121934
-0.419664  0.40591  0.12146
-0.419664  0.405908  0.121416
-0.419664  0.405967  0.120942
-0.419664  0.405993  0.120627
-0.419664  0.406014  0.120591
-0.419664  0.406053  0.120083
-0.419664  0.406052  0.12006
-0.419664  0.406092  0.119597
-0.419664  0.406091  0.119574
-0.419664  0.406131  0.119018
-0.419664  0.406129  0.118974
-0.419664  0.406155  0.118518
-0.419664  0.406181  0.118132
-0.419664  0.406179  0.11811
-0.419664  0.406206  0.117676
-0.419664  0.406204  0.117631
-0.419664  0.406233  0.117242
-0.419664  0.406247  0.116909
-0.419664  0.406246  0.116887
-0.419664  0.406275  0.11652
-0.419664  0.406278  0.116495
-0.419664  0.406305  0.116083
-0.419664  0.406316  0.115797
-0.419664  0.406314  0.115752
-0.419664  0.406339  0.115316
-0.419664  0.406338  0.115294
-0.419664  0.406344  0.114847
-0.419664  0.406356  0.114513
-0.419664  0.406354  0.114468
-0.419664  0.40636  0.114021
-0.419664  0.406376  0.114009
-0.419664  0.406386  0.113559
-0.419664  0.406389  0.113535
-0.419664  0.406398  0.113084
-0.419664  0.406411  0.112772
-0.419664  0.406432  0.112758
-0.419664  0.406444  0.112283
-0.419664  0.406445  0.112236
-0.419664  0.406476  0.111723
-0.419664  0.406491  0.111386
-0.419664  0.406493  0.111361
-0.419664  0.406526  0.110893
-0.419664  0.406546  0.110857
-0.419664  0.406585  0.110432
-0.419664  0.406606  0.110137
-0.419664  0.406626  0.110101
-0.419664  0.406662  0.10963
-0.419664  0.406665  0.109606
-0.419664  0.406728  0.109235
-0.419664  0.406746  0.108894
-0.419664  0.406748  0.108869
-0.419664  0.406801  0.108409
-0.419664  0.406802  0.108361
-0.419664  0.406859  0.107899
-0.419664  0.406878  0.107532
-0.419664  0.406881  0.107507
-0.419664  0.406947  0.107063
-0.419664  0.406948  0.107016
-0.419664  0.406992  0.106585
-0.419664  0.407013  0.106264
-0.419664  0.407014  0.106217
-0.419664  0.407061  0.105832
-0.419664  0.407062  0.105784
-0.419664  0.407095  0.105386
-0.419664  0.407124  0.105061
-0.419664  0.407124  0.105013
-0.419664  0.407161  0.104566
-0.419664  0.407164  0.104541
-0.419664  0.407182  0.104082
-0.419664  0.40718  0.10406
-0.419664  0.407217  0.103682
-0.419664  0.407218  0.103635
-0.419664  0.407239  0.103222
-0.419664  0.407241  0.103197
-0.419664  0.407275  0.102845
-0.419664  0.407278  0.10282
-0.419664  0.407289  0.102458
-0.419664  0.407298  0.102193
-0.419664  0.407301  0.102168
-0.419664  0.407333  0.101863
-0.419664  0.407335  0.101838
-0.419664  0.407342  0.101478
-0.419664  0.407352  0.101235
-0.419664  0.407351  0.101212
-0.419664  0.407383  0.100859
-0.419664  0.407381  0.100836
-0.419664  0.407388  0.100499
-0.419664  0.407413  0.100268
-0.419664  0.407411  0.100245
-0.419664  0.407438  0.0999419
-0.419664  0.40744  0.0999171
-0.419664  0.407444  0.0996045
-0.419664  0.407464  0.0993754
-0.419664  0.407466  0.0993505
-0.419664  0.40749  0.0990717
-0.419664  0.407492  0.0990468
-0.419664  0.407516  0.0987679
-0.419664  0.407517  0.0985279
-0.419664  0.407517  0.0985279
-0.419664  0.407547  0.0982703
-0.419664  0.407545  0.0982471
-0.419664  0.407568  0.097968
-0.419664  0.407569  0.0977758
-0.419664  0.407571  0.097751
-0.419664  0.40759  0.0974734
-0.419664  0.407592  0.0974485
-0.419664  0.407611  0.0971709
-0.419664  0.407629  0.0969892
-0.419664  0.407631  0.0969644
-0.419664  0.407654  0.096733
-0.419664  0.407652  0.0967098
-0.419664  0.407674  0.0964784
-0.419664  0.407674  0.096286
-0.419664  0.407672  0.0962627
-0.419664  0.40769  0.0960328
-0.419664  0.40769  0.0960328
-0.419664  0.407708  0.0958029
-0.419664  0.407712  0.0958013
-0.419664  0.407728  0.0955961
-0.419664  0.407728  0.0955961
-0.419664  0.407732  0.0954019
-0.419664  0.407749  0.0952682
-0.419664  0.407747  0.0952449
-0.419664  0.407747  0.0950523
-0.419664  0.407745  0.095029
-0.419664  0.40776  0.0948237
-0.419664  0.407758  0.094704
-0.419664  0.407762  0.0947024
-0.419664  0.407763  0.094533
-0.419664  0.407763  0.094533
-0.419664  0.407764  0.0943635
-0.419664  0.407762  0.0943402
-0.419664  0.407763  0.0941707
-0.419664  0.407761  0.0941474
-0.419664  0.407756  0.0939562
-0.419664  0.407752  0.0938131
-0.419664  0.407752  0.0938131
-0.419664  0.407747  0.0936218
-0.419664  0.407748  0.0935969
-0.419664  0.407741  0.0933822
-0.419664  0.407736  0.093239
-0.419664  0.407734  0.0932157
-0.419664  0.407726  0.0930009
-0.419664  0.407723  0.0928328
-0.419664  0.407723  0.0928328
-0.419664  0.407738  0.092627
-0.419664  0.407735  0.0926036
-0.419664  0.407732  0.0923871
-0.419664  0.407732  0.0923871
-0.419664  0.407732  0.092169
-0.419664  0.40773  0.0921456
-0.419664  0.407732  0.0919508
-0.419664  0.407749  0.0918165
-0.419664  0.407749  0.0918165
-0.419664  0.407744  0.0915999
-0.419664  0.407745  0.0914783
-0.419664  0.407743  0.0914549
-0.419664  0.407741  0.0912616
-0.419664  0.407743  0.0912366
-0.419664  0.407741  0.0910432
-0.419664  0.407738  0.0910198
-0.419664  0.407738  0.0908498
-0.419664  0.407741  0.0907033
-0.419664  0.407738  0.0906798
-0.419664  0.407739  0.0906065
-0.419664  0.407739  0.0904365
-0.419664  0.407739  0.0904365
-0.419664  0.407739  0.0902664
-0.419664  0.407738  0.0901697
-0.419664  0.407742  0.0901682
-0.419664  0.40774  0.090023
-0.419664  0.407738  0.0899996
-0.419664  0.407714  0.0898453
-0.419664  0.407712  0.0897485
-0.419664  0.407712  0.0897485
-0.419664  0.407702  0.0896062
-0.419664  0.407697  0.0895109
-0.419664  0.407695  0.0894874
-0.419664  0.407687  0.0893686
-0.419664  0.407687  0.0893686
-0.419664  0.407677  0.0892263
-0.419664  0.407677  0.0892263
-0.419664  0.407669  0.0891075
-0.419664  0.407644  0.0890264
-0.419664  0.407642  0.089003
-0.419664  0.40765  0.0889196
-0.419664  0.40765  0.0889196
-0.419664  0.407641  0.0888257
-0.419664  0.40763  0.0887567
-0.419664  0.40763  0.0887567
-0.419664  0.407621  0.0886627
-0.419664  0.407621  0.0886627
-0.419664  0.407607  0.0885702
-0.419664  0.4076  0.0884997
-0.419664  0.4076  0.0884997
-0.419664  0.407588  0.0883822
-0.419664  0.407595  0.0883237
-0.419664  0.407593  0.0883002
-0.419664  0.407583  0.0882062
-0.419664  0.407583  0.0882062
-0.419664  0.407592  0.0881227
-0.419664  0.407599  0.0880642
-0.419664  0.407599  0.0880642
-0.419664  0.407591  0.0879936
-0.419664  0.407607  0.0879807
-0.419664  0.407614  0.0879222
-0.419664  0.407614  0.0879222
-0.419664  0.407625  0.0878622
-0.419664  0.407622  0.0878386
-0.419664  0.407629  0.0877801
-0.419664  0.40762  0.0877345
-0.419664  0.40762  0.0877345
-0.419664  0.407625  0.0876524
-0.419664  0.407625  0.0876524
-0.419664  0.407632  0.0875938
-0.419664  0.407641  0.0875588
-0.419664  0.407639  0.0875352
-0.419664  0.407644  0.0875017
-0.419664  0.407641  0.0874781
-0.419664  0.407633  0.0874325
-0.419664  0.407626  0.0874104
-0.419664  0.407626  0.0874104
-0.419664  0.407613  0.0873662
-0.419664  0.407613  0.0873662
-0.419664  0.407603  0.0873456
-0.419664  0.407593  0.087325
-0.419664  0.407593  0.087325
-0.419664  0.407564  0.0872937
-0.419664  0.407564  0.0872937
-0.419664  0.40755  0.0872746
-0.419664  0.40754  0.0872539
-0.419664  0.40754  0.0872539
-0.419664  0.407525  0.0872348
-0.419664  0.407521  0.0872363
-0.419664  0.407507  0.0872171
-0.419664  0.407496  0.0871965
-0.419664  0.407496  0.0871965
-0.419664  0.407484  0.0872009
-0.419664  0.407484  0.0872009
-0.419664  0.40747  0.0871817
-0.419664  0.407456  0.0871626
-0.419664  0.407456  0.0871626
-0.419664  0.407445  0.087142
-0.419664  0.407441  0.0871434
-0.419664  0.407431  0.0871228
-0.419664  0.40742  0.0871022
-0.419664  0.40742  0.0871022
-0.419664  0.40741  0.0870816
-0.419664  0.40741  0.0870816
-0.419664  0.407415  0.087048
-0.419664  0.407409  0.0870259
-0.419664  0.407405  0.0870273
-0.419664  0.407398  0.0870052
-0.419664  0.407396  0.0869816
-0.419664  0.407389  0.0869595
-0.419664  0.407405  0.0869465
-0.419664  0.407405  0.0869465
-0.419664  0.407399  0.0869244
-0.419664  0.407396  0.0869008
-0.419664  0.407396  0.0869008
-0.419664  0.407391  0.0868536
-0.419664  0.407391  0.0868536
-0.419664  0.407389  0.08683
-0.419664  0.407389  0.08683
-0.419664  0.407384  0.0867828
-0.419664  0.407384  0.0867828
-0.419664  0.407381  0.0867592
-0.419664  0.407383  0.0867342
-0.419664  0.407383  0.0867342
-0.419664  0.40738  0.0867106
-0.419664  0.40738  0.0867106
-0.419664  0.407379  0.0866619
-0.419664  0.407379  0.0866619
-0.419664  0.407359  0.0866277
-0.419664  0.40736  0.0866026
-0.419664  0.40736  0.0866026
-0.419664  0.407358  0.086579
-0.419664  0.407358  0.086579
-0.419664  0.40736  0.0865539
-0.419664  0.407357  0.0865303
-0.419664  0.407357  0.0865303
-0.419664  0.407355  0.0865067
-0.419664  0.407355  0.0865067
-0.419664  0.407352  0.0864831
-0.419664  0.407352  0.0864831
-0.419664  0.407352  0.0864831
-0.419664  0.407332  0.0864489
-0.419664  0.407332  0.0864489
-0.419664  0.407329  0.0864253
-0.419664  0.407329  0.0864253
-0.419664  0.407329  0.0864253
-0.419664  0.407327  0.0864017
-0.419664  0.407327  0.0864017
-0.419664  0.407323  0.0864032
-0.419664  0.407323  0.0864032
-0.419664  0.407323  0.0864032
-0.419664  0.407321  0.0864282
-0.419664  0.407321  0.0864282
-0.419664  0.407321  0.0864282
-0.419664  0.407321  0.0864282
-0.419664  0.407317  0.0864297
-0.419664  0.407317  0.0864297
-0.419664  0.407313  0.0864312
-0.419664  0.407309  0.0864326
-0.419664  0.407309  0.0864326
-0.419664  0.407304  0.0864592
-0.419664  0.407304  0.0864592
-0.419664  0.407278  0.0864516
-0.419664  0.407292  0.0864636
-0.419664  0.407292  0.0864636
-0.419664  0.407286  0.0864902
-0.419664  0.407286  0.0864902
-0.419664  0.407256  0.086484
-0.419664  0.407254  0.0865091
-0.419664  0.407254  0.0865091
-0.419664  0.407242  0.0865135
-0.419664  0.407242  0.0865135
-0.419664  0.40723  0.086518
-0.419664  0.407222  0.0865209
-0.419664  0.407218  0.0865224
-0.419664  0.407206  0.0865269
-0.419664  0.407206  0.0865269
-0.419664  0.407194  0.0865313
-0.419664  0.407164  0.0865252
-0.419664  0.407164  0.0865252
-0.419664  0.407152  0.0865296
-0.419664  0.407152  0.0865296
-0.419664  0.407136  0.0865356
-0.419664  0.407136  0.0865356
-0.419664  0.407124  0.08654
-0.419664  0.407112  0.0865445
-0.419664  0.407112  0.0865445
-0.419664  0.407082  0.0865384
-0.419664  0.407082  0.0865384
-0.419664  0.407067  0.0865192
-0.419664  0.407067  0.0865192
-0.419664  0.407059  0.0865222
-0.419664  0.407051  0.0865252
-0.419664  0.407051  0.0865252
-0.419664  0.407039  0.0865297
-0.419664  0.407028  0.0865091
-0.419664  0.407028  0.0865091
-0.419664  0.407016  0.0865136
-0.419664  0.407016  0.0865136
-0.419664  0.407004  0.086518
-0.419664  0.406994  0.0864974
-0.419664  0.406994  0.0864974
-0.419664  0.406981  0.0865019
-0.419664  0.406981  0.0865019
-0.419664  0.406971  0.0864813
-0.419664  0.406963  0.0864843
-0.419664  0.406963  0.0864843
-0.419664  0.406948  0.0864652
-0.419664  0.406948  0.0864652
-0.419664  0.406937  0.0864445
-0.419664  0.406933  0.086446
-0.419664  0.406929  0.0864475
-0.419664  0.406919  0.0864269
-0.419664  0.406919  0.0864269
-0.419664  0.406911  0.0864299
-0.419664  0.406904  0.0864078
-0.419664  0.406904  0.0864078
-0.419664  0.4069  0.0864093
-0.419664  0.4069  0.0864093
-0.419664  0.406889  0.0863887
-0.419664  0.406889  0.0863887
-0.419664  0.406885  0.0863902
-0.419664  0.406885  0.0863902
-0.419664  0.406877  0.0863932
-0.419664  0.406875  0.0863695
-0.419664  0.406875  0.0863695
-0.419664  0.406867  0.0863726
-0.419664  0.406867  0.0863726
-0.419664  0.406863  0.0863741
-0.419664  0.406863  0.0863741
-0.419664  0.406856  0.0863519
-0.419664  0.406852  0.0863534
-0.419664  0.406852  0.0863534
-0.419664  0.406848  0.0863549
-0.419664  0.406845  0.0863313
-0.419664  0.406841  0.0863328
-0.419664  0.406859  0.0863434
-0.419664  0.406855  0.0863449
-0.419664  0.406853  0.0863213
-0.419664  0.406849  0.0863228
-0.419664  0.406849  0.0863228
-0.419664  0.406863  0.0863349
-0.419664  0.406863  0.0863349
-0.419664  0.406859  0.0863364
-0.419664  0.406874  0.0863234
-0.419664  0.406874  0.0863234
-0.419664  0.40687  0.0863249
-0.419664  0.40687  0.0863249
-0.419664  0.406884  0.086337
-0.419664  0.406882  0.0863134
-0.419664  0.406882  0.0863134
-0.419664  0.406896  0.0863255
-0.419664  0.406896  0.0863255
-0.419664  0.406896  0.0863255
-0.419664  0.406896  0.0863255
-0.419664  0.406896  0.0863255
-0.419664  0.406896  0.0863255
-0.419664  0.40691  0.0863376
-0.419664  0.406892  0.086327
-0.419664  0.406892  0.086327
-0.419664  0.406892  0.086327
-0.419664  0.406892  0.086327
-0.419664  0.406892  0.086327
-0.419664  0.406892  0.086327
-0.419664  0.406894  0.0863507
-0.419664  0.40689  0.0863522
-0.419664  0.40689  0.0863522
-0.419664  0.406872  0.0863416
-0.419664  0.406872  0.0863416
-0.419664  0.406872  0.0863416
-0.419664  0.406872  0.0863416
-0.419664  0.40687  0.0863179
-0.419664  0.406847  0.0863088
-0.419664  0.406847  0.0863088
-0.419664  0.406847  0.0863088
-0.419664  0.406829  0.0862982
-0.419664  0.406829  0.0862982
-0.419664  0.406825  0.0862997
-0.419664  0.406825  0.0862997
-0.419664  0.406825  0.0862997
-0.419664  0.406823  0.0862761
-0.419664  0.406823  0.0862761
-0.419664  0.406823  0.0862761
-0.419664  0.406816  0.0862539
-0.419664  0.406816  0.0862539
-0.419664  0.406816  0.0862539
-0.419664  0.406814  0.0862303
-0.419664  0.40681  0.0862318
-0.419664  0.40681  0.0862318
-0.419664  0.40681  0.0862318
-0.419664  0.406821  0.0862202
-0.419664  0.406821  0.0862202
-0.419664  0.406821  0.0862202
-0.419664  0.406835  0.0862324
-0.419664  0.406835  0.0862324
-0.419664  0.406834  0.0862575
-0.419664  0.406834  0.0862575
-0.419664  0.406848  0.0862697
-0.419664  0.406844  0.0862712
-0.419664  0.406844  0.0862712
-0.419664  0.406839  0.0862727
-0.419664  0.406839  0.0862727
-0.419664  0.406842  0.0862964
-0.419664  0.406842  0.0862964
-0.419664  0.406838  0.0862979
-0.419664  0.406838  0.0862979
-0.419664  0.406838  0.0862979
-0.419664  0.40684  0.0863216
-0.419664  0.40684  0.0863216
-0.419664  0.406822  0.0863109
-0.419664  0.406825  0.0863346
-0.419664  0.406825  0.0863346
-0.419664  0.406825  0.0863346
-0.419664  0.406807  0.086324
-0.419664  0.406807  0.086324
-0.419664  0.406789  0.0863134
-0.419664  0.406789  0.0863134
-0.419664  0.406789  0.0863134
-0.419664  0.406789  0.0863134
-0.419664  0.406771  0.0863027
-0.419664  0.406771  0.0863027
-0.419664  0.406748  0.0862936
-0.419664  0.406748  0.0862936
-0.419664  0.406748  0.0862936
-0.419664  0.406726  0.0862845
-0.419664  0.406724  0.0862609
-0.419664  0.40672  0.0862624
-0.419664  0.40672  0.0862624
-0.419664  0.406715  0.0862639
-0.419664  0.406709  0.0862418
-0.419664  0.406709  0.0862418
-0.419664  0.406701  0.0862448
-0.419664  0.406701  0.0862448
-0.419664  0.406694  0.0862227
-0.419664  0.406683  0.086202
-0.419664  0.406683  0.086202
-0.419664  0.406673  0.0861814
-0.419664  0.406673  0.0861814
-0.419664  0.40668  0.0861714
-0.419664  0.406676  0.0861729
-0.419664  0.406672  0.0861745
-0.419664  0.406659  0.0861302
-0.419664  0.406659  0.0861302
-0.419664  0.406648  0.0861095
-0.419664  0.406644  0.0861111
-0.419664  0.406642  0.0860874
-0.419664  0.406631  0.0860668
-0.419664  0.406631  0.0860668
-0.419664  0.40662  0.0860461
-0.419664  0.406595  0.0860134
-0.419664  0.406595  0.0860134
-0.419664  0.406585  0.0859927
-0.419664  0.406585  0.0859927
-0.419664  0.406574  0.0859721
-0.419664  0.406549  0.0859393
-0.419664  0.406549  0.0859393
-0.419664  0.406521  0.0859081
-0.419664  0.40651  0.0858874
-0.419664  0.40651  0.0858874
-0.419664  0.406474  0.085834
-0.419664  0.406474  0.085834
-0.419664  0.406446  0.0858028
-0.419664  0.406439  0.0857806
-0.419664  0.40641  0.0857494
-0.419664  0.406381  0.0857181
-0.419664  0.406375  0.085696
-0.419664  0.40636  0.0856768
-0.419664  0.406357  0.0856531
-0.419664  0.406342  0.085634
-0.419664  0.40634  0.0856103
-0.419664  0.406325  0.0855912
-0.419664  0.406322  0.0855675
-0.419664  0.406301  0.0855262
-0.419664  0.406283  0.0854834
-0.419664  0.406283  0.0854834
-0.419664  0.40628  0.0854527
-0.419664  0.406276  0.0854543
-0.419664  0.406252  0.0853893
-0.419664  0.406248  0.0853908
-0.419664  0.40624  0.0853617
-0.419664  0.406241  0.0853295
-0.419664  0.406241  0.0853295
-0.419664  0.406248  0.0852872
-0.419664  0.406244  0.0852888
-0.419664  0.406241  0.0852581
-0.419664  0.406255  0.085238
-0.419664  0.406255  0.085238
-0.419664  0.406262  0.0852211
-0.419664  0.406262  0.0852211
-0.419664  0.40625  0.0851935
-0.419664  0.406271  0.0851957
-0.419664  0.406267  0.0851972
-0.419664  0.406259  0.0851681
-0.419664  0.406256  0.0851444
-0.419664  0.406265  0.0851512
-0.419664  0.406264  0.0851443
-0.419664  0.406257  0.0851221
-0.419664  0.406266  0.085129
-0.419664  0.406265  0.0851221
-0.419664  0.406261  0.0851237
-0.419664  0.406248  0.0850962
-0.419664  0.406267  0.0851068
-0.419664  0.406257  0.0851031
-0.419664  0.406258  0.08512
-0.419664  0.406258  0.08512
-0.419664  0.406271  0.0851254
-0.419664  0.406267  0.085127
-0.419664  0.406257  0.0851233
-0.419664  0.406241  0.0851296
-0.419664  0.406236  0.0851311
-0.419664  0.406227  0.0851275
-0.419664  0.406223  0.085129
-0.419664  0.406215  0.0851492
-0.419664  0.4062  0.0851301
-0.419664  0.406196  0.0851317
-0.419664  0.406193  0.0851503
-0.419664  0.406193  0.0851503
-0.419664  0.406172  0.0851582
-0.419664  0.406172  0.0851582
-0.419664  0.406169  0.0851768
-0.419664  0.406156  0.0851816
-0.419664  0.406152  0.0851832
-0.419664  0.406149  0.0852018
