-0.419728  -0.0467691  0.150592
-0.419728  -0.0467691  0.150592
-0.419728  -0.0467691  0.150592
-0.419723  -0.0468154  0.150592
-0.419723  -0.0468154  0.150592
-0.419723  -0.0468154  0.150592
-0.419728  -0.0467691  0.150592
-0.419728  -0.0467691  0.150592
-0.419722  -0.0468146  0.150592
-0.419722  -0.0468146  0.150592
-0.419722  -0.0468146  0.150592
-0.419725  -0.0467729  0.150595
-0.419725  -0.0467729  0.150595
-0.419723  -0.0467523  0.150601
-0.419723  -0.0467523  0.150601
-0.419723  -0.0467523  0.150601
-0.419722  -0.0467214  0.150609
-0.419722  -0.0467214  0.150609
-0.419721  -0.0466835  0.150619
-0.419721  -0.0466835  0.150619
-0.419721  -0.0466835  0.150619
-0.41972  -0.0466407  0.150631
-0.41972  -0.0466407  0.150631
-0.419718  -0.0465929  0.150646
-0.419718  -0.0465929  0.150646
-0.419718  -0.0465929  0.150646
-0.419717  -0.0465416  0.150666
-0.419717  -0.0465416  0.150666
-0.419715  -0.0464879  0.150691
-0.419715  -0.0464879  0.150691
-0.419715  -0.0464879  0.150691
-0.419714  -0.0464327  0.150722
-0.419714  -0.0464327  0.150722
-0.419714  -0.0464327  0.150722
-0.419712  -0.0463759  0.150759
-0.419712  -0.0463759  0.150759
-0.41971  -0.0463177  0.150803
-0.41971  -0.0463177  0.150803
-0.419709  -0.0462578  0.150855
-0.419709  -0.0462578  0.150855
-0.419709  -0.0462578  0.150855
-0.419707  -0.0461965  0.150913
-0.419707  -0.0461965  0.150913
-0.419705  -0.0461332  0.150978
-0.419705  -0.0461332  0.150978
-0.419705  -0.0461332  0.150978
-0.419703  -0.0460686  0.15105
-0.419703  -0.0460686  0.15105
-0.419701  -0.0460025  0.151128
-0.419701  -0.0460025  0.151128
-0.419701  -0.0460025  0.151128
-0.419699  -0.0459351  0.151213
-0.419699  -0.0459351  0.151213
-0.419697  -0.0458662  0.151304
-0.419697  -0.0458662  0.151304
-0.419697  -0.0458662  0.151304
-0.419695  -0.0457958  0.1514
-0.419695  -0.0457958  0.1514
-0.419693  -0.0457236  0.151501
-0.419693  -0.0457236  0.151501
-0.419693  -0.0457236  0.151501
-0.419691  -0.0456498  0.151608
-0.419691  -0.0456498  0.151608
-0.419688  -0.0455745  0.151718
-0.419688  -0.0455745  0.151718
-0.419688  -0.0455745  0.151718
-0.419686  -0.0454981  0.151832
-0.419686  -0.0454981  0.151832
-0.419684  -0.0454205  0.151951
-0.419684  -0.0454205  0.151951
-0.419684  -0.0454205  0.151951
-0.419682  -0.0453422  0.152072
-0.419682  -0.0453422  0.152072
-0.419679  -0.0452632  0.152197
-0.419679  -0.0452632  0.152197
-0.419679  -0.0452632  0.152197
-0.419677  -0.0451835  0.152325
-0.419677  -0.0451835  0.152325
-0.419675  -0.045103  0.152455
-0.419675  -0.045103  0.152455
-0.419675  -0.045103  0.152455
-0.419672  -0.045022  0.152588
-0.419672  -0.045022  0.152588
-0.41967  -0.0449405  0.152722
-0.41967  -0.0449405  0.152722
-0.41967  -0.0449405  0.152722
-0.419667  -0.0448586  0.152859
-0.419667  -0.0448586  0.152859
-0.419665  -0.0447764  0.152997
-0.419665  -0.0447764  0.152997
-0.419665  -0.0447764  0.152997
-0.419663  -0.0446939  0.153137
-0.419663  -0.0446939  0.153137
-0.41966  -0.0446113  0.153279
-0.41966  -0.0446113  0.153279
-0.41966  -0.0446113  0.153279
-0.419658  -0.0445287  0.153422
-0.419658  -0.0445287  0.153422
-0.419656  -0.0444463  0.153566
-0.419656  -0.0444463  0.153566
-0.419656  -0.0444463  0.153566
-0.419653  -0.0443641  0.153711
-0.419653  -0.0443641  0.153711
-0.419651  -0.044282  0.153858
-0.419651  -0.044282  0.153858
-0.419651  -0.044282  0.153858
-0.419649  -0.0442003  0.154006
-0.419649  -0.0442003  0.154006
-0.419646  -0.0441188  0.154155
-0.419646  -0.0441188  0.154155
-0.419646  -0.0441188  0.154155
-0.419644  -0.0440377  0.154305
-0.419644  -0.0440377  0.154305
-0.419642  -0.0439571  0.154456
-0.419642  -0.0439571  0.154456
-0.419642  -0.0439571  0.154456
-0.41964  -0.043877  0.154608
-0.41964  -0.043877  0.154608
-0.419637  -0.0437978  0.154762
-0.419637  -0.0437978  0.154762
-0.419637  -0.0437978  0.154762
-0.419635  -0.0437192  0.154916
-0.419635  -0.0437192  0.154916
-0.419633  -0.0436415  0.155072
-0.419633  -0.0436415  0.155072
-0.419633  -0.0436415  0.155072
-0.419631  -0.0435644  0.155229
-0.419631  -0.0435644  0.155229
-0.419629  -0.0434881  0.155387
-0.419629  -0.0434881  0.155387
-0.419629  -0.0434881  0.155387
-0.419626  -0.0434123  0.155546
-0.419626  -0.0434123  0.155546
-0.419624  -0.0433367  0.155707
-0.419624  -0.0433367  0.155707
-0.419624  -0.0433367  0.155707
-0.419622  -0.0432611  0.155868
-0.419622  -0.0432611  0.155868
-0.41962  -0.0431853  0.15603
-0.41962  -0.0431853  0.15603
-0.41962  -0.0431853  0.15603
-0.419618  -0.0431094  0.156194
-0.419618  -0.0431094  0.156194
-0.419616  -0.0430331  0.156359
-0.419616  -0.0430331  0.156359
-0.419616  -0.0430331  0.156359
-0.419614  -0.0429563  0.156526
-0.419614  -0.0429563  0.156526
-0.419611  -0.0428787  0.156694
-0.419611  -0.0428787  0.156694
-0.419611  -0.0428787  0.156694
-0.419609  -0.0428005  0.156864
-0.419609  -0.0428005  0.156864
-0.419607  -0.0427212  0.157035
-0.419607  -0.0427212  0.157035
-0.419607  -0.0427212  0.157035
-0.419605  -0.042641  0.157209
-0.419605  -0.042641  0.157209
-0.419603  -0.0425598  0.157384
-0.419603  -0.0425598  0.157384
-0.419603  -0.0425598  0.157384
-0.4196  -0.0424776  0.157562
-0.4196  -0.0424776  0.157562
-0.419598  -0.0423944  0.157742
-0.419598  -0.0423944  0.157742
-0.419598  -0.0423944  0.157742
-0.419596  -0.0423105  0.157925
-0.419596  -0.0423105  0.157925
-0.419594  -0.0422256  0.158111
-0.419594  -0.0422256  0.158111
-0.419594  -0.0422256  0.158111
-0.419591  -0.0421397  0.158299
-0.419591  -0.0421397  0.158299
-0.419589  -0.042053  0.15849
-0.419589  -0.042053  0.15849
-0.419589  -0.042053  0.15849
-0.419586  -0.0419655  0.158684
-0.419586  -0.0419655  0.158684
-0.419584  -0.0418772  0.158883
-0.419584  -0.0418772  0.158883
-0.419584  -0.0418772  0.158883
-0.419582  -0.0417881  0.159084
-0.419582  -0.0417881  0.159084
-0.419579  -0.0416982  0.159289
-0.419579  -0.0416982  0.159289
-0.419579  -0.0416982  0.159289
-0.419577  -0.0416076  0.159498
-0.419577  -0.0416076  0.159498
-0.419574  -0.0415159  0.15971
-0.419574  -0.0415159  0.15971
-0.419574  -0.0415159  0.15971
-0.419572  -0.0414236  0.159925
-0.419572  -0.0414236  0.159925
-0.419569  -0.0413299  0.160145
-0.419569  -0.0413299  0.160145
-0.419569  -0.0413299  0.160145
-0.419566  -0.0412348  0.160368
-0.419566  -0.0412348  0.160368
-0.419566  -0.0412348  0.160368
-0.419564  -0.0411384  0.160593
-0.419564  -0.0411384  0.160593
-0.419561  -0.0410402  0.160824
-0.419561  -0.0410402  0.160824
-0.419561  -0.0410402  0.160824
-0.419558  -0.0409411  0.161058
-0.419558  -0.0409411  0.161058
-0.419555  -0.0408407  0.161297
-0.419555  -0.0408407  0.161297
-0.419555  -0.0408407  0.161297
-0.419553  -0.0407393  0.161539
-0.419553  -0.0407393  0.161539
-0.41955  -0.0406371  0.161785
-0.41955  -0.0406371  0.161785
-0.419547  -0.0405338  0.162036
-0.419547  -0.0405338  0.162036
-0.419547  -0.0405338  0.162036
-0.419544  -0.0404296  0.16229
-0.419544  -0.0404296  0.16229
-0.419541  -0.0403243  0.162549
-0.419541  -0.0403243  0.162549
-0.419541  -0.0403243  0.162549
-0.419538  -0.0402182  0.162812
-0.419538  -0.0402182  0.162812
-0.419535  -0.0401109  0.163078
-0.419535  -0.0401109  0.163078
-0.419535  -0.0401109  0.163078
-0.419532  -0.0400027  0.163349
-0.419532  -0.0400027  0.163349
-0.419529  -0.0398932  0.163625
-0.419529  -0.0398932  0.163625
-0.419529  -0.0398932  0.163625
-0.419526  -0.0397823  0.163904
-0.419526  -0.0397823  0.163904
-0.419526  -0.0397823  0.163904
-0.419523  -0.0396698  0.164187
-0.419523  -0.0396698  0.164187
-0.419519  -0.0395558  0.164474
-0.419519  -0.0395558  0.164474
-0.419516  -0.0394399  0.164766
-0.419516  -0.0394399  0.164766
-0.419516  -0.0394399  0.164766
-0.419513  -0.0393224  0.165061
-0.419513  -0.0393224  0.165061
-0.419509  -0.0392032  0.165361
-0.419509  -0.0392032  0.165361
-0.419509  -0.0392032  0.165361
-0.419506  -0.0390824  0.165663
-0.419506  -0.0390824  0.165663
-0.419503  -0.0389598  0.165971
-0.419503  -0.0389598  0.165971
-0.419503  -0.0389598  0.165971
-0.419499  -0.0388358  0.166282
-0.419499  -0.0388358  0.166282
-0.419496  -0.03871  0.166597
-0.419496  -0.03871  0.166597
-0.419496  -0.03871  0.166597
-0.419492  -0.0385831  0.166915
-0.419492  -0.0385831  0.166915
-0.419488  -0.0384547  0.167239
-0.419488  -0.0384547  0.167239
-0.419488  -0.0384547  0.167239
-0.419485  -0.0383252  0.167566
-0.419485  -0.0383252  0.167566
-0.419481  -0.0381941  0.167897
-0.419481  -0.0381941  0.167897
-0.419481  -0.0381941  0.167897
-0.419477  -0.0380621  0.168232
-0.419477  -0.0380621  0.168232
-0.419474  -0.0379285  0.168572
-0.419474  -0.0379285  0.168572
-0.419474  -0.0379285  0.168572
-0.41947  -0.0377938  0.168914
-0.41947  -0.0377938  0.168914
-0.419466  -0.0376571  0.169261
-0.419466  -0.0376571  0.169261
-0.419466  -0.0376571  0.169261
-0.419462  -0.0375193  0.16961
-0.419462  -0.0375193  0.16961
-0.419458  -0.0373794  0.169964
-0.419458  -0.0373794  0.169964
-0.419458  -0.0373794  0.169964
-0.419454  -0.0372384  0.170322
-0.419454  -0.0372384  0.170322
-0.41945  -0.0370956  0.170683
-0.41945  -0.0370956  0.170683
-0.41945  -0.0370956  0.170683
-0.419446  -0.0369509  0.171047
-0.419446  -0.0369509  0.171047
-0.419442  -0.0368045  0.171415
-0.419442  -0.0368045  0.171415
-0.419442  -0.0368045  0.171415
-0.419438  -0.0366562  0.171787
-0.419438  -0.0366562  0.171787
-0.419434  -0.0365062  0.172161
-0.419434  -0.0365062  0.172161
-0.419434  -0.0365062  0.172161
-0.41943  -0.0363545  0.17254
-0.41943  -0.0363545  0.17254
-0.419426  -0.0362015  0.172921
-0.419426  -0.0362015  0.172921
-0.419426  -0.0362015  0.172921
-0.419421  -0.0360472  0.173306
-0.419421  -0.0360472  0.173306
-0.419417  -0.0358918  0.173694
-0.419417  -0.0358918  0.173694
-0.419417  -0.0358918  0.173694
-0.419413  -0.0357354  0.174086
-0.419413  -0.0357354  0.174086
-0.419409  -0.0355781  0.17448
-0.419409  -0.0355781  0.17448
-0.419404  -0.0354196  0.174878
-0.419404  -0.0354196  0.174878
-0.419404  -0.0354196  0.174878
-0.419404  -0.0354196  0.174878
-0.4194  -0.0352604  0.175278
-0.4194  -0.0352604  0.175278
-0.419396  -0.0350997  0.175683
-0.419396  -0.0350997  0.175683
-0.419396  -0.0350997  0.175683
-0.419391  -0.0349381  0.17609
-0.419391  -0.0349381  0.17609
-0.419387  -0.0347751  0.1765
-0.419387  -0.0347751  0.1765
-0.419387  -0.0347751  0.1765
-0.419383  -0.0346109  0.176913
-0.419383  -0.0346109  0.176913
-0.419378  -0.0344451  0.177329
-0.419378  -0.0344451  0.177329
-0.419378  -0.0344451  0.177329
-0.419374  -0.034278  0.177746
-0.419374  -0.034278  0.177746
-0.419369  -0.034109  0.178166
-0.419369  -0.034109  0.178166
-0.419365  -0.0339386  0.178588
-0.419365  -0.0339386  0.178588
-0.419365  -0.0339386  0.178588
-0.41936  -0.0337664  0.179013
-0.41936  -0.0337664  0.179013
-0.419356  -0.0335926  0.179441
-0.419356  -0.0335926  0.179441
-0.419356  -0.0335926  0.179441
-0.419351  -0.0334175  0.17987
-0.419351  -0.0334175  0.17987
-0.419347  -0.0332411  0.180303
-0.419347  -0.0332411  0.180303
-0.419347  -0.0332411  0.180303
-0.419342  -0.0330638  0.180737
-0.419342  -0.0330638  0.180737
-0.419338  -0.0328857  0.181174
-0.419338  -0.0328857  0.181174
-0.419338  -0.0328857  0.181174
-0.419333  -0.0327066  0.181614
-0.419333  -0.0327066  0.181614
-0.419329  -0.0325265  0.182057
-0.419329  -0.0325265  0.182057
-0.419329  -0.0325265  0.182057
-0.419324  -0.0323455  0.182502
-0.419324  -0.0323455  0.182502
-0.419324  -0.0323455  0.182502
-0.41932  -0.0321634  0.18295
-0.41932  -0.0321634  0.18295
-0.419315  -0.0319801  0.183401
-0.419315  -0.0319801  0.183401
-0.419311  -0.0317956  0.183853
-0.419311  -0.0317956  0.183853
-0.419311  -0.0317956  0.183853
-0.419306  -0.0316097  0.184308
-0.419306  -0.0316097  0.184308
-0.419302  -0.0314224  0.184766
-0.419302  -0.0314224  0.184766
-0.419302  -0.0314224  0.184766
-0.419297  -0.0312337  0.185225
-0.419297  -0.0312337  0.185225
-0.419293  -0.0310432  0.185687
-0.419293  -0.0310432  0.185687
-0.419293  -0.0310432  0.185687
-0.419288  -0.0308513  0.186151
-0.419288  -0.0308513  0.186151
-0.419284  -0.0306577  0.186618
-0.419284  -0.0306577  0.186618
-0.419284  -0.0306577  0.186618
-0.419279  -0.0304628  0.187087
-0.419279  -0.0304628  0.187087
-0.419275  -0.0302661  0.187559
-0.419275  -0.0302661  0.187559
-0.419275  -0.0302661  0.187559
-0.41927  -0.0300685  0.188031
-0.41927  -0.0300685  0.188031
-0.419266  -0.0298689  0.188507
-0.419266  -0.0298689  0.188507
-0.419266  -0.0298689  0.188507
-0.419261  -0.0296678  0.188985
-0.419261  -0.0296678  0.188985
-0.419257  -0.0294649  0.189466
-0.419257  -0.0294649  0.189466
-0.419257  -0.0294649  0.189466
-0.419253  -0.0292608  0.189948
-0.419253  -0.0292608  0.189948
-0.419248  -0.0290551  0.190432
-0.419248  -0.0290551  0.190432
-0.419248  -0.0290551  0.190432
-0.419244  -0.0288485  0.190919
-0.419244  -0.0288485  0.190919
-0.419244  -0.0288485  0.190919
-0.419239  -0.0286405  0.191408
-0.419239  -0.0286405  0.191408
-0.419235  -0.0284312  0.191899
-0.419235  -0.0284312  0.191899
-0.419235  -0.0284312  0.191899
-0.419231  -0.0282205  0.192392
-0.419231  -0.0282205  0.192392
-0.419226  -0.0280087  0.192887
-0.419226  -0.0280087  0.192887
-0.419226  -0.0280087  0.192887
-0.419222  -0.0277957  0.193384
-0.419222  -0.0277957  0.193384
-0.419218  -0.0275817  0.193883
-0.419218  -0.0275817  0.193883
-0.419218  -0.0275817  0.193883
-0.419214  -0.0273665  0.194384
-0.419214  -0.0273665  0.194384
-0.419209  -0.02715  0.194887
-0.419209  -0.02715  0.194887
-0.419205  -0.0269326  0.19539
-0.419205  -0.0269326  0.19539
-0.419205  -0.0269326  0.19539
-0.419201  -0.0267134  0.195897
-0.419201  -0.0267134  0.195897
-0.419197  -0.0264932  0.196404
-0.419197  -0.0264932  0.196404
-0.419197  -0.0264932  0.196404
-0.419193  -0.0262715  0.196913
-0.419193  -0.0262715  0.196913
-0.419189  -0.0260488  0.197422
-0.419189  -0.0260488  0.197422
-0.419189  -0.0260488  0.197422
-0.419185  -0.0258245  0.197934
-0.419185  -0.0258245  0.197934
-0.419181  -0.025599  0.198446
-0.419181  -0.025599  0.198446
-0.419181  -0.025599  0.198446
-0.419177  -0.0253721  0.19896
-0.419177  -0.0253721  0.19896
-0.419174  -0.0251443  0.199476
-0.419174  -0.0251443  0.199476
-0.419174  -0.0251443  0.199476
-0.41917  -0.0249152  0.199992
-0.41917  -0.0249152  0.199992
-0.419166  -0.0246853  0.20051
-0.419166  -0.0246853  0.20051
-0.419166  -0.0246853  0.20051
-0.419163  -0.0244543  0.201028
-0.419163  -0.0244543  0.201028
-0.419159  -0.0242222  0.201547
-0.419159  -0.0242222  0.201547
-0.419159  -0.0242222  0.201547
-0.419155  -0.0239885  0.202068
-0.419155  -0.0239885  0.202068
-0.419152  -0.0237534  0.20259
-0.419152  -0.0237534  0.20259
-0.419152  -0.0237534  0.20259
-0.419149  -0.0235172  0.203113
-0.419149  -0.0235172  0.203113
-0.419145  -0.0232801  0.203636
-0.419145  -0.0232801  0.203636
-0.419145  -0.0232801  0.203636
-0.419142  -0.0230418  0.20416
-0.419142  -0.0230418  0.20416
-0.419139  -0.0228022  0.204686
-0.419139  -0.0228022  0.204686
-0.419139  -0.0228022  0.204686
-0.419136  -0.0225617  0.205212
-0.419136  -0.0225617  0.205212
-0.419136  -0.0225617  0.205212
-0.419133  -0.0223199  0.205739
-0.419133  -0.0223199  0.205739
-0.41913  -0.0220768  0.206267
-0.41913  -0.0220768  0.206267
-0.41913  -0.0220768  0.206267
-0.419127  -0.0218323  0.206797
-0.419127  -0.0218323  0.206797
-0.419124  -0.0215866  0.207327
-0.419124  -0.0215866  0.207327
-0.419124  -0.0215866  0.207327
-0.419121  -0.0213396  0.207857
-0.419121  -0.0213396  0.207857
-0.419119  -0.0210913  0.208389
-0.419119  -0.0210913  0.208389
-0.419119  -0.0210913  0.208389
-0.419116  -0.0208414  0.208921
-0.419116  -0.0208414  0.208921
-0.419113  -0.0205902  0.209454
-0.419113  -0.0205902  0.209454
-0.419113  -0.0205902  0.209454
-0.419111  -0.0203376  0.209988
-0.419111  -0.0203376  0.209988
-0.419109  -0.0200837  0.210522
-0.419109  -0.0200837  0.210522
-0.419109  -0.0200837  0.210522
-0.419106  -0.019829  0.211057
-0.419106  -0.019829  0.211057
-0.419104  -0.0195728  0.211592
-0.419104  -0.0195728  0.211592
-0.419102  -0.019315  0.212129
-0.419102  -0.019315  0.212129
-0.419102  -0.019315  0.212129
-0.4191  -0.0190557  0.212666
-0.4191  -0.0190557  0.212666
-0.419098  -0.0187948  0.213204
-0.419098  -0.0187948  0.213204
-0.419098  -0.0187948  0.213204
-0.419096  -0.0185325  0.213743
-0.419096  -0.0185325  0.213743
-0.419094  -0.0182686  0.214282
-0.419094  -0.0182686  0.214282
-0.419094  -0.0182686  0.214282
-0.419093  -0.0180032  0.214823
-0.419093  -0.0180032  0.214823
-0.419091  -0.0177361  0.215364
-0.419091  -0.0177361  0.215364
-0.419091  -0.0177361  0.215364
-0.41909  -0.017468  0.215906
-0.41909  -0.017468  0.215906
-0.419088  -0.0171974  0.216449
-0.419088  -0.0171974  0.216449
-0.419088  -0.0171974  0.216449
-0.419087  -0.0169254  0.216992
-0.419087  -0.0169254  0.216992
-0.419086  -0.0166513  0.217538
-0.419086  -0.0166513  0.217538
-0.419086  -0.0166513  0.217538
-0.419085  -0.0163758  0.218083
-0.419085  -0.0163758  0.218083
-0.419084  -0.0160987  0.218629
-0.419084  -0.0160987  0.218629
-0.419084  -0.0160987  0.218629
-0.419083  -0.0158198  0.219174
-0.419083  -0.0158198  0.219174
-0.419083  -0.0158198  0.219174
-0.419082  -0.0155395  0.21972
-0.419082  -0.0155395  0.21972
-0.419081  -0.0152574  0.220268
-0.419081  -0.0152574  0.220268
-0.419081  -0.0149737  0.220815
-0.419081  -0.0149737  0.220815
-0.419081  -0.0149737  0.220815
-0.41908  -0.0146883  0.221363
-0.41908  -0.0146883  0.221363
-0.41908  -0.0146883  0.221363
-0.41908  -0.0144014  0.221912
-0.41908  -0.0144014  0.221912
-0.41908  -0.0141129  0.22246
-0.41908  -0.0141129  0.22246
-0.41908  -0.0138229  0.22301
-0.41908  -0.0138229  0.22301
-0.41908  -0.0138229  0.22301
-0.41908  -0.0135314  0.22356
-0.41908  -0.0135314  0.22356
-0.41908  -0.0132382  0.224111
-0.41908  -0.0132382  0.224111
-0.41908  -0.0132382  0.224111
-0.41908  -0.0129431  0.224662
-0.41908  -0.0129431  0.224662
-0.41908  -0.0126466  0.225213
-0.41908  -0.0126466  0.225213
-0.41908  -0.0126466  0.225213
-0.419081  -0.0123471  0.225766
-0.419081  -0.0123471  0.225766
-0.419081  -0.0120461  0.226318
-0.419081  -0.0120461  0.226318
-0.419082  -0.0117429  0.226872
-0.419082  -0.0117429  0.226872
-0.419082  -0.0117429  0.226872
-0.419082  -0.0117429  0.226872
-0.419083  -0.0114379  0.227425
-0.419083  -0.0114379  0.227425
-0.419084  -0.0111313  0.227979
-0.419084  -0.0111313  0.227979
-0.419084  -0.0111313  0.227979
-0.419085  -0.0108229  0.228532
-0.419085  -0.0108229  0.228532
-0.419086  -0.0105126  0.229086
-0.419086  -0.0105126  0.229086
-0.419086  -0.0105126  0.229086
-0.419087  -0.0102003  0.229641
-0.419087  -0.0102003  0.229641
-0.419089  -0.00988652  0.230196
-0.419089  -0.00988652  0.230196
-0.41909  -0.00957107  0.230752
-0.41909  -0.00957107  0.230752
-0.41909  -0.00957107  0.230752
-0.419092  -0.00925387  0.231308
-0.419092  -0.00925387  0.231308
-0.419094  -0.00893441  0.231865
-0.419094  -0.00893441  0.231865
-0.419094  -0.00893441  0.231865
-0.419096  -0.00861342  0.232422
-0.419096  -0.00861342  0.232422
-0.419098  -0.0082901  0.232979
-0.419098  -0.0082901  0.232979
-0.419098  -0.0082901  0.232979
-0.4191  -0.00796485  0.233537
-0.4191  -0.00796485  0.233537
-0.4191  -0.00796485  0.233537
-0.419103  -0.00763779  0.234095
-0.419103  -0.00763779  0.234095
-0.419105  -0.00730877  0.234655
-0.419105  -0.00730877  0.234655
-0.419105  -0.00730877  0.234655
-0.419108  -0.00697798  0.235214
-0.419108  -0.00697798  0.235214
-0.419111  -0.00664533  0.235774
-0.419111  -0.00664533  0.235774
-0.419114  -0.00631145  0.236334
-0.419114  -0.00631145  0.236334
-0.419114  -0.00631145  0.236334
-0.419117  -0.00597499  0.236896
-0.419117  -0.00597499  0.236896
-0.41912  -0.00563705  0.237458
-0.41912  -0.00563705  0.237458
-0.41912  -0.00563705  0.237458
-0.419124  -0.00529706  0.238021
-0.419124  -0.00529706  0.238021
-0.419127  -0.00495515  0.238584
-0.419127  -0.00495515  0.238584
-0.419127  -0.00495515  0.238584
-0.419131  -0.00461063  0.239148
-0.419131  -0.00461063  0.239148
-0.419135  -0.00426327  0.239713
-0.419135  -0.00426327  0.239713
-0.419135  -0.00426327  0.239713
-0.419139  -0.00391372  0.240278
-0.419139  -0.00391372  0.240278
-0.419143  -0.00356127  0.240844
-0.419143  -0.00356127  0.240844
-0.419143  -0.00356127  0.240844
-0.419148  -0.00320659  0.241411
-0.419148  -0.00320659  0.241411
-0.419152  -0.00284872  0.241979
-0.419152  -0.00284872  0.241979
-0.419152  -0.00284872  0.241979
-0.419157  -0.0024888  0.242547
-0.419157  -0.0024888  0.242547
-0.419157  -0.0024888  0.242547
-0.419162  -0.00212688  0.243115
-0.419162  -0.00212688  0.243115
-0.419167  -0.00176256  0.243684
-0.419167  -0.00176256  0.243684
-0.419167  -0.00176256  0.243684
-0.419172  -0.00139614  0.244253
-0.419172  -0.00139614  0.244253
-0.419177  -0.00102731  0.244823
-0.419177  -0.00102731  0.244823
-0.419182  -0.0006565  0.245394
-0.419182  -0.0006565  0.245394
-0.419182  -0.0006565  0.245394
-0.419188  -0.00028332  0.245965
-0.419188  -0.00028332  0.245965
-0.419194  9.16545e-05  0.246536
-0.419194  9.16545e-05  0.246536
-0.419194  9.16545e-05  0.246536
-0.4192  0.000468307  0.247108
-0.4192  0.000468307  0.247108
-0.419206  0.000847709  0.24768
-0.419206  0.000847709  0.24768
-0.419206  0.000847709  0.24768
-0.419212  0.00122872  0.248253
-0.419212  0.00122872  0.248253
-0.419219  0.00161221  0.248826
-0.419219  0.00161221  0.248826
-0.419219  0.00161221  0.248826
-0.419225  0.00199753  0.2494
-0.419225  0.00199753  0.2494
-0.419232  0.00238575  0.249974
-0.419232  0.00238575  0.249974
-0.419232  0.00238575  0.249974
-0.419239  0.00277604  0.250548
-0.419239  0.00277604  0.250548
-0.419246  0.00316949  0.251122
-0.419246  0.00316949  0.251122
-0.419246  0.00316949  0.251122
-0.419254  0.0035651  0.251696
-0.419254  0.0035651  0.251696
-0.419254  0.0035651  0.251696
-0.419261  0.00396308  0.25227
-0.419261  0.00396308  0.25227
-0.419269  0.00436364  0.252845
-0.419269  0.00436364  0.252845
-0.419269  0.00436364  0.252845
-0.419277  0.00476611  0.253419
-0.419277  0.00476611  0.253419
-0.419285  0.00517176  0.253994
-0.419285  0.00517176  0.253994
-0.419293  0.00557899  0.254569
-0.419293  0.00557899  0.254569
-0.419293  0.00557899  0.254569
-0.419301  0.0059891  0.255144
-0.419301  0.0059891  0.255144
-0.419301  0.0059891  0.255144
-0.41931  0.00640086  0.255719
-0.41931  0.00640086  0.255719
-0.419318  0.00681527  0.256295
-0.419318  0.00681527  0.256295
-0.419318  0.00681527  0.256295
-0.419327  0.00723126  0.25687
-0.419327  0.00723126  0.25687
-0.419336  0.00764994  0.257446
-0.419336  0.00764994  0.257446
-0.419336  0.00764994  0.257446
-0.419346  0.00806982  0.258023
-0.419346  0.00806982  0.258023
-0.419355  0.00849179  0.2586
-0.419355  0.00849179  0.2586
-0.419364  0.00891473  0.259177
-0.419364  0.00891473  0.259177
-0.419364  0.00891473  0.259177
-0.419374  0.00933985  0.259755
-0.419374  0.00933985  0.259755
-0.419384  0.00976626  0.260333
-0.419384  0.00976626  0.260333
-0.419384  0.00976626  0.260333
-0.419394  0.0101942  0.260912
-0.419394  0.0101942  0.260912
-0.419404  0.0106239  0.261491
-0.419404  0.0106239  0.261491
-0.419404  0.0106239  0.261491
-0.419415  0.011055  0.262071
-0.419415  0.011055  0.262071
-0.419425  0.0114882  0.262651
-0.419425  0.0114882  0.262651
-0.419425  0.0114882  0.262651
-0.419436  0.0119233  0.263231
-0.419436  0.0119233  0.263231
-0.419447  0.0123606  0.26381
-0.419447  0.0123606  0.26381
-0.419447  0.0123606  0.26381
-0.419458  0.0128004  0.264389
-0.419458  0.0128004  0.264389
-0.419469  0.0132422  0.264967
-0.419469  0.0132422  0.264967
-0.419469  0.0132422  0.264967
-0.41948  0.0136858  0.265546
-0.41948  0.0136858  0.265546
-0.419492  0.0141323  0.266124
-0.419492  0.0141323  0.266124
-0.419492  0.0141323  0.266124
-0.419503  0.0145805  0.266702
-0.419503  0.0145805  0.266702
-0.419515  0.0150309  0.26728
-0.419515  0.0150309  0.26728
-0.419515  0.0150309  0.26728
-0.419527  0.0154829  0.267857
-0.419527  0.0154829  0.267857
-0.419539  0.0159373  0.268434
-0.419539  0.0159373  0.268434
-0.419539  0.0159373  0.268434
-0.419552  0.0163933  0.26901
-0.419552  0.0163933  0.26901
-0.419564  0.0168515  0.269587
-0.419564  0.0168515  0.269587
-0.419564  0.0168515  0.269587
-0.419577  0.0173113  0.270162
-0.419577  0.0173113  0.270162
-0.419589  0.0177732  0.270737
-0.419589  0.0177732  0.270737
-0.419589  0.0177732  0.270737
-0.419602  0.0182365  0.271311
-0.419602  0.0182365  0.271311
-0.419615  0.0187022  0.271885
-0.419615  0.0187022  0.271885
-0.419615  0.0187022  0.271885
-0.419628  0.0191694  0.272458
-0.419628  0.0191694  0.272458
-0.419641  0.0196385  0.273031
-0.419641  0.0196385  0.273031
-0.419641  0.0196385  0.273031
-0.419655  0.0201087  0.273603
-0.419655  0.0201087  0.273603
-0.419668  0.0205807  0.274174
-0.419668  0.0205807  0.274174
-0.419682  0.0210539  0.274745
-0.419682  0.0210539  0.274745
-0.419682  0.0210539  0.274745
-0.419696  0.0215286  0.275314
-0.419696  0.0215286  0.275314
-0.41971  0.0220052  0.275883
-0.41971  0.0220052  0.275883
-0.41971  0.0220052  0.275883
-0.41971  0.0220052  0.275883
-0.419724  0.0224832  0.276451
-0.419724  0.0224832  0.276451
-0.419738  0.0229623  0.277018
-0.419738  0.0229623  0.277018
-0.419738  0.0229623  0.277018
-0.419752  0.023442  0.277585
-0.419752  0.023442  0.277585
-0.419766  0.0239232  0.27815
-0.419766  0.0239232  0.27815
-0.41978  0.0244062  0.278716
-0.41978  0.0244062  0.278716
-0.41978  0.0244062  0.278716
-0.419795  0.0248905  0.27928
-0.419795  0.0248905  0.27928
-0.41981  0.0253762  0.279843
-0.41981  0.0253762  0.279843
-0.41981  0.0253762  0.279843
-0.419824  0.0258632  0.280406
-0.419824  0.0258632  0.280406
-0.419839  0.0263516  0.280967
-0.419839  0.0263516  0.280967
-0.419839  0.0263516  0.280967
-0.419854  0.0268412  0.281528
-0.419854  0.0268412  0.281528
-0.419869  0.0273323  0.282087
-0.419869  0.0273323  0.282087
-0.419869  0.0273323  0.282087
-0.419884  0.0278245  0.282645
-0.419884  0.0278245  0.282645
-0.419899  0.028318  0.283201
-0.419899  0.028318  0.283201
-0.419899  0.028318  0.283201
-0.419914  0.0288124  0.283757
-0.419914  0.0288124  0.283757
-0.419929  0.0293081  0.284311
-0.419929  0.0293081  0.284311
-0.419929  0.0293081  0.284311
-0.419945  0.0298047  0.284864
-0.419945  0.0298047  0.284864
-0.41996  0.0303021  0.285415
-0.41996  0.0303021  0.285415
-0.41996  0.0303021  0.285415
-0.419975  0.0308001  0.285965
-0.419975  0.0308001  0.285965
-0.419991  0.031299  0.286514
-0.419991  0.031299  0.286514
-0.419991  0.031299  0.286514
-0.420006  0.0317983  0.287062
-0.420006  0.0317983  0.287062
-0.420022  0.0322977  0.287608
-0.420022  0.0322977  0.287608
-0.420022  0.0322977  0.287608
-0.420037  0.0327975  0.288152
-0.420037  0.0327975  0.288152
-0.420053  0.0332974  0.288695
-0.420053  0.0332974  0.288695
-0.420053  0.0332974  0.288695
-0.420068  0.0337968  0.289237
-0.420068  0.0337968  0.289237
-0.420084  0.0342966  0.289777
-0.420084  0.0342966  0.289777
-0.420084  0.0342966  0.289777
-0.420099  0.0347963  0.290316
-0.420099  0.0347963  0.290316
-0.420115  0.0352963  0.290853
-0.420115  0.0352963  0.290853
-0.420115  0.0352963  0.290853
-0.42013  0.0357961  0.291388
-0.42013  0.0357961  0.291388
-0.420146  0.0362963  0.291921
-0.420146  0.0362963  0.291921
-0.420146  0.0362963  0.291921
-0.420162  0.0367964  0.292453
-0.420162  0.0367964  0.292453
-0.420177  0.0372972  0.292983
-0.420177  0.0372972  0.292983
-0.420177  0.0372972  0.292983
-0.420193  0.0377981  0.29351
-0.420193  0.0377981  0.29351
-0.420208  0.0382992  0.294036
-0.420208  0.0382992  0.294036
-0.420208  0.0382992  0.294036
-0.420224  0.0388001  0.29456
-0.420224  0.0388001  0.29456
-0.420239  0.0393012  0.295082
-0.420239  0.0393012  0.295082
-0.420254  0.039802  0.295602
-0.420254  0.039802  0.295602
-0.420254  0.039802  0.295602
-0.42027  0.0403023  0.29612
-0.42027  0.0403023  0.29612
-0.42027  0.0403023  0.29612
-0.420285  0.040803  0.296637
-0.420285  0.040803  0.296637
-0.420285  0.040803  0.296637
-0.4203  0.0413034  0.297151
-0.4203  0.0413034  0.297151
-0.420316  0.041804  0.297663
-0.420316  0.041804  0.297663
-0.420316  0.041804  0.297663
-0.420331  0.0423043  0.298173
-0.420331  0.0423043  0.298173
-0.420346  0.0428048  0.298681
-0.420346  0.0428048  0.298681
-0.420361  0.0433057  0.299187
-0.420361  0.0433057  0.299187
-0.420361  0.0433057  0.299187
-0.420376  0.0438067  0.299691
-0.420376  0.0438067  0.299691
-0.420391  0.0443077  0.300193
-0.420391  0.0443077  0.300193
-0.420391  0.0443077  0.300193
-0.420406  0.0448087  0.300693
-0.420406  0.0448087  0.300693
-0.420421  0.04531  0.301191
-0.420421  0.04531  0.301191
-0.420421  0.04531  0.301191
-0.420436  0.0458114  0.301686
-0.420436  0.0458114  0.301686
-0.420451  0.0463131  0.30218
-0.420451  0.0463131  0.30218
-0.420451  0.0463131  0.30218
-0.420465  0.046815  0.302671
-0.420465  0.046815  0.302671
-0.42048  0.0473171  0.303161
-0.42048  0.0473171  0.303161
-0.42048  0.0473171  0.303161
-0.420494  0.0478192  0.303648
-0.420494  0.0478192  0.303648
-0.420509  0.0483213  0.304133
-0.420509  0.0483213  0.304133
-0.420509  0.0483213  0.304133
-0.420523  0.0488236  0.304616
-0.420523  0.0488236  0.304616
-0.420538  0.0493256  0.305097
-0.420538  0.0493256  0.305097
-0.420538  0.0493256  0.305097
-0.420552  0.0498277  0.305576
-0.420552  0.0498277  0.305576
-0.420566  0.0503297  0.306053
-0.420566  0.0503297  0.306053
-0.420566  0.0503297  0.306053
-0.42058  0.0508314  0.306528
-0.42058  0.0508314  0.306528
-0.420594  0.0513323  0.307001
-0.420594  0.0513323  0.307001
-0.420594  0.0513323  0.307001
-0.420608  0.051833  0.307472
-0.420608  0.051833  0.307472
-0.420622  0.0523327  0.307941
-0.420622  0.0523327  0.307941
-0.420622  0.0523327  0.307941
-0.420635  0.0528322  0.308409
-0.420635  0.0528322  0.308409
-0.420649  0.0533309  0.308875
-0.420649  0.0533309  0.308875
-0.420649  0.0533309  0.308875
-0.420662  0.0538295  0.309339
-0.420662  0.0538295  0.309339
-0.420676  0.054327  0.3098
-0.420676  0.054327  0.3098
-0.420676  0.054327  0.3098
-0.420689  0.0548244  0.31026
-0.420689  0.0548244  0.31026
-0.420702  0.0553207  0.310719
-0.420702  0.0553207  0.310719
-0.420702  0.0553207  0.310719
-0.420715  0.0558165  0.311175
-0.420715  0.0558165  0.311175
-0.420728  0.0563116  0.311631
-0.420728  0.0563116  0.311631
-0.420728  0.0563116  0.311631
-0.42074  0.0568056  0.312084
-0.42074  0.0568056  0.312084
-0.420753  0.0572987  0.312536
-0.420753  0.0572987  0.312536
-0.420753  0.0572987  0.312536
-0.420765  0.0577908  0.312985
-0.420765  0.0577908  0.312985
-0.420778  0.058282  0.313433
-0.420778  0.058282  0.313433
-0.420778  0.058282  0.313433
-0.42079  0.0587722  0.313879
-0.42079  0.0587722  0.313879
-0.420802  0.0592616  0.314324
-0.420802  0.0592616  0.314324
-0.420802  0.0592616  0.314324
-0.420814  0.0597503  0.314767
-0.420814  0.0597503  0.314767
-0.420825  0.0602381  0.315208
-0.420825  0.0602381  0.315208
-0.420825  0.0602381  0.315208
-0.420837  0.0607256  0.315647
-0.420837  0.0607256  0.315647
-0.420849  0.0612126  0.316084
-0.420849  0.0612126  0.316084
-0.420849  0.0612126  0.316084
-0.42086  0.061699  0.316519
-0.42086  0.061699  0.316519
-0.420871  0.0621851  0.316952
-0.420871  0.0621851  0.316952
-0.420871  0.0621851  0.316952
-0.420882  0.0626701  0.317384
-0.420882  0.0626701  0.317384
-0.420893  0.0631544  0.317814
-0.420893  0.0631544  0.317814
-0.420893  0.0631544  0.317814
-0.420904  0.0636376  0.318241
-0.420904  0.0636376  0.318241
-0.420915  0.0641192  0.318667
-0.420915  0.0641192  0.318667
-0.420915  0.0641192  0.318667
-0.420925  0.0645999  0.319091
-0.420925  0.0645999  0.319091
-0.420925  0.0645999  0.319091
-0.420936  0.0650789  0.319513
-0.420936  0.0650789  0.319513
-0.420946  0.0655563  0.319933
-0.420946  0.0655563  0.319933
-0.420946  0.0655563  0.319933
-0.420956  0.0660317  0.320351
-0.420956  0.0660317  0.320351
-0.420966  0.0665052  0.320768
-0.420966  0.0665052  0.320768
-0.420975  0.0669766  0.321182
-0.420975  0.0669766  0.321182
-0.420975  0.0669766  0.321182
-0.420985  0.0674461  0.321595
-0.420985  0.0674461  0.321595
-0.420994  0.0679134  0.322007
-0.420994  0.0679134  0.322007
-0.420994  0.0679134  0.322007
-0.421003  0.0683789  0.322416
-0.421003  0.0683789  0.322416
-0.421012  0.0688425  0.322824
-0.421012  0.0688425  0.322824
-0.421012  0.0688425  0.322824
-0.421021  0.0693044  0.323229
-0.421021  0.0693044  0.323229
-0.421029  0.0697646  0.323633
-0.421029  0.0697646  0.323633
-0.421029  0.0697646  0.323633
-0.421038  0.070223  0.324035
-0.421038  0.070223  0.324035
-0.421046  0.0706799  0.324434
-0.421046  0.0706799  0.324434
-0.421046  0.0706799  0.324434
-0.421054  0.0711351  0.324831
-0.421054  0.0711351  0.324831
-0.421062  0.0715886  0.325226
-0.421062  0.0715886  0.325226
-0.421062  0.0715886  0.325226
-0.42107  0.0720404  0.325619
-0.42107  0.0720404  0.325619
-0.421077  0.0724907  0.32601
-0.421077  0.0724907  0.32601
-0.421077  0.0724907  0.32601
-0.421085  0.0729392  0.326398
-0.421085  0.0729392  0.326398
-0.421092  0.0733863  0.326785
-0.421092  0.0733863  0.326785
-0.421092  0.0733863  0.326785
-0.421099  0.0738317  0.327169
-0.421099  0.0738317  0.327169
-0.421106  0.0742757  0.327552
-0.421106  0.0742757  0.327552
-0.421106  0.0742757  0.327552
-0.421113  0.0747179  0.327933
-0.421113  0.0747179  0.327933
-0.421119  0.0751585  0.328312
-0.421119  0.0751585  0.328312
-0.421119  0.0751585  0.328312
-0.421126  0.0755973  0.328689
-0.421126  0.0755973  0.328689
-0.421132  0.0760345  0.329064
-0.421132  0.0760345  0.329064
-0.421132  0.0760345  0.329064
-0.421138  0.0764699  0.329437
-0.421138  0.0764699  0.329437
-0.421144  0.0769037  0.329808
-0.421144  0.0769037  0.329808
-0.421144  0.0769037  0.329808
-0.42115  0.0773356  0.330177
-0.42115  0.0773356  0.330177
-0.421155  0.0777656  0.330545
-0.421155  0.0777656  0.330545
-0.421155  0.0777656  0.330545
-0.42116  0.0781935  0.33091
-0.42116  0.0781935  0.33091
-0.421166  0.0786195  0.331273
-0.421166  0.0786195  0.331273
-0.421166  0.0786195  0.331273
-0.421171  0.0790434  0.331634
-0.421171  0.0790434  0.331634
-0.421176  0.0794651  0.331993
-0.421176  0.0794651  0.331993
-0.421176  0.0794651  0.331993
-0.42118  0.0798846  0.33235
-0.42118  0.0798846  0.33235
-0.421185  0.0803019  0.332705
-0.421185  0.0803019  0.332705
-0.421185  0.0803019  0.332705
-0.421189  0.080717  0.333059
-0.421189  0.080717  0.333059
-0.421194  0.0811299  0.333411
-0.421194  0.0811299  0.333411
-0.421194  0.0811299  0.333411
-0.421198  0.0815407  0.33376
-0.421198  0.0815407  0.33376
-0.421202  0.0819494  0.334108
-0.421202  0.0819494  0.334108
-0.421202  0.0819494  0.334108
-0.421205  0.0823561  0.334454
-0.421205  0.0823561  0.334454
-0.421205  0.0823561  0.334454
-0.421209  0.0827608  0.334799
-0.421209  0.0827608  0.334799
-0.421212  0.0831636  0.335141
-0.421212  0.0831636  0.335141
-0.421212  0.0831636  0.335141
-0.421216  0.0835647  0.335482
-0.421216  0.0835647  0.335482
-0.421219  0.083964  0.33582
-0.421219  0.083964  0.33582
-0.421219  0.083964  0.33582
-0.421222  0.0843617  0.336157
-0.421225  0.0847578  0.336492
-0.421225  0.0847578  0.336492
-0.421225  0.0847578  0.336492
-0.421227  0.0851523  0.336825
-0.421227  0.0851523  0.336825
-0.421227  0.0851523  0.336825
-0.42123  0.0855456  0.337157
-0.42123  0.0855456  0.337157
-0.421232  0.0859375  0.337487
-0.421232  0.0859375  0.337487
-0.421232  0.0859375  0.337487
-0.421235  0.0863283  0.337815
-0.421235  0.0863283  0.337815
-0.421235  0.0863283  0.337815
-0.421237  0.0867178  0.338141
-0.421237  0.0867178  0.338141
-0.421239  0.0871062  0.338466
-0.421239  0.0871062  0.338466
-0.421239  0.0871062  0.338466
-0.421241  0.0874931  0.33879
-0.421241  0.0874931  0.33879
-0.421243  0.087879  0.339112
-0.421243  0.087879  0.339112
-0.421243  0.087879  0.339112
-0.421244  0.0882636  0.339433
-0.421244  0.0882636  0.339433
-0.421246  0.0886472  0.339752
-0.421246  0.0886472  0.339752
-0.421248  0.08903  0.34007
-0.421248  0.08903  0.34007
-0.421248  0.08903  0.34007
-0.421249  0.0894116  0.340386
-0.421249  0.0894116  0.340386
-0.42125  0.0897925  0.340701
-0.42125  0.0897925  0.340701
-0.42125  0.0897925  0.340701
-0.421251  0.0901724  0.341015
-0.421251  0.0901724  0.341015
-0.421252  0.0905515  0.341328
-0.421252  0.0905515  0.341328
-0.421252  0.0905515  0.341328
-0.421253  0.0909295  0.341639
-0.421253  0.0909295  0.341639
-0.421253  0.0909295  0.341639
-0.421254  0.0913068  0.341949
-0.421254  0.0913068  0.341949
-0.421255  0.0916836  0.342258
-0.421255  0.0916836  0.342258
-0.421256  0.0920595  0.342566
-0.421256  0.0920595  0.342566
-0.421256  0.0920595  0.342566
-0.421256  0.0924351  0.342873
-0.421256  0.0924351  0.342873
-0.421257  0.0928102  0.343178
-0.421257  0.0928102  0.343178
-0.421257  0.0928102  0.343178
-0.421257  0.0931855  0.343483
-0.421257  0.0931855  0.343483
-0.421257  0.0935608  0.343787
-0.421257  0.0935608  0.343787
-0.421257  0.0935608  0.343787
-0.421257  0.0939368  0.34409
-0.421257  0.0939368  0.34409
-0.421258  0.0943128  0.344392
-0.421258  0.0943128  0.344392
-0.421258  0.0943128  0.344392
-0.421258  0.0946897  0.344694
-0.421258  0.0946897  0.344694
-0.421258  0.0950668  0.344994
-0.421258  0.0950668  0.344994
-0.421258  0.0950668  0.344994
-0.421258  0.0954444  0.345293
-0.421258  0.0954444  0.345293
-0.421258  0.0958232  0.345591
-0.421258  0.0958232  0.345591
-0.421258  0.0958232  0.345591
-0.421257  0.0962031  0.345889
-0.421257  0.0962031  0.345889
-0.421257  0.0965835  0.346186
-0.421257  0.0965835  0.346186
-0.421257  0.0965835  0.346186
-0.421257  0.0969652  0.346482
-0.421257  0.0969652  0.346482
-0.421257  0.0973491  0.346778
-0.421257  0.0973491  0.346778
-0.421257  0.0973491  0.346778
-0.421256  0.097734  0.347073
-0.421256  0.097734  0.347073
-0.421256  0.0981208  0.347368
-0.421256  0.0981208  0.347368
-0.421256  0.0981208  0.347368
-0.421255  0.0985085  0.347662
-0.421255  0.0985085  0.347662
-0.421255  0.0988982  0.347956
-0.421255  0.0988982  0.347956
-0.421255  0.0988982  0.347956
-0.421254  0.099289  0.348249
-0.421254  0.099289  0.348249
-0.421254  0.099682  0.348542
-0.421254  0.099682  0.348542
-0.421254  0.099682  0.348542
-0.421253  0.100076  0.348834
-0.421253  0.100076  0.348834
-0.421252  0.100473  0.349127
-0.421252  0.100473  0.349127
-0.421252  0.100473  0.349127
-0.421252  0.100871  0.349418
-0.421252  0.100871  0.349418
-0.421251  0.101271  0.34971
-0.421251  0.101271  0.34971
-0.421251  0.101271  0.34971
-0.42125  0.101673  0.35
-0.42125  0.101673  0.35
-0.421249  0.102076  0.350291
-0.421249  0.102076  0.350291
-0.421249  0.102076  0.350291
-0.421248  0.102481  0.350581
-0.421248  0.102481  0.350581
-0.421247  0.102889  0.350871
-0.421247  0.102889  0.350871
-0.421247  0.102889  0.350871
-0.421246  0.103298  0.351161
-0.421246  0.103298  0.351161
-0.421246  0.103298  0.351161
-0.421245  0.103709  0.35145
-0.421245  0.103709  0.35145
-0.421244  0.104123  0.351738
-0.421244  0.104123  0.351738
-0.421242  0.104539  0.352026
-0.421242  0.104539  0.352026
-0.421242  0.104539  0.352026
-0.421241  0.104958  0.352314
-0.421241  0.104958  0.352314
-0.42124  0.10538  0.352601
-0.42124  0.10538  0.352601
-0.42124  0.10538  0.352601
-0.421239  0.105803  0.352888
-0.421239  0.105803  0.352888
-0.421237  0.106229  0.353173
-0.421237  0.106229  0.353173
-0.421237  0.106229  0.353173
-0.421236  0.106657  0.353458
-0.421236  0.106657  0.353458
-0.421234  0.107088  0.353743
-0.421234  0.107088  0.353743
-0.421234  0.107088  0.353743
-0.421233  0.107521  0.354026
-0.421233  0.107521  0.354026
-0.421231  0.107956  0.354309
-0.421231  0.107956  0.354309
-0.421231  0.107956  0.354309
-0.421229  0.108395  0.354592
-0.421229  0.108395  0.354592
-0.421227  0.108836  0.354874
-0.421227  0.108836  0.354874
-0.421227  0.108836  0.354874
-0.421226  0.10928  0.355155
-0.421226  0.10928  0.355155
-0.421224  0.109728  0.355436
-0.421224  0.109728  0.355436
-0.421224  0.109728  0.355436
-0.421222  0.110178  0.355715
-0.421222  0.110178  0.355715
-0.42122  0.110632  0.355994
-0.42122  0.110632  0.355994
-0.42122  0.110632  0.355994
-0.421218  0.111088  0.356272
-0.421218  0.111088  0.356272
-0.421218  0.111088  0.356272
-0.421216  0.111548  0.35655
-0.421216  0.111548  0.35655
-0.421214  0.112012  0.356827
-0.421214  0.112012  0.356827
-0.421214  0.112012  0.356827
-0.421212  0.112478  0.357104
-0.421212  0.112478  0.357104
-0.421209  0.112948  0.357379
-0.421209  0.112948  0.357379
-0.421209  0.112948  0.357379
-0.421207  0.113421  0.357654
-0.421207  0.113421  0.357654
-0.421205  0.113898  0.357929
-0.421205  0.113898  0.357929
-0.421205  0.113898  0.357929
-0.421202  0.114376  0.358203
-0.421202  0.114376  0.358203
-0.4212  0.114859  0.358477
-0.4212  0.114859  0.358477
-0.4212  0.114859  0.358477
-0.421197  0.115343  0.35875
-0.421197  0.115343  0.35875
-0.421194  0.115831  0.359024
-0.421194  0.115831  0.359024
-0.421191  0.116322  0.359297
-0.421191  0.116322  0.359297
-0.421191  0.116322  0.359297
-0.421189  0.116815  0.35957
-0.421189  0.116815  0.35957
-0.421186  0.117311  0.359843
-0.421186  0.117311  0.359843
-0.421186  0.117311  0.359843
-0.421182  0.117811  0.360116
-0.421182  0.117811  0.360116
-0.421179  0.118312  0.360388
-0.421179  0.118312  0.360388
-0.421179  0.118312  0.360388
-0.421176  0.118817  0.36066
-0.421176  0.118817  0.36066
-0.421173  0.119325  0.360932
-0.421173  0.119325  0.360932
-0.421169  0.119837  0.361203
-0.421169  0.119837  0.361203
-0.421169  0.119837  0.361203
-0.421166  0.120351  0.361474
-0.421166  0.120351  0.361474
-0.421166  0.120351  0.361474
-0.421162  0.120869  0.361743
-0.421162  0.120869  0.361743
-0.421158  0.121391  0.362012
-0.421158  0.121391  0.362012
-0.421158  0.121391  0.362012
-0.421154  0.121917  0.362281
-0.421154  0.121917  0.362281
-0.42115  0.122447  0.362548
-0.42115  0.122447  0.362548
-0.42115  0.122447  0.362548
-0.421146  0.12298  0.362815
-0.421146  0.12298  0.362815
-0.421142  0.123517  0.363081
-0.421142  0.123517  0.363081
-0.421142  0.123517  0.363081
-0.421138  0.124059  0.363345
-0.421138  0.124059  0.363345
-0.421134  0.124605  0.363609
-0.421134  0.124605  0.363609
-0.421134  0.124605  0.363609
-0.421129  0.125154  0.363871
-0.421129  0.125154  0.363871
-0.421125  0.125707  0.364132
-0.421125  0.125707  0.364132
-0.421125  0.125707  0.364132
-0.42112  0.126263  0.364392
-0.42112  0.126263  0.364392
-0.421115  0.126824  0.364652
-0.421115  0.126824  0.364652
-0.421115  0.126824  0.364652
-0.42111  0.127388  0.36491
-0.42111  0.127388  0.36491
-0.421105  0.127956  0.365167
-0.421105  0.127956  0.365167
-0.421105  0.127956  0.365167
-0.4211  0.128529  0.365423
-0.4211  0.128529  0.365423
-0.421095  0.129106  0.365678
-0.421095  0.129106  0.365678
-0.421095  0.129106  0.365678
-0.421089  0.129688  0.365931
-0.421089  0.129688  0.365931
-0.421084  0.130273  0.366183
-0.421084  0.130273  0.366183
-0.421084  0.130273  0.366183
-0.421078  0.130864  0.366434
-0.421078  0.130864  0.366434
-0.421078  0.130864  0.366434
-0.421072  0.131457  0.366683
-0.421072  0.131457  0.366683
-0.421066  0.132056  0.366931
-0.421066  0.132056  0.366931
-0.421066  0.132056  0.366931
-0.42106  0.132659  0.367178
-0.42106  0.132659  0.367178
-0.421054  0.133268  0.367423
-0.421054  0.133268  0.367423
-0.421047  0.13388  0.367667
-0.421047  0.13388  0.367667
-0.421047  0.13388  0.367667
-0.421041  0.134497  0.367909
-0.421041  0.134497  0.367909
-0.421034  0.135117  0.36815
-0.421034  0.135117  0.36815
-0.421034  0.135117  0.36815
-0.421027  0.135741  0.368389
-0.421027  0.135741  0.368389
-0.42102  0.136371  0.368627
-0.42102  0.136371  0.368627
-0.42102  0.136371  0.368627
-0.421013  0.137004  0.368864
-0.421013  0.137004  0.368864
-0.421005  0.137642  0.369099
-0.421005  0.137642  0.369099
-0.421005  0.137642  0.369099
-0.420998  0.138285  0.369332
-0.420998  0.138285  0.369332
-0.42099  0.138932  0.369564
-0.42099  0.138932  0.369564
-0.42099  0.138932  0.369564
-0.420982  0.139583  0.369794
-0.420982  0.139583  0.369794
-0.420974  0.14024  0.370023
-0.420974  0.14024  0.370023
-0.420974  0.14024  0.370023
-0.420966  0.1409  0.37025
-0.420966  0.1409  0.37025
-0.420957  0.141565  0.370476
-0.420957  0.141565  0.370476
-0.420957  0.141565  0.370476
-0.420948  0.142235  0.370701
-0.420948  0.142235  0.370701
-0.420939  0.14291  0.370923
-0.420939  0.14291  0.370923
-0.420939  0.14291  0.370923
-0.42093  0.143588  0.371145
-0.42093  0.143588  0.371145
-0.42093  0.143588  0.371145
-0.420921  0.144271  0.371364
-0.420921  0.144271  0.371364
-0.420911  0.144958  0.371583
-0.420911  0.144958  0.371583
-0.420911  0.144958  0.371583
-0.420902  0.145649  0.371799
-0.420902  0.145649  0.371799
-0.420892  0.146344  0.372015
-0.420892  0.146344  0.372015
-0.420892  0.146344  0.372015
-0.420881  0.147043  0.372228
-0.420871  0.147745  0.37244
-0.420871  0.147745  0.37244
-0.420871  0.147745  0.37244
-0.42086  0.148451  0.372651
-0.42086  0.148451  0.372651
-0.42086  0.148451  0.372651
-0.420849  0.149161  0.37286
-0.420849  0.149161  0.37286
-0.420838  0.149874  0.373067
-0.420838  0.149874  0.373067
-0.420838  0.149874  0.373067
-0.420827  0.150589  0.373271
-0.420827  0.150589  0.373271
-0.420815  0.151308  0.373474
-0.420815  0.151308  0.373474
-0.420815  0.151308  0.373474
-0.420804  0.15203  0.373675
-0.420804  0.15203  0.373675
-0.420792  0.152758  0.373873
-0.420792  0.152758  0.373873
-0.420792  0.152758  0.373873
-0.420779  0.153488  0.374069
-0.420779  0.153488  0.374069
-0.420767  0.154223  0.374261
-0.420767  0.154223  0.374261
-0.420767  0.154223  0.374261
-0.420754  0.15496  0.374451
-0.420754  0.15496  0.374451
-0.420741  0.155703  0.374638
-0.420741  0.155703  0.374638
-0.420741  0.155703  0.374638
-0.420728  0.15645  0.374822
-0.420728  0.15645  0.374822
-0.420714  0.157202  0.375003
-0.420714  0.157202  0.375003
-0.420714  0.157202  0.375003
-0.420701  0.157958  0.37518
-0.420701  0.157958  0.37518
-0.420687  0.158718  0.375355
-0.420687  0.158718  0.375355
-0.420687  0.158718  0.375355
-0.420673  0.159481  0.375526
-0.420673  0.159481  0.375526
-0.420658  0.160252  0.375693
-0.420658  0.160252  0.375693
-0.420658  0.160252  0.375693
-0.420643  0.161025  0.375858
-0.420643  0.161025  0.375858
-0.420628  0.161804  0.376018
-0.420628  0.161804  0.376018
-0.420628  0.161804  0.376018
-0.420613  0.162586  0.376176
-0.420613  0.162586  0.376176
-0.420598  0.163372  0.376331
-0.420598  0.163372  0.376331
-0.420598  0.163372  0.376331
-0.420582  0.164161  0.376482
-0.420582  0.164161  0.376482
-0.420566  0.164955  0.37663
-0.420566  0.164955  0.37663
-0.420566  0.164955  0.37663
-0.420549  0.165751  0.376775
-0.420549  0.165751  0.376775
-0.420533  0.166551  0.376916
-0.420533  0.166551  0.376916
-0.420533  0.166551  0.376916
-0.420516  0.167352  0.377055
-0.420516  0.167352  0.377055
-0.420499  0.168156  0.37719
-0.420499  0.168156  0.37719
-0.420499  0.168156  0.37719
-0.420482  0.168961  0.377323
-0.420482  0.168961  0.377323
-0.420464  0.169768  0.377452
-0.420464  0.169768  0.377452
-0.420464  0.169768  0.377452
-0.420446  0.170577  0.377579
-0.420446  0.170577  0.377579
-0.420428  0.171387  0.377702
-0.420428  0.171387  0.377702
-0.420428  0.171387  0.377702
-0.42041  0.172199  0.377822
-0.42041  0.172199  0.377822
-0.420391  0.173012  0.377938
-0.420391  0.173012  0.377938
-0.420372  0.173825  0.378052
-0.420372  0.173825  0.378052
-0.420372  0.173825  0.378052
-0.420372  0.173825  0.378052
-0.420353  0.174639  0.378163
-0.420353  0.174639  0.378163
-0.420334  0.175456  0.37827
-0.420334  0.175456  0.37827
-0.420314  0.176272  0.378374
-0.420314  0.176272  0.378374
-0.420314  0.176272  0.378374
-0.420294  0.17709  0.378476
-0.420294  0.17709  0.378476
-0.420274  0.177908  0.378575
-0.420274  0.177908  0.378575
-0.420274  0.177908  0.378575
-0.420254  0.178726  0.378672
-0.420254  0.178726  0.378672
-0.420233  0.179544  0.378767
-0.420233  0.179544  0.378767
-0.420233  0.179544  0.378767
-0.420212  0.180361  0.37886
-0.420212  0.180361  0.37886
-0.420191  0.181179  0.378951
-0.420191  0.181179  0.378951
-0.420191  0.181179  0.378951
-0.42017  0.181994  0.379041
-0.42017  0.181994  0.379041
-0.420149  0.182809  0.379129
-0.420149  0.182809  0.379129
-0.420127  0.183622  0.379216
-0.420127  0.183622  0.379216
-0.420127  0.183622  0.379216
-0.420127  0.183622  0.379216
-0.420105  0.184432  0.379301
-0.420105  0.184432  0.379301
-0.420083  0.185241  0.379384
-0.420083  0.185241  0.379384
-0.420083  0.185241  0.379384
-0.420061  0.186047  0.379465
-0.420061  0.186047  0.379465
-0.420038  0.186851  0.379545
-0.420038  0.186851  0.379545
-0.420016  0.187651  0.379624
-0.420016  0.187651  0.379624
-0.420016  0.187651  0.379624
-0.419993  0.188449  0.379701
-0.419993  0.188449  0.379701
-0.41997  0.189243  0.379777
-0.41997  0.189243  0.379777
-0.41997  0.189243  0.379777
-0.419947  0.190035  0.379852
-0.419947  0.190035  0.379852
-0.419924  0.190823  0.379925
-0.419924  0.190823  0.379925
-0.419924  0.190823  0.379925
-0.419901  0.191608  0.379996
-0.419901  0.191608  0.379996
-0.419878  0.19239  0.380066
-0.419878  0.19239  0.380066
-0.419878  0.19239  0.380066
-0.419854  0.193169  0.380134
-0.419854  0.193169  0.380134
-0.419831  0.193944  0.380201
-0.419831  0.193944  0.380201
-0.419831  0.193944  0.380201
-0.419807  0.194717  0.380266
-0.419807  0.194717  0.380266
-0.419783  0.195486  0.380329
-0.419783  0.195486  0.380329
-0.419783  0.195486  0.380329
-0.419759  0.196252  0.38039
-0.419759  0.196252  0.38039
-0.419736  0.197014  0.38045
-0.419736  0.197014  0.38045
-0.419736  0.197014  0.38045
-0.419712  0.197773  0.380509
-0.419712  0.197773  0.380509
-0.419688  0.198528  0.380566
-0.419688  0.198528  0.380566
-0.419688  0.198528  0.380566
-0.419664  0.199279  0.380622
-0.419664  0.199279  0.380622
-0.419664  0.199279  0.380622
-0.419639  0.200027  0.380677
-0.419639  0.200027  0.380677
-0.419615  0.20077  0.380731
-0.419615  0.20077  0.380731
-0.419615  0.20077  0.380731
-0.419591  0.201509  0.380784
-0.419591  0.201509  0.380784
-0.419567  0.202243  0.380836
-0.419567  0.202243  0.380836
-0.419567  0.202243  0.380836
-0.419542  0.202974  0.380888
-0.419542  0.202974  0.380888
-0.419518  0.203699  0.380939
-0.419518  0.203699  0.380939
-0.419494  0.204421  0.38099
-0.419494  0.204421  0.38099
-0.419494  0.204421  0.38099
-0.41947  0.205137  0.381041
-0.41947  0.205137  0.381041
-0.419445  0.205849  0.381091
-0.419445  0.205849  0.381091
-0.419445  0.205849  0.381091
-0.419421  0.206556  0.38114
-0.419421  0.206556  0.38114
-0.419421  0.206556  0.38114
-0.419397  0.207259  0.38119
-0.419397  0.207259  0.38119
-0.419372  0.207957  0.381239
-0.419372  0.207957  0.381239
-0.419348  0.208651  0.381288
-0.419348  0.208651  0.381288
-0.419348  0.208651  0.381288
-0.419324  0.20934  0.381336
-0.419324  0.20934  0.381336
-0.4193  0.210024  0.381385
-0.4193  0.210024  0.381385
-0.4193  0.210024  0.381385
-0.419275  0.210704  0.381433
-0.419275  0.210704  0.381433
-0.419251  0.21138  0.381481
-0.419251  0.21138  0.381481
-0.419251  0.21138  0.381481
-0.419227  0.212052  0.381529
-0.419227  0.212052  0.381529
-0.419203  0.212719  0.381576
-0.419203  0.212719  0.381576
-0.419203  0.212719  0.381576
-0.419179  0.213383  0.381623
-0.419179  0.213383  0.381623
-0.419155  0.214041  0.38167
-0.419155  0.214041  0.38167
-0.419155  0.214041  0.38167
-0.419131  0.214696  0.381717
-0.419131  0.214696  0.381717
-0.419107  0.215347  0.381764
-0.419107  0.215347  0.381764
-0.419107  0.215347  0.381764
-0.419083  0.215993  0.38181
-0.419083  0.215993  0.38181
-0.419083  0.215993  0.38181
-0.419059  0.216635  0.381856
-0.419059  0.216635  0.381856
-0.419036  0.217273  0.381901
-0.419036  0.217273  0.381901
-0.419012  0.217908  0.381947
-0.419012  0.217908  0.381947
-0.419012  0.217908  0.381947
-0.418988  0.218538  0.381992
-0.418988  0.218538  0.381992
-0.418965  0.219165  0.382036
-0.418965  0.219165  0.382036
-0.418965  0.219165  0.382036
-0.418941  0.219787  0.38208
-0.418941  0.219787  0.38208
-0.418918  0.220406  0.382124
-0.418918  0.220406  0.382124
-0.418918  0.220406  0.382124
-0.418895  0.22102  0.382167
-0.418895  0.22102  0.382167
-0.418872  0.221631  0.38221
-0.418872  0.221631  0.38221
-0.418872  0.221631  0.38221
-0.418849  0.222238  0.382252
-0.418849  0.222238  0.382252
-0.418826  0.222841  0.382294
-0.418826  0.222841  0.382294
-0.418826  0.222841  0.382294
-0.418803  0.223441  0.382335
-0.418803  0.223441  0.382335
-0.41878  0.224036  0.382376
-0.41878  0.224036  0.382376
-0.41878  0.224036  0.382376
-0.418757  0.224627  0.382417
-0.418757  0.224627  0.382417
-0.418735  0.225215  0.382457
-0.418735  0.225215  0.382457
-0.418735  0.225215  0.382457
-0.418712  0.225799  0.382496
-0.418712  0.225799  0.382496
-0.41869  0.226379  0.382535
-0.41869  0.226379  0.382535
-0.41869  0.226379  0.382535
-0.418667  0.226956  0.382573
-0.418667  0.226956  0.382573
-0.418645  0.22753  0.382611
-0.418645  0.22753  0.382611
-0.418645  0.22753  0.382611
-0.418623  0.2281  0.382648
-0.418623  0.2281  0.382648
-0.418601  0.228667  0.382684
-0.418601  0.228667  0.382684
-0.418601  0.228667  0.382684
-0.418579  0.229231  0.38272
-0.418579  0.229231  0.38272
-0.418558  0.229792  0.382755
-0.418558  0.229792  0.382755
-0.418558  0.229792  0.382755
-0.418536  0.23035  0.382789
-0.418536  0.23035  0.382789
-0.418515  0.230905  0.382822
-0.418515  0.230905  0.382822
-0.418515  0.230905  0.382822
-0.418493  0.231457  0.382855
-0.418493  0.231457  0.382855
-0.418472  0.232006  0.382886
-0.418472  0.232006  0.382886
-0.418472  0.232006  0.382886
-0.418451  0.232553  0.382917
-0.418451  0.232553  0.382917
-0.41843  0.233096  0.382947
-0.41843  0.233096  0.382947
-0.41843  0.233096  0.382947
-0.418409  0.233637  0.382975
-0.418409  0.233637  0.382975
-0.418388  0.234175  0.383003
-0.418388  0.234175  0.383003
-0.418388  0.234175  0.383003
-0.418367  0.234709  0.38303
-0.418367  0.234709  0.38303
-0.418347  0.235241  0.383056
-0.418347  0.235241  0.383056
-0.418347  0.235241  0.383056
-0.418326  0.23577  0.383082
-0.418326  0.23577  0.383082
-0.418306  0.236296  0.383106
-0.418306  0.236296  0.383106
-0.418306  0.236296  0.383106
-0.418286  0.236819  0.38313
-0.418286  0.236819  0.38313
-0.418266  0.237339  0.383154
-0.418266  0.237339  0.383154
-0.418266  0.237339  0.383154
-0.418246  0.237856  0.383176
-0.418246  0.237856  0.383176
-0.418226  0.23837  0.383198
-0.418226  0.23837  0.383198
-0.418226  0.23837  0.383198
-0.418206  0.238882  0.38322
-0.418206  0.238882  0.38322
-0.418187  0.239391  0.38324
-0.418187  0.239391  0.38324
-0.418187  0.239391  0.38324
-0.418167  0.239898  0.38326
-0.418167  0.239898  0.38326
-0.418148  0.240402  0.383279
-0.418148  0.240402  0.383279
-0.418148  0.240402  0.383279
-0.418129  0.240903  0.383298
-0.418129  0.240903  0.383298
-0.41811  0.241402  0.383315
-0.41811  0.241402  0.383315
-0.41811  0.241402  0.383315
-0.418091  0.241899  0.383331
-0.418091  0.241899  0.383331
-0.418072  0.242394  0.383347
-0.418072  0.242394  0.383347
-0.418072  0.242394  0.383347
-0.418053  0.242887  0.383362
-0.418053  0.242887  0.383362
-0.418034  0.243378  0.383375
-0.418034  0.243378  0.383375
-0.418034  0.243378  0.383375
-0.418016  0.243868  0.383388
-0.418016  0.243868  0.383388
-0.417997  0.244355  0.383399
-0.417997  0.244355  0.383399
-0.417997  0.244355  0.383399
-0.417979  0.244841  0.38341
-0.417979  0.244841  0.38341
-0.417961  0.245324  0.38342
-0.417961  0.245324  0.38342
-0.417961  0.245324  0.38342
-0.417943  0.245805  0.383428
-0.417943  0.245805  0.383428
-0.417925  0.246285  0.383436
-0.417925  0.246285  0.383436
-0.417925  0.246285  0.383436
-0.417907  0.246762  0.383443
-0.417907  0.246762  0.383443
-0.417889  0.247237  0.383449
-0.417889  0.247237  0.383449
-0.417889  0.247237  0.383449
-0.417871  0.247709  0.383454
-0.417871  0.247709  0.383454
-0.417854  0.24818  0.383459
-0.417854  0.24818  0.383459
-0.417854  0.24818  0.383459
-0.417837  0.248648  0.383463
-0.417837  0.248648  0.383463
-0.417819  0.249114  0.383466
-0.417819  0.249114  0.383466
-0.417819  0.249114  0.383466
-0.417802  0.249578  0.383468
-0.417802  0.249578  0.383468
-0.417785  0.250039  0.38347
-0.417785  0.250039  0.38347
-0.417785  0.250039  0.38347
-0.417769  0.250499  0.383471
-0.417769  0.250499  0.383471
-0.417769  0.250499  0.383471
-0.417752  0.250956  0.383471
-0.417752  0.250956  0.383471
-0.417735  0.251412  0.38347
-0.417735  0.251412  0.38347
-0.417719  0.251866  0.383468
-0.417719  0.251866  0.383468
-0.417719  0.251866  0.383468
-0.417702  0.252317  0.383466
-0.417702  0.252317  0.383466
-0.417686  0.252767  0.383463
-0.417686  0.252767  0.383463
-0.417686  0.252767  0.383463
-0.41767  0.253215  0.383459
-0.41767  0.253215  0.383459
-0.417654  0.253661  0.383454
-0.417654  0.253661  0.383454
-0.417654  0.253661  0.383454
-0.417638  0.254106  0.383448
-0.417638  0.254106  0.383448
-0.417622  0.254548  0.383441
-0.417622  0.254548  0.383441
-0.417622  0.254548  0.383441
-0.417607  0.25499  0.383432
-0.417607  0.25499  0.383432
-0.417591  0.25543  0.383423
-0.417591  0.25543  0.383423
-0.417591  0.25543  0.383423
-0.417576  0.255869  0.383413
-0.417576  0.255869  0.383413
-0.41756  0.256306  0.383401
-0.41756  0.256306  0.383401
-0.41756  0.256306  0.383401
-0.417545  0.256741  0.383389
-0.417545  0.256741  0.383389
-0.41753  0.257175  0.383375
-0.41753  0.257175  0.383375
-0.41753  0.257175  0.383375
-0.417515  0.257607  0.383361
-0.417515  0.257607  0.383361
-0.4175  0.258037  0.383346
-0.4175  0.258037  0.383346
-0.4175  0.258037  0.383346
-0.417486  0.258465  0.383331
-0.417486  0.258465  0.383331
-0.417486  0.258465  0.383331
-0.417471  0.258891  0.383315
-0.417471  0.258891  0.383315
-0.417457  0.259315  0.383299
-0.417457  0.259315  0.383299
-0.417457  0.259315  0.383299
-0.417442  0.259737  0.383282
-0.417442  0.259737  0.383282
-0.417428  0.260158  0.383265
-0.417428  0.260158  0.383265
-0.417428  0.260158  0.383265
-0.417414  0.260576  0.383247
-0.417414  0.260576  0.383247
-0.4174  0.260992  0.383229
-0.4174  0.260992  0.383229
-0.4174  0.260992  0.383229
-0.417386  0.261407  0.383211
-0.417386  0.261407  0.383211
-0.417372  0.26182  0.383192
-0.417372  0.26182  0.383192
-0.417372  0.26182  0.383192
-0.417359  0.262232  0.383172
-0.417359  0.262232  0.383172
-0.417345  0.262641  0.383152
-0.417345  0.262641  0.383152
-0.417332  0.26305  0.38313
-0.417332  0.26305  0.38313
-0.417332  0.26305  0.38313
-0.417318  0.263457  0.383107
-0.417318  0.263457  0.383107
-0.417305  0.263863  0.383082
-0.417305  0.263863  0.383082
-0.417305  0.263863  0.383082
-0.417292  0.264268  0.383056
-0.417292  0.264268  0.383056
-0.417279  0.264672  0.383029
-0.417279  0.264672  0.383029
-0.417279  0.264672  0.383029
-0.417266  0.265075  0.383
-0.417266  0.265075  0.383
-0.417254  0.265477  0.382969
-0.417254  0.265477  0.382969
-0.417254  0.265477  0.382969
-0.417241  0.265879  0.382937
-0.417241  0.265879  0.382937
-0.417241  0.265879  0.382937
-0.417228  0.266279  0.382903
-0.417228  0.266279  0.382903
-0.417216  0.26668  0.382868
-0.417216  0.26668  0.382868
-0.417203  0.26708  0.382831
-0.417203  0.26708  0.382831
-0.417203  0.26708  0.382831
-0.417191  0.267479  0.382792
-0.417191  0.267479  0.382792
-0.417191  0.267479  0.382792
-0.417179  0.267879  0.382752
-0.417179  0.267879  0.382752
-0.417166  0.268278  0.38271
-0.417166  0.268278  0.38271
-0.417154  0.268676  0.382667
-0.417154  0.268676  0.382667
-0.417154  0.268676  0.382667
-0.417142  0.269074  0.382622
-0.417142  0.269074  0.382622
-0.41713  0.269472  0.382576
-0.41713  0.269472  0.382576
-0.41713  0.269472  0.382576
-0.417118  0.269869  0.382528
-0.417118  0.269869  0.382528
-0.417106  0.270267  0.382478
-0.417106  0.270267  0.382478
-0.417106  0.270267  0.382478
-0.417094  0.270664  0.382427
-0.417094  0.270664  0.382427
-0.417082  0.271061  0.382374
-0.417082  0.271061  0.382374
-0.417082  0.271061  0.382374
-0.41707  0.271459  0.382319
-0.41707  0.271459  0.382319
-0.417058  0.271856  0.382263
-0.417058  0.271856  0.382263
-0.417058  0.271856  0.382263
-0.417046  0.272254  0.382204
-0.417046  0.272254  0.382204
-0.417035  0.272651  0.382143
-0.417035  0.272651  0.382143
-0.417035  0.272651  0.382143
-0.417023  0.273049  0.38208
-0.417023  0.273049  0.38208
-0.417023  0.273049  0.38208
-0.417011  0.273448  0.382014
-0.417011  0.273448  0.382014
-0.417  0.273847  0.381945
-0.417  0.273847  0.381945
-0.417  0.273847  0.381945
-0.416988  0.274246  0.381873
-0.416988  0.274246  0.381873
-0.416976  0.274646  0.381799
-0.416976  0.274646  0.381799
-0.416976  0.274646  0.381799
-0.416965  0.275046  0.381721
-0.416954  0.275446  0.381641
-0.416954  0.275446  0.381641
-0.416954  0.275446  0.381641
-0.416942  0.275846  0.381559
-0.416942  0.275846  0.381559
-0.416942  0.275846  0.381559
-0.416931  0.276246  0.381473
-0.416931  0.276246  0.381473
-0.41692  0.276647  0.381384
-0.41692  0.276647  0.381384
-0.41692  0.276647  0.381384
-0.416909  0.277049  0.381291
-0.416909  0.277049  0.381291
-0.416897  0.27745  0.381196
-0.416897  0.27745  0.381196
-0.416897  0.27745  0.381196
-0.416886  0.277853  0.381097
-0.416886  0.277853  0.381097
-0.416875  0.278256  0.380995
-0.416875  0.278256  0.380995
-0.416875  0.278256  0.380995
-0.416864  0.27866  0.380889
-0.416864  0.27866  0.380889
-0.416853  0.279065  0.380779
-0.416853  0.279065  0.380779
-0.416853  0.279065  0.380779
-0.416843  0.279471  0.380665
-0.416843  0.279471  0.380665
-0.416843  0.279471  0.380665
-0.416832  0.279878  0.380547
-0.416832  0.279878  0.380547
-0.416821  0.280285  0.380425
-0.416821  0.280285  0.380425
-0.416821  0.280285  0.380425
-0.41681  0.280693  0.380299
-0.41681  0.280693  0.380299
-0.4168  0.281101  0.380168
-0.4168  0.281101  0.380168
-0.4168  0.281101  0.380168
-0.416789  0.28151  0.380033
-0.416789  0.28151  0.380033
-0.416779  0.281919  0.379894
-0.416779  0.281919  0.379894
-0.416768  0.282328  0.379752
-0.416768  0.282328  0.379752
-0.416768  0.282328  0.379752
-0.416758  0.282738  0.379605
-0.416758  0.282738  0.379605
-0.416748  0.283149  0.379454
-0.416748  0.283149  0.379454
-0.416748  0.283149  0.379454
-0.416738  0.28356  0.379299
-0.416738  0.28356  0.379299
-0.416728  0.283971  0.379141
-0.416728  0.283971  0.379141
-0.416728  0.283971  0.379141
-0.416718  0.284382  0.378979
-0.416718  0.284382  0.378979
-0.416718  0.284382  0.378979
-0.416708  0.284794  0.378813
-0.416708  0.284794  0.378813
-0.416698  0.285206  0.378644
-0.416698  0.285206  0.378644
-0.416688  0.285618  0.378471
-0.416688  0.285618  0.378471
-0.416688  0.285618  0.378471
-0.416678  0.286031  0.378296
-0.416678  0.286031  0.378296
-0.416669  0.286444  0.378116
-0.416669  0.286444  0.378116
-0.416669  0.286444  0.378116
-0.416659  0.286857  0.377934
-0.416659  0.286857  0.377934
-0.416649  0.28727  0.377748
-0.416649  0.28727  0.377748
-0.416649  0.28727  0.377748
-0.41664  0.287683  0.377558
-0.41664  0.287683  0.377558
-0.416631  0.288096  0.377365
-0.416631  0.288096  0.377365
-0.416631  0.288096  0.377365
-0.416621  0.288509  0.377169
-0.416621  0.288509  0.377169
-0.416612  0.288922  0.376969
-0.416612  0.288922  0.376969
-0.416612  0.288922  0.376969
-0.416603  0.289335  0.376766
-0.416603  0.289335  0.376766
-0.416594  0.289748  0.376558
-0.416594  0.289748  0.376558
-0.416594  0.289748  0.376558
-0.416585  0.290161  0.376346
-0.416585  0.290161  0.376346
-0.416576  0.290574  0.376129
-0.416576  0.290574  0.376129
-0.416576  0.290574  0.376129
-0.416567  0.290987  0.375909
-0.416567  0.290987  0.375909
-0.416559  0.2914  0.375684
-0.416559  0.2914  0.375684
-0.416559  0.2914  0.375684
-0.41655  0.291813  0.375455
-0.41655  0.291813  0.375455
-0.416542  0.292226  0.375222
-0.416542  0.292226  0.375222
-0.416542  0.292226  0.375222
-0.416534  0.292639  0.374984
-0.416534  0.292639  0.374984
-0.416525  0.293052  0.374741
-0.416525  0.293052  0.374741
-0.416525  0.293052  0.374741
-0.416517  0.293464  0.374495
-0.416517  0.293464  0.374495
-0.416509  0.293876  0.374245
-0.416509  0.293876  0.374245
-0.416509  0.293876  0.374245
-0.416502  0.294288  0.37399
-0.416502  0.294288  0.37399
-0.416502  0.294288  0.37399
-0.416494  0.2947  0.373732
-0.416494  0.2947  0.373732
-0.416486  0.295112  0.373468
-0.416486  0.295112  0.373468
-0.416486  0.295112  0.373468
-0.416479  0.295524  0.373201
-0.416479  0.295524  0.373201
-0.416471  0.295936  0.372929
-0.416471  0.295936  0.372929
-0.416464  0.296347  0.372653
-0.416464  0.296347  0.372653
-0.416464  0.296347  0.372653
-0.416456  0.296759  0.372373
-0.416456  0.296759  0.372373
-0.416449  0.29717  0.372089
-0.416449  0.29717  0.372089
-0.416449  0.29717  0.372089
-0.416442  0.297582  0.371801
-0.416442  0.297582  0.371801
-0.416435  0.297993  0.37151
-0.416435  0.297993  0.37151
-0.416435  0.297993  0.37151
-0.416428  0.298404  0.371214
-0.416428  0.298404  0.371214
-0.416421  0.298816  0.370913
-0.416421  0.298816  0.370913
-0.416421  0.298816  0.370913
-0.416414  0.299228  0.370609
-0.416414  0.299228  0.370609
-0.416407  0.299639  0.370301
-0.416407  0.299639  0.370301
-0.416407  0.299639  0.370301
-0.416401  0.300051  0.369989
-0.416401  0.300051  0.369989
-0.416394  0.300462  0.369672
-0.416394  0.300462  0.369672
-0.416394  0.300462  0.369672
-0.416387  0.300874  0.369353
-0.416387  0.300874  0.369353
-0.416381  0.301286  0.369029
-0.416381  0.301286  0.369029
-0.416381  0.301286  0.369029
-0.416374  0.301699  0.368701
-0.416374  0.301699  0.368701
-0.416368  0.302112  0.368368
-0.416368  0.302112  0.368368
-0.416368  0.302112  0.368368
-0.416361  0.302525  0.368031
-0.416361  0.302525  0.368031
-0.416361  0.302525  0.368031
-0.416355  0.302938  0.36769
-0.416355  0.302938  0.36769
-0.416348  0.30335  0.367345
-0.416348  0.30335  0.367345
-0.416348  0.30335  0.367345
-0.416342  0.303763  0.366996
-0.416342  0.303763  0.366996
-0.416336  0.304175  0.366642
-0.416336  0.304175  0.366642
-0.41633  0.304587  0.366285
-0.41633  0.304587  0.366285
-0.416323  0.304999  0.365924
-0.416323  0.304999  0.365924
-0.416323  0.304999  0.365924
-0.416317  0.305411  0.365559
-0.416317  0.305411  0.365559
-0.416317  0.305411  0.365559
-0.416311  0.305822  0.36519
-0.416311  0.305822  0.36519
-0.416306  0.306233  0.364817
-0.416306  0.306233  0.364817
-0.416306  0.306233  0.364817
-0.4163  0.306644  0.364439
-0.4163  0.306644  0.364439
-0.416294  0.307055  0.364057
-0.416294  0.307055  0.364057
-0.416294  0.307055  0.364057
-0.416288  0.307465  0.36367
-0.416288  0.307465  0.36367
-0.416283  0.307875  0.363279
-0.416283  0.307875  0.363279
-0.416283  0.307875  0.363279
-0.416277  0.308285  0.362883
-0.416277  0.308285  0.362883
-0.416272  0.308696  0.362482
-0.416272  0.308696  0.362482
-0.416272  0.308696  0.362482
-0.416266  0.309106  0.362076
-0.416266  0.309106  0.362076
-0.416261  0.309516  0.361664
-0.416261  0.309516  0.361664
-0.416261  0.309516  0.361664
-0.416256  0.309927  0.361248
-0.416256  0.309927  0.361248
-0.41625  0.310338  0.360825
-0.41625  0.310338  0.360825
-0.41625  0.310338  0.360825
-0.416245  0.31075  0.360398
-0.416245  0.31075  0.360398
-0.41624  0.311163  0.359965
-0.41624  0.311163  0.359965
-0.41624  0.311163  0.359965
-0.416234  0.311577  0.359525
-0.416234  0.311577  0.359525
-0.416229  0.311992  0.35908
-0.416229  0.311992  0.35908
-0.416229  0.311992  0.35908
-0.416223  0.312408  0.358628
-0.416223  0.312408  0.358628
-0.416218  0.312825  0.358169
-0.416218  0.312825  0.358169
-0.416218  0.312825  0.358169
-0.416212  0.313244  0.357705
-0.416212  0.313244  0.357705
-0.416207  0.313665  0.357234
-0.416207  0.313665  0.357234
-0.416207  0.313665  0.357234
-0.416201  0.314088  0.356757
-0.416201  0.314088  0.356757
-0.416195  0.314513  0.356272
-0.416195  0.314513  0.356272
-0.416195  0.314513  0.356272
-0.416189  0.314939  0.355781
-0.416189  0.314939  0.355781
-0.416183  0.315367  0.355282
-0.416183  0.315367  0.355282
-0.416183  0.315367  0.355282
-0.416177  0.315796  0.354776
-0.416177  0.315796  0.354776
-0.41617  0.316228  0.354262
-0.41617  0.316228  0.354262
-0.41617  0.316228  0.354262
-0.416164  0.316661  0.353742
-0.416164  0.316661  0.353742
-0.416157  0.317097  0.353213
-0.416157  0.317097  0.353213
-0.416157  0.317097  0.353213
-0.416151  0.317534  0.352677
-0.416151  0.317534  0.352677
-0.416144  0.317974  0.352132
-0.416144  0.317974  0.352132
-0.416144  0.317974  0.352132
-0.416137  0.318416  0.351581
-0.416137  0.318416  0.351581
-0.416137  0.318416  0.351581
-0.41613  0.31886  0.35102
-0.41613  0.31886  0.35102
-0.416123  0.319306  0.350452
-0.416123  0.319306  0.350452
-0.416115  0.319755  0.349876
-0.416115  0.319755  0.349876
-0.416115  0.319755  0.349876
-0.416108  0.320205  0.349292
-0.416108  0.320205  0.349292
-0.4161  0.320658  0.348701
-0.4161  0.320658  0.348701
-0.4161  0.320658  0.348701
-0.416092  0.321112  0.348101
-0.416092  0.321112  0.348101
-0.416084  0.321569  0.347494
-0.416084  0.321569  0.347494
-0.416084  0.321569  0.347494
-0.416076  0.322028  0.346878
-0.416076  0.322028  0.346878
-0.416067  0.322488  0.346254
-0.416067  0.322488  0.346254
-0.416067  0.322488  0.346254
-0.416058  0.32295  0.345623
-0.416058  0.32295  0.345623
-0.41605  0.323414  0.344985
-0.41605  0.323414  0.344985
-0.41605  0.323414  0.344985
-0.416041  0.323879  0.344339
-0.416041  0.323879  0.344339
-0.416032  0.324345  0.343686
-0.416032  0.324345  0.343686
-0.416032  0.324345  0.343686
-0.416023  0.324812  0.343025
-0.416023  0.324812  0.343025
-0.416023  0.324812  0.343025
-0.416013  0.32528  0.342358
-0.416013  0.32528  0.342358
-0.416004  0.325749  0.341683
-0.416004  0.325749  0.341683
-0.415995  0.326219  0.341001
-0.415995  0.326219  0.341001
-0.415995  0.326219  0.341001
-0.415985  0.32669  0.340312
-0.415985  0.32669  0.340312
-0.415985  0.32669  0.340312
-0.415975  0.327161  0.339615
-0.415975  0.327161  0.339615
-0.415966  0.327632  0.338911
-0.415966  0.327632  0.338911
-0.415956  0.328103  0.338203
-0.415956  0.328103  0.338203
-0.415956  0.328103  0.338203
-0.415946  0.328575  0.33749
-0.415946  0.328575  0.33749
-0.415935  0.329047  0.336773
-0.415935  0.329047  0.336773
-0.415935  0.329047  0.336773
-0.415925  0.329518  0.336052
-0.415925  0.329518  0.336052
-0.415915  0.329991  0.335326
-0.415915  0.329991  0.335326
-0.415915  0.329991  0.335326
-0.415904  0.330463  0.334597
-0.415904  0.330463  0.334597
-0.415893  0.330935  0.333862
-0.415893  0.330935  0.333862
-0.415893  0.330935  0.333862
-0.415882  0.331406  0.333125
-0.415882  0.331406  0.333125
-0.415871  0.331876  0.332384
-0.415871  0.331876  0.332384
-0.415871  0.331876  0.332384
-0.415861  0.332345  0.33164
-0.415861  0.332345  0.33164
-0.41585  0.332813  0.330893
-0.41585  0.332813  0.330893
-0.41585  0.332813  0.330893
-0.415839  0.333279  0.330145
-0.415839  0.333279  0.330145
-0.415827  0.333744  0.329393
-0.415827  0.333744  0.329393
-0.415827  0.333744  0.329393
-0.415816  0.334207  0.32864
-0.415816  0.334207  0.32864
-0.415805  0.334668  0.327885
-0.415805  0.334668  0.327885
-0.415805  0.334668  0.327885
-0.415794  0.335127  0.327129
-0.415794  0.335127  0.327129
-0.415783  0.335584  0.32637
-0.415783  0.335584  0.32637
-0.415783  0.335584  0.32637
-0.415772  0.336039  0.325612
-0.415772  0.336039  0.325612
-0.415772  0.336039  0.325612
-0.415761  0.336492  0.324853
-0.415761  0.336492  0.324853
-0.41575  0.336943  0.324093
-0.41575  0.336943  0.324093
-0.41575  0.336943  0.324093
-0.415739  0.337392  0.323332
-0.415739  0.337392  0.323332
-0.415728  0.33784  0.322569
-0.415728  0.33784  0.322569
-0.415717  0.338285  0.321806
-0.415717  0.338285  0.321806
-0.415717  0.338285  0.321806
-0.415706  0.338728  0.321042
-0.415706  0.338728  0.321042
-0.415695  0.33917  0.320277
-0.415695  0.33917  0.320277
-0.415695  0.33917  0.320277
-0.415684  0.33961  0.319511
-0.415684  0.33961  0.319511
-0.415673  0.340047  0.318746
-0.415673  0.340047  0.318746
-0.415673  0.340047  0.318746
-0.415662  0.340483  0.317979
-0.415662  0.340483  0.317979
-0.415651  0.340917  0.317212
-0.415651  0.340917  0.317212
-0.415651  0.340917  0.317212
-0.41564  0.341348  0.316444
-0.41564  0.341348  0.316444
-0.415629  0.341777  0.315675
-0.415629  0.341777  0.315675
-0.415629  0.341777  0.315675
-0.415618  0.342204  0.314906
-0.415618  0.342204  0.314906
-0.415607  0.342629  0.314135
-0.415607  0.342629  0.314135
-0.415607  0.342629  0.314135
-0.415596  0.343052  0.313365
-0.415596  0.343052  0.313365
-0.415585  0.343472  0.312593
-0.415585  0.343472  0.312593
-0.415585  0.343472  0.312593
-0.415574  0.343891  0.311821
-0.415574  0.343891  0.311821
-0.415563  0.344307  0.311048
-0.415563  0.344307  0.311048
-0.415563  0.344307  0.311048
-0.415552  0.34472  0.310275
-0.415552  0.34472  0.310275
-0.415541  0.345132  0.309501
-0.415541  0.345132  0.309501
-0.415541  0.345132  0.309501
-0.41553  0.345542  0.308727
-0.41553  0.345542  0.308727
-0.41552  0.345949  0.307952
-0.41552  0.345949  0.307952
-0.41552  0.345949  0.307952
-0.415509  0.346354  0.307177
-0.415509  0.346354  0.307177
-0.415498  0.346758  0.306402
-0.415498  0.346758  0.306402
-0.415498  0.346758  0.306402
-0.415487  0.347159  0.305627
-0.415487  0.347159  0.305627
-0.415477  0.347558  0.304852
-0.415477  0.347558  0.304852
-0.415477  0.347558  0.304852
-0.415466  0.347955  0.304078
-0.415466  0.347955  0.304078
-0.415455  0.348349  0.303304
-0.415455  0.348349  0.303304
-0.415455  0.348349  0.303304
-0.415445  0.348742  0.302531
-0.415445  0.348742  0.302531
-0.415434  0.349132  0.301759
-0.415434  0.349132  0.301759
-0.415434  0.349132  0.301759
-0.415423  0.349519  0.300988
-0.415423  0.349519  0.300988
-0.415413  0.349904  0.300216
-0.415413  0.349904  0.300216
-0.415413  0.349904  0.300216
-0.415402  0.350287  0.299446
-0.415402  0.350287  0.299446
-0.415402  0.350287  0.299446
-0.415392  0.350667  0.298676
-0.415392  0.350667  0.298676
-0.415382  0.351045  0.297906
-0.415382  0.351045  0.297906
-0.415382  0.351045  0.297906
-0.415372  0.35142  0.297138
-0.415372  0.35142  0.297138
-0.415361  0.351793  0.296371
-0.415361  0.351793  0.296371
-0.415361  0.351793  0.296371
-0.415351  0.352162  0.295604
-0.415351  0.352162  0.295604
-0.415342  0.352529  0.294838
-0.415342  0.352529  0.294838
-0.415342  0.352529  0.294838
-0.415332  0.352894  0.294073
-0.415332  0.352894  0.294073
-0.415322  0.353255  0.293307
-0.415322  0.353255  0.293307
-0.415312  0.353615  0.292543
-0.415312  0.353615  0.292543
-0.415312  0.353615  0.292543
-0.415303  0.353972  0.291778
-0.415303  0.353972  0.291778
-0.415293  0.354326  0.291013
-0.415293  0.354326  0.291013
-0.415293  0.354326  0.291013
-0.415284  0.354679  0.290249
-0.415284  0.354679  0.290249
-0.415275  0.355029  0.289483
-0.415275  0.355029  0.289483
-0.415275  0.355029  0.289483
-0.415265  0.355377  0.288718
-0.415265  0.355377  0.288718
-0.415256  0.355722  0.287951
-0.415256  0.355722  0.287951
-0.415256  0.355722  0.287951
-0.415247  0.356066  0.287185
-0.415247  0.356066  0.287185
-0.415238  0.356408  0.286418
-0.415238  0.356408  0.286418
-0.415238  0.356408  0.286418
-0.415229  0.356747  0.285653
-0.415229  0.356747  0.285653
-0.415219  0.357084  0.284887
-0.415219  0.357084  0.284887
-0.415219  0.357084  0.284887
-0.41521  0.35742  0.284122
-0.41521  0.35742  0.284122
-0.415201  0.357753  0.283356
-0.415201  0.357753  0.283356
-0.415201  0.357753  0.283356
-0.415193  0.358083  0.282592
-0.415193  0.358083  0.282592
-0.415184  0.358412  0.281827
-0.415184  0.358412  0.281827
-0.415184  0.358412  0.281827
-0.415175  0.358738  0.281063
-0.415175  0.358738  0.281063
-0.415166  0.359062  0.280298
-0.415166  0.359062  0.280298
-0.415166  0.359062  0.280298
-0.415158  0.359385  0.279535
-0.415158  0.359385  0.279535
-0.415149  0.359705  0.278771
-0.415149  0.359705  0.278771
-0.415149  0.359705  0.278771
-0.41514  0.360022  0.278009
-0.41514  0.360022  0.278009
-0.415132  0.360338  0.277247
-0.415132  0.360338  0.277247
-0.415132  0.360338  0.277247
-0.415123  0.360652  0.276486
-0.415123  0.360652  0.276486
-0.415115  0.360964  0.275724
-0.415115  0.360964  0.275724
-0.415115  0.360964  0.275724
-0.415107  0.361273  0.274963
-0.415107  0.361273  0.274963
-0.415098  0.361581  0.274202
-0.415098  0.361581  0.274202
-0.415098  0.361581  0.274202
-0.41509  0.361887  0.273441
-0.41509  0.361887  0.273441
-0.415082  0.362191  0.272681
-0.415082  0.362191  0.272681
-0.415082  0.362191  0.272681
-0.415074  0.362492  0.271922
-0.415074  0.362492  0.271922
-0.415065  0.362792  0.271162
-0.415065  0.362792  0.271162
-0.415065  0.362792  0.271162
-0.415057  0.36309  0.270404
-0.415057  0.36309  0.270404
-0.415049  0.363386  0.269646
-0.415049  0.363386  0.269646
-0.415049  0.363386  0.269646
-0.415041  0.36368  0.268889
-0.415041  0.36368  0.268889
-0.415033  0.363972  0.268133
-0.415033  0.363972  0.268133
-0.415033  0.363972  0.268133
-0.415025  0.364262  0.267377
-0.415025  0.364262  0.267377
-0.415017  0.36455  0.266622
-0.415017  0.36455  0.266622
-0.415017  0.36455  0.266622
-0.415009  0.364837  0.265869
-0.415009  0.364837  0.265869
-0.415002  0.365121  0.265116
-0.415002  0.365121  0.265116
-0.415002  0.365121  0.265116
-0.414994  0.365403  0.264366
-0.414994  0.365403  0.264366
-0.414986  0.365683  0.263616
-0.414986  0.365683  0.263616
-0.414986  0.365683  0.263616
-0.414979  0.365961  0.262867
-0.414979  0.365961  0.262867
-0.414971  0.366238  0.26212
-0.414971  0.366238  0.26212
-0.414971  0.366238  0.26212
-0.414964  0.366512  0.261374
-0.414964  0.366512  0.261374
-0.414956  0.366784  0.260628
-0.414956  0.366784  0.260628
-0.414956  0.366784  0.260628
-0.414949  0.367054  0.259884
-0.414949  0.367054  0.259884
-0.414941  0.367323  0.259141
-0.414941  0.367323  0.259141
-0.414941  0.367323  0.259141
-0.414934  0.367589  0.258399
-0.414934  0.367589  0.258399
-0.414927  0.367853  0.257656
-0.414927  0.367853  0.257656
-0.414927  0.367853  0.257656
-0.41492  0.368116  0.256915
-0.41492  0.368116  0.256915
-0.41492  0.368116  0.256915
-0.414913  0.368377  0.256173
-0.414913  0.368377  0.256173
-0.414906  0.368636  0.255432
-0.414906  0.368636  0.255432
-0.414906  0.368636  0.255432
-0.414899  0.368893  0.254691
-0.414899  0.368893  0.254691
-0.414892  0.369148  0.25395
-0.414892  0.369148  0.25395
-0.414885  0.369401  0.253209
-0.414885  0.369401  0.253209
-0.414885  0.369401  0.253209
-0.414878  0.369653  0.252468
-0.414878  0.369653  0.252468
-0.414871  0.369903  0.251727
-0.414871  0.369903  0.251727
-0.414871  0.369903  0.251727
-0.414864  0.370152  0.250985
-0.414864  0.370152  0.250985
-0.414858  0.370398  0.250243
-0.414858  0.370398  0.250243
-0.414858  0.370398  0.250243
-0.414851  0.370643  0.2495
-0.414851  0.370643  0.2495
-0.414844  0.370886  0.248758
-0.414844  0.370886  0.248758
-0.414844  0.370886  0.248758
-0.414838  0.371127  0.248014
-0.414838  0.371127  0.248014
-0.414831  0.371366  0.247268
-0.414831  0.371366  0.247268
-0.414831  0.371366  0.247268
-0.414825  0.371604  0.246523
-0.414825  0.371604  0.246523
-0.414818  0.37184  0.245777
-0.414818  0.37184  0.245777
-0.414818  0.37184  0.245777
-0.414812  0.372074  0.24503
-0.414812  0.372074  0.24503
-0.414805  0.372306  0.244282
-0.414805  0.372306  0.244282
-0.414805  0.372306  0.244282
-0.414799  0.372537  0.243533
-0.414799  0.372537  0.243533
-0.414799  0.372537  0.243533
-0.414792  0.372765  0.242785
-0.414792  0.372765  0.242785
-0.414786  0.372992  0.242036
-0.414786  0.372992  0.242036
-0.41478  0.373218  0.241286
-0.41478  0.373218  0.241286
-0.41478  0.373218  0.241286
-0.414774  0.373442  0.240536
-0.414774  0.373442  0.240536
-0.414767  0.373664  0.239784
-0.414767  0.373664  0.239784
-0.414767  0.373664  0.239784
-0.414761  0.373884  0.239033
-0.414761  0.373884  0.239033
-0.414755  0.374103  0.238281
-0.414755  0.374103  0.238281
-0.414755  0.374103  0.238281
-0.414749  0.37432  0.237529
-0.414749  0.37432  0.237529
-0.414743  0.374535  0.236776
-0.414743  0.374535  0.236776
-0.414743  0.374535  0.236776
-0.414737  0.374749  0.236022
-0.414737  0.374749  0.236022
-0.41473  0.374962  0.235269
-0.41473  0.374962  0.235269
-0.41473  0.374962  0.235269
-0.414724  0.375172  0.234516
-0.414724  0.375172  0.234516
-0.414718  0.375381  0.233761
-0.414718  0.375381  0.233761
-0.414718  0.375381  0.233761
-0.414712  0.375589  0.233006
-0.414712  0.375589  0.233006
-0.414706  0.375795  0.232251
-0.414706  0.375795  0.232251
-0.414706  0.375795  0.232251
-0.4147  0.376  0.231495
-0.4147  0.376  0.231495
-0.414694  0.376204  0.230739
-0.414694  0.376204  0.230739
-0.414694  0.376204  0.230739
-0.414688  0.376406  0.229982
-0.414688  0.376406  0.229982
-0.414681  0.376606  0.229225
-0.414681  0.376606  0.229225
-0.414681  0.376606  0.229225
-0.414675  0.376805  0.228469
-0.414675  0.376805  0.228469
-0.414669  0.377003  0.227711
-0.414669  0.377003  0.227711
-0.414669  0.377003  0.227711
-0.414663  0.377198  0.226954
-0.414663  0.377198  0.226954
-0.414657  0.377393  0.226196
-0.414657  0.377393  0.226196
-0.414657  0.377393  0.226196
-0.414651  0.377585  0.22544
-0.414651  0.377585  0.22544
-0.414645  0.377776  0.224682
-0.414645  0.377776  0.224682
-0.414645  0.377776  0.224682
-0.414639  0.377966  0.223926
-0.414639  0.377966  0.223926
-0.414633  0.378154  0.223169
-0.414633  0.378154  0.223169
-0.414633  0.378154  0.223169
-0.414627  0.37834  0.222413
-0.414627  0.37834  0.222413
-0.414621  0.378525  0.221658
-0.414621  0.378525  0.221658
-0.414621  0.378525  0.221658
-0.414615  0.378709  0.220902
-0.414615  0.378709  0.220902
-0.414609  0.378891  0.220147
-0.414609  0.378891  0.220147
-0.414609  0.378891  0.220147
-0.414603  0.379072  0.219392
-0.414603  0.379072  0.219392
-0.414597  0.379252  0.218637
-0.414597  0.379252  0.218637
-0.414597  0.379252  0.218637
-0.414591  0.379431  0.217882
-0.414591  0.379431  0.217882
-0.414585  0.379608  0.217128
-0.414585  0.379608  0.217128
-0.414585  0.379608  0.217128
-0.414579  0.379785  0.216374
-0.414579  0.379785  0.216374
-0.414572  0.379961  0.21562
-0.414572  0.379961  0.21562
-0.414572  0.379961  0.21562
-0.414566  0.380136  0.214866
-0.414566  0.380136  0.214866
-0.414566  0.380136  0.214866
-0.41456  0.380309  0.214114
-0.41456  0.380309  0.214114
-0.414553  0.380482  0.213361
-0.414553  0.380482  0.213361
-0.414547  0.380653  0.21261
-0.414547  0.380653  0.21261
-0.414547  0.380653  0.21261
-0.41454  0.380824  0.211859
-0.41454  0.380824  0.211859
-0.414534  0.380993  0.211109
-0.414534  0.380993  0.211109
-0.414534  0.380993  0.211109
-0.414527  0.381161  0.21036
-0.414527  0.381161  0.21036
-0.414521  0.381328  0.209612
-0.414521  0.381328  0.209612
-0.414521  0.381328  0.209612
-0.414514  0.381493  0.208866
-0.414514  0.381493  0.208866
-0.414508  0.381658  0.208121
-0.414508  0.381658  0.208121
-0.414508  0.381658  0.208121
-0.414501  0.381821  0.207377
-0.414501  0.381821  0.207377
-0.414495  0.381983  0.206633
-0.414495  0.381983  0.206633
-0.414495  0.381983  0.206633
-0.414489  0.382143  0.205891
-0.414489  0.382143  0.205891
-0.414482  0.382303  0.20515
-0.414482  0.382303  0.20515
-0.414482  0.382303  0.20515
-0.414476  0.382461  0.204409
-0.414476  0.382461  0.204409
-0.414469  0.382619  0.203669
-0.414469  0.382619  0.203669
-0.414469  0.382619  0.203669
-0.414462  0.382775  0.202929
-0.414462  0.382775  0.202929
-0.414456  0.382931  0.20219
-0.414456  0.382931  0.20219
-0.414456  0.382931  0.20219
-0.414449  0.383086  0.201453
-0.414449  0.383086  0.201453
-0.414442  0.38324  0.200716
-0.414442  0.38324  0.200716
-0.414442  0.38324  0.200716
-0.414436  0.383393  0.19998
-0.414436  0.383393  0.19998
-0.414429  0.383546  0.199244
-0.414429  0.383546  0.199244
-0.414429  0.383546  0.199244
-0.414422  0.383697  0.198508
-0.414422  0.383697  0.198508
-0.414415  0.383848  0.197774
-0.414415  0.383848  0.197774
-0.414415  0.383848  0.197774
-0.414408  0.383997  0.197041
-0.414408  0.383997  0.197041
-0.414401  0.384146  0.196309
-0.414401  0.384146  0.196309
-0.414401  0.384146  0.196309
-0.414394  0.384294  0.195579
-0.414394  0.384294  0.195579
-0.414387  0.384441  0.19485
-0.414387  0.384441  0.19485
-0.414387  0.384441  0.19485
-0.41438  0.384587  0.194121
-0.41438  0.384587  0.194121
-0.414373  0.384731  0.193395
-0.414373  0.384731  0.193395
-0.414373  0.384731  0.193395
-0.414366  0.384875  0.19267
-0.414366  0.384875  0.19267
-0.414359  0.385018  0.191948
-0.414359  0.385018  0.191948
-0.414359  0.385018  0.191948
-0.414352  0.38516  0.191227
-0.414352  0.38516  0.191227
-0.414345  0.3853  0.190508
-0.414345  0.3853  0.190508
-0.414345  0.3853  0.190508
-0.414338  0.38544  0.189791
-0.414338  0.38544  0.189791
-0.414331  0.385579  0.189077
-0.414331  0.385579  0.189077
-0.414331  0.385579  0.189077
-0.414324  0.385717  0.188364
-0.414324  0.385717  0.188364
-0.414317  0.385854  0.187654
-0.414317  0.385854  0.187654
-0.414317  0.385854  0.187654
-0.414311  0.385989  0.186946
-0.414311  0.385989  0.186946
-0.414304  0.386124  0.186242
-0.414304  0.386124  0.186242
-0.414304  0.386124  0.186242
-0.414297  0.386258  0.185539
-0.414297  0.386258  0.185539
-0.41429  0.386391  0.184839
-0.41429  0.386391  0.184839
-0.41429  0.386391  0.184839
-0.414284  0.386523  0.184141
-0.414284  0.386523  0.184141
-0.414277  0.386655  0.183447
-0.414277  0.386655  0.183447
-0.414277  0.386655  0.183447
-0.414271  0.386785  0.182755
-0.414271  0.386785  0.182755
-0.414264  0.386914  0.182067
-0.414264  0.386914  0.182067
-0.414264  0.386914  0.182067
-0.414258  0.387042  0.181381
-0.414258  0.387042  0.181381
-0.414252  0.38717  0.180699
-0.414252  0.38717  0.180699
-0.414252  0.38717  0.180699
-0.414245  0.387296  0.18002
-0.414245  0.387296  0.18002
-0.414239  0.387422  0.179345
-0.414239  0.387422  0.179345
-0.414239  0.387422  0.179345
-0.414233  0.387546  0.178673
-0.414233  0.387546  0.178673
-0.414233  0.387546  0.178673
-0.414227  0.38767  0.178004
-0.414227  0.38767  0.178004
-0.414221  0.387792  0.177339
-0.414221  0.387792  0.177339
-0.414221  0.387792  0.177339
-0.414216  0.387913  0.176677
-0.414216  0.387913  0.176677
-0.41421  0.388034  0.176018
-0.41421  0.388034  0.176018
-0.414205  0.388153  0.175362
-0.414205  0.388153  0.175362
-0.414205  0.388153  0.175362
-0.414199  0.388271  0.174708
-0.414199  0.388271  0.174708
-0.414199  0.388271  0.174708
-0.414194  0.388389  0.174057
-0.414194  0.388389  0.174057
-0.414189  0.388505  0.17341
-0.414189  0.388505  0.17341
-0.414184  0.38862  0.172765
-0.414184  0.38862  0.172765
-0.414178  0.388735  0.172123
-0.414178  0.388735  0.172123
-0.414178  0.388735  0.172123
-0.414174  0.388849  0.171484
-0.414174  0.388849  0.171484
-0.414174  0.388849  0.171484
-0.414169  0.388961  0.170847
-0.414169  0.388961  0.170847
-0.414164  0.389073  0.170214
-0.414164  0.389073  0.170214
-0.414164  0.389073  0.170214
-0.414159  0.389184  0.169584
-0.414159  0.389184  0.169584
-0.414155  0.389294  0.168957
-0.414155  0.389294  0.168957
-0.414155  0.389294  0.168957
-0.41415  0.389403  0.168333
-0.41415  0.389403  0.168333
-0.414146  0.389511  0.167713
-0.414146  0.389511  0.167713
-0.414146  0.389511  0.167713
-0.414142  0.389618  0.167095
-0.414142  0.389618  0.167095
-0.414138  0.389725  0.166481
-0.414138  0.389725  0.166481
-0.414138  0.389725  0.166481
-0.414134  0.38983  0.165871
-0.414134  0.38983  0.165871
-0.41413  0.389934  0.165264
-0.41413  0.389934  0.165264
-0.41413  0.389934  0.165264
-0.414126  0.390038  0.164661
-0.414126  0.390038  0.164661
-0.414123  0.39014  0.164061
-0.414123  0.39014  0.164061
-0.414123  0.39014  0.164061
-0.414119  0.390242  0.163465
-0.414119  0.390242  0.163465
-0.414116  0.390343  0.162873
-0.414116  0.390343  0.162873
-0.414116  0.390343  0.162873
-0.414113  0.390443  0.162284
-0.414113  0.390443  0.162284
-0.41411  0.390542  0.161699
-0.41411  0.390542  0.161699
-0.41411  0.390542  0.161699
-0.414107  0.39064  0.161118
-0.414107  0.39064  0.161118
-0.414104  0.390738  0.16054
-0.414104  0.390738  0.16054
-0.414104  0.390738  0.16054
-0.414102  0.390835  0.159966
-0.414102  0.390835  0.159966
-0.414102  0.390835  0.159966
-0.414099  0.390931  0.159396
-0.414099  0.390931  0.159396
-0.414097  0.391026  0.15883
-0.414097  0.391026  0.15883
-0.414097  0.391026  0.15883
-0.414095  0.391121  0.158267
-0.414095  0.391121  0.158267
-0.414093  0.391215  0.157709
-0.414093  0.391215  0.157709
-0.414093  0.391215  0.157709
-0.414091  0.391309  0.157154
-0.414091  0.391309  0.157154
-0.414089  0.391402  0.156603
-0.414089  0.391402  0.156603
-0.414089  0.391402  0.156603
-0.414087  0.391494  0.156055
-0.414087  0.391494  0.156055
-0.414086  0.391585  0.155512
-0.414086  0.391585  0.155512
-0.414086  0.391585  0.155512
-0.414085  0.391675  0.154973
-0.414085  0.391675  0.154973
-0.414083  0.391765  0.154438
-0.414083  0.391765  0.154438
-0.414083  0.391765  0.154438
-0.414082  0.391854  0.153907
-0.414082  0.391854  0.153907
-0.414082  0.391942  0.15338
-0.414082  0.391942  0.15338
-0.414082  0.391942  0.15338
-0.414081  0.392029  0.152857
-0.414081  0.392029  0.152857
-0.414081  0.392115  0.152338
-0.414081  0.392115  0.152338
-0.414081  0.392115  0.152338
-0.41408  0.392201  0.151823
-0.41408  0.392201  0.151823
-0.41408  0.392286  0.151311
-0.41408  0.392286  0.151311
-0.41408  0.392286  0.151311
-0.41408  0.39237  0.150804
-0.41408  0.39237  0.150804
-0.414081  0.392454  0.1503
-0.414081  0.392454  0.1503
-0.414081  0.392454  0.1503
-0.414081  0.392536  0.149801
-0.414081  0.392536  0.149801
-0.414082  0.392619  0.149304
-0.414082  0.392619  0.149304
-0.414082  0.3927  0.148812
-0.414082  0.3927  0.148812
-0.414082  0.3927  0.148812
-0.414083  0.392782  0.148323
-0.414083  0.392782  0.148323
-0.414083  0.392782  0.148323
-0.414084  0.392862  0.147838
-0.414084  0.392862  0.147838
-0.414085  0.392942  0.147356
-0.414085  0.392942  0.147356
-0.414085  0.392942  0.147356
-0.414086  0.393021  0.146877
-0.414086  0.393021  0.146877
-0.414088  0.3931  0.146402
-0.414088  0.3931  0.146402
-0.414089  0.393178  0.145931
-0.414089  0.393178  0.145931
-0.414089  0.393178  0.145931
-0.414091  0.393256  0.145463
-0.414091  0.393256  0.145463
-0.414093  0.393332  0.144998
-0.414093  0.393332  0.144998
-0.414093  0.393332  0.144998
-0.414095  0.393409  0.144537
-0.414095  0.393409  0.144537
-0.414097  0.393485  0.144079
-0.414097  0.393485  0.144079
-0.414097  0.393485  0.144079
-0.414099  0.39356  0.143625
-0.414099  0.39356  0.143625
-0.414101  0.393635  0.143174
-0.414101  0.393635  0.143174
-0.414101  0.393635  0.143174
-0.414104  0.393709  0.142726
-0.414104  0.393709  0.142726
-0.414106  0.393783  0.142282
-0.414106  0.393783  0.142282
-0.414106  0.393783  0.142282
-0.414109  0.393856  0.141842
-0.414109  0.393856  0.141842
-0.414112  0.393928  0.141404
-0.414112  0.393928  0.141404
-0.414112  0.393928  0.141404
-0.414115  0.394  0.140971
-0.414115  0.394  0.140971
-0.414118  0.394072  0.140541
-0.414118  0.394072  0.140541
-0.414118  0.394072  0.140541
-0.414121  0.394143  0.140114
-0.414121  0.394143  0.140114
-0.414125  0.394214  0.139691
-0.414125  0.394214  0.139691
-0.414125  0.394214  0.139691
-0.414129  0.394284  0.139272
-0.414129  0.394284  0.139272
-0.414132  0.394353  0.138856
-0.414132  0.394353  0.138856
-0.414132  0.394353  0.138856
-0.414136  0.394422  0.138443
-0.414136  0.394422  0.138443
-0.41414  0.39449  0.138034
-0.41414  0.39449  0.138034
-0.41414  0.39449  0.138034
-0.414145  0.394558  0.137628
-0.414145  0.394558  0.137628
-0.414149  0.394625  0.137226
-0.414149  0.394625  0.137226
-0.414149  0.394625  0.137226
-0.414154  0.394692  0.136826
-0.414154  0.394692  0.136826
-0.414154  0.394692  0.136826
-0.414158  0.394758  0.13643
-0.414163  0.394823  0.136037
-0.414163  0.394823  0.136037
-0.414163  0.394823  0.136037
-0.414168  0.394888  0.135648
-0.414168  0.394888  0.135648
-0.414168  0.394888  0.135648
-0.414173  0.394952  0.135261
-0.414173  0.394952  0.135261
-0.414179  0.395016  0.134877
-0.414179  0.395016  0.134877
-0.414184  0.395079  0.134496
-0.414184  0.395079  0.134496
-0.414184  0.395079  0.134496
-0.414184  0.395079  0.134496
-0.41419  0.395142  0.134119
-0.41419  0.395142  0.134119
-0.414195  0.395204  0.133744
-0.414195  0.395204  0.133744
-0.414195  0.395204  0.133744
-0.414201  0.395266  0.133372
-0.414201  0.395266  0.133372
-0.414207  0.395327  0.133003
-0.414207  0.395327  0.133003
-0.414207  0.395327  0.133003
-0.414213  0.395388  0.132637
-0.414213  0.395388  0.132637
-0.414219  0.395448  0.132274
-0.414219  0.395448  0.132274
-0.414219  0.395448  0.132274
-0.414226  0.395507  0.131914
-0.414226  0.395507  0.131914
-0.414232  0.395567  0.131556
-0.414232  0.395567  0.131556
-0.414232  0.395567  0.131556
-0.414239  0.395625  0.131201
-0.414239  0.395625  0.131201
-0.414245  0.395684  0.130848
-0.414245  0.395684  0.130848
-0.414252  0.395742  0.130499
-0.414252  0.395742  0.130499
-0.414252  0.395742  0.130499
-0.414259  0.395799  0.130152
-0.414259  0.395799  0.130152
-0.414266  0.395856  0.129808
-0.414266  0.395856  0.129808
-0.414266  0.395856  0.129808
-0.414273  0.395913  0.129466
-0.414273  0.395913  0.129466
-0.41428  0.395969  0.129128
-0.41428  0.395969  0.129128
-0.41428  0.395969  0.129128
-0.414288  0.396025  0.128791
-0.414288  0.396025  0.128791
-0.414295  0.396081  0.128458
-0.414295  0.396081  0.128458
-0.414295  0.396081  0.128458
-0.414303  0.396136  0.128127
-0.414303  0.396136  0.128127
-0.41431  0.396191  0.127798
-0.41431  0.396191  0.127798
-0.41431  0.396191  0.127798
-0.414318  0.396246  0.127473
-0.414318  0.396246  0.127473
-0.414326  0.3963  0.12715
-0.414326  0.3963  0.12715
-0.414326  0.3963  0.12715
-0.414334  0.396354  0.126829
-0.414334  0.396354  0.126829
-0.414341  0.396408  0.126511
-0.414341  0.396408  0.126511
-0.414341  0.396408  0.126511
-0.414349  0.396462  0.126195
-0.414349  0.396462  0.126195
-0.414358  0.396515  0.125882
-0.414358  0.396515  0.125882
-0.414358  0.396515  0.125882
-0.414366  0.396568  0.125572
-0.414366  0.396568  0.125572
-0.414374  0.396621  0.125264
-0.414374  0.396621  0.125264
-0.414374  0.396621  0.125264
-0.414382  0.396673  0.124959
-0.414382  0.396673  0.124959
-0.414391  0.396725  0.124656
-0.414391  0.396725  0.124656
-0.414391  0.396725  0.124656
-0.414399  0.396777  0.124355
-0.414399  0.396777  0.124355
-0.414408  0.396828  0.124057
-0.414408  0.396828  0.124057
-0.414408  0.396828  0.124057
-0.414417  0.396879  0.123761
-0.414417  0.396879  0.123761
-0.414426  0.396929  0.123467
-0.414426  0.396929  0.123467
-0.414426  0.396929  0.123467
-0.414434  0.396979  0.123175
-0.414434  0.396979  0.123175
-0.414443  0.397029  0.122886
-0.414443  0.397029  0.122886
-0.414443  0.397029  0.122886
-0.414453  0.397079  0.122599
-0.414453  0.397079  0.122599
-0.414462  0.397128  0.122314
-0.414462  0.397128  0.122314
-0.414462  0.397128  0.122314
-0.414471  0.397177  0.122031
-0.414471  0.397177  0.122031
-0.41448  0.397225  0.121751
-0.41448  0.397225  0.121751
-0.41448  0.397225  0.121751
-0.41449  0.397274  0.121472
-0.41449  0.397274  0.121472
-0.414499  0.397322  0.121196
-0.414499  0.397322  0.121196
-0.414499  0.397322  0.121196
-0.414508  0.39737  0.120923
-0.414508  0.39737  0.120923
-0.414518  0.397418  0.120651
-0.414518  0.397418  0.120651
-0.414518  0.397418  0.120651
-0.414528  0.397465  0.120382
-0.414528  0.397465  0.120382
-0.414537  0.397512  0.120115
-0.414537  0.397512  0.120115
-0.414547  0.397559  0.119851
-0.414547  0.397559  0.119851
-0.414547  0.397559  0.119851
-0.414557  0.397605  0.119588
-0.414557  0.397605  0.119588
-0.414567  0.397652  0.119328
-0.414567  0.397652  0.119328
-0.414567  0.397652  0.119328
-0.414577  0.397697  0.11907
-0.414577  0.397697  0.11907
-0.414577  0.397697  0.11907
-0.414587  0.397743  0.118813
-0.414587  0.397743  0.118813
-0.414597  0.397788  0.118559
-0.414597  0.397788  0.118559
-0.414597  0.397788  0.118559
-0.414608  0.397833  0.118306
-0.414608  0.397833  0.118306
-0.414618  0.397877  0.118056
-0.414618  0.397877  0.118056
-0.414618  0.397877  0.118056
-0.414629  0.397921  0.117807
-0.414629  0.397921  0.117807
-0.414639  0.397965  0.11756
-0.414639  0.397965  0.11756
-0.414639  0.397965  0.11756
-0.41465  0.398008  0.117315
-0.41465  0.398008  0.117315
-0.41466  0.398051  0.117072
-0.41466  0.398051  0.117072
-0.41466  0.398051  0.117072
-0.414671  0.398094  0.11683
-0.414671  0.398094  0.11683
-0.414682  0.398136  0.11659
-0.414682  0.398136  0.11659
-0.414682  0.398136  0.11659
-0.414692  0.398178  0.116352
-0.414692  0.398178  0.116352
-0.414703  0.39822  0.116115
-0.414703  0.39822  0.116115
-0.414703  0.39822  0.116115
-0.414714  0.398261  0.11588
-0.414714  0.398261  0.11588
-0.414725  0.398302  0.115647
-0.414725  0.398302  0.115647
-0.414725  0.398302  0.115647
-0.414736  0.398343  0.115415
-0.414736  0.398343  0.115415
-0.414747  0.398383  0.115184
-0.414747  0.398383  0.115184
-0.414747  0.398383  0.115184
-0.414758  0.398423  0.114955
-0.414758  0.398423  0.114955
-0.414769  0.398462  0.114727
-0.414769  0.398462  0.114727
-0.414769  0.398462  0.114727
-0.414781  0.398501  0.114501
-0.414781  0.398501  0.114501
-0.414792  0.398539  0.114276
-0.414792  0.398539  0.114276
-0.414792  0.398539  0.114276
-0.414804  0.398576  0.114052
-0.414804  0.398576  0.114052
-0.414815  0.398614  0.11383
-0.414815  0.398614  0.11383
-0.414815  0.398614  0.11383
-0.414826  0.398651  0.113608
-0.414826  0.398651  0.113608
-0.414826  0.398651  0.113608
-0.414838  0.398687  0.113388
-0.414838  0.398687  0.113388
-0.41485  0.398723  0.113169
-0.41485  0.398723  0.113169
-0.41485  0.398723  0.113169
-0.414861  0.398759  0.112952
-0.414861  0.398759  0.112952
-0.414873  0.398795  0.112736
-0.414873  0.398795  0.112736
-0.414873  0.398795  0.112736
-0.414884  0.398831  0.112521
-0.414884  0.398831  0.112521
-0.414896  0.398866  0.112308
-0.414896  0.398866  0.112308
-0.414896  0.398866  0.112308
-0.414908  0.398902  0.112096
-0.414908  0.398902  0.112096
-0.414919  0.398937  0.111886
-0.414919  0.398937  0.111886
-0.414931  0.398972  0.111677
-0.414931  0.398972  0.111677
-0.414931  0.398972  0.111677
-0.414943  0.399007  0.11147
-0.414943  0.399007  0.11147
-0.414955  0.399041  0.111264
-0.414955  0.399041  0.111264
-0.414955  0.399041  0.111264
-0.414966  0.399076  0.11106
-0.414966  0.399076  0.11106
-0.414978  0.39911  0.110858
-0.414978  0.39911  0.110858
-0.414978  0.39911  0.110858
-0.41499  0.399144  0.110657
-0.41499  0.399144  0.110657
-0.415002  0.399178  0.110458
-0.415002  0.399178  0.110458
-0.415002  0.399178  0.110458
-0.415014  0.399211  0.11026
-0.415014  0.399211  0.11026
-0.415014  0.399211  0.11026
-0.415026  0.399244  0.110065
-0.415026  0.399244  0.110065
-0.415038  0.399277  0.10987
-0.415038  0.399277  0.10987
