0.63758 0.276153 -0.00198075 -0.00168073
0.637219 0.275826 -0.00251505 -0.00416923
0.636915 0.275002 -0.00158864 -0.008938
0.636783 0.273412 -0.000569134 -0.0122822
0.636752 0.271727 -5.89746e-05 -0.0111753
0.636767 0.270358 0.000161309 -0.00806502
0.636798 0.269534 -2.39793e-05 -0.0021622
0.636759 0.269748 -0.00145747 0.00964906
0.636385 0.27226 -0.00520214 0.0326946
0.635345 0.278614 -0.0103071 0.0582629
0.633607 0.287896 -0.0146249 0.071964
0.63141 0.298016 -0.0171277 0.0731701
0.628951 0.307811 -0.019402 0.0713434
0.626142 0.317396 -0.022368 0.0704468
0.622877 0.32696 -0.0254215 0.0695606
0.619262 0.336245 -0.0273465 0.0662767
0.615448 0.344992 -0.0290053 0.0636265
0.611398 0.353515 -0.0311427 0.0629214
0.606985 0.362098 -0.034911 0.0653975
0.601911 0.371298 -0.0411318 0.0718452
0.595818 0.381607 -0.0493332 0.0803924
0.588535 0.393094 -0.0576989 0.0871485
0.580194 0.405207 -0.0637902 0.0878831
0.571247 0.416912 -0.067572 0.0824228
0.561814 0.427644 -0.0711541 0.0749814
0.551967 0.437251 -0.0733715 0.0665482
0.541892 0.445768 -0.0750665 0.0585015
0.531608 0.4531 -0.0766435 0.0483497
0.521042 0.458949 -0.0782668 0.036011
0.510398 0.462855 -0.0768073 0.0192674
0.500186 0.464185 -0.0730479 0.00139476
0.490576 0.463328 -0.0688661 -0.0110236
0.48147 0.461262 -0.0653566 -0.0177476
0.472807 0.45851 -0.061959 -0.0229813
0.464673 0.455012 -0.0568517 -0.0289266
0.457359 0.450672 -0.0506304 -0.0350591
0.450911 0.445513 -0.0448608 -0.0414025
0.445155 0.439425 -0.0400893 -0.0481357
0.440031 0.432492 -0.0357611 -0.0520183
0.435423 0.425339 -0.0318362 -0.0532151
0.431409 0.418016 -0.0273436 -0.0547292
0.427969 0.410484 -0.0239649 -0.0551623
0.42488 0.40307 -0.021748 -0.053341
0.422098 0.395979 -0.019599 -0.0511726
0.419502 0.389181 -0.0197523 -0.0485459
0.416732 0.382813 -0.0204008 -0.0462199
0.414 0.376601 -0.0181978 -0.047879
0.411802 0.369757 -0.0133316 -0.0545396
0.410369 0.361832 -0.00831079 -0.0605897
0.409511 0.353347 -0.00563011 -0.0628607
0.408832 0.344777 -0.00545728 -0.0626136
0.408017 0.336357 -0.00645793 -0.0613834
0.407102 0.328091 -0.00662164 -0.0612173
0.406205 0.319728 -0.00602834 -0.0627725
0.405485 0.311049 -0.00508368 -0.0655026
0.404801 0.301929 -0.00509135 -0.0701653
0.40411 0.291982 -0.00594008 -0.0739281
0.403177 0.281942 -0.00775742 -0.0716187
0.402014 0.272522 -0.00943624 -0.0666645
0.400605 0.263832 -0.0104306 -0.0625188
0.39922 0.255507 -0.00864157 -0.0616068
0.398257 0.2471 -0.005456 -0.0623937
0.397724 0.238583 -0.00285758 -0.0615286
0.39746 0.230426 -0.00116746 -0.0588849
0.397415 0.222543 0.000555499 -0.0589546
0.397603 0.214402 0.00233561 -0.0610947
0.39805 0.205992 0.00414365 -0.0623866
0.398721 0.197444 0.00517955 -0.0623656
0.399445 0.189106 0.00509255 -0.0591742
0.400106 0.181381 0.00460599 -0.0557398
0.400703 0.173903 0.00421003 -0.0560839
0.401241 0.166183 0.00351788 -0.0570643
0.401663 0.158395 0.00273559 -0.0568475
0.401986 0.150762 0.00202149 -0.0546933
0.402213 0.143548 0.00140063 -0.0500575
0.402369 0.137203 0.000946209 -0.0426862
0.40247 0.131923 0.000471219 -0.0362795
0.402493 0.127311 1.54502e-05 -0.0325753
0.402483 0.123075 1.89497e-05 -0.0297069
0.402498 0.119248 4.19918e-05 -0.0267142
0.402489 0.115801 -0.000157471 -0.0241541
0.402458 0.11267 -0.000141814 -0.0199639
0.402457 0.110627 2.2397e-05 -0.0108715
