0.665066 0.198495 -0.00270318 -4.65742e-05
0.664669 0.198484 -0.00361348 -0.000230045
0.664254 0.198446 -0.00321203 -0.000363009
0.663936 0.198399 -0.00238991 -0.000407687
0.663714 0.198346 -0.00176088 5.28179e-05
0.663541 0.198402 -0.00150651 0.0016007
0.663379 0.198687 -0.00146802 0.00391068
0.663213 0.199269 -0.00165589 0.00728777
0.663007 0.200311 -0.00205926 0.0116719
0.662752 0.201884 -0.00248984 0.0163896
0.662448 0.203997 -0.00300327 0.0208728
0.662078 0.206589 -0.00364748 0.0244058
0.661627 0.20951 -0.0043017 0.0262956
0.66111 0.212514 -0.00482048 0.0267763
0.660546 0.215535 -0.00546401 0.0280542
0.65988 0.218828 -0.00656583 0.031302
0.659071 0.222573 -0.00771588 0.0348794
0.658143 0.226683 -0.00867529 0.0374722
0.657117 0.231023 -0.00942805 0.038975
0.656021 0.235466 -0.0100904 0.0395561
0.654847 0.239936 -0.0111291 0.0405227
0.653517 0.244591 -0.0125338 0.0423556
0.65203 0.249473 -0.0137358 0.0439292
0.650422 0.254491 -0.0149098 0.0447692
0.648672 0.259568 -0.0162135 0.0452206
0.646766 0.264694 -0.017355 0.0451213
0.644767 0.269726 -0.0177457 0.0435658
0.642768 0.274514 -0.0183771 0.042931
0.640634 0.27939 -0.0199846 0.0442574
0.638277 0.28447 -0.0219812 0.0455797
0.635687 0.289667 -0.0241459 0.04628
0.632842 0.294903 -0.0266326 0.0466085
0.629696 0.300167 -0.0289642 0.0462149
0.626318 0.305328 -0.0310314 0.0451382
0.622705 0.310352 -0.0331572 0.0436155
0.618852 0.315163 -0.0352719 0.0414182
0.614761 0.319694 -0.0373502 0.0388888
0.610432 0.323937 -0.0391394 0.0360999
0.605949 0.327835 -0.0402949 0.0328217
0.601354 0.331332 -0.0416438 0.0294711
0.59657 0.334478 -0.0434733 0.0271987
0.591571 0.33745 -0.0453091 0.02593
0.586357 0.34032 -0.0469156 0.0250002
0.580986 0.343093 -0.0476357 0.0236891
0.575624 0.34566 -0.0471815 0.0215933
0.570358 0.347966 -0.0467437 0.0193788
0.565084 0.350031 -0.0474317 0.0174463
0.559689 0.351897 -0.0483691 0.015749
0.55419 0.353586 -0.0493441 0.0138915
0.548567 0.355043 -0.0503336 0.0112303
0.542856 0.356128 -0.0508198 0.00727715
0.537118 0.356703 -0.0509166 0.00256044
0.531367 0.356718 -0.0506914 -0.00238819
0.525697 0.356164 -0.0495466 -0.0069562
0.520189 0.355144 -0.0477359 -0.00986243
0.514939 0.353946 -0.0454976 -0.0111829
0.509928 0.352618 -0.0438709 -0.0133262
0.505065 0.350949 -0.0424236 -0.0161857
0.500377 0.348971 -0.0410313 -0.0178053
0.495819 0.34693 -0.0409667 -0.0178883
0.491164 0.34493 -0.04184 -0.0175572
0.4864 0.342973 -0.0429479 -0.017315
0.481485 0.341029 -0.0438813 -0.0173427
0.476514 0.339071 -0.0440748 -0.0173862
0.47155 0.337113 -0.0441764 -0.0176761
0.466553 0.335094 -0.0440949 -0.0183346
0.46161 0.333001 -0.0426774 -0.0195078
0.456914 0.330713 -0.0401401 -0.0225621
0.452547 0.327917 -0.0364454 -0.0268123
0.448717 0.32468 -0.0324018 -0.0286896
0.445226 0.321443 -0.0306684 -0.0284584
0.441816 0.318258 -0.0289841 -0.0287271
0.438679 0.31499 -0.0256209 -0.030426
0.436034 0.311416 -0.0214071 -0.0339628
0.433838 0.307359 -0.0177603 -0.0378542
0.432049 0.302882 -0.0144598 -0.040866
0.430584 0.298136 -0.0130114 -0.0420157
0.429133 0.293409 -0.0134191 -0.0409842
0.427582 0.288886 -0.0145929 -0.039516
0.42584 0.284507 -0.0162308 -0.0389188
0.423928 0.280122 -0.0167323 -0.0388599
0.422055 0.275751 -0.0158579 -0.0383834
0.420336 0.271464 -0.0138285 -0.0370219
0.418929 0.2674 -0.0110025 -0.0345687
0.417843 0.263666 -0.00810618 -0.032242
0.417101 0.260137 -0.0050668 -0.0309241
0.416703 0.256708 -0.00256469 -0.0301747
0.41653 0.253341 -0.00141127 -0.0299538
0.416398 0.24998 -0.00180223 -0.0305943
0.416139 0.24645 -0.00300859 -0.032511
0.41573 0.242661 -0.00455196 -0.0341418
0.415118 0.238758 -0.00641108 -0.0345906
0.414288 0.234851 -0.0081883 -0.0344478
0.413273 0.230992 -0.00946791 -0.0336932
0.412152 0.227252 -0.0103405 -0.0326368
0.410951 0.223641 -0.0109763 -0.0315602
0.40967 0.220135 -0.012284 -0.0308366
0.408182 0.216689 -0.013076 -0.0297503
0.406716 0.213423 -0.0121355 -0.0277752
0.40543 0.210419 -0.0102374 -0.025356
0.404405 0.207712 -0.00863818 -0.0230298
0.403482 0.205232 -0.00756675 -0.021716
0.402701 0.202827 -0.00600471 -0.0214312
0.402126 0.200417 -0.00430799 -0.0216942
0.401734 0.197954 -0.00321158 -0.0228054
0.4014 0.195295 -0.00293892 -0.0253381
0.401074 0.192258 -0.00258904 -0.0292253
0.400817 0.188707 -0.00165032 -0.0322691
0.400695 0.184985 -0.000691219 -0.0322141
0.400662 0.181419 5.05091e-05 -0.0306812
0.400706 0.178059 0.000608971 -0.0289162
0.400804 0.174902 0.000986072 -0.0270219
0.400927 0.171969 0.00098251 -0.0252925
0.40103 0.169211 0.000783028 -0.0240948
0.401105 0.166541 0.000502925 -0.0237741
0.401144 0.16386 0.000224459 -0.0236872
0.401158 0.161203 1.49681e-05 -0.0231525
0.401142 0.158643 -0.000291379 -0.0224733
0.401095 0.156134 -0.000339711 -0.0223172
0.401062 0.153619 -0.000220585 -0.0221367
0.401043 0.151148 -3.78419e-05 -0.0218375
0.401051 0.148703 0.000351288 -0.0219559
0.40112 0.146206 0.00102525 -0.0226636
0.401279 0.1436 0.0018572 -0.0236712
0.401538 0.140879 0.00250682 -0.0244039
0.401846 0.138099 0.00279413 -0.024952
0.402176 0.135256 0.00267784 -0.0252608
0.402469 0.132409 0.00127596 -0.0252703
0.402443 0.129563 -0.000811267 -0.0258327
0.402299 0.126585 -0.00100334 -0.0266411
0.402204 0.123564 -0.000758136 -0.0261881
0.402127 0.120666 -0.000687354 -0.0248046
0.40205 0.117966 -0.000736524 -0.0225607
0.401962 0.115568 -0.000844401 -0.0200137
0.40186 0.113446 -0.000929157 -0.0173917
0.40175 0.111619 -0.000887422 -0.0136121
0.401667 0.11049 -0.000573691 -0.00788179
