2.61214  3.31654  
2.61213  3.31657  
2.61213  3.31658  
2.69924  3.24383  
2.71533  3.20712  
2.70779  3.20925  
2.56898  3.23222  
2.55658  3.23304  
2.58185  3.16025  
2.5174  3.13681  
2.50486  3.13778  
1.82383  1.9305  
1.81342  1.91817  
1.54525  1.73398  
1.31899  1.74986  
1.22092  1.69868  
1.01813  1.58618  
0.990883  1.47818  
0.825985  1.4226  
0.533828  1.506  
0.488306  1.51144  
0.390136  1.47062  
0.371175  1.45157  
0.301189  1.42463  
0.17584  1.45777  
0.198419  1.43844  
0.257213  1.34996  
0.305488  1.33513  
0.330928  1.28263  
0.419878  1.2247  
0.40288  1.22856  
0.422274  1.20729  
0.43889  1.19757  
0.433097  1.17015  
0.423115  1.16513  
0.445267  1.15133  
0.478839  1.14697  
0.446627  1.18102  
0.391876  1.23934  
0.418846  1.21811  
0.393212  1.22748  
0.391332  1.19454  
0.405559  1.20444  
0.442567  1.19995  
0.471836  1.17269  
0.47275  1.17999  
0.519712  1.14802  
0.52101  1.14206  
0.474469  1.1354  
0.48175  1.16303  
0.470203  1.17912  
0.498693  1.20985  
0.498174  1.21564  
0.474135  1.2754  
0.497444  1.26473  
0.526441  1.28482  
0.554241  1.29857  
0.582077  1.31971  
0.654891  1.34737  
0.670556  1.36067  
0.67524  1.35791  
0.723735  1.38096  
0.72055  1.38299  
0.72137  1.4285  
0.745348  1.41529  
0.716795  1.46747  
0.71417  1.50997  
0.70092  1.52281  
0.72275  1.52472  
0.674385  1.56545  
0.688402  1.56318  
0.621861  1.62718  
0.603172  1.65646  
0.578058  1.66913  
0.591852  1.68117  
0.533857  1.73631  
0.497615  1.78454  
0.49765  1.77542  
0.458764  1.82974  
0.449602  1.83278  
0.434705  1.83691  
0.42393  1.84367  
0.469159  1.80307  
0.479428  1.80851  
0.459489  1.81817  
0.461295  1.82317  
0.450907  1.83041  
0.464036  1.82537  
0.458535  1.83559  
0.447524  1.84604  
0.459889  1.84558  
0.467096  1.87047  
0.470092  1.86493  
0.434175  1.92214  
0.437208  1.91585  
0.422082  1.93666  
0.401768  1.94797  
0.384663  1.9338  
0.405271  1.92494  
0.401448  1.92211  
0.413399  1.91665  
0.425357  1.91043  
0.424002  1.88589  
0.432797  1.86895  
0.457405  1.85212  
0.467172  1.83217  
0.452249  1.83938  
0.456441  1.85553  
0.467672  1.84969  
0.439133  1.88043  
0.417261  1.88591  
0.422065  1.89328  
0.45376  1.89553  
0.454074  1.89362  
0.436677  1.90846  
0.460898  1.90216  
0.471789  1.89545  
0.495948  1.87358  
0.506623  1.86699  
0.510071  1.83442  
0.521391  1.81224  
0.527822  1.80893  
0.514301  1.79765  
0.52488  1.79164  
0.526542  1.76888  
0.510961  1.77594  
0.514464  1.75282  
0.508466  1.74065  
0.514929  1.73735  
0.481864  1.75792  
0.483528  1.752  
0.496342  1.74084  
0.471927  1.76386  
0.474148  1.75771  
0.449218  1.76209  
0.440149  1.76534  
0.447694  1.7438  
0.445716  1.7522  
0.422572  1.74859  
0.42649  1.73143  
0.42839  1.72551  
0.442157  1.69844  
0.42704  1.70562  
0.433613  1.68659  
0.474003  1.6311  
0.485031  1.62599  
0.474422  1.62033  
0.476134  1.61523  
0.476212  1.60324  
0.487263  1.59824  
0.479053  1.59056  
0.472837  1.59084  
0.457351  1.59888  
0.428274  1.60529  
0.439584  1.6002  
0.41885  1.59869  
0.430817  1.57457  
0.416625  1.58668  
0.42974  1.5574  
0.460026  1.52545  
0.479479  1.5096  
0.517305  1.46079  
0.530394  1.4423  
0.570935  1.39353  
0.568723  1.37208  
0.579458  1.36838  
0.556257  1.37118  
0.570767  1.36341  
0.531007  1.38655  
0.527941  1.39485  
0.50548  1.41365  
0.474818  1.43404  
0.454394  1.4442  
0.393076  1.48759  
0.391802  1.47896  
0.397099  1.48903  
0.369703  1.49099  
0.385516  1.48795  
0.395009  1.4571  
0.386627  1.44174  
0.381185  1.45019  
0.416242  1.42164  
0.403562  1.4272  
0.401239  1.42452  
0.425523  1.41196  
0.436876  1.40758  
0.440991  1.39596  
0.425468  1.40482  
0.39117  1.42747  
0.382814  1.42622  
0.390347  1.43491  
0.328277  1.46115  
0.326806  1.4535  
0.296459  1.44224  
0.276062  1.45196  
0.269301  1.43427  
0.295602  1.41475  
0.307542  1.41041  
0.301726  1.39158  
0.317117  1.39061  
0.30463  1.38539  
0.289636  1.39396  
0.301577  1.37559  
0.310915  1.37552  
0.295497  1.38427  
0.301398  1.37782  
0.279262  1.39571  
0.254384  1.41454  
0.25304  1.39955  
0.237956  1.40784  
0.244471  1.39679  
0.237273  1.39414  
0.251446  1.38021  
0.237623  1.37095  
0.227838  1.37456  
0.220733  1.37953  
0.237766  1.37066  
0.220692  1.37247  
0.226971  1.36965  
0.22322  1.37872  
0.244361  1.38464  
0.233105  1.3963  
0.25396  1.40013  
0.254902  1.41342  
0.271942  1.40454  
0.290781  1.39939  
0.274899  1.4073  
0.293309  1.39731  
0.293606  1.39878  
0.311484  1.38381  
0.274894  1.40048  
0.245959  1.42264  
0.256372  1.41797  
0.226838  1.43668  
0.232908  1.43395  
0.227845  1.44049  
0.22196  1.44622  
0.206601  1.4532  
0.173832  1.48943  
0.20137  1.47356  
0.192211  1.47271  
0.193232  1.46908  
0.209413  1.43909  
0.208425  1.42672  
0.18806  1.43618  
0.15207  1.42714  
0.158097  1.42451  
0.134114  1.41803  
0.136832  1.41185  
0.0905919  1.42187  
0.0490962  1.42931  
0.0553157  1.41725  
0.0221319  1.42352  
-0.00095188  1.43208  
-0.0133143  1.42817  
0.0201461  1.41055  
0.0215242  1.40804  
0.00961125  1.39161  
0.0016289  1.38906  
0.0464657  1.34209  
0.0504865  1.32095  
0.0348973  1.32949  
0.0440867  1.3045  
0.0284421  1.31324  
0.0153416  1.27909  
0.0158908  1.2796  
-0.00674147  1.28231  
0.0289824  1.24699  
0.016353  1.2492  
-0.0127258  1.25186  
-0.00379142  1.22491  
-0.0192503  1.22509  
-0.0143914  1.19583  
-0.0228029  1.1752  
-0.0571392  1.17555  
-0.0657299  1.17528  
-0.0621524  1.13729  
-0.0936473  1.14638  
-0.114566  1.14279  
-0.147316  1.14274  
-0.123718  1.12353  
-0.148288  1.1146  
-0.132512  1.09593  
-0.139982  1.09682  
-0.104366  1.0584  
-0.0585682  1.02919  
-0.0503671  1.01049  
-0.0381491  0.974302  
-0.0146445  0.963637  
0.00528036  0.92521  
-0.00306717  0.927923  
-0.0203426  0.906819  
-0.0249035  0.908289  
-0.00419259  0.872632  
-0.039166  0.871963  
-0.0394819  0.865062  
-0.0124826  0.817799  
-0.0203376  0.821626  
-0.0801762  0.837794  
-0.0974916  0.828932  
-0.104752  0.832659  
-0.0953804  0.789901  
-0.0951163  0.783995  
-0.108621  0.762001  
-0.110138  0.742895  
-0.111649  0.733245  
-0.1073  0.712483  
-0.120564  0.721481  
-0.107138  0.67493  
-0.073226  0.649255  
-0.0807946  0.626645  
-0.0674093  0.603456  
-0.0703974  0.609232  
-0.0527159  0.588878  
-0.077463  0.591794  
-0.0759297  0.591035  
-0.0973985  0.573284  
-0.0673395  0.556821  
-0.0514727  0.509884  
-0.0584966  0.517168  
-0.0942951  0.522511  
-0.145906  0.537375  
-0.144577  0.534297  
-0.199801  0.52641  
-0.227438  0.536111  
-0.237661  0.499473  
-0.235729  0.497087  
-0.296518  0.509025  
-0.294267  0.506708  
-0.297644  0.48907  
-0.289224  0.471389  
-0.28693  0.469481  
-0.250452  0.430137  
-0.248407  0.428639  
-0.274177  0.418775  
-0.275793  0.421243  
-0.232402  0.403122  
-0.208782  0.375178  
-0.199434  0.364299  
-0.216665  0.361484  
-0.218775  0.355444  
-0.246975  0.354168  
-0.307308  0.375645  
-0.306064  0.375208  
-0.317145  0.365391  
-0.346881  0.367664  
-0.39097  0.367373  
-0.388833  0.358277  
-0.398192  0.365098  
-0.422827  0.377869  
-0.400537  0.35982  
-0.397713  0.359675  
-0.371305  0.32545  
-0.357181  0.31139  
-0.308024  0.269834  
-0.268892  0.256759  
-0.259092  0.247885  
-0.206923  0.209743  
-0.235242  0.224554  
-0.262337  0.247473  
-0.268626  0.234788  
-0.295298  0.233544  
-0.320563  0.249317  
-0.31796  0.250347  
-0.36949  0.256427  
-0.37293  0.267705  
-0.382803  0.271025  
-0.365791  0.26598  
-0.371946  0.266739  
-0.298625  0.189805  
-0.304878  0.191339  
-0.335284  0.200717  
-0.341376  0.202219  
-0.265386  0.159021  
-0.212963  0.135195  
-0.21042  0.137107  
-0.205726  0.107486  
-0.20308  0.109659  
-0.243279  0.113441  
-0.305408  0.141382  
-0.294137  0.133334  
-0.351671  0.113767  
-0.368527  0.119255  
-0.428741  0.152515  
-0.499506  0.178366  
-0.486839  0.17075  
-0.518904  0.153856  
-0.509704  0.143694  
-0.540976  0.135572  
-0.52119  0.119891  
-0.455792  0.0863137  
-0.388521  0.0519901  
-0.407686  0.0670582  
-0.39028  0.0326872  
-0.385569  0.036066  
-0.404462  0.0238313  
-0.400686  0.0173964  
-0.401055  -0.0129489  
-0.388138  -0.0191  
-0.456279  0.00134666  
-0.451719  -0.00475035  
-0.495287  0.0032436  
-0.550975  0.00486486  
-0.536616  -0.000977552  
-0.59868  -0.0141936  
-0.611024  -0.0166572  
-0.604757  -0.0223194  
-0.606933  -0.00874818  
-0.591723  -0.0143681  
-0.597222  -0.028148  
-0.616248  -0.0486293  
-0.63999  -0.0399285  
-0.634869  -0.062388  
-0.633922  -0.0666007  
-0.619871  -0.102914  
-0.588112  -0.12649  
-0.600484  -0.129257  
-0.531535  -0.189166  
-0.526517  -0.198636  
-0.564929  -0.200427  
-0.556949  -0.204975  
-0.502306  -0.242073  
-0.476634  -0.281504  
-0.493205  -0.278799  
-0.480815  -0.294107  
-0.472481  -0.298448  
-0.529941  -0.289514  
-0.541776  -0.289348  
-0.574605  -0.276197  
-0.583483  -0.277755  
-0.601794  -0.284242  
-0.611008  -0.300885  
-0.571125  -0.355886  
-0.545774  -0.369775  
-0.527252  -0.408921  
-0.520026  -0.412884  
-0.496383  -0.447798  
-0.507653  -0.445192  
-0.422554  -0.513032  
-0.411648  -0.517309  
-0.389288  -0.546516  
-0.369845  -0.562529  
-0.414685  -0.544113  
-0.432781  -0.530166  
-0.451311  -0.515601  
-0.548109  -0.473978  
-0.54277  -0.493625  
-0.539283  -0.500604  
-0.584007  -0.482013  
-0.582297  -0.496013  
-0.595763  -0.492355  
-0.606713  -0.499484  
-0.537884  -0.551336  
-0.533182  -0.560831  
-0.509982  -0.578456  
-0.428081  -0.606335  
-0.421576  -0.611945  
-0.423553  -0.635212  
-0.434533  -0.627006  
-0.505305  -0.557995  
-0.510111  -0.559641  
-0.495414  -0.576242  
-0.513182  -0.579176  
-0.545311  -0.550712  
-0.530896  -0.558427  
-0.622649  -0.533308  
-0.61291  -0.540197  
-0.571868  -0.566135  
-0.562118  -0.573327  
-0.562247  -0.607312  
-0.550314  -0.640495  
-0.543898  -0.639104  
-0.595722  -0.614181  
-0.605669  -0.612939  
-0.642635  -0.60792  
-0.608725  -0.631801  
-0.614831  -0.644213  
-0.593767  -0.641769  
-0.573606  -0.66247  
-0.645566  -0.557304  
-0.63757  -0.563286  
-0.579089  -0.626478  
-0.552219  -0.6518  
-0.540449  -0.660334  
-0.485203  -0.725564  
-0.473693  -0.734101  
-0.536024  -0.688802  
-0.569211  -0.642504  
-0.580188  -0.650626  
-0.580578  -0.702921  
-0.595643  -0.689367  
-0.595088  -0.693745  
-0.58152  -0.703182  
-0.60683  -0.670387  
-0.620746  -0.657709  
-0.563895  -0.718647  
-0.571235  -0.716452  
-0.557256  -0.726654  
-0.554618  -0.794632  
-0.542927  -0.814189  
-0.555455  -0.800577  
-0.6138  -0.753373  
-0.623228  -0.755113  
-0.606438  -0.774387  
-0.595781  -0.814771  
-0.624997  -0.799562  
-0.713292  -0.728097  
-0.709025  -0.738364  
-0.654192  -0.788373  
-0.676509  -0.775275  
-0.635103  -0.827342  
-0.635252  -0.822831  
-0.628271  -0.827926  
-0.655033  -0.810252  
-0.655952  -0.811957  
-0.705875  -0.752741  
-0.693733  -0.765787  
-0.687728  -0.809253  
-0.679903  -0.825051  
-0.691794  -0.846734  
-0.724901  -0.829346  
-0.70981  -0.843987  
-0.76842  -0.82947  
-0.77209  -0.832871  
-0.835362  -0.831362  
-0.846417  -0.820485  
-0.905112  -0.808883  
-0.901865  -0.831447  
-0.905421  -0.828334  
-0.923127  -0.794052  
-0.932688  -0.783851  
-0.944461  -0.794832  
-0.913519  -0.842642  
-0.922832  -0.836259  
-0.91783  -0.826352  
-0.918615  -0.837134  
-0.918653  -0.841117  
-0.913013  -0.90156  
-0.912581  -0.905582  
-0.924949  -0.937792  
-0.936783  -0.929192  
-0.889506  -0.979304  
-0.864364  -1.0087  
-0.853912  -0.999565  
-0.875671  -1.00066  
-0.881668  -0.99055  
-0.915693  -0.929644  
-0.921277  -0.920352  
-0.922668  -0.898515  
-0.915766  -0.912577  
-0.907819  -0.919217  
-0.968466  -0.883423  
-0.957212  -0.891218  
-0.978725  -0.866479  
-0.974388  -0.876682  
-0.969715  -0.86938  
-0.974492  -0.878671  
-0.977625  -0.871361  
-0.929692  -0.940723  
-0.932518  -0.933459  
-0.767931  -1.11363  
-0.77102  -1.10611  
-0.75836  -1.12068  
-0.740548  -1.13957  
-0.702352  -1.20706  
-0.685186  -1.22631  
-0.717743  -1.197  
-0.729775  -1.16625  
-0.73588  -1.16323  
-0.794694  -1.14195  
-0.795565  -1.13649  
-0.841444  -1.09764  
-0.841469  -1.09312  
-0.859573  -1.11927  
-0.8517  -1.14361  
-0.8608  -1.18307  
-0.854681  -1.19292  
-0.857262  -1.19303  
-0.853756  -1.23652  
-0.841432  -1.23343  
-0.813622  -1.31213  
-0.76629  -1.41998  
-0.768271  -1.42094  
-0.750992  -1.42557  
-0.736364  -1.45403  
-0.7073  -1.49581  
-0.715686  -1.45602  
-0.71584  -1.46707  
-0.727343  -1.42635  
-0.728556  -1.43069  
-0.753404  -1.33125  
-0.733239  -1.38246  
-0.749383  -1.35728  
-0.738376  -1.40712  
-0.74323  -1.39432  
-0.703082  -1.47431  
-0.694667  -1.52446  
-0.693056  -1.52318  
-0.691599  -1.49673  
-0.691305  -1.48253  
-0.680606  -1.53517  
-0.687867  -1.5643  
-0.687849  -1.57496  
-0.686545  -1.63546  
-0.682713  -1.64638  
-0.685158  -1.64251  
-0.682365  -1.6976  
-0.682993  -1.69682  
-0.699526  -1.69634  
-0.700006  -1.69622  
-0.710883  -1.68936  
-0.703915  -1.74255  
-0.697308  -1.74403  
-0.681378  -1.8278  
-0.679888  -1.81655  
-0.68036  -1.82295  
-0.676734  -1.85207  
-0.676873  -1.87007  
-0.653895  -1.98586  
-0.654066  -1.98918  
-0.674975  -1.97423  
-0.672045  -1.97069  
-0.681515  -1.98679  
-0.683636  -1.9762  
-0.701239  -2.0091  
-0.694943  -2.04143  
-0.691774  -2.0404  
-0.683373  -2.02305  
-0.680322  -2.02323  
-0.694951  -2.01826  
-0.696533  -2.02741  
-0.707977  -2.01835  
-0.709628  -2.01323  
-0.707622  -2.03634  
-0.714192  -2.05365  
-0.715859  -2.05041  
-0.738168  -2.02871  
-0.734629  -2.01826  
-0.747598  -2.0372  
-0.766733  -2.06699  
-0.772777  -2.05886  
-0.776924  -2.09905  
-0.778294  -2.09934  
-0.779351  -2.14935  
-0.779604  -2.14581  
-0.769425  -2.13992  
-0.765872  -2.1334  
-0.794859  -2.20618  
-0.796659  -2.20916  
-0.795863  -2.27061  
-0.781602  -2.28458  
-0.782926  -2.27496  
-0.774233  -2.33796  
-0.773757  -2.33066  
-0.775514  -2.44254  
-0.77234  -2.49646  
-0.771304  -2.51909  
-0.770257  -2.54288  
-0.765444  -2.53936  
-0.747723  -2.59566  
-0.741304  -2.60967  
-0.707418  -2.63353  
-0.717824  -2.66966  
-0.71952  -2.67622  
-0.729426  -2.68368  
-0.7296  -2.67821  
-0.750423  -2.7103  
-0.736069  -2.7111  
-0.7283  -2.70486  
-0.720909  -2.6404  
-0.735171  -2.61844  
-0.753636  -2.66808  
-0.755154  -2.62261  
-0.750127  -2.62158  
-0.735669  -2.53652  
-0.73157  -2.54114  
-0.764263  -2.55334  
-0.762814  -2.54816  
-0.797137  -2.62203  
-0.804868  -2.62196  
-0.800817  -2.62729  
-0.777943  -2.63848  
-0.778805  -2.63817  
-0.789898  -2.65962  
-0.785472  -2.66257  
-0.784895  -2.65973  
-0.763847  -2.54093  
-0.760179  -2.55456  
-0.774265  -2.47857  
-0.768056  -2.47961  
-0.807706  -2.42599  
-0.80329  -2.43969  
-0.794874  -2.37993  
-0.793212  -2.36994  
-0.796536  -2.37816  
-0.802381  -2.37912  
-0.813214  -2.39668  
-0.829763  -2.44732  
-0.830331  -2.45026  
-0.829757  -2.47938  
-0.832747  -2.58314  
-0.8582  -2.65769  
-0.859226  -2.66051  
-0.881953  -2.7843  
-0.876619  -2.78718  
-0.85909  -2.86273  
-0.852994  -2.92189  
-0.861605  -2.92422  
-0.840405  -2.93022  
-0.828742  -2.92407  
-0.812037  -2.90012  
-0.814066  -2.93074  
-0.794532  -2.92392  
-0.792455  -2.92104  
-0.791236  -2.93782  
-0.773355  -2.89092  
-0.767494  -2.87658  
-0.757686  -2.90126  
-0.760945  -2.8983  
-0.772453  -2.95101  
-0.781991  -2.9515  
-0.785491  -2.94939  
-0.762423  -2.92028  
-0.761153  -2.92935  
-0.767851  -2.92128  
-0.788505  -2.96287  
-0.787339  -2.97254  
-0.825587  -2.97861  
-0.815224  -2.97788  
-0.813047  -2.98047  
-0.775546  -2.97156  
-0.780663  -2.97285  
-0.80311  -2.96572  
-0.802781  -2.97743  
-0.834094  -2.95828  
-0.835431  -2.96012  
-0.839119  -2.9091  
-0.841311  -2.89129  
-0.835347  -2.87321  
-0.880846  -2.87566  
-0.884023  -2.86936  
-0.916095  -2.91689  
-0.925101  -2.94363  
-0.913699  -2.91965  
-0.89249  -2.96882  
-0.898171  -2.97398  
-0.890489  -3.0058  
-0.914535  -3.0766  
-0.915519  -3.08102  
-0.920678  -3.14468  
-0.892134  -3.1617  
-0.855637  -3.18157  
-0.863009  -3.18738  
-0.84706  -3.19672  
-0.853428  -3.22342  
-0.84428  -3.21733  
-0.849712  -3.21538  
-0.842452  -3.22015  
-0.818831  -3.16006  
-0.82704  -3.12876  
-0.818162  -3.11838  
-0.831271  -3.10198  
-0.830539  -3.085  
-0.86106  -3.10222  
-0.870925  -3.07954  
-0.880034  -3.09016  
-0.887257  -3.12138  
-0.875848  -3.12487  
-0.884716  -3.15345  
-0.895501  -3.18955  
-0.894703  -3.18895  
-0.942762  -3.24822  
-0.950449  -3.24907  
-0.962559  -3.26504  
-0.948204  -3.26125  
-0.945908  -3.27288  
-0.957031  -3.24126  
-0.965287  -3.24348  
-0.978826  -3.24443  
-1.01291  -3.27508  
-1.01207  -3.27637  
-1.01806  -3.27284  
-1.01556  -3.26449  
-1.01653  -3.21622  
-1.01988  -3.22869  
-0.992507  -3.18401  
-1.00594  -3.18951  
-1.00596  -3.19287  
-1.03215  -3.21576  
-1.02501  -3.21723  
-1.01868  -3.23853  
-1.02064  -3.23802  
-0.983424  -3.24608  
-0.988728  -3.2603  
-0.995264  -3.2597  
-1.07115  -3.31926  
-1.06465  -3.32139  
-1.10276  -3.37121  
-1.09807  -3.36851  
-1.14434  -3.38844  
-1.14042  -3.36168  
-1.13511  -3.36345  
-1.11989  -3.35284  
-1.13422  -3.33344  
-1.17582  -3.35622  
-1.1958  -3.35576  
-1.19474  -3.35236  
-1.25178  -3.40584  
-1.25462  -3.38494  
-1.27921  -3.39081  
-1.28273  -3.39783  
-1.32712  -3.36911  
-1.3959  -3.41524  
-1.40959  -3.43134  
-1.42439  -3.46916  
-1.43395  -3.50266  
-1.44276  -3.50325  
-1.42807  -3.52597  
-1.44185  -3.54678  
-1.44628  -3.61608  
-1.46756  -3.67971  
-1.46728  -3.67832  
-1.4868  -3.73966  
-1.4939  -3.75743  
-1.47325  -3.78815  
-1.48726  -3.78904  
-1.45622  -3.79253  
-1.43448  -3.74347  
-1.43649  -3.74357  
-1.4593  -3.71228  
-1.4594  -3.70336  
-1.49065  -3.69222  
-1.48472  -3.67039  
-1.49848  -3.63289  
-1.50117  -3.6354  
-1.53607  -3.64518  
-1.56637  -3.64307  
-1.56922  -3.64631  
-1.59625  -3.64874  
-1.60138  -3.66185  
-1.59538  -3.70183  
-1.59909  -3.70543  
-1.56934  -3.72764  
-1.55455  -3.71281  
-1.54393  -3.6949  
-1.51799  -3.69113  
-1.52399  -3.69564  
-1.51332  -3.66486  
-1.51781  -3.66032  
-1.54051  -3.62989  
-1.53344  -3.62305  
-1.5451  -3.59236  
-1.59926  -3.62487  
-1.60129  -3.61956  
-1.63338  -3.64  
-1.66348  -3.65791  
-1.65672  -3.65203  
-1.63402  -3.68183  
-1.64253  -3.68846  
-1.59286  -3.68124  
-1.59327  -3.67811  
-1.54939  -3.65742  
-1.54353  -3.64272  
-1.51739  -3.63763  
-1.50993  -3.66409  
-1.50551  -3.64982  
-1.52992  -3.65278  
-1.53426  -3.65712  
-1.58625  -3.66676  
-1.587  -3.64698  
-1.58803  -3.64467  
-1.62782  -3.65317  
-1.64357  -3.66759  
-1.67079  -3.65079  
-1.66367  -3.63939  
-1.67751  -3.64844  
-1.66195  -3.64503  
-1.64909  -3.637  
-1.66325  -3.65433  
-1.64955  -3.68178  
-1.66346  -3.68175  
-1.65455  -3.69794  
-1.65584  -3.69487  
-1.67352  -3.70623  
-1.67647  -3.69885  
-1.6777  -3.70667  
-1.68373  -3.6809  
-1.67953  -3.68378  
-1.65823  -3.6539  
-1.67022  -3.66947  
-1.67072  -3.64687  
-1.65147  -3.60777  
-1.63949  -3.5906  
-1.6365  -3.60017  
-1.63961  -3.58948  
-1.64769  -3.59405  
-1.67634  -3.61125  
-1.67749  -3.61127  
-1.72949  -3.63915  
-1.75912  -3.62714  
-1.77334  -3.64325  
-1.8033  -3.66291  
-1.81862  -3.66769  
-1.8627  -3.68576  
-1.88071  -3.67909  
-1.87813  -3.67393  
-1.88352  -3.64273  
-1.87979  -3.64818  
-1.88191  -3.61786  
-1.87837  -3.62337  
-1.87911  -3.62208  
-1.88946  -3.61766  
-1.88874  -3.61322  
-1.93227  -3.61455  
-1.93341  -3.61941  
-1.9873  -3.63692  
-1.98689  -3.63264  
-2.00125  -3.63566  
-2.03706  -3.6539  
-2.04111  -3.65635  
-2.04052  -3.64698  
-2.04467  -3.64951  
-2.07855  -3.68071  
-2.06468  -3.67335  
-2.05749  -3.6707  
-2.0299  -3.69846  
-2.03382  -3.7032  
-2.03748  -3.72147  
-2.04194  -3.72612  
-2.01299  -3.69945  
-2.03522  -3.69317  
-2.03837  -3.68697  
-2.04577  -3.66429  
-2.03987  -3.65337  
-2.0846  -3.61816  
-2.11451  -3.60092  
-2.11934  -3.60403  
-2.18364  -3.59138  
-2.17271  -3.58521  
-2.18425  -3.60574  
-2.24845  -3.60367  
-2.23326  -3.60115  
-2.28267  -3.62215  
-2.28555  -3.6326  
-2.29031  -3.62925  
-2.30733  -3.64574  
-2.31369  -3.65114  
-2.33081  -3.65877  
-2.35218  -3.63835  
-2.34234  -3.63202  
-2.37626  -3.60752  
-2.38338  -3.61351  
-2.43204  -3.59311  
-2.47162  -3.58376  
-2.48001  -3.584  
-2.50823  -3.57025  
-2.51347  -3.56748  
-2.54036  -3.56541  
-2.56765  -3.57002  
-2.5617  -3.57144  
-2.58014  -3.57428  
-2.57908  -3.58622  
-2.60349  -3.60429  
-2.62173  -3.62074  
-2.61116  -3.63125  
-2.64492  -3.62036  
-2.62659  -3.61133  
-2.67279  -3.59959  
-2.67771  -3.58695  
-2.67622  -3.5822  
-2.69542  -3.5714  
-2.69454  -3.56631  
-2.71955  -3.54905  
-2.72957  -3.5506  
-2.71891  -3.54302  
-2.72899  -3.55821  
-2.73896  -3.55693  
-2.74928  -3.56354  
-2.76607  -3.60069  
-2.7453  -3.60169  
-2.76579  -3.6228  
-2.76449  -3.61838  
-2.77798  -3.64421  
-2.78384  -3.63436  
-2.79577  -3.64038  
-2.84064  -3.62802  
-2.83318  -3.62194  
-2.88099  -3.63928  
-2.90391  -3.61744  
-2.89864  -3.61187  
-2.95278  -3.60541  
-2.94745  -3.60002  
-3.01118  -3.6079  
-3.05354  -3.59725  
-3.04359  -3.59034  
-3.07747  -3.60978  
-3.09371  -3.61768  
-3.10231  -3.61806  
-3.11859  -3.62601  
-3.15117  -3.63958  
-3.14437  -3.64303  
-3.15699  -3.64951  
-3.18111  -3.62678  
-3.16968  -3.62518  
-3.1917  -3.62111  
-3.17553  -3.59104  
-3.18333  -3.59636  
-3.20949  -3.56377  
-3.22963  -3.55272  
-3.22581  -3.54812  
-3.24962  -3.52239  
-3.2573  -3.49019  
-3.27075  -3.49775  
-3.28375  -3.47632  
-3.2973  -3.48396  
-3.32561  -3.45866  
-3.32183  -3.45469  
-3.32446  -3.43693  
-3.33363  -3.42483  
-3.34778  -3.43283  
-3.3466  -3.42983  
-3.34273  -3.41685  
-3.35876  -3.42627  
-3.37657  -3.42625  
-3.36055  -3.42457  
-3.39347  -3.41843  
-3.38283  -3.41916  
-3.39068  -3.40706  
-3.39542  -3.39877  
-3.39026  -3.39688  
-3.41678  -3.37532  
-3.40996  -3.37835  
-3.42123  -3.35849  
-3.42262  -3.33982  
-3.41578  -3.33111  
-3.43247  -3.32843  
-3.44824  -3.33333  
-3.46891  -3.31304  
-3.49509  -3.30698  
-3.49466  -3.30416  
-3.5249  -3.30922  
-3.53509  -3.32725  
-3.55761  -3.33933  
-3.55784  -3.34558  
-3.55265  -3.34585  
-3.58038  -3.34589  
-3.57883  -3.3417  
-3.59951  -3.3454  
-3.59099  -3.33992  
-3.59969  -3.32499  
-3.59361  -3.3096  
-3.59261  -3.30551  
-3.64133  -3.29141  
-3.6314  -3.29145  
-3.67151  -3.2779  
-3.67889  -3.28022  
-3.67865  -3.2742  
-3.71378  -3.25696  
-3.71208  -3.24445  
-3.7589  -3.24858  
-3.77477  -3.25071  
-3.79054  -3.24029  
-3.82145  -3.24703  
-3.81523  -3.24216  
-3.83229  -3.23866  
-3.85273  -3.22809  
-3.85266  -3.22595  
-3.86378  -3.23572  
-3.88069  -3.244  
-3.90589  -3.2301  
-3.90483  -3.22679  
-3.92989  -3.21507  
-3.92891  -3.21191  
-3.96181  -3.21359  
-3.96088  -3.2105  
-3.97951  -3.20579  
-3.9787  -3.20279  
-4.03038  -3.1945  
-4.0208  -3.1897  
-4.02005  -3.18681  
-4.04315  -3.17387  
-4.04238  -3.17106  
-4.05415  -3.17274  
-4.04681  -3.16306  
-4.04741  -3.17025  
-4.03454  -3.17  
-4.03473  -3.16831  
-3.99258  -3.17909  
-4.00535  -3.17925  
-3.98754  -3.18762  
-3.96465  -3.18806  
-3.97414  -3.20184  
-3.94412  -3.19152  
-3.94486  -3.17974  
-3.94643  -3.17597  
-3.95245  -3.16926  
-3.95095  -3.16133  
-3.96261  -3.14235  
-3.97049  -3.13118  
-3.97211  -3.12766  
-4.00283  -3.12003  
-4.00161  -3.11066  
-4.01197  -3.08902  
-4.01338  -3.08578  
-4.04661  -3.08277  
-4.04787  -3.07959  
-4.06044  -3.06387  
-4.06291  -3.06302  
-4.08279  -3.08018  
-4.08963  -3.07017  
-4.08198  -3.07035  
-4.06511  -3.07103  
-4.07858  -3.07901  
-4.09163  -3.09745  
-4.06775  -3.09528  
-4.06824  -3.09415  
-4.05851  -3.09045  
-4.06794  -3.08604  
-4.07004  -3.08224  
-4.07301  -3.05796  
-4.07325  -3.05328  
-4.06698  -3.01298  
-4.05089  -2.98604  
-4.07154  -2.99447  
-4.05541  -2.94865  
-4.05767  -2.9458  
-4.05503  -2.92149  
-4.0524  -2.89452  
-4.04333  -2.88609  
-4.03037  -2.86558  
-4.02417  -2.87513  
-4.02499  -2.85329  
-4.03881  -2.85132  
-4.03982  -2.84262  
-4.03245  -2.83172  
-4.0345  -2.8356  
-4.02023  -2.81447  
-4.01733  -2.80951  
-4.01573  -2.80832  
-4.02151  -2.80429  
-4.0221  -2.79764  
-4.00076  -2.7772  
-3.99876  -2.77405  
-3.99379  -2.77082  
-3.97876  -2.72575  
-3.97835  -2.72184  
-3.97226  -2.72254  
-3.97144  -2.71552  
-3.96872  -2.70443  
-3.98375  -2.70207  
-3.97747  -2.70289  
-3.99508  -2.70199  
-4.00002  -2.70603  
-4.0008  -2.70555  
-4.0047  -2.71036  
-4.00232  -2.70805  
-4.00581  -2.71857  
-4.00827  -2.71939  
-4.01663  -2.71872  
-4.00713  -2.71463  
-4.00966  -2.71531  
-3.99976  -2.68216  
-4.02134  -2.6909  
-4.02466  -2.67003  
-4.03453  -2.66462  
-4.04131  -2.65936  
-4.06744  -2.64172  
-4.06305  -2.64591  
-4.08577  -2.63685  
-4.1038  -2.63828  
-4.11424  -2.65243  
-4.13155  -2.65483  
-4.12857  -2.66136  
-4.15107  -2.67085  
-4.16511  -2.67248  
-4.15704  -2.67501  
-4.15314  -2.67161  
-4.157  -2.66061  
-4.17228  -2.659  
-4.15504  -2.64651  
-4.16364  -2.64376  
-4.16249  -2.6407  
-4.15207  -2.64228  
-4.16904  -2.65188  
-4.16817  -2.65157  
-4.17509  -2.64651  
-4.18995  -2.66473  
-4.18892  -2.67135  
-4.19361  -2.67569  
-4.21353  -2.67483  
-4.21165  -2.67618  
-4.24663  -2.68482  
-4.23992  -2.6852  
-4.26055  -2.67813  
-4.26271  -2.66713  
-4.30256  -2.67137  
-4.31697  -2.65624  
-4.31803  -2.65635  
-4.33522  -2.66275  
-4.33747  -2.66075  
-4.34988  -2.66557  
-4.35424  -2.66791  
-4.37661  -2.6693  
-4.37767  -2.687  
-4.38147  -2.69098  
-4.38102  -2.6834  
-4.40119  -2.71401  
-4.40157  -2.71569  
-4.43569  -2.72888  
-4.42569  -2.72757  
-4.46218  -2.72415  
-4.49472  -2.72622  
-4.49685  -2.72419  
-4.51243  -2.73057  
-4.54431  -2.73647  
-4.54633  -2.73467  
-4.57446  -2.7444  
-4.57647  -2.74255  
-4.59757  -2.77054  
-4.59963  -2.76854  
-4.59687  -2.78814  
-4.59804  -2.78848  
-4.61656  -2.80703  
-4.60894  -2.8256  
-4.61105  -2.81455  
-4.60801  -2.82597  
-4.61023  -2.81506  
-4.60238  -2.81257  
-4.59747  -2.79796  
-4.59824  -2.78972  
-4.603  -2.78905  
-4.59482  -2.79219  
-4.56815  -2.77346  
-4.56205  -2.77427  
-4.56315  -2.79167  
-4.5619  -2.80541  
-4.5517  -2.81542  
-4.52998  -2.82419  
-4.53901  -2.84534  
-4.51073  -2.85539  
-4.5271  -2.89636  
-4.52181  -2.89577  
-4.51949  -2.91254  
-4.51427  -2.9117  
-4.5401  -2.91823  
-4.54197  -2.88707  
-4.55588  -2.89766  
-4.57254  -2.88415  
-4.58622  -2.89483  
-4.61093  -2.87009  
-4.62434  -2.88102  
-4.63221  -2.85406  
-4.65074  -2.87267  
-4.65153  -2.86022  
-4.65276  -2.86385  
-4.65079  -2.86893  
-4.65951  -2.88287  
-4.66248  -2.904  
-4.65297  -2.90265  
-4.6507  -2.91045  
-4.6453  -2.89948  
-4.65878  -2.91004  
-4.63827  -2.87803  
-4.65323  -2.8893  
-4.64936  -2.8523  
-4.65046  -2.85165  
-4.64873  -2.83419  
-4.65546  -2.83092  
-4.65439  -2.81905  
-4.66028  -2.83983  
-4.67098  -2.84523  
-4.65804  -2.83621  
-4.64647  -2.8537  
-4.66027  -2.86495  
-4.64146  -2.90205  
-4.66478  -2.91015  
-4.64451  -2.91092  
-4.63904  -2.91053  
-4.65461  -2.89914  
-4.65367  -2.88961  
-4.65693  -2.87832  
-4.66301  -2.86916  
-4.66613  -2.8581  
-4.70176  -2.85633  
-4.71459  -2.84731  
-4.72101  -2.83428  
-4.74252  -2.8551  
-4.74513  -2.84721  
-4.75888  -2.85588  
-4.7629  -2.8808  
-4.75941  -2.87997  
-4.76788  -2.91382  
-4.767  -2.93068  
-4.76023  -2.93259  
-4.75277  -2.94889  
-4.75969  -2.94465  
-4.75647  -2.93173  
-4.74627  -2.92983  
-4.75553  -2.91767  
-4.75291  -2.89353  
-4.74691  -2.89391  
-4.75864  -2.88349  
-4.76632  -2.86501  
-4.77756  -2.86568  
-4.78961  -2.85813  
-4.78215  -2.85112  
-4.7982  -2.86507  
-4.81006  -2.87396  
-4.8046  -2.88314  
-4.81147  -2.91265  
-4.81823  -2.90852  
-4.80395  -2.91843  
-4.80504  -2.91917  
-4.81162  -2.92386  
-4.79322  -2.91454  
-4.79047  -2.91295  
-4.79225  -2.92327  
-4.7862  -2.92362  
-4.77764  -2.91013  
-4.79259  -2.90849  
-4.80368  -2.90329  
-4.79755  -2.90392  
-4.79386  -2.89957  
-4.80735  -2.9109  
-4.79528  -2.92883  
-4.7979  -2.93635  
-4.81146  -2.94731  
-4.79684  -2.97416  
-4.80026  -2.97161  
-4.79754  -2.99251  
-4.80418  -2.9884  
-4.80348  -3.00111  
-4.79841  -3.01103  
-4.78824  -3.00591  
-4.78136  -2.97827  
-4.7849  -2.97572  
-4.78992  -2.98024  
-4.78406  -2.98019  
-4.78514  -2.95812  
-4.77923  -2.95834  
-4.79072  -2.97144  
-4.79915  -2.9763  
-4.80259  -2.97394  
-4.81547  -2.99565  
-4.82915  -3.00622  
-4.82935  -3.03303  
-4.84188  -3.03242  
-4.83817  -3.03491  
-4.85951  -3.07117  
-4.8655  -3.07758  
-4.8668  -3.0777  
-4.86955  -3.07231  
-4.8757  -3.07807  
-4.87219  -3.06813  
-4.87111  -3.06839  
-4.87381  -3.04122  
-4.87763  -3.04719  
-4.88415  -3.04301  
-4.88234  -3.01858  
-4.87367  -3.02186  
-4.87463  -3.01552  
-4.87858  -3.01931  
-4.87227  -3.01957  
-4.87849  -3.0282  
-4.88159  -3.02584  
-4.8682  -3.02439  
-4.87402  -3.0215  
-4.87098  -3.02303  
-4.87239  -3.02117  
-4.87875  -3.02  
-4.89371  -3.0002  
-4.86566  -2.9903  
-4.88328  -2.99954  
-4.87055  -2.97934  
-4.86188  -2.97343  
-4.87272  -3.0018  
-4.86102  -3.01745  
-4.85684  -3.00677  
-4.83911  -3.0167  
-4.83977  -3.0173  
-4.83043  -3.04773  
-4.83669  -3.04356  
-4.82846  -3.03735  
-4.82575  -3.04053  
-4.81947  -3.04053  
-4.81332  -3.03315  
-4.81292  -2.98436  
-4.80695  -2.9578  
-4.80045  -2.95865  
-4.81512  -2.91668  
-4.81765  -2.91549  
-4.8087  -2.88189  
-4.80187  -2.88351  
-4.81876  -2.89156  
-4.81101  -2.89122  
-4.81215  -2.8825  
-4.81766  -2.8961  
-4.8144  -2.89444  
-4.81484  -2.92473  
-4.79466  -2.91881  
-4.78552  -2.9284  
-4.78763  -2.91664  
-4.78456  -2.92152  
-4.77203  -2.90245  
-4.74983  -2.88359  
-4.76552  -2.87543  
-4.75825  -2.8739  
-4.75432  -2.86582  
-4.73713  -2.84951  
-4.75938  -2.85909  
-4.72694  -2.83803  
-4.73844  -2.84099  
-4.73169  -2.84433  
-4.72856  -2.85907  
-4.71973  -2.85139  
-4.7082  -2.85096  
-4.7191  -2.84641  
-4.71361  -2.85231  
-4.7167  -2.85393  
-4.71482  -2.84656  
-4.73515  -2.84508  
-4.73108  -2.8496  
-4.74329  -2.86129  
-4.75592  -2.83816  
-4.75037  -2.84407  
-4.77552  -2.86681  
-4.76733  -2.86843  
-4.79603  -2.87682  
-4.78614  -2.8691  
-4.79532  -2.86028  
-4.8054  -2.86294  
-4.79919  -2.86718  
-4.79844  -2.87197  
-4.80849  -2.87452  
-4.81152  -2.88673  
-4.7973  -2.87533  
-4.80742  -2.86945  
-4.79116  -2.86467  
-4.78356  -2.88454  
-4.77661  -2.87683  
-4.78213  -2.87985  
-4.77656  -2.87026  
-4.77118  -2.85886  
-4.75209  -2.8564  
-4.74771  -2.84897  
-4.74024  -2.84529  
-4.76135  -2.86095  
-4.7451  -2.86127  
-4.76388  -2.85065  
-4.76293  -2.85673  
-4.75244  -2.84897  
-4.74972  -2.85829  
-4.76431  -2.87445  
-4.76482  -2.86265  
-4.75411  -2.85476  
-4.77473  -2.85298  
-4.7859  -2.85726  
-4.79863  -2.8637  
-4.78724  -2.86605  
-4.7985  -2.87797  
-4.8032  -2.85948  
-4.79206  -2.85178  
-4.79035  -2.86435  
-4.78851  -2.85388  
-4.80346  -2.86646  
-4.78858  -2.85998  
-4.79975  -2.87205  
-4.79402  -2.87104  
-4.82343  -2.9028  
-4.83257  -2.9048  
-4.83947  -2.90876  
-4.87622  -2.95183  
-4.88466  -2.95548  
-4.87297  -2.96605  
-4.88443  -2.96551  
-4.89324  -2.967  
-4.89509  -2.9632  
-4.88341  -2.95461  
-4.88702  -2.93291  
-4.8755  -2.92487  
-4.89223  -2.9087  
-4.89641  -2.90393  
-4.88454  -2.89596  
-4.86748  -2.90981  
-4.88555  -2.90918  
-4.86795  -2.93924  
-4.8769  -2.94099  
-4.87734  -2.94888  
-4.85792  -2.97441  
-4.86909  -2.98562  
-4.86561  -2.98246  
-4.8369  -2.97467  
-4.84423  -2.96705  
-4.83503  -2.96814  
-4.84032  -2.94928  
-4.82887  -2.94068  
-4.81521  -2.94021  
-4.8066  -2.9361  
-4.79744  -2.93745  
-4.79304  -2.9381  
-4.78096  -2.94499  
-4.78006  -2.96113  
-4.76869  -2.99212  
-4.7691  -2.98999  
-4.75182  -2.99653  
-4.73835  -3.00025  
-4.75108  -3.01098  
-4.76706  -3.01852  
-4.75815  -3.0188  
-4.76779  -3.00774  
-4.7588  -3.00811  
-4.75527  -2.99381  
-4.73013  -2.99153  
-4.74514  -2.99345  
-4.72697  -2.99764  
-4.71812  -2.99795  
-4.70009  -3.00412  
-4.67936  -2.99331  
-4.66142  -3.00733  
-4.63267  -3.01287  
-4.64413  -3.02904  
-4.59822  -3.03334  
-4.60315  -3.02843  
-4.57005  -3.01988  
-4.539  -2.99804  
-4.54392  -2.99311  
-4.52241  -2.9657  
-4.51805  -2.96357  
-4.47313  -2.94172  
-4.45759  -2.92601  
-4.4469  -2.91162  
-4.44042  -2.91391  
-4.44009  -2.90547  
-4.4059  -2.89461  
-4.39179  -2.91053  
-4.39334  -2.9076  
-4.3559  -2.90405  
-4.3544  -2.90622  
-4.35268  -2.91997  
-4.32471  -2.91676  
-4.3379  -2.92614  
-4.31078  -2.92754  
-4.30319  -2.92674  
-4.30167  -2.91303  
-4.28633  -2.88255  
-4.30637  -2.89201  
-4.29703  -2.87738  
-4.29827  -2.8741  
-4.28451  -2.86106  
-4.28572  -2.85788  
-4.30601  -2.85384  
-4.30694  -2.85071  
-4.30835  -2.85713  
-4.30921  -2.85396  
-4.31664  -2.88868  
-4.32414  -2.91139  
-4.31577  -2.91031  
-4.3191  -2.92069  
-4.31073  -2.91947  
-4.33026  -2.94291  
-4.31138  -2.92811  
-4.32216  -2.9403  
-4.31596  -2.91642  
-4.30755  -2.91515  
-4.31694  -2.88287  
-4.30686  -2.88515  
-4.29683  -2.85242  
-4.29005  -2.84808  
-4.3116  -2.85442  
-4.29017  -2.81831  
-4.29087  -2.81514  
-4.30563  -2.81619  
-4.29698  -2.81579  
-4.29189  -2.8307  
-4.28579  -2.83517  
-4.27732  -2.83446  
-4.27324  -2.84298  
-4.28566  -2.85189  
-4.26814  -2.85626  
-4.26852  -2.85784  
-4.25846  -2.86008  
-4.24994  -2.8512  
-4.24548  -2.84903  
-4.23279  -2.8198  
-4.21318  -2.80497  
-4.20522  -2.80054  
-4.19347  -2.7878  
-4.20704  -2.78703  
-4.193  -2.78249  
-4.18717  -2.76921  
-4.20569  -2.7683  
-4.19366  -2.75222  
-4.21108  -2.7616  
-4.21721  -2.77043  
-4.21274  -2.76825  
-4.20884  -2.75198  
-4.21088  -2.75587  
-4.19979  -2.74474  
-4.19817  -2.72914  
-4.21463  -2.73667  
-4.19023  -2.71608  
-4.17249  -2.70498  
-4.17081  -2.69128  
-4.17504  -2.67151  
-4.16639  -2.67148  
-4.17289  -2.68297  
-4.20261  -2.70321  
-4.19413  -2.68206  
-4.23397  -2.71257  
-4.22197  -2.70656  
-4.22503  -2.69437  
-4.23955  -2.71024  
-4.24605  -2.70601  
-4.23704  -2.70543  
-4.24882  -2.70018  
-4.25158  -2.67911  
-4.23995  -2.66826  
-4.24194  -2.64809  
-4.23284  -2.64798  
-4.23583  -2.62978  
-4.22849  -2.63275  
-4.21949  -2.63274  
-4.22458  -2.64188  
-4.21316  -2.6311  
-4.21243  -2.64732  
-4.22458  -2.6566  
-4.19278  -2.66569  
-4.19803  -2.68433  
-4.19358  -2.68215  
-4.18815  -2.68103  
-4.18371  -2.67886  
-4.1787  -2.63855  
-4.15826  -2.61479  
-4.15189  -2.62111  
-4.15324  -2.58886  
-4.17193  -2.56951  
-4.16343  -2.56943  
-4.15504  -2.57335  
-4.17519  -2.56382  
-4.17868  -2.58666  
-4.17214  -2.5794  
-4.1872  -2.60805  
-4.20404  -2.65492  
-4.1994  -2.66172  
-4.21006  -2.6664  
-4.21503  -2.69794  
-4.22973  -2.69737  
-4.21745  -2.6735  
-4.23157  -2.68532  
-4.24718  -2.66236  
-4.24758  -2.6539  
-4.25093  -2.6483  
-4.27202  -2.61473  
-4.28417  -2.62347  
-4.29948  -2.62387  
-4.31176  -2.62882  
-4.31364  -2.62499  
-4.30674  -2.64246  
-4.29797  -2.64128  
-4.28255  -2.65962  
-4.27162  -2.64733  
-4.24545  -2.62351  
-4.23157  -2.61187  
-4.22226  -2.61197  
-4.2031  -2.5854  
-4.18691  -2.57711  
-4.1656  -2.57721  
-4.16123  -2.57507  
-4.15113  -2.56582  
-4.14061  -2.55683  
-4.13437  -2.56343  
-4.10098  -2.55165  
-4.10832  -2.56368  
-4.092  -2.58782  
-4.0656  -2.61927  
-4.05613  -2.60629  
-4.05823  -2.60329  
-4.04875  -2.59047  
-4.02038  -2.56994  
-4.01347  -2.56804  
-3.99505  -2.52266  
-3.97724  -2.50065  
-3.97034  -2.49924  
-3.97133  -2.44643  
-3.96428  -2.44552  
-3.95613  -2.4275  
-3.95035  -2.41728  
-3.96285  -2.41413  
-3.95484  -2.41035  
-3.9462  -2.41265  
-3.95435  -2.44865  
-3.95007  -2.44658  
-3.93829  -2.45525  
-3.93685  -2.46153  
-3.93259  -2.45947  
-3.91901  -2.44697  
-3.91539  -2.44678  
-3.90187  -2.42256  
-3.87993  -2.40832  
-3.87052  -2.3959  
-3.87071  -2.35999  
-3.86127  -2.34802  
-3.87132  -2.32871  
-3.86174  -2.31697  
-3.87079  -2.30386  
-3.85707  -2.28139  
-3.84735  -2.2837  
-3.84102  -2.28906  
-3.83683  -2.28707  
-3.81043  -2.28484  
-3.79581  -2.27245  
-3.79984  -2.27644  
-3.75499  -2.24894  
-3.74899  -2.25585  
-3.73551  -2.23466  
-3.7287  -2.23381  
-3.69189  -2.21069  
-3.6952  -2.20706  
-3.68993  -2.17624  
-3.68319  -2.1757  
-3.68579  -2.16108  
-3.69951  -2.16911  
-3.6885  -2.16996  
-3.69147  -2.16664  
-3.69295  -2.15621  
-3.70551  -2.17337  
-3.7085  -2.16961  
-3.72829  -2.17944  
-3.71826  -2.17657  
-3.71422  -2.17466  
-3.70093  -2.15126  
-3.68817  -2.14947  
-3.68966  -2.12637  
-3.6985  -2.13452  
-3.69143  -2.13354  
-3.67727  -2.11337  
-3.66986  -2.10663  
-3.66722  -2.10769  
-3.67591  -2.1143  
-3.66848  -2.11457  
-3.66792  -2.12121  
-3.67937  -2.14105  
-3.67154  -2.13879  
-3.66053  -2.15427  
-3.68714  -2.16948  
-3.69051  -2.20229  
-3.68373  -2.20002  
-3.6948  -2.17909  
-3.69517  -2.16575  
-3.68835  -2.16376  
-3.70535  -2.14879  
-3.69409  -2.14277  
-3.68863  -2.12804  
-3.68397  -2.13705  
-3.6696  -2.0909  
-3.67317  -2.0866  
-3.66309  -2.08237  
-3.67374  -2.0844  
-3.67734  -2.08004  
-3.6484  -2.0791  
-3.67071  -2.08645  
-3.64219  -2.08507  
-3.63895  -2.08809  
-3.65356  -2.0951  
-3.6355  -2.07976  
-3.63542  -2.08853  
-3.63238  -2.07933  
-3.6258  -2.07484  
-3.61661  -2.07734  
-3.63582  -2.0722  
-3.62965  -2.06754  
-3.62619  -2.04277  
-3.61703  -2.04529  
-3.61599  -2.04884  
-3.61682  -2.02784  
-3.62296  -2.034  
-3.60796  -2.04932  
-3.60201  -2.04724  
-3.57988  -2.04915  
-3.57607  -2.05773  
-3.56336  -2.08164  
-3.5578  -2.07897  
-3.52678  -2.08654  
-3.53168  -2.08084  
-3.50034  -2.08843  
-3.47744  -2.1083  
-3.47244  -2.10495  
-3.42297  -2.08498  
-3.40774  -2.06304  
-3.40774  -2.06304  
-3.38778  -2.05713  
-3.3752  -2.05013  
-3.37977  -2.064  
-3.37245  -2.05106  
-3.36983  -2.05828  
-3.34745  -2.04963  
-3.35062  -2.0442  
-3.33177  -2.03868  
-3.34522  -2.04183  
-3.34212  -2.05293  
-3.33648  -2.04014  
-3.33358  -2.05211  
-3.32656  -2.04394  
-3.30718  -2.0415  
-3.3003  -2.04211  
-3.31937  -2.04454  
-3.31477  -2.04068  
-3.30975  -2.04421  
-3.30693  -2.05109  
-3.3084  -2.07281  
-3.30666  -2.08604  
-3.30666  -2.08604  
-3.32141  -2.08713  
-3.31868  -2.09332  
-3.30491  -2.1027  
-3.32308  -2.11716  
-3.32135  -2.10635  
-3.32823  -2.09724  
-3.32823  -2.09724  
-3.32233  -2.07207  
-3.31523  -2.06541  
-3.3196  -2.05938  
-3.29803  -2.05666  
-3.29618  -2.05406  
-3.30041  -2.0553  
-3.29402  -2.05071  
-3.27694  -2.05225  
-3.26198  -2.05178  
-3.25364  -2.04598  
-3.23856  -2.04659  
-3.23989  -2.05875  
-3.19689  -2.04335  
-3.19036  -2.03049  
-3.18608  -2.02644  
-3.18874  -2.00659  
-3.18646  -2.01169  
-3.1856  -1.98607  
-3.1781  -1.96778  
-3.1742  -1.96351  
-3.17251  -1.94451  
-3.19104  -1.95963  
-3.18358  -1.94084  
-3.20626  -1.95303  
-3.21264  -1.94587  
-3.19354  -1.94589  
-3.18937  -1.94163  
-3.20554  -1.94642  
-3.21401  -1.96132  
-3.22655  -1.96314  
-3.23204  -1.96766  
-3.22632  -1.97598  
-3.23562  -1.977  
-3.22296  -1.96167  
-3.21655  -1.95244  
-3.24649  -1.95598  
-3.24813  -1.95067  
-3.23988  -1.94484  
-3.25807  -1.92479  
-3.25121  -1.91813  
-3.25305  -1.90381  
-3.25136  -1.91323  
-3.26876  -1.91146  
-3.27784  -1.89771  
-3.28201  -1.90093  
-3.27451  -1.89375  
-3.27282  -1.90321  
-3.26273  -1.90135  
-3.26657  -1.89176  
-3.2553  -1.89599  
-3.23868  -1.88123  
-3.23599  -1.88789  
-3.23226  -1.87209  
-3.22814  -1.86797  
-3.2191  -1.87215  
-3.21749  -1.88113  
-3.21354  -1.87679  
-3.22102  -1.85044  
-3.21697  -1.8464  
-3.20854  -1.85118  
-3.2108  -1.84813  
-3.21534  -1.85569  
-3.20463  -1.84334  
-3.20148  -1.84201  
-3.1976  -1.83638  
-3.20159  -1.82678  
-3.18598  -1.82773  
-3.18633  -1.84022  
-3.18396  -1.84665  
-3.14963  -1.83893  
-3.17723  -1.83984  
-3.12913  -1.82106  
-3.12706  -1.82751  
-3.11186  -1.81728  
-3.1191  -1.81011  
-3.10403  -1.79982  
-3.09991  -1.80014  
-3.09644  -1.79594  
-3.07673  -1.76939  
-3.0733  -1.76541  
-3.06167  -1.7577  
-3.0597  -1.76436  
-3.05603  -1.75399  
-3.05403  -1.76069  
-3.05315  -1.76164  
-3.05063  -1.77815  
-3.04721  -1.77378  
-3.03469  -1.77677  
-3.04712  -1.76648  
-3.0359  -1.77479  
-3.03519  -1.76107  
-3.03716  -1.77469  
-3.01977  -1.76037  
-3.01951  -1.76069  
-3.00882  -1.73444  
-3.0012  -1.72697  
-3.00864  -1.71982  
-3.02338  -1.73574  
-3.01553  -1.74678  
-3.01206  -1.74241  
-2.99732  -1.75394  
-2.99397  -1.74926  
-2.98804  -1.75773  
-2.98987  -1.75598  
-2.98656  -1.75135  
-2.968  -1.77234  
-2.9598  -1.7753  
-2.94686  -1.75544  
-2.94391  -1.75427  
-2.9084  -1.73423  
-2.91343  -1.72752  
-2.9105  -1.72637  
-2.89349  -1.72227  
-2.87897  -1.71079  
-2.86455  -1.71011  
-2.86169  -1.70539  
-2.82564  -1.70324  
-2.81151  -1.70953  
-2.80888  -1.70462  
-2.78659  -1.71029  
-2.78399  -1.70526  
-2.73705  -1.70859  
-2.72047  -1.71618  
-2.71944  -1.72132  
-2.69935  -1.70788  
-2.6942  -1.71668  
-2.66997  -1.71159  
-2.66475  -1.69382  
-2.65959  -1.7026  
-2.63556  -1.67913  
-2.63536  -1.68332  
-2.63848  -1.67909  
-2.63076  -1.67778  
-2.63186  -1.68277  
-2.63377  -1.6778  
-2.63552  -1.68319  
-2.62293  -1.67654  
-2.61932  -1.66872  
-2.61374  -1.67728  
-2.62099  -1.67754  
-2.62241  -1.69388  
-2.60088  -1.67132  
-2.61262  -1.67462  
-2.61635  -1.66611  
-2.61593  -1.67482  
-2.61308  -1.66228  
-2.59266  -1.66372  
-2.59947  -1.65229  
-2.59782  -1.66199  
-2.57876  -1.6539  
-2.59634  -1.64855  
-2.57699  -1.65992  
-2.58095  -1.65231  
-2.57753  -1.67019  
-2.5733  -1.66811  
-2.56336  -1.66658  
-2.5516  -1.66695  
-2.54927  -1.68089  
-2.53265  -1.68112  
-2.52657  -1.67841  
-2.52526  -1.68292  
-2.50564  -1.6833  
-2.50288  -1.68231  
-2.46632  -1.67167  
-2.46419  -1.66555  
-2.45289  -1.66599  
-2.44676  -1.66769  
-2.44676  -1.66769  
-2.43615  -1.66304  
-2.43452  -1.6726  
-2.42218  -1.65589  
-2.41563  -1.65575  
-2.41777  -1.65478  
-2.40452  -1.65591  
-2.41454  -1.65461  
-2.40067  -1.65537  
-2.39568  -1.65274  
-2.39745  -1.64212  
-2.40535  -1.65538  
-2.40787  -1.6452  
-2.3935  -1.65959  
-2.40275  -1.66297  
-2.40153  -1.66897  
-2.41127  -1.65601  
-2.41096  -1.66148  
-2.42105  -1.65871  
-2.43623  -1.6633  
-2.43488  -1.6631  
-2.43796  -1.67074  
-2.43809  -1.66181  
-2.4478  -1.67349  
-2.4539  -1.67102  
-2.46251  -1.66149  
-2.4763  -1.68712  
-2.47363  -1.68029  
-2.47888  -1.68532  
-2.47439  -1.68256  
-2.47278  -1.69218  
-2.46758  -1.69477  
-2.46598  -1.7044  
-2.47202  -1.70412  
-2.46937  -1.7032  
-2.46164  -1.7197  
-2.46082  -1.71138  
-2.45922  -1.72102  
-2.46533  -1.72076  
-2.46268  -1.71985  
-2.43935  -1.71415  
-2.44622  -1.70701  
-2.44402  -1.69978  
-2.41769  -1.7012  
-2.41668  -1.70453  
-2.41852  -1.69348  
-2.41748  -1.68294  
-2.41531  -1.68577  
-2.3957  -1.68812  
-2.39306  -1.68723  
-2.38646  -1.6939  
-2.38828  -1.68266  
-2.38596  -1.69118  
-2.39326  -1.68255  
-2.39613  -1.68437  
-2.4162  -1.66585  
-2.41506  -1.66945  
-2.40257  -1.66656  
-2.43292  -1.66139  
-2.43133  -1.67106  
-2.43597  -1.65511  
-2.45398  -1.66173  
-2.4611  -1.66993  
-2.45863  -1.66298  
-2.46968  -1.66989  
-2.46825  -1.67338  
-2.49337  -1.67115  
-2.4841  -1.66303  
-2.50306  -1.67405  
-2.51008  -1.66553  
-2.50814  -1.66105  
-2.50556  -1.65413  
-2.52375  -1.64706  
-2.52109  -1.6403  
-2.53245  -1.64704  
-2.53219  -1.6426  
-2.53066  -1.6463  
-2.55057  -1.6532  
-2.54788  -1.64636  
-2.53241  -1.65177  
-2.53411  -1.65962  
-2.53147  -1.65426  
-2.52416  -1.66227  
-2.52073  -1.65738  
-2.49431  -1.65785  
-2.49747  -1.65745  
-2.49361  -1.66323  
-2.46907  -1.6442  
-2.46392  -1.64916  
-2.45666  -1.64143  
-2.43993  -1.63401  
-2.43538  -1.62891  
-2.41923  -1.63466  
-2.41389  -1.63005  
-2.39854  -1.63534  
-2.3898  -1.62322  
-2.38224  -1.62795  
-2.37936  -1.63072  
-2.37839  -1.62017  
-2.35887  -1.62994  
-2.35887  -1.62994  
-2.34428  -1.62006  
-2.33485  -1.59787  
-2.33417  -1.60169  
-2.34026  -1.58402  
-2.33948  -1.58793  
-2.32514  -1.57931  
-2.32436  -1.58321  
-2.3262  -1.58206  
-2.31688  -1.57312  
-2.31594  -1.56262  
-2.33292  -1.56231  
-2.33041  -1.56154  
-2.33479  -1.56101  
-2.32012  -1.54466  
-2.31534  -1.54536  
-2.3284  -1.53065  
-2.33052  -1.5241  
-2.33126  -1.5137  
-2.33571  -1.48948  
-2.33433  -1.49429  
-2.33552  -1.48236  
-2.33321  -1.47681  
-2.32595  -1.46989  
-2.32977  -1.45535  
-2.32147  -1.44553  
-2.32002  -1.45062  
-2.32063  -1.46337  
-2.31827  -1.458  
-2.29181  -1.44938  
-2.30083  -1.45793  
-2.29949  -1.46285  
-2.28332  -1.44555  
-2.28209  -1.45032  
-2.29272  -1.44467  
-2.26909  -1.44072  
-2.27207  -1.43332  
-2.28389  -1.42288  
-2.28374  -1.42376  
-2.29192  -1.41613  
-2.30483  -1.41078  
-2.30354  -1.39593  
-2.31873  -1.38341  
-2.31985  -1.39062  
-2.33645  -1.38296  
-2.35383  -1.37088  
-2.36112  -1.36242  
-2.36264  -1.36568  
-2.36723  -1.35485  
-2.35308  -1.34499  
-2.35454  -1.33225  
-2.37208  -1.33503  
-2.36784  -1.32705  
-2.36486  -1.3229  
-2.35069  -1.30802  
-2.35925  -1.30102  
-2.36569  -1.29293  
-2.35605  -1.28338  
-2.35369  -1.28274  
-2.35868  -1.27658  
-2.35632  -1.27595  
-2.3482  -1.26296  
-2.36589  -1.26869  
-2.36529  -1.27376  
-2.36492  -1.27827  
-2.36658  -1.27689  
-2.34617  -1.27445  
-2.33806  -1.26859  
-2.34628  -1.28156  
-2.32657  -1.2754  
-2.32389  -1.27937  
-2.33631  -1.27975  
-2.33486  -1.27809  
-2.32489  -1.27076  
-2.31653  -1.25283  
-2.32173  -1.2549  
-2.319  -1.25142  
-2.33211  -1.24128  
-2.32884  -1.25274  
-2.32632  -1.25211  
-2.33242  -1.24214  
-2.35118  -1.24176  
-2.34601  -1.23917  
-2.34391  -1.24612  
-2.34519  -1.24937  
-2.34469  -1.25555  
-2.34282  -1.25631  
-2.32501  -1.25898  
-2.32228  -1.25516  
-2.31396  -1.25248  
-2.30153  -1.25427  
-2.29892  -1.2506  
-2.27719  -1.26444  
-2.27643  -1.25401  
-2.27232  -1.26476  
-2.28216  -1.26809  
-2.26015  -1.27617  
-2.25783  -1.27204  
-2.24909  -1.30635  
-2.24192  -1.30406  
-2.24046  -1.30984  
-2.21198  -1.31764  
-2.21067  -1.32319  
-2.19897  -1.32687  
-2.17563  -1.33595  
-2.17374  -1.33088  
-2.15041  -1.33407  
-2.15766  -1.342  
-2.13975  -1.34034  
-2.11978  -1.33312  
-2.11463  -1.34454  
-2.0984  -1.34577  
-2.09678  -1.34043  
-2.07589  -1.34084  
-2.0744  -1.35067  
-2.05962  -1.34217  
-2.04768  -1.34462  
-2.04164  -1.33827  
-2.02607  -1.33478  
-2.02385  -1.33429  
-2.00746  -1.32125  
-1.99647  -1.31812  
-1.99425  -1.31764  
-1.97829  -1.30204  
-1.97799  -1.304  
-1.9812  -1.29958  
-1.95802  -1.29055  
-1.95816  -1.29185  
-1.94119  -1.29615  
-1.94046  -1.28811  
-1.92351  -1.29244  
-1.91333  -1.29946  
-1.91096  -1.3023  
-1.87522  -1.30794  
-1.87329  -1.30247  
-1.84711  -1.31628  
-1.82802  -1.31885  
-1.8301  -1.32625  
-1.817  -1.33023  
-1.81466  -1.3231  
-1.80158  -1.3271  
-1.77755  -1.32647  
-1.7771  -1.3309  
-1.77036  -1.33803  
-1.76095  -1.34334  
-1.76045  -1.3473  
-1.75088  -1.34922  
-1.75032  -1.35327  
-1.7377  -1.34661  
-1.73715  -1.35065  
-1.72305  -1.35375  
-1.69378  -1.35193  
-1.69622  -1.34531  
-1.68379  -1.35278  
-1.68306  -1.34276  
-1.64982  -1.34396  
-1.64943  -1.3478  
-1.61728  -1.35514  
-1.61626  -1.34894  
-1.58396  -1.35635  
-1.58791  -1.36168  
-1.58696  -1.35536  
-1.55979  -1.37013  
-1.55961  -1.37344  
-1.55659  -1.36895  
-1.55556  -1.36249  
-1.53039  -1.36114  
-1.53703  -1.35092  
-1.51388  -1.34435  
-1.51201  -1.33714  
-1.50648  -1.34097  
-1.47429  -1.32836  
-1.4789  -1.32045  
-1.48475  -1.32278  
-1.47495  -1.32235  
-1.48515  -1.3081  
-1.46137  -1.30705  
-1.46512  -1.31186  
-1.4655  -1.31353  
-1.45398  -1.31687  
-1.45405  -1.31541  
-1.45469  -1.31239  
-1.44791  -1.32286  
-1.44728  -1.32645  
-1.44776  -1.31191  
-1.44077  -1.32506  
-1.44974  -1.32446  
-1.43689  -1.31741  
-1.43473  -1.31704  
-1.4368  -1.30859  
-1.43599  -1.31228  
-1.43249  -1.30762  
-1.40983  -1.29566  
-1.44293  -1.29608  
-1.41897  -1.28706  
-1.41897  -1.28706  
-1.41468  -1.28613  
-1.41329  -1.29546  
-1.42353  -1.28449  
-1.42464  -1.28727  
-1.42387  -1.27759  
-1.41962  -1.27669  
-1.42524  -1.2805  
-1.39865  -1.27039  
-1.39722  -1.26531  
-1.4032  -1.26963  
-1.3891  -1.24731  
-1.38845  -1.24039  
-1.37886  -1.24108  
-1.35631  -1.23517  
-1.36529  -1.23365  
-1.34111  -1.22604  
-1.3376  -1.22673  
-1.32078  -1.22033  
-1.3259  -1.22359  
-1.32078  -1.21916  
-1.30556  -1.21792  
-1.30627  -1.22647  
-1.29086  -1.21676  
-1.29796  -1.21136  
-1.27767  -1.20077  
-1.2606  -1.19397  
-1.25977  -1.1845  
-1.24576  -1.17329  
-1.24444  -1.18244  
-1.24041  -1.17491  
-1.22887  -1.15231  
-1.22756  -1.16144  
-1.20937  -1.15184  
-1.21354  -1.15037  
-1.19473  -1.14532  
-1.18992  -1.14919  
-1.19291  -1.14347  
-1.19544  -1.15236  
-1.19788  -1.1561  
-1.18418  -1.15547  
-1.18787  -1.14723  
-1.19189  -1.14558  
-1.182  -1.13708  
-1.1882  -1.13133  
-1.18704  -1.12049  
-1.16941  -1.11865  
-1.18194  -1.1149  
-1.18071  -1.11401  
-1.17929  -1.10505  
-1.18534  -1.10877  
-1.16599  -1.09547  
-1.16473  -1.08137  
-1.16743  -1.08163  
-1.16683  -1.08454  
-1.15451  -1.0735  
-1.15251  -1.06773  
-1.15108  -1.07358  
-1.13255  -1.05318  
-1.13122  -1.05919  
-1.10577  -1.03821  
-1.11458  -1.0421  
-1.11225  -1.03904  
-1.08535  -1.04532  
-1.08313  -1.04221  
-1.05995  -1.02889  
-1.05467  -1.03516  
-1.04199  -1.01737  
-1.0179  -1.00623  
-1.01637  -1.01922  
-1.00203  -1.01506  
-0.99401  -1.01087  
-0.984359  -1.02047  
-0.949208  -1.02769  
-0.952876  -1.03085  
-0.930489  -1.03427  
-0.932141  -1.05347  
-0.926667  -1.04641  
-0.91222  -1.05184  
-0.908386  -1.06092  
-0.88134  -1.06094  
-0.870971  -1.07153  
-0.871771  -1.07937  
-0.864137  -1.07047  
-0.859874  -1.07455  
-0.84667  -1.06449  
-0.849011  -1.05967  
-0.856617  -1.0543  
-0.827586  -1.05007  
-0.823695  -1.05564  
-0.839914  -1.03609  
-0.841547  -1.02612  
-0.840627  -1.03487  
-0.834333  -1.02183  
-0.832997  -1.01295  
-0.857694  -1.01201  
-0.855001  -1.00919  
-0.836512  -0.999552  
-0.852746  -0.992939  
-0.851374  -0.984196  
-0.850802  -0.975342  
-0.863667  -0.972419  
-0.849718  -0.961461  
-0.855437  -0.959569  
-0.853184  -0.95945  
-0.855725  -0.960125  
-0.860993  -0.95964  
-0.861493  -0.957988  
-0.862331  -0.96667  
-0.870888  -0.961419  
-0.88471  -0.968966  
-0.881398  -0.966845  
-0.911841  -0.977978  
-0.923154  -0.967206  
-0.924285  -0.975887  
-0.947542  -0.969555  
-0.948387  -0.976187  
-0.952943  -0.96957  
-0.966771  -0.965345  
-0.964967  -0.968325  
-0.952679  -0.961264  
-0.961879  -0.96959  
-0.955564  -0.980331  
-0.961506  -0.972439  
-0.956006  -0.982701  
-0.942115  -0.971324  
-0.93594  -0.966109  
-0.942159  -0.974289  
-0.934905  -0.978104  
-0.944418  -0.972665  
-0.947586  -0.964597  
-0.957872  -0.959001  
-0.953672  -0.956551  
-0.96197  -0.955441  
-0.95862  -0.953289  
-0.976788  -0.950498  
-0.973323  -0.948405  
-0.980652  -0.941355  
-0.991085  -0.94097  
-0.990596  -0.953787  
-0.977189  -0.969162  
-0.975125  -0.975726  
-0.996308  -0.974946  
-0.994711  -0.973924  
-1.00133  -0.981527  
-0.98106  -0.985857  
-0.985437  -0.985751  
-0.987484  -0.993848  
-0.963098  -1.00187  
-0.974394  -0.98989  
-0.991049  -0.98501  
-0.989727  -0.976051  
-0.982853  -0.980627  
-0.980999  -0.986987  
-0.991525  -0.994876  
-0.988292  -0.992195  
-0.989029  -0.987151  
-0.985083  -0.970562  
-0.98324  -0.977039  
-0.992036  -0.969112  
-1.00134  -0.963623  
-1.00056  -0.972053  
-0.998587  -0.978511  
-1.01174  -0.94963  
-0.999362  -0.928359  
-1.01103  -0.934104  
-1.01063  -0.915745  
-1.00969  -0.924274  
-1.00969  -0.924274  
-1.00965  -0.92375  
-1.00301  -0.935943  
-1.00109  -0.93942  
-1.00294  -0.935401  
-0.989856  -0.943472  
-0.985372  -0.942893  
-0.983524  -0.949748  
-0.955858  -0.965856  
-0.952841  -0.963431  
-0.944494  -0.977317  
-0.941551  -0.974739  
-0.896679  -0.978238  
-0.907978  -0.981517  
-0.892345  -0.984636  
-0.89504  -0.991501  
-0.892237  -0.988714  
-0.870067  -0.984737  
-0.867948  -0.987861  
-0.841768  -0.990541  
-0.851902  -0.994616  
-0.839589  -0.982116  
-0.833903  -0.984931  
-0.826572  -0.979219  
-0.822138  -0.985504  
-0.820225  -0.976131  
-0.817852  -0.975976  
-0.825159  -0.961637  
-0.822776  -0.961487  
-0.824688  -0.955829  
-0.847752  -0.962181  
-0.844615  -0.959636  
-0.841991  -0.96387  
-0.838328  -0.95697  
-0.826385  -0.951773  
-0.838667  -0.965186  
-0.835423  -0.962567  
-0.83374  -0.9926  
-0.843211  -0.986663  
-0.823626  -0.991355  
-0.834132  -1.00061  
-0.821136  -0.991236  
-0.825778  -1.00958  
-0.82432  -1.01526  
-0.828224  -1.04277  
-0.797699  -1.03338  
-0.796206  -1.03708  
-0.797127  -1.03886  
-0.793575  -1.0273  
-0.776145  -1.04181  
-0.771518  -1.06017  
-0.77123  -1.06697  
-0.759066  -1.05879  
-0.749367  -1.07023  
-0.736106  -1.0535  
-0.726242  -1.05586  
-0.727313  -1.06479  
-0.721717  -1.06727  
-0.709881  -1.06228  
-0.699072  -1.05402  
-0.695314  -1.05194  
-0.641454  -1.02247  
-0.637519  -1.01915  
-0.632793  -1.00862  
-0.622429  -1.00964  
-0.616662  -1.01233  
-0.596451  -0.996204  
-0.598563  -0.995667  
-0.59589  -0.992388  
-0.582766  -0.993923  
-0.58007  -0.990645  
-0.58127  -0.99878  
-0.573044  -0.997684  
-0.572696  -1.00619  
-0.557435  -0.999035  
-0.556765  -1.00437  
-0.552058  -1.00473  
-0.551356  -1.00996  
-0.553506  -1.01279  
-0.527865  -1.00614  
-0.53157  -1.00709  
-0.53976  -1.00486  
-0.541845  -1.00401  
-0.538843  -1.00757  
-0.550696  -1.0145  
-0.571954  -1.02405  
-0.567417  -1.02384  
-0.575032  -1.02389  
-0.573953  -1.02857  
-0.58407  -1.02597  
-0.591929  -1.03789  
-0.581742  -1.03238  
-0.601001  -1.03294  
-0.60005  -1.02804  
-0.593629  -1.00947  
-0.612285  -1.01872  
-0.613905  -1.01249  
-0.589892  -1.00722  
-0.585104  -1.01164  
-0.616406  -1.01203  
-0.615714  -1.00521  
-0.61403  -1.01059  
-0.613045  -1.01241  
-0.620951  -1.01136  
-0.628312  -1.01538  
-0.629705  -1.02132  
-0.658071  -1.00772  
-0.678159  -1.02212  
-0.674141  -1.01814  
-0.673704  -1.00792  
-0.669783  -1.00409  
-0.707027  -1.01121  
-0.714795  -1.00582  
-0.710753  -1.00216  
-0.735546  -0.998081  
-0.732923  -0.997829  
-0.732492  -1.0101  
-0.732492  -1.0101  
-0.740654  -1.01706  
-0.748516  -1.0259  
-0.7459  -1.02563  
-0.745751  -1.02928  
-0.766282  -1.02495  
-0.7393  -1.03765  
-0.75771  -1.03799  
-0.725563  -1.04751  
-0.733423  -1.03906  
-0.728683  -1.04489  
-0.719711  -1.0366  
-0.723166  -1.04225  
-0.729213  -1.03212  
-0.687822  -1.02742  
-0.680582  -1.03668  
-0.684318  -1.03685  
-0.690544  -1.04409  
-0.666288  -1.04732  
-0.646726  -1.05812  
-0.644051  -1.05749  
-0.636813  -1.07221  
-0.624621  -1.07797  
-0.606838  -1.08782  
-0.597188  -1.09729  
-0.596643  -1.10096  
-0.567588  -1.09446  
-0.544091  -1.09086  
-0.541388  -1.08578  
-0.556036  -1.08758  
-0.555628  -1.09128  
-0.546672  -1.0857  
-0.569654  -1.09262  
-0.566682  -1.08747  
-0.578181  -1.08009  
-0.594834  -1.08193  
-0.618353  -1.08549  
-0.654017  -1.08131  
-0.662289  -1.08595  
-0.653338  -1.07164  
-0.661643  -1.0755  
-0.699705  -1.07636  
-0.742105  -1.07311  
-0.739982  -1.07603  
-0.762382  -1.0872  
-0.763995  -1.07938  
-0.799435  -1.0829  
-0.806272  -1.08209  
-0.805193  -1.08607  
-0.850393  -1.1031  
-0.848292  -1.09385  
-0.847793  -1.09944  
-0.838598  -1.10426  
-0.858191  -1.10432  
-0.830161  -1.09744  
-0.828435  -1.10105  
-0.8029  -1.09453  
-0.824427  -1.10839  
-0.798482  -1.10357  
-0.797166  -1.10708  
-0.772049  -1.106  
-0.753715  -1.11306  
-0.753715  -1.11306  
-0.71659  -1.11483  
-0.713861  -1.11441  
-0.688545  -1.12785  
-0.669853  -1.1274  
-0.661127  -1.1233  
-0.646416  -1.12249  
-0.638917  -1.12377  
-0.597487  -1.11975  
-0.584956  -1.11665  
-0.585  -1.11974  
-0.571105  -1.11749  
-0.570735  -1.12625  
-0.56291  -1.11224  
-0.562566  -1.12097  
-0.549254  -1.11335  
-0.537756  -1.10816  
-0.537459  -1.11687  
-0.53525  -1.11916  
-0.532454  -1.1187  
-0.556066  -1.1195  
-0.545692  -1.1148  
-0.545419  -1.11771  
-0.531686  -1.1125  
-0.544974  -1.11908  
-0.556866  -1.11935  
-0.567403  -1.12557  
-0.564304  -1.11917  
-0.593462  -1.10941  
-0.593189  -1.11811  
-0.597396  -1.09934  
-0.633924  -1.11696  
-0.631451  -1.10778  
-0.664972  -1.12494  
-0.664972  -1.12494  
-0.669619  -1.12659  
-0.701184  -1.13797  
-0.700795  -1.14678  
-0.702595  -1.13165  
-0.708231  -1.15273  
-0.706981  -1.15504  
-0.725538  -1.14674  
-0.725102  -1.1556  
-0.714056  -1.13199  
-0.712853  -1.13461  
-0.711506  -1.12688  
-0.729405  -1.11484  
-0.728227  -1.11767  
-0.725576  -1.12595  
-0.719764  -1.12044  
-0.718724  -1.12315  
-0.697962  -1.12565  
-0.697121  -1.12831  
-0.712586  -1.13729  
-0.700934  -1.14489  
-0.697853  -1.13832  
-0.689813  -1.1472  
-0.689813  -1.1472  
-0.682875  -1.13587  
-0.660132  -1.1258  
-0.658166  -1.13204  
-0.671904  -1.13753  
-0.675788  -1.13564  
-0.662432  -1.12989  
-0.660035  -1.12051  
-0.664408  -1.12862  
-0.661479  -1.12184  
-0.659729  -1.12697  
-0.656789  -1.12019  
-0.69243  -1.12002  
-0.701658  -1.12137  
-0.700791  -1.1239  
-0.710444  -1.12077  
-0.709575  -1.1233  
-0.72353  -1.13126  
-0.734828  -1.13097  
-0.777583  -1.14686  
-0.79631  -1.15321  
-0.795  -1.15541  
-0.799811  -1.14674  
-0.798563  -1.14902  
-0.835764  -1.16445  
-0.829556  -1.16042  
-0.8655  -1.16893  
-0.856255  -1.17793  
-0.901519  -1.1738  
-0.922358  -1.17929  
-0.921673  -1.1885  
-0.961705  -1.18749  
-0.957993  -1.17997  
-0.99306  -1.20165  
-0.990436  -1.20256  
-1.02177  -1.20685  
-1.02651  -1.20087  
-1.02474  -1.20269  
-1.02141  -1.21127  
-1.01334  -1.20709  
-1.0164  -1.20293  
-1.01504  -1.20472  
-1.03252  -1.2153  
-1.02533  -1.21041  
-1.02413  -1.21212  
-1.02499  -1.20403  
-1.02847  -1.20624  
-1.02538  -1.20184  
-1.02521  -1.20298  
-1.02521  -1.20298  
-1.03689  -1.20674  
-1.03635  -1.20301  
-1.02355  -1.20308  
-1.02436  -1.20238  
-1.02454  -1.20077  
-1.01794  -1.19783  
-1.01656  -1.20537  
-1.01094  -1.19963  
-1.01251  -1.19024  
-1.01137  -1.19536  
-1.00531  -1.19435  
-1.00131  -1.18978  
-0.987634  -1.19011  
-0.988424  -1.18938  
-0.990902  -1.19133  
-0.974938  -1.19071  
-0.977705  -1.18337  
-0.962188  -1.18338  
-0.958082  -1.18847  
-0.949219  -1.18473  
-0.942965  -1.18351  
-0.938888  -1.18127  
-0.930145  -1.17619  
-0.919278  -1.17979  
-0.919118  -1.18168  
-0.900689  -1.19111  
-0.898537  -1.18281  
-0.880022  -1.19224  
-0.851706  -1.17344  
-0.851778  -1.17522  
-0.830019  -1.17828  
-0.830019  -1.17828  
-0.807109  -1.16939  
-0.807331  -1.17122  
-0.806325  -1.1721  
-0.78866  -1.15891  
-0.781187  -1.15738  
-0.779168  -1.14961  
-0.770786  -1.14284  
-0.770873  -1.14471  
-0.748008  -1.13454  
-0.748151  -1.13647  
-0.730148  -1.12123  
-0.726477  -1.11431  
-0.725377  -1.11197  
-0.738873  -1.09951  
-0.738805  -1.10198  
-0.730443  -1.08409  
-0.710237  -1.0837  
-0.70683  -1.0781  
-0.701129  -1.06727  
-0.700616  -1.07261  
-0.686762  -1.05613  
-0.682962  -1.05155  
-0.683021  -1.05576  
-0.670593  -1.05749  
-0.662083  -1.05838  
-0.647876  -1.05083  
-0.636294  -1.04032  
-0.640964  -1.04721  
-0.65832  -1.03095  
-0.65832  -1.03095  
-0.640699  -1.01853  
-0.640699  -1.01853  
-0.627803  -1.01947  
-0.616894  -1.00502  
-0.639313  -1.01014  
-0.626827  -1.01682  
-0.626827  -1.01682  
-0.635118  -1.03102  
-0.609925  -1.03415  
-0.609925  -1.03415  
-0.603551  -1.03569  
-0.610791  -1.04415  
-0.633718  -1.0353  
-0.63311  -1.03797  
-0.607012  -1.0127  
-0.62871  -1.02063  
-0.614127  -1.01488  
-0.635693  -1.02275  
-0.610382  -1.00975  
-0.632971  -0.998535  
-0.636096  -1.00115  
-0.634533  -0.999206  
-0.631812  -0.989697  
-0.634152  -0.991376  
-0.647615  -0.99666  
-0.646697  -0.999667  
-0.668397  -0.99983  
-0.667365  -1.00279  
-0.676432  -0.985283  
-0.672089  -0.98698  
-0.671052  -0.990061  
-0.670412  -0.984972  
-0.701184  -0.98065  
-0.694585  -0.987692  
-0.687947  -0.978361  
-0.692112  -0.979693  
-0.694901  -0.973108  
-0.691359  -0.960997  
-0.711834  -0.966906  
-0.722388  -0.974445  
-0.72187  -0.981363  
-0.712439  -0.976843  
-0.717449  -0.969635  
-0.723722  -0.981706  
-0.727622  -0.989096  
-0.726955  -0.988862  
-0.719039  -0.99899  
-0.71859  -1.00808  
-0.732775  -1.01674  
-0.73019  -1.00699  
-0.710526  -1.01272  
-0.719982  -1.02957  
-0.716926  -1.02892  
-0.711758  -1.04218  
-0.70917  -1.0324  
-0.69847  -1.04305  
-0.705271  -1.04977  
-0.704542  -1.05184  
-0.70695  -1.05439  
-0.706467  -1.06353  
-0.70176  -1.05978  
-0.701108  -1.0617  
-0.702884  -1.05828  
-0.709472  -1.06006  
-0.706408  -1.05938  
-0.725846  -1.06361  
-0.723283  -1.05375  
-0.724549  -1.06041  
-0.731404  -1.04859  
-0.7283  -1.05391  
-0.732698  -1.0536  
-0.734979  -1.04919  
-0.742821  -1.04277  
-0.747423  -1.03352  
-0.753096  -1.04186  
-0.769371  -1.03693  
-0.772714  -1.03108  
-0.784451  -1.02068  
-0.789044  -1.01134  
-0.788375  -1.01335  
-0.79004  -1.00975  
-0.789372  -1.01176  
-0.783499  -1.00434  
-0.796608  -1.01285  
-0.79985  -1.01191  
-0.797576  -1.01125  
-0.793499  -1.00367  
-0.797998  -1.01812  
-0.794766  -1.02402  
-0.793925  -1.02619  
-0.795701  -1.0224  
-0.81386  -1.01991  
-0.815727  -1.01604  
-0.814775  -1.01829  
-0.79064  -1.01649  
-0.802723  -1.01262  
-0.802118  -1.02198  
-0.80361  -1.01097  
-0.807597  -1.01003  
-0.807597  -1.01003  
-0.79645  -1.01136  
-0.787674  -1.01653  
-0.788534  -1.01488  
-0.788534  -1.01488  
-0.78291  -1.0129  
-0.782286  -1.01503  
-0.783746  -1.01124  
-0.780582  -1.00339  
-0.791489  -1.01884  
-0.785971  -1.01998  
-0.785383  -1.02198  
-0.792322  -1.01501  
-0.791667  -1.01705  
-0.800038  -1.01161  
-0.799343  -1.01367  
-0.813304  -1.01385  
-0.819665  -1.01407  
-0.819038  -1.02351  
-0.839204  -1.01027  
-0.860495  -1.01574  
-0.870101  -1.00796  
-0.898608  -1.01344  
-0.898608  -1.01344  
-0.931583  -1.0215  
-0.938308  -1.02468  
-0.97892  -1.0252  
-0.989398  -1.02518  
-0.992913  -1.0322  
-1.02081  -1.02035  
-1.04429  -1.03446  
-1.06262  -1.04213  
-1.08419  -1.03936  
-1.08045  -1.04523  
-1.07957  -1.0378  
-1.09696  -1.04758  
-1.10538  -1.04779  
-1.12552  -1.05225  
-1.12552  -1.05225  
-1.12449  -1.05128  
-1.12308  -1.05303  
-1.13671  -1.05552  
-1.1558  -1.06305  
-1.1611  -1.06826  
-1.15981  -1.0698  
-1.17561  -1.06084  
-1.17435  -1.06248  
-1.17094  -1.05751  
-1.16845  -1.05835  
-1.16508  -1.04924  
-1.18288  -1.04791  
-1.1795  -1.0389  
-1.17457  -1.02055  
-1.17353  -1.02264  
-1.17089  -1.02307  
-1.17864  -1.00627  
-1.17773  -1.00853  
-1.18142  -1.0154  
-1.17822  -1.0067  
-1.15399  -1.00315  
-1.15326  -1.00539  
-1.15677  -1.01226  
-1.15149  -1.00211  
-1.15149  -1.00211  
-1.15195  -1.00026  
-1.14894  -0.991645  
-1.14637  -0.991011  
-1.15227  -0.988389  
-1.15162  -0.990751  
-1.16106  -0.980805  
-1.16959  -0.969008  
-1.16475  -0.970698  
-1.16401  -0.973199  
-1.16283  -0.957801  
-1.17695  -0.962053  
-1.17377  -0.961246  
-1.18389  -0.958257  
-1.18068  -0.94996  
-1.18106  -0.955524  
-1.18018  -0.958125  
-1.19661  -0.963088  
-1.20013  -0.961974  
-1.19781  -0.950906  
-1.20612  -0.968416  
-1.20519  -0.970828  
-1.22471  -0.964233  
-1.22372  -0.966696  
-1.24119  -0.977582  
-1.26943  -0.981245  
-1.26825  -0.983536  
-1.26687  -0.985422  
-1.26578  -0.987615  
-1.3004  -0.991024  
-1.29923  -0.993169  
-1.31793  -0.997315  
-1.31437  -0.988226  
-1.33116  -0.996839  
-1.35899  -0.993976  
-1.3577  -0.996097  
-1.37445  -0.988304  
-1.39229  -0.999762  
-1.41502  -1.00925  
-1.40916  -1.00119  
-1.40916  -1.00119  
-1.45915  -1.01105  
-1.45663  -1.02412  
-1.46885  -1.02467  
-1.47746  -1.00655  
-1.47407  -1.02096  
-1.49084  -1.03071  
-1.49188  -1.04372  
-1.49788  -1.03201  
-1.50181  -1.05024  
-1.50059  -1.05178  
-1.49967  -1.05146  
-1.49863  -1.05298  
-1.49833  -1.05718  
-1.51177  -1.08137  
-1.51177  -1.08137  
-1.51379  -1.08796  
-1.51379  -1.08796  
-1.5282  -1.11081  
-1.52743  -1.11164  
-1.52652  -1.10746  
-1.52587  -1.10831  
-1.54183  -1.11931  
-1.54119  -1.12003  
-1.53162  -1.12814  
-1.53978  -1.12881  
-1.53928  -1.12944  
-1.56919  -1.1538  
-1.56857  -1.15415  
-1.57277  -1.14924  
-1.57474  -1.15798  
-1.58532  -1.17117  
-1.61292  -1.17551  
-1.60556  -1.18387  
-1.6183  -1.17974  
-1.64302  -1.18572  
-1.65315  -1.19825  
-1.68407  -1.21423  
-1.68336  -1.21094  
-1.71568  -1.23257  
-1.73275  -1.23641  
-1.73191  -1.236  
-1.77747  -1.25278  
-1.77653  -1.25221  
-1.80282  -1.26775  
-1.80189  -1.26703  
-1.83481  -1.27601  
-1.82807  -1.27079  
-1.87407  -1.28167  
-1.87309  -1.2809  
-1.90439  -1.29819  
-1.91581  -1.29945  
-1.91484  -1.29854  
-1.93827  -1.29971  
-1.93532  -1.29793  
-1.95587  -1.29355  
-1.94862  -1.29817  
-1.96841  -1.30537  
-1.95541  -1.29337  
-1.94839  -1.28938  
-1.95104  -1.28781  
-1.94567  -1.27273  
-1.94272  -1.27114  
-1.94419  -1.26016  
-1.94047  -1.25727  
-1.9228  -1.25752  
-1.9228  -1.25752  
-1.90797  -1.23078  
-1.91926  -1.22742  
-1.91915  -1.2275  
-1.89547  -1.2131  
-1.89549  -1.21333  
-1.88215  -1.20692  
-1.88225  -1.20722  
-1.89576  -1.20169  
-1.89577  -1.20205  
-1.90678  -1.19814  
-1.90674  -1.19855  
-1.90835  -1.20857  
-1.91508  -1.20733  
-1.91252  -1.19562  
-1.91865  -1.20199  
-1.9256  -1.20103  
-1.93156  -1.20731  
-1.92361  -1.20099  
-1.92503  -1.19796  
-1.93171  -1.18695  
-1.92887  -1.18631  
-1.92739  -1.19036  
-1.9218  -1.17724  
-1.92164  -1.1779  
-1.91855  -1.17632  
-1.91839  -1.17697  
-1.90182  -1.16448  
-1.89925  -1.15649  
-1.89917  -1.15736  
-1.89119  -1.15937  
-1.89116  -1.16018  
-1.86665  -1.13723  
-1.86595  -1.14744  
-1.8656  -1.1401  
-1.84091  -1.12889  
-1.83711  -1.12266  
-1.83722  -1.12377  
-1.81759  -1.11861  
-1.81557  -1.12032  
-1.78183  -1.10308  
-1.77884  -1.10366  
-1.75882  -1.09886  
-1.73959  -1.09229  
-1.73678  -1.08125  
-1.7252  -1.07098  
-1.7255  -1.06379  
-1.72215  -1.05985  
-1.72581  -1.0566  
-1.72098  -1.0418  
-1.70795  -1.03874  
-1.7061  -1.03466  
-1.69428  -1.0336  
-1.7136  -1.02639  
-1.71354  -1.02839  
-1.70644  -1.02348  
-1.70635  -1.02547  
-1.69908  -1.03274  
-1.699  -1.03459  
-1.70472  -1.04528  
-1.70454  -1.04695  
-1.69816  -1.04342  
-1.69644  -1.03783  
-1.69619  -1.03955  
-1.66905  -1.0293  
-1.66868  -1.03315  
-1.6593  -1.02477  
-1.67224  -1.02747  
-1.67294  -1.02422  
-1.66752  -1.01121  
-1.66116  -1.01252  
-1.63221  -0.997422  
-1.6238  -0.974533  
-1.62324  -0.975795  
-1.61391  -0.971757  
-1.61179  -0.965793  
-1.6091  -0.956606  
-1.57998  -0.946571  
-1.57243  -0.940604  
-1.56132  -0.9282  
-1.56001  -0.928516  
-1.55503  -0.919157  
-1.5451  -0.916388  
-1.54447  -0.916176  
-1.51327  -0.896606  
-1.50302  -0.878097  
-1.50296  -0.881236  
-1.49418  -0.867555  
-1.49403  -0.870765  
-1.48116  -0.870241  
-1.46939  -0.840953  
-1.46923  -0.844232  
-1.45262  -0.833493  
-1.45245  -0.836965  
-1.4438  -0.822217  
-1.43381  -0.819461  
-1.43097  -0.811938  
-1.43649  -0.820797  
-1.43427  -0.813719  
-1.40997  -0.809885  
-1.41834  -0.822411  
-1.41629  -0.816119  
-1.42099  -0.823709  
-1.42208  -0.829671  
-1.41709  -0.843559  
-1.40278  -0.825249  
-1.40404  -0.831983  
-1.39091  -0.835845  
-1.39166  -0.843886  
-1.3827  -0.840148  
-1.38129  -0.859122  
-1.38034  -0.847237  
-1.36792  -0.859103  
-1.36792  -0.859103  
-1.37508  -0.86485  
-1.39171  -0.870377  
-1.38836  -0.886585  
-1.36667  -0.877567  
-1.36624  -0.879944  
-1.36606  -0.889346  
-1.36311  -0.879736  
-1.36488  -0.891591  
-1.35683  -0.891899  
-1.37382  -0.888732  
-1.35724  -0.878542  
-1.35423  -0.868979  
-1.34834  -0.874575  
-1.33263  -0.857246  
-1.338  -0.866439  
-1.33445  -0.846951  
-1.32963  -0.843366  
-1.3372  -0.846537  
-1.33894  -0.842488  
-1.33865  -0.831923  
-1.32175  -0.844887  
-1.32076  -0.834854  
-1.31082  -0.843416  
-1.31238  -0.848775  
-1.31411  -0.851388  
-1.29693  -0.859035  
-1.30942  -0.859606  
-1.29126  -0.848536  
-1.28445  -0.846562  
-1.2779  -0.841594  
-1.27714  -0.842948  
-1.27898  -0.835272  
-1.27776  -0.836952  
-1.27167  -0.82514  
-1.26859  -0.828227  
-1.26773  -0.822499  
-1.26206  -0.813663  
-1.2832  -0.825845  
-1.27638  -0.823854  
-1.27566  -0.822714  
-1.2717  -0.831035  
-1.2717  -0.820054  
-1.29167  -0.831039  
-1.2803  -0.832391  
-1.28304  -0.83609  
-1.27633  -0.829716  
-1.27906  -0.833414  
-1.28924  -0.835061  
-1.28132  -0.830241  
-1.28053  -0.841075  
-1.27733  -0.827549  
-1.27654  -0.838383  
-1.26641  -0.819881  
-1.26641  -0.819881  
-1.25046  -0.816583  
-1.24941  -0.81715  
-1.24941  -0.81715  
-1.24972  -0.806117  
-1.2493  -0.808428  
-1.25067  -0.799708  
-1.22758  -0.783986  
-1.23521  -0.775335  
-1.23474  -0.777926  
-1.24606  -0.765052  
-1.24545  -0.767696  
-1.22921  -0.734512  
-1.23699  -0.728791  
-1.23371  -0.72023  
-1.21822  -0.696387  
-1.21763  -0.699666  
-1.21942  -0.684295  
-1.21727  -0.678975  
-1.19188  -0.656441  
-1.19129  -0.660064  
-1.17118  -0.643039  
-1.1791  -0.6319  
-1.16453  -0.621229  
-1.16395  -0.624907  
-1.13675  -0.600523  
-1.14731  -0.598924  
-1.144  -0.591483  
-1.12241  -0.574344  
-1.12184  -0.578709  
-1.1044  -0.568568  
-1.10218  -0.57426  
-1.10159  -0.578512  
-1.08414  -0.568452  
-1.08355  -0.572696  
-1.05475  -0.566193  
-1.05423  -0.570379  
-1.02861  -0.561793  
-1.03081  -0.574649  
-0.999332  -0.559372  
-0.997043  -0.569484  
-0.997043  -0.569484  
-0.988181  -0.569104  
-0.956231  -0.567607  
-0.951771  -0.567846  
-0.954508  -0.574104  
-0.950323  -0.579253  
-0.94414  -0.590737  
-0.943773  -0.594239  
-0.931312  -0.605797  
-0.93342  -0.608192  
-0.929394  -0.617663  
-0.91393  -0.616946  
-0.909372  -0.627665  
-0.91605  -0.634223  
-0.87973  -0.632013  
-0.880451  -0.630859  
-0.868407  -0.6384  
-0.847259  -0.63812  
-0.847089  -0.640589  
-0.816555  -0.631853  
-0.810679  -0.63271  
-0.780495  -0.63594  
-0.775644  -0.622693  
-0.760823  -0.624353  
-0.734878  -0.633605  
-0.729142  -0.621035  
-0.703914  -0.625152  
-0.679271  -0.617733  
-0.663495  -0.613519  
-0.617658  -0.603228  
-0.619821  -0.607281  
-0.583288  -0.599933  
-0.585825  -0.594209  
-0.541004  -0.600648  
-0.52823  -0.592423  
-0.506097  -0.596729  
-0.481628  -0.582849  
-0.467737  -0.581759  
-0.451726  -0.585958  
-0.452539  -0.58836  
-0.446883  -0.582912  
-0.428746  -0.589674  
-0.428746  -0.589674  
-0.424246  -0.577121  
-0.424246  -0.577121  
-0.425166  -0.583048  
-0.44075  -0.587535  
-0.446568  -0.593487  
-0.436058  -0.585547  
-0.477461  -0.583704  
-0.477203  -0.585749  
-0.467913  -0.588609  
-0.466492  -0.578567  
-0.477905  -0.590555  
-0.474646  -0.595219  
-0.470863  -0.587021  
-0.494397  -0.594424  
-0.490576  -0.591939  
-0.47567  -0.596039  
-0.463306  -0.596876  
-0.457682  -0.597071  
-0.45967  -0.596681  
-0.462  -0.601321  
-0.440864  -0.598213  
-0.435629  -0.590027  
-0.435338  -0.591811  
-0.422615  -0.582683  
-0.42243  -0.584518  
-0.411467  -0.579543  
-0.416158  -0.574367  
-0.415908  -0.576235  
-0.373668  -0.549136  
-0.373603  -0.551233  
-0.374594  -0.54298  
-0.344519  -0.536633  
-0.35671  -0.534719  
-0.323007  -0.525903  
-0.317091  -0.529354  
-0.29619  -0.517924  
-0.29641  -0.503931  
-0.290198  -0.505868  
-0.277385  -0.50808  
-0.27679  -0.507861  
-0.251163  -0.488224  
-0.250162  -0.486212  
-0.258137  -0.488831  
-0.24916  -0.477912  
-0.257942  -0.480123  
-0.225407  -0.464718  
-0.225988  -0.474678  
-0.220984  -0.475794  
-0.239416  -0.467492  
-0.239912  -0.46264  
-0.233986  -0.450232  
-0.239976  -0.462924  
-0.257038  -0.463596  
-0.253805  -0.459663  
-0.253435  -0.462113  
-0.241438  -0.462849  
-0.241041  -0.465198  
-0.239481  -0.459937  
-0.228266  -0.458465  
-0.227918  -0.460786  
-0.210848  -0.469203  
-0.210583  -0.471319  
-0.19254  -0.460641  
-0.192397  -0.462805  
-0.186326  -0.457501  
-0.180025  -0.464124  
-0.180025  -0.464124  
-0.146154  -0.445475  
-0.146154  -0.445475  
-0.141017  -0.450769  
-0.13225  -0.448329  
-0.128639  -0.436714  
-0.094431  -0.429405  
-0.0946453  -0.426368  
-0.0581168  -0.420098  
-0.0516498  -0.408939  
-0.05068  -0.404559  
-0.00750856  -0.394318  
-0.000891707  -0.39402  
0.02827  -0.375245  
0.066732  -0.367617  
0.0574077  -0.362041  
0.0999327  -0.349638  
0.127642  -0.342782  
0.126588  -0.345469  
0.181992  -0.322852  
0.180643  -0.325813  
0.177574  -0.329289  
0.204049  -0.308433  
0.202852  -0.311303  
0.221493  -0.301629  
0.22731  -0.293861  
0.248462  -0.288753  
0.247287  -0.283253  
0.24524  -0.284598  
0.251125  -0.278663  
0.247672  -0.28045  
0.249158  -0.27713  
0.254896  -0.27276  
0.250264  -0.275055  
0.245633  -0.278289  
0.249689  -0.275274  
0.245991  -0.278026  
0.25171  -0.273653  
0.239721  -0.280215  
0.261842  -0.25809  
0.251442  -0.270928  
0.250822  -0.257637  
0.288305  -0.232258  
0.288896  -0.234339  
0.28701  -0.225573  
0.286497  -0.230671  
0.290034  -0.220315  
0.319948  -0.204963  
0.32109  -0.206186  
0.30825  -0.218197  
0.315886  -0.209217  
0.335145  -0.20209  
0.328889  -0.20224  
0.334826  -0.205678  
0.360054  -0.197144  
0.368516  -0.188294  
0.382197  -0.179128  
0.38469  -0.170731  
0.389556  -0.174651  
0.408261  -0.158456  
0.414845  -0.149255  
0.441915  -0.144969  
0.447051  -0.139875  
0.440672  -0.146894  
0.446933  -0.146471  
0.453425  -0.136952  
0.444888  -0.149453  
0.444013  -0.152768  
0.454485  -0.158287  
0.471622  -0.145578  
0.469933  -0.15313  
0.451477  -0.174587  
0.458239  -0.16438  
0.467477  -0.16914  
0.456355  -0.167356  
0.455925  -0.167288  
0.456081  -0.181293  
0.46446  -0.175003  
0.474909  -0.163785  
0.454337  -0.183487  
0.459936  -0.173034  
0.451433  -0.178658  
0.449487  -0.181262  
0.463228  -0.175159  
0.455877  -0.179865  
0.459338  -0.186557  
0.46435  -0.186843  
0.467529  -0.18153  
0.469202  -0.185776  
0.454932  -0.202789  
0.465217  -0.197293  
0.470297  -0.191172  
0.460103  -0.19762  
0.475198  -0.196765  
0.489298  -0.184363  
0.479911  -0.188858  
0.481312  -0.193071  
0.475657  -0.196437  
0.474156  -0.197931  
0.493108  -0.186474  
0.49643  -0.183542  
0.497859  -0.185508  
0.498425  -0.192479  
0.499326  -0.189652  
0.51505  -0.183473  
0.51465  -0.185457  
0.534921  -0.185214  
0.541466  -0.173573  
0.55573  -0.164531  
0.568272  -0.167683  
0.567659  -0.169735  
0.574486  -0.166306  
0.580784  -0.15465  
0.613508  -0.152033  
0.62498  -0.145356  
0.622936  -0.15065  
0.644791  -0.134679  
0.641607  -0.146918  
0.679542  -0.118687  
0.679542  -0.118687  
0.697531  -0.112335  
0.708241  -0.115567  
0.726093  -0.117218  
0.72498  -0.106617  
0.724103  -0.108964  
0.741757  -0.101532  
0.740891  -0.103884  
0.74564  -0.0921266  
0.748797  -0.0976678  
0.74807  -0.100011  
0.750635  -0.0915312  
0.77133  -0.080832  
0.750341  -0.0779477  
0.764057  -0.077213  
0.76348  -0.0796719  
0.75221  -0.0650063  
0.751769  -0.0675726  
0.760127  -0.0605784  
0.743149  -0.0597023  
0.7525  -0.0400798  
0.74008  -0.0436547  
0.739823  -0.0463653  
0.73364  -0.0355762  
0.754893  -0.0201882  
0.749996  -0.0205501  
0.748994  -0.0124789  
0.742787  -0.00835689  
0.742606  -0.0111946  
0.761766  -0.00361424  
0.758328  0.00428532  
0.760681  0.000172625  
0.766638  0.00609997  
0.759168  5.57963e-05  
0.780115  0.0126896  
0.773296  0.000527924  
0.775196  -0.00617769  
0.77554  -0.0121273  
0.776202  -0.00382317  
0.775419  0.000292235  
0.7717  -0.0139603  
0.770516  -0.0242602  
0.770368  -0.0267053  
0.781227  -0.0121959  
0.781015  -0.0147097  
0.752015  -0.0433867  
0.758064  -0.0313774  
0.762854  -0.0289879  
0.76279  -0.0312142  
0.753211  -0.048837  
0.725622  -0.0718252  
0.725757  -0.0735558  
0.742628  -0.0568289  
0.742695  -0.0586889  
0.724138  -0.0714691  
0.715681  -0.0797486  
0.712799  -0.0921664  
0.722887  -0.0623276  
0.720412  -0.0748987  
0.718425  -0.0754545  
0.708233  -0.0703916  
0.715534  -0.0626475  
0.696552  -0.066392  
0.696768  -0.0680581  
0.721379  -0.0428182  
0.72143  -0.0447209  
0.715166  -0.0227985  
0.717436  -0.0410672  
0.723501  -0.0265984  
0.722368  0.00164214  
0.729652  0.00247608  
0.729652  0.00247608  
0.738463  0.0110705  
0.742249  0.0150712  
0.753003  0.0408648  
0.756822  0.0546614  
0.756643  0.0519628  
0.742208  0.0570359  
0.739957  0.0441056  
0.752443  0.0566913  
0.752443  0.0566913  
0.727887  0.0528311  
0.72786  0.0501525  
0.732909  0.0572137  
0.734474  0.0643119  
0.7345  0.0615933  
0.72097  0.0518909  
0.726845  0.0637481  
0.735334  0.0708897  
0.713138  0.0632207  
0.713138  0.0632207  
0.723229  0.0610902  
0.708963  0.0626639  
0.708109  0.054976  
0.689742  0.0419572  
0.677908  0.0341521  
0.680097  0.0349881  
0.686741  0.0451499  
0.675634  0.0346856  
0.652376  0.0121219  
0.652376  0.0121219  
0.659732  0.0295485  
0.664978  0.0247499  
0.630906  0.00479017  
0.640272  0.0166789  
0.624334  -0.00404884  
0.624534  0.00544996  
0.624534  0.00544996  
0.631284  0.00348097  
0.631562  0.00180552  
0.639971  0.016293  
0.635797  0.00266631  
0.635797  0.00266631  
0.670359  0.0341996  
0.668282  0.0211979  
0.677174  0.0340453  
0.694913  0.0435369  
0.694913  0.0435369  
0.699211  0.0574932  
0.702103  0.0608773  
0.720162  0.0716534  
0.723379  0.086261  
0.726937  0.0895841  
0.721178  0.0842653  
0.721178  0.0842653  
0.748139  0.11175  
0.748139  0.11175  
0.743376  0.109358  
0.743884  0.10923  
0.749422  0.12385  
0.743758  0.118616  
0.752759  0.130348  
0.750111  0.125606  
0.757803  0.156362  
0.757626  0.153431  
0.765333  0.150079  
0.765208  0.147282  
0.772613  0.155302  
0.779074  0.185252  
0.778918  0.182126  
0.773923  0.17692  
0.773814  0.173929  
0.779101  0.181284  
0.787205  0.171823  
0.788363  0.165384  
0.78724  0.162706  
0.784744  0.158081  
0.799628  0.162427  
0.77945  0.149128  
0.779725  0.139625  
0.793977  0.151116  
0.797963  0.152166  
0.816716  0.176395  
0.793987  0.15658  
0.79637  0.16448  
0.813687  0.172004  
0.812725  0.179237  
0.817109  0.191044  
0.800472  0.171625  
0.812783  0.187367  
0.821292  0.180609  
0.818883  0.174777  
0.817056  0.1624  
0.80556  0.156491  
0.812329  0.154706  
0.812087  0.154415  
0.808922  0.147389  
0.818479  0.145672  
0.810259  0.136978  
0.81493  0.146526  
0.824106  0.147124  
0.821188  0.138455  
0.814682  0.126542  
0.827216  0.139583  
0.82723  0.137775  
0.836243  0.139817  
0.838503  0.13781  
0.82303  0.117673  
0.826134  0.131852  
0.826168  0.130208  
0.808858  0.110431  
0.814164  0.123697  
0.803608  0.111558  
0.821126  0.110562  
0.821126  0.110562  
0.826356  0.123735  
0.815883  0.111689  
0.824907  0.127919  
0.824984  0.126445  
0.823251  0.125907  
0.823285  0.124471  
0.806153  0.104789  
0.82189  0.128616  
0.821925  0.12718  
0.804933  0.113504  
0.805113  0.11225  
0.810643  0.125018  
0.810764  0.123641  
0.805533  0.124777  
0.805652  0.123433  
0.788489  0.103688  
0.802985  0.114448  
0.803119  0.113263  
0.79562  0.0905556  
0.795807  0.0896608  
0.792285  0.100688  
0.802505  0.118667  
0.782801  0.109068  
0.775512  0.117957  
0.77759  0.110216  
0.798509  0.126568  
0.78578  0.111214  
0.785959  0.110133  
0.771593  0.114075  
0.7692  0.127064  
0.772159  0.114521  
0.772373  0.113453  
0.747347  0.106183  
0.747641  0.105205  
0.743579  0.119103  
0.743852  0.117996  
0.730232  0.110996  
0.730583  0.110055  
0.727843  0.113864  
0.718732  0.113415  
0.719079  0.112373  
0.70462  0.101785  
0.708472  0.099916  
0.725133  0.11933  
0.713572  0.111209  
0.71386  0.11021  
0.700772  0.0957512  
0.703314  0.0975516  
0.715764  0.0991428  
0.708678  0.0908304  
0.708888  0.0900931  
0.719334  0.100024  
0.719461  0.0991926  
0.733679  0.0922392  
0.738702  0.0871795  
0.737495  0.079326  
0.748126  0.0890506  
0.748071  0.0883986  
0.752072  0.0906403  
0.751624  0.0853  
0.76069  0.101399  
0.783871  0.118088  
0.784298  0.112464  
0.765004  0.10861  
0.769946  0.122418  
0.769946  0.122418  
0.773883  0.124007  
0.783591  0.121117  
0.787532  0.122703  
0.797491  0.151929  
0.796454  0.138904  
0.798769  0.147694  
0.798769  0.147694  
0.814229  0.171291  
0.798621  0.164789  
0.798544  0.163457  
0.822059  0.191341  
0.818391  0.194599  
0.803676  0.198112  
0.816255  0.208802  
0.800774  0.209792  
0.805688  0.222485  
0.798884  0.230839  
0.798983  0.228906  
0.797577  0.213245  
0.792953  0.24072  
0.793121  0.23872  
0.787049  0.241136  
0.791504  0.245551  
0.783712  0.241041  
0.778263  0.244233  
0.778527  0.242224  
0.779838  0.259068  
0.782074  0.25962  
0.774941  0.26683  
0.771605  0.26913  
0.776685  0.281505  
0.775116  0.286683  
0.775416  0.284309  
0.767097  0.303168  
0.78084  0.312961  
0.788115  0.329685  
0.766182  0.31288  
0.766528  0.310303  
0.784516  0.325002  
0.784277  0.338068  
0.788208  0.339686  
0.792399  0.338545  
0.79391  0.32782  
0.793389  0.343538  
0.793607  0.340821  
0.796091  0.347955  
0.796313  0.34524  
0.794856  0.350756  
0.806714  0.355623  
0.806942  0.352909  
0.810971  0.361863  
0.811174  0.359255  
0.79221  0.357842  
0.806797  0.368452  
0.80704  0.365672  
0.789983  0.363729  
0.79031  0.361038  
0.793367  0.381206  
0.775712  0.38009  
0.776168  0.377285  
0.763458  0.3901  
0.763992  0.387223  
0.758175  0.420119  
0.751252  0.429899  
0.745627  0.43041  
0.735082  0.426038  
0.735241  0.432816  
0.714081  0.449929  
0.693902  0.444478  
0.696062  0.436391  
0.676931  0.434951  
0.675178  0.429193  
0.660799  0.441862  
0.635928  0.411692  
0.641507  0.414277  
0.642683  0.435263  
0.62538  0.434268  
0.636306  0.439368  
0.619736  0.430884  
0.622823  0.433122  
0.608903  0.439  
0.608953  0.438639  
0.614089  0.449463  
0.590929  0.432447  
0.579245  0.439672  
0.574927  0.450832  
0.559284  0.438826  
0.560228  0.43603  
0.536374  0.423147  
0.541615  0.434614  
0.551705  0.424865  
0.553872  0.432315  
0.526727  0.419248  
0.527937  0.421199  
0.528854  0.418591  
0.528673  0.429924  
0.531872  0.416682  
0.519907  0.410143  
0.535972  0.426843  
0.526842  0.422925  
0.514653  0.419039  
0.515437  0.416593  
0.513799  0.415295  
0.512823  0.426782  
0.513476  0.428107  
0.505567  0.420597  
0.510361  0.432229  
0.504557  0.446998  
0.499358  0.432155  
0.493884  0.42714  
0.466917  0.442392  
0.466805  0.444342  
0.455787  0.448063  
0.448519  0.45043  
0.448015  0.452695  
0.422047  0.461049  
0.424864  0.460558  
0.424717  0.470448  
0.417218  0.483635  
0.388747  0.477098  
0.384161  0.493469  
0.38685  0.48352  
0.36673  0.487602  
0.359099  0.500517  
0.360275  0.493859  
0.351449  0.512185  
0.332603  0.498201  
0.314343  0.49855  
0.326655  0.508317  
0.328892  0.498985  
0.329795  0.501456  
0.324887  0.510532  
0.34009  0.51233  
0.33153  0.505616  
0.332555  0.502817  
0.342603  0.516987  
0.343548  0.514126  
0.357877  0.527394  
0.349537  0.512067  
0.354161  0.522618  
0.366546  0.535714  
0.367274  0.532777  
0.364346  0.517202  
0.377037  0.517683  
0.383907  0.517661  
0.409745  0.50915  
0.415454  0.515712  
0.393882  0.488204  
0.395708  0.486922  
0.403336  0.494305  
0.428019  0.488667  
0.430226  0.495892  
0.423915  0.473054  
0.424047  0.474325  
0.421889  0.477858  
0.440516  0.48694  
0.432099  0.485922  
0.436794  0.48525  
0.443399  0.497345  
0.443399  0.497345  
0.419124  0.487315  
0.419557  0.476017  
0.438044  0.509418  
0.438472  0.498095  
0.426028  0.509596  
0.39786  0.494072  
0.398478  0.492218  
0.408426  0.521519  
0.409038  0.519436  
0.401058  0.525885  
0.401689  0.523757  
0.376064  0.537175  
0.378278  0.554651  
0.378278  0.554651  
0.375343  0.569788  
0.37618  0.5673  
0.368165  0.582899  
0.361958  0.595832  
0.351282  0.58518  
0.361002  0.605711  
0.361002  0.605711  
0.36298  0.617062  
0.363419  0.606148  
0.353055  0.603373  
0.358729  0.61917  
0.362598  0.61608  
0.382037  0.622689  
0.385497  0.624619  
0.373411  0.622261  
0.382567  0.616167  
0.382567  0.616167  
0.396683  0.615373  
0.400509  0.628216  
0.395504  0.603165  
0.39989  0.613487  
0.406612  0.618681  
0.407159  0.616271  
0.420662  0.617985  
0.421121  0.615644  
0.401119  0.605835  
0.405426  0.608199  
0.405977  0.606004  
0.403299  0.592129  
0.403871  0.590169  
0.410049  0.595723  
0.405474  0.590036  
0.401553  0.585716  
0.407863  0.58528  
0.404455  0.578273  
0.397585  0.576028  
0.386357  0.573271  
0.386963  0.571653  
0.382111  0.563677  
0.382712  0.562195  
0.364151  0.559487  
0.359503  0.560647  
0.360197  0.559236  
0.352574  0.553628  
0.353297  0.552321  
0.34188  0.554231  
0.352095  0.545519  
0.354529  0.549081  
0.347464  0.546728  
0.338844  0.553114  
0.352689  0.542861  
0.367755  0.542044  
0.367755  0.542044  
0.34106  0.538594  
0.357503  0.532422  
0.358113  0.541783  
0.358508  0.540766  
0.37006  0.537967  
0.370362  0.537018  
0.392662  0.558847  
0.397116  0.559644  
0.397327  0.558533  
0.391497  0.559959  
0.402869  0.5564  
0.400065  0.573504  
0.400065  0.573504  
0.409815  0.567439  
0.402621  0.576835  
0.402621  0.576835  
0.4088  0.572709  
0.4088  0.572709  
0.406834  0.58602  
0.415277  0.588391  
0.419189  0.600762  
0.417844  0.59173  
0.418063  0.590463  
0.415069  0.608886  
0.415353  0.607451  
0.397308  0.604888  
0.397681  0.603516  
0.410852  0.605417  
0.398695  0.61239  
0.388173  0.613746  
0.400863  0.617179  
0.401278  0.615744  
0.394542  0.630333  
0.381265  0.618312  
0.382249  0.615942  
0.371244  0.617957  
0.375789  0.628791  
0.363191  0.626903  
0.352776  0.610069  
0.35528  0.614463  
0.363519  0.605793  
0.359427  0.605075  
0.359016  0.607041  
0.34353  0.593037  
0.346324  0.595495  
0.354909  0.589865  
0.363517  0.588502  
0.355065  0.588154  
0.346441  0.578369  
0.350006  0.579923  
0.341934  0.5797  
0.340788  0.583725  
0.359307  0.57701  
0.350527  0.576435  
0.359012  0.589509  
0.365887  0.593502  
0.363624  0.590584  
0.381352  0.601463  
0.365709  0.596769  
0.375173  0.610318  
0.391761  0.602209  
0.401651  0.627788  
0.401791  0.626664  
0.413166  0.628832  
0.417246  0.639783  
0.401129  0.625569  
0.420817  0.6323  
0.420899  0.631209  
0.436558  0.645456  
0.436557  0.644195  
0.419423  0.645538  
0.424951  0.637315  
0.424062  0.636088  
0.417581  0.654988  
0.415974  0.655186  
0.406331  0.652163  
0.401936  0.653445  
0.394516  0.656553  
0.405833  0.660436  
0.386621  0.665434  
0.396259  0.663652  
0.384783  0.670024  
0.38108  0.670823  
0.373439  0.667217  
0.380969  0.674086  
0.353316  0.663704  
0.34879  0.674047  
0.351489  0.669403  
0.324352  0.659491  
0.322734  0.670984  
0.300056  0.662809  
0.300056  0.662809  
0.278305  0.652538  
0.269089  0.649475  
0.27008  0.648443  
0.262816  0.645397  
0.263742  0.644411  
0.262787  0.642005  
0.262016  0.642651  
0.262843  0.641737  
0.265837  0.648368  
0.245341  0.640339  
0.271996  0.661244  
0.265995  0.654375  
0.265995  0.654375  
0.269051  0.674651  
0.269619  0.673457  
0.264531  0.666417  
0.265101  0.665342  
0.273454  0.682362  
0.273909  0.681149  
0.294509  0.702228  
0.294866  0.700844  
0.28878  0.703802  
0.310978  0.725025  
0.311244  0.723433  
0.302472  0.725581  
0.302846  0.724005  
0.324996  0.746732  
0.328568  0.764505  
0.333699  0.766903  
0.328376  0.76957  
0.325669  0.765865  
0.325413  0.771107  
0.341195  0.788023  
0.338517  0.785176  
0.333938  0.787377  
0.338615  0.788499  
0.345586  0.798905  
0.341647  0.798839  
0.343283  0.792669  
0.346559  0.799336  
0.347747  0.807796  
0.32372  0.802594  
0.323997  0.814683  
0.319194  0.802707  
0.308362  0.813122  
0.302968  0.810361  
0.302052  0.818939  
0.281185  0.811479  
0.284549  0.807279  
0.260173  0.80129  
0.261111  0.799512  
0.272896  0.811169  
0.252796  0.801989  
0.26499  0.823082  
0.244903  0.813751  
0.248401  0.82119  
0.248564  0.824591  
0.235938  0.821485  
0.240814  0.836422  
0.241669  0.836528  
0.249476  0.844183  
0.232894  0.842297  
0.24142  0.846652  
0.230076  0.842972  
0.243376  0.858814  
0.226815  0.856934  
0.226257  0.847664  
0.243292  0.867674  
0.240092  0.87038  
0.240092  0.87038  
0.22739  0.869487  
0.236963  0.88435  
0.24416  0.892482  
0.24092  0.898523  
0.247654  0.899862  
0.244039  0.904594  
0.244039  0.904594  
0.253304  0.921748  
0.232411  0.914191  
0.238098  0.931092  
0.239803  0.941321  
0.218219  0.924526  
0.226767  0.94422  
0.227592  0.941687  
0.223267  0.948979  
0.220206  0.940105  
0.224428  0.949963  
0.215981  0.947091  
0.207221  0.938962  
0.204458  0.93484  
0.199847  0.927861  
0.178152  0.914372  
0.191317  0.922261  
0.174598  0.91927  
0.162182  0.909658  
0.162527  0.913228  
0.160003  0.907017  
0.149552  0.905593  
0.153057  0.913125  
0.153926  0.911436  
0.15756  0.908648  
0.165972  0.914732  
0.154674  0.90995  
0.158792  0.917157  
0.159534  0.915545  
0.161533  0.927175  
0.161864  0.918916  
0.189785  0.933648  
0.195038  0.935688  
0.198272  0.936239  
0.198236  0.941653  
0.198664  0.939863  
0.219776  0.963374  
0.236275  0.963032  
0.236489  0.961121  
0.231388  0.964242  
0.231388  0.964242  
0.244006  0.970649  
0.244006  0.970649  
0.226873  0.960193  
0.242121  0.96686  
0.247337  0.978053  
0.259274  0.961463  
0.264633  0.970937  
0.259707  0.965118  
0.259882  0.9635  
0.279206  0.971277  
0.264914  0.96742  
0.265142  0.965847  
0.265575  0.957021  
0.265744  0.955598  
0.259205  0.958327  
0.244996  0.962428  
0.245374  0.961005  
0.251273  0.952522  
0.251596  0.951245  
0.247979  0.958211  
0.238843  0.949431  
0.233813  0.940877  
0.231102  0.949047  
0.23528  0.953617  
0.229907  0.947251  
0.233928  0.950213  
0.237568  0.945493  
0.225117  0.954232  
0.228266  0.949762  
0.206449  0.947395  
0.19535  0.942487  
0.198698  0.945846  
0.196873  0.95438  
0.177313  0.942401  
0.170828  0.94104  
0.161992  0.944976  
0.164079  0.948163  
0.163621  0.956846  
0.165823  0.96084  
0.147057  0.955771  
0.166731  0.969755  
0.167313  0.968588  
0.176613  0.978107  
0.177078  0.976883  
0.173239  0.978496  
0.173239  0.978496  
0.173751  0.982224  
0.174202  0.981032  
0.177865  0.979496  
0.175409  0.99007  
0.175742  0.988825  
0.18538  0.989464  
0.197687  1.00097  
0.164506  0.986251  
0.180805  0.999656  
0.180805  0.999656  
0.180972  0.999132  
0.175618  0.99236  
0.175634  0.993776  
0.164605  0.999347  
0.167632  0.996823  
0.180535  0.999625  
0.176704  0.999863  
0.176726  1.00128  
0.17292  1.00295  
0.16728  0.995298  
0.159259  0.992273  
0.163824  0.995913  
0.161145  1.00416  
0.174043  1.01048  
0.178129  1.00641  
0.168917  1.00403  
0.170428  1.01563  
0.170821  1.01592  
0.156959  1.00784  
0.157321  1.0068  
0.148913  1.00482  
0.159062  1.02064  
0.150883  1.01671  
0.13597  1.00814  
0.136445  1.00715  
0.137474  1.00987  
0.13263  1.00883  
0.154868  1.01833  
0.142466  1.01576  
0.147089  1.01942  
0.165064  1.02939  
0.165305  1.02829  
0.170867  1.01993  
0.157053  1.01554  
0.162865  1.0186  
0.181016  1.02845  
0.181092  1.02743  
0.178839  1.02327  
0.163055  1.01105  
0.169207  1.01309  
0.159238  1.01278  
0.155932  1.01013  
0.139843  1.00812  
0.122894  1.00344  
0.127376  1.00467  
0.129728  1.00331  
0.12516  0.999581  
0.136566  1.00317  
0.123383  1.00501  
0.118376  1.00188  
0.102644  0.987955  
0.0969871  0.983162  
0.10949  0.987856  
0.106965  0.987834  
0.111587  0.987654  
0.0920833  0.981558  
0.0959755  0.980722  
0.0927587  0.971328  
0.101187  0.979917  
0.0835837  0.971151  
0.107431  0.98429  
0.0846035  0.968826  
0.0912614  0.979149  
0.117591  0.983847  
