-0.0468972  0.151057  -0.08  -0.04  0.00148397
-0.0324207  0.186006  -0.0751745  -0.0283502  0.00239291
-0.0176546  0.220737  -0.0702525  -0.0167733  0.0025813
-0.00185965  0.255176  -0.0649876  -0.00529374  0.00359255
0.0176781  0.28733  -0.0584751  0.0054241  0.0033819
0.0412376  0.316888  -0.050622  0.0152766  0.00286467
0.0683395  0.343217  -0.0415881  0.024053  0.00324843
0.0978626  0.36687  -0.0317472  0.0319371  0.00423972
0.130266  0.386126  -0.0209462  0.0383556  0.00557745
0.165486  0.399855  -0.00920626  0.0429319  0.00708334
0.202406  0.40729  0.00310033  0.0454103  0.00801745
0.240264  0.407394  0.0157193  0.0454449  0.00744567
0.277031  0.399795  0.027975  0.0429121  0.00522778
0.310055  0.381883  0.0389829  0.0369414  0.00369715
0.331996  0.351481  0.0462965  0.0268073  0.00303485
0.346851  0.316842  0.0512482  0.0152612  0.0024045
0.366379  0.284471  0.0577575  0.00447086  0.00225613
0.381216  0.249755  0.062703  -0.00710104  0.00659476
0.38823  0.212712  0.065041  -0.0194485  1e-05
0.391605  0.175059  0.066166  -0.0319992  1e-05
0.395757  0.137539  0.0675498  -0.0445057  1e-05
0.4  0.1  0.0689642  -0.0570187  1e-05
