-315.846  -74.4393
-74.4393  -334.154
-303.667  -71.9021
-71.9021  -346.333
-256.499  -30.539
-30.539  -393.501
-258.478  63.2916
63.2916  -722.469
-294.037  233.201
233.201  -1484.93
-261.723  131.131
131.131  -1716.79
-256.011  -95.5427
-95.5427  -1768.49
-347.596  -375.136
-375.136  -1691.94
-653.635  -679.038
-679.038  -1392.35
-1306.36  -720.876
-720.876  -741.937
-1554.34  -565.021
-565.021  -494.759
-1402.98  -676.024
-676.024  -646.37
-1575.91  -544.686
-544.686  -473.758
-1752.52  -265.758
-265.758  -297.006
-1790.27  -122.399
-122.399  -259.727
-1784.46  -154.438
-154.438  -265.544
-1783.72  -158.031
-158.031  -266.283
