0.749016  -0.662552
0.662552  0.749016
0.801385  -0.598149
0.598149  0.801385
0.978096  -0.208153
0.208153  0.978096
0.991146  0.132773
0.132773  -0.991146
0.982633  0.185559
0.185559  -0.982633
0.996028  0.0890448
0.0890448  -0.996028
0.998026  -0.0627953
0.0627953  0.998026
0.967785  -0.251779
0.251779  0.967785
0.859601  -0.510966
0.510966  0.859601
0.563673  -0.825998
0.825998  0.563673
0.397493  -0.917605
0.917605  0.397493
0.505795  -0.862653
0.862653  0.505795
0.379988  -0.924991
0.924991  0.379988
0.174171  -0.984715
0.984715  0.174171
0.0792163  -0.996857
0.996857  0.0792163
0.100141  -0.994973
0.994973  0.100141
0.102495  -0.994733
0.994733  0.102495
