-0.00039067  0.454171  -0.08  0.04  1
0.0280641  0.429001  -0.0705152  0.0316101  0.999799
0.0583049  0.40643  -0.060435  0.0240863  0.95714
0.0948786  0.398646  -0.0482439  0.0214919  0.57525
0.132163  0.403641  -0.0358159  0.0231567  0.246535
0.1692  0.410635  -0.0234705  0.025488  0.123345
0.206773  0.413994  -0.0109461  0.0266077  0.0732495
0.244528  0.411618  0.00163876  0.0258158  0.046841
0.280878  0.402162  0.0137551  0.0226636  0.0289963
0.313227  0.382932  0.0245383  0.0162539  0.0188726
0.33436  0.351965  0.0315825  0.00593148  0.013739
0.349337  0.31739  0.0365748  -0.00559328  0.0116176
0.368463  0.28477  0.0429501  -0.0164666  0.00831648
0.382788  0.249899  0.0477251  -0.0280902  0.00991354
0.389358  0.212755  0.049915  -0.0404713  1e-05
0.392346  0.175152  0.050911  -0.0530054  1e-05
0.39613  0.137556  0.0521723  -0.0655373  1e-05
0.4  0.1  0.0534622  -0.0780559  1e-05
