2.56087  4.48022  
2.56082  4.48012  
2.56079  4.48007  
2.83991  4.30073  
2.97457  4.19823  
2.97079  4.196  
2.72959  4.2677  
2.71881  4.26724  
2.84967  4.12926  
2.86068  4.11726  
2.91769  3.99867  
2.35409  2.38266  
2.33215  2.38814  
1.78715  2.51408  
1.74983  2.51438  
1.59172  2.37427  
1.49123  2.09835  
1.46478  2.10725  
0.935464  2.30336  
0.940019  2.2943  
0.959168  2.20457  
0.98589  2.18027  
1.04713  1.99833  
1.03065  1.91287  
1.01726  1.9265  
1.31144  1.68032  
1.3333  1.65952  
1.52795  1.45482  
1.51575  1.38247  
1.57404  1.30715  
1.64092  1.18795  
1.61582  1.21838  
1.58821  1.17601  
1.48015  1.21363  
1.49252  1.19842  
1.53246  1.10987  
1.47059  1.1873  
1.33224  1.26907  
1.30002  1.31005  
1.30651  1.30491  
1.45433  1.16173  
1.47123  1.17658  
1.45943  1.19027  
1.4152  1.20776  
1.45622  1.19285  
1.58409  1.07598  
1.60108  1.0933  
1.56713  1.10118  
1.53483  1.13821  
1.54698  1.13103  
1.65218  1.08713  
1.64357  1.09558  
1.48415  1.21998  
1.45296  1.2274  
1.45465  1.22276  
1.45075  1.25504  
1.43358  1.27418  
1.30486  1.37878  
1.29867  1.37933  
1.24631  1.41488  
1.24195  1.39253  
1.17915  1.45796  
1.06015  1.5047  
1.09097  1.48388  
1.07612  1.4684  
1.03741  1.48927  
1.04052  1.48955  
0.959492  1.51661  
0.951704  1.51874  
0.970147  1.4842  
0.971585  1.48604  
0.846927  1.54978  
0.838904  1.55135  
0.851758  1.55082  
0.870461  1.53717  
0.834411  1.57297  
0.773258  1.6377  
0.764403  1.63801  
0.827567  1.60246  
0.834718  1.60155  
0.814325  1.63034  
0.831856  1.61544  
0.903142  1.55956  
0.961582  1.51874  
0.976805  1.51751  
0.943974  1.54809  
0.959661  1.53333  
1.02806  1.49054  
1.03255  1.48955  
1.0323  1.53208  
1.03665  1.53037  
1.06012  1.57058  
1.07349  1.56791  
1.13954  1.59082  
1.15627  1.65318  
1.15955  1.64929  
1.25088  1.64183  
1.25333  1.63769  
1.32161  1.67767  
1.34565  1.67857  
1.37552  1.69395  
1.43695  1.65309  
1.45271  1.66097  
1.464  1.68512  
1.45556  1.69618  
1.45404  1.70622  
1.49845  1.70024  
1.50512  1.72076  
1.46997  1.76615  
1.44387  1.80385  
1.43559  1.80982  
1.47005  1.79465  
1.45524  1.83448  
1.45512  1.85528  
1.45864  1.88768  
1.45397  1.8894  
1.45697  1.91083  
1.45792  1.91486  
1.47104  1.92248  
1.45028  1.93886  
1.46317  1.95117  
1.45402  1.988  
1.45486  1.99094  
1.4556  2.01136  
1.44738  2.01408  
1.44008  2.05632  
1.407  2.07285  
1.38872  2.11756  
1.38582  2.13022  
1.3868  2.13161  
1.37122  2.14401  
1.35284  2.18041  
1.3442  2.20221  
1.34531  2.20286  
1.35378  2.21358  
1.34578  2.21403  
1.34614  2.21196  
1.32795  2.21499  
1.35368  2.20162  
1.33051  2.2174  
1.33133  2.21794  
1.3021  2.23644  
1.30055  2.22435  
1.30144  2.22495  
1.26376  2.2489  
1.2498  2.25351  
1.25084  2.25389  
1.24295  2.25754  
1.2273  2.26636  
1.22463  2.27162  
1.22258  2.26664  
1.22354  2.267  
1.22868  2.2599  
1.22383  2.26814  
1.2316  2.2526  
1.23554  2.24208  
1.23626  2.24275  
1.24143  2.22915  
1.23523  2.23319  
1.2374  2.22903  
1.21976  2.22744  
1.21976  2.22744  
1.22501  2.22736  
1.21636  2.22824  
1.22096  2.22726  
1.2123  2.22813  
1.21766  2.22934  
1.2047  2.23979  
1.2047  2.23979  
1.21939  2.22666  
1.20609  2.23403  
1.20615  2.23224  
1.22975  2.21487  
1.22961  2.21827  
1.23727  2.21548  
1.23435  2.22428  
1.23463  2.2251  
1.23469  2.22595  
1.24156  2.22255  
1.242  2.23123  
1.24666  2.23282  
1.25291  2.24483  
1.26096  2.24312  
1.26096  2.24312  
1.27198  2.24115  
1.27201  2.24167  
1.29062  2.23135  
1.2905  2.23194  
1.30145  2.24237  
1.30779  2.23881  
1.30779  2.23881  
1.30496  2.24792  
1.30479  2.24825  
1.30415  2.24951  
1.30357  2.25065  
1.30179  2.25769  
1.3099  2.2471  
1.30826  2.25393  
1.2942  2.26542  
1.29416  2.26554  
1.29117  2.27498  
1.29134  2.26197  
1.29134  2.26197  
1.29132  2.26183  
1.29134  2.26197  
1.28828  2.27139  
1.27918  2.27137  
1.27918  2.27137  
1.28044  2.25979  
1.28225  2.24863  
1.28338  2.23904  
1.27461  2.23915  
1.27498  2.24692  
1.26765  2.23729  
1.26596  2.23389  
1.25918  2.2254  
1.22696  2.23577  
1.22696  2.23577  
1.23529  2.21975  
1.23572  2.22042  
1.23031  2.21337  
1.23265  2.20623  
1.22334  2.2062  
1.22057  2.2058  
1.23001  2.19271  
1.22723  2.19232  
1.2652  2.1679  
1.26822  2.16034  
1.26242  2.16752  
1.25914  2.16797  
1.25637  2.16759  
1.25818  2.16561  
1.25843  2.16674  
1.29513  2.14741  
1.30389  2.14085  
1.30115  2.14688  
1.33268  2.14028  
1.33255  2.14144  
1.34859  2.12667  
1.34836  2.12794  
1.3737  2.11302  
1.38012  2.09961  
1.38494  2.09775  
1.39153  2.0999  
1.4006  2.08806  
1.4217  2.05789  
1.42754  2.04738  
1.4271  2.03535  
1.4444  2.02395  
1.44478  2.01627  
1.44293  2.00567  
1.45953  1.96497  
1.46018  1.96648  
1.45995  1.94462  
1.45544  1.94071  
1.48436  1.9103  
1.4827  1.87575  
1.4796  1.88551  
1.46163  1.88617  
1.49715  1.84457  
1.51652  1.81476  
1.51646  1.8183  
1.49982  1.80576  
1.49998  1.80928  
1.52801  1.76086  
1.5281  1.76468  
1.52069  1.75606  
1.53023  1.74682  
1.55248  1.70254  
1.56036  1.69276  
1.57009  1.68346  
1.56646  1.68368  
1.58528  1.64846  
1.60621  1.62963  
1.60635  1.63427  
1.5983  1.62799  
1.5986  1.63254  
1.64875  1.57622  
1.65831  1.5674  
1.6533  1.56868  
1.66271  1.56013  
1.68037  1.55658  
1.69965  1.54255  
1.6997  1.54746  
1.70634  1.53118  
1.71587  1.52217  
1.76291  1.46677  
1.80075  1.42978  
1.77321  1.45577  
1.80523  1.42037  
1.79377  1.42291  
1.84825  1.36026  
1.86519  1.31308  
1.87435  1.30521  
1.87812  1.27451  
1.88727  1.26689  
1.91561  1.2295  
1.92222  1.21068  
1.90739  1.21932  
1.9452  1.1698  
1.95441  1.1626  
1.96471  1.13003  
1.94874  1.12944  
1.95822  1.12233  
1.98037  1.08481  
1.98974  1.07796  
1.97933  1.08575  
1.96056  1.09455  
1.97023  1.08738  
1.96489  1.05661  
1.97473  1.04964  
1.93849  1.07379  
1.94855  1.06658  
1.9497  1.04201  
1.95003  1.04194  
1.92501  1.03941  
1.90363  1.03228  
1.91411  1.02522  
1.92013  0.986656  
1.90672  0.996215  
1.87487  0.988161  
1.88558  0.981422  
1.87658  0.958573  
1.8873  0.945772  
1.87864  0.943544  
1.85746  0.955738  
1.86364  0.951798  
1.86849  0.927348  
1.85981  0.927295  
1.87059  0.920799  
1.84484  0.923865  
1.86009  0.92057  
1.85946  0.902274  
1.84246  0.896166  
1.8314  0.910971  
1.81597  0.870862  
1.8209  0.847366  
1.83149  0.841581  
1.79852  0.864735  
1.7948  0.851958  
1.79792  0.823559  
1.77592  0.838492  
1.77207  0.834709  
1.78036  0.826747  
1.77489  0.818687  
1.81171  0.771594  
1.80757  0.782083  
1.80328  0.778462  
1.81557  0.748295  
1.81771  0.743225  
1.84248  0.705665  
1.87882  0.663634  
1.86944  0.664163  
1.92355  0.593021  
1.90997  0.605629  
1.90254  0.607646  
1.88254  0.636894  
1.87936  0.633546  
1.865  0.639945  
1.85221  0.652331  
1.87389  0.646337  
1.8858  0.634773  
1.86808  0.656928  
1.91879  0.602665  
1.89779  0.62539  
1.91441  0.596375  
1.94943  0.527663  
1.93876  0.542808  
1.97286  0.479527  
1.96481  0.483812  
1.95296  0.482731  
1.96257  0.478689  
1.91501  0.502631  
1.92487  0.49838  
1.87708  0.524835  
1.86428  0.536853  
1.85976  0.542289  
1.8443  0.56118  
1.85477  0.556142  
1.84468  0.554518  
1.82649  0.569674  
1.84932  0.534915  
1.85798  0.510009  
1.86822  0.505318  
1.87731  0.483148  
1.89543  0.46417  
1.87237  0.502186  
1.88236  0.497451  
1.89033  0.480022  
1.90017  0.475408  
1.92815  0.445235  
1.95065  0.446914  
1.96006  0.442379  
1.99113  0.392438  
1.98568  0.390287  
1.99152  0.371711  
2.02348  0.317333  
2.0434  0.26348  
2.06302  0.243284  
2.08099  0.219471  
2.08294  0.221395  
2.09495  0.215856  
2.10175  0.204818  
2.11986  0.186122  
2.12641  0.198757  
2.12076  0.218349  
2.15248  0.212587  
2.13903  0.225684  
2.14925  0.229398  
2.17211  0.203305  
2.20074  0.165404  
2.2061  0.137153  
2.18948  0.150177  
2.19667  0.137226  
2.20535  0.13412  
2.20765  0.118112  
2.21324  0.0948449  
2.20087  0.104173  
2.19657  0.104036  
2.17798  0.128359  
2.18672  0.125204  
2.21422  0.103797  
2.20517  0.111532  
2.22014  0.087215  
2.2395  0.0349352  
2.227  0.0480864  
2.25194  0.0275609  
2.2392  0.0410712  
2.27637  0.000536247  
2.27802  -0.0073651  
2.25326  -0.00437577  
2.20332  0.0229015  
2.21249  0.0201398  
2.22176  0.0102521  
2.20934  0.0237531  
2.1998  0.0267511  
2.20196  0.0141593  
2.21516  -0.0056385  
2.19303  -0.00344312  
2.19557  -0.00412835  
2.18839  -0.00182107  
2.17762  -0.00701648  
2.16546  0.00656504  
2.12357  0.0477429  
2.11923  0.0610051  
2.13924  0.0423641  
2.12724  0.0552814  
2.10514  0.0806367  
2.1293  0.0630365  
2.10919  0.0605925  
2.14413  0.0190755  
2.1321  0.0321003  
2.17038  0.0135946  
2.16925  0.00865559  
2.18469  -0.0314816  
2.18965  -0.0239622  
2.20615  -0.0263485  
2.2388  -0.0513136  
2.2328  -0.0521417  
2.2432  -0.0466707  
2.25124  -0.0522368  
2.25086  -0.0548855  
2.28435  -0.110365  
2.29935  -0.126931  
2.34017  -0.1454  
2.34173  -0.148434  
2.33212  -0.155587  
2.37739  -0.202699  
2.37257  -0.20576  
2.37902  -0.200447  
2.39711  -0.218909  
2.41624  -0.236013  
2.43074  -0.241971  
2.42432  -0.220416  
2.418  -0.220709  
2.43862  -0.248889  
2.43218  -0.249101  
2.43258  -0.229775  
2.42173  -0.21964  
2.45252  -0.252434  
2.45826  -0.261551  
2.44103  -0.237593  
2.45348  -0.245522  
2.49226  -0.279454  
2.48599  -0.280577  
2.50993  -0.298826  
2.52035  -0.306344  
2.55344  -0.366542  
2.56081  -0.370034  
2.55551  -0.355579  
2.55887  -0.353489  
2.55227  -0.353625  
2.56966  -0.365805  
2.56622  -0.360219  
2.56694  -0.359577  
2.58553  -0.370031  
2.57895  -0.370303  
2.57619  -0.377126  
2.57704  -0.376507  
2.57981  -0.40767  
2.55709  -0.393576  
2.54764  -0.400072  
2.50442  -0.374833  
2.49701  -0.38014  
2.49833  -0.37934  
2.45918  -0.356532  
2.46071  -0.355918  
2.45128  -0.350635  
2.44573  -0.350964  
2.43413  -0.351102  
2.42865  -0.351373  
2.42532  -0.342296  
2.41999  -0.346367  
2.41446  -0.346614  
2.37355  -0.299938  
2.37313  -0.30611  
2.36938  -0.28207  
2.36732  -0.268656  
2.36173  -0.26955  
2.3617  -0.266044  
2.38355  -0.281513  
2.37093  -0.269005  
2.36737  -0.273698  
2.36679  -0.28391  
2.36797  -0.283696  
2.32687  -0.247407  
2.32809  -0.247409  
2.30194  -0.233348  
2.27245  -0.189152  
2.28153  -0.192249  
2.24288  -0.150162  
2.23935  -0.136486  
2.25267  -0.138309  
2.24116  -0.126328  
2.2747  -0.141376  
2.27003  -0.128738  
2.29629  -0.159363  
2.28903  -0.159677  
2.27712  -0.147616  
2.29888  -0.170299  
2.28682  -0.158113  
2.30847  -0.174029  
2.28993  -0.140498  
2.29823  -0.144052  
2.29001  -0.140885  
2.30482  -0.168534  
2.32421  -0.17862  
2.33676  -0.188039  
2.34643  -0.198323  
2.35643  -0.199241  
2.3745  -0.223841  
2.38565  -0.230798  
2.41098  -0.254062  
2.39823  -0.241414  
2.40285  -0.233301  
2.4173  -0.248239  
2.39935  -0.221529  
2.41995  -0.221342  
2.42757  -0.224639  
2.41817  -0.240081  
2.40555  -0.227862  
2.40723  -0.237981  
2.37764  -0.216019  
2.39042  -0.213298  
2.38277  -0.222585  
2.37591  -0.22411  
2.35295  -0.19543  
2.3382  -0.191506  
2.3204  -0.188566  
2.31296  -0.168139  
2.29959  -0.154394  
2.29353  -0.144651  
2.28301  -0.138835  
2.28581  -0.141499  
2.28859  -0.163015  
2.28142  -0.148211  
2.28173  -0.181226  
2.29594  -0.194537  
2.28393  -0.182542  
2.27478  -0.18913  
2.28707  -0.199805  
2.2619  -0.193396  
2.24992  -0.181202  
2.23517  -0.165856  
2.24431  -0.181151  
2.23238  -0.169043  
2.23066  -0.160277  
2.23907  -0.163968  
2.23406  -0.172669  
2.24783  -0.189574  
2.24249  -0.195133  
2.2329  -0.178531  
2.25058  -0.202657  
2.23502  -0.184836  
2.24729  -0.195505  
2.22494  -0.172466  
2.19576  -0.142632  
2.20413  -0.146406  
2.18469  -0.111711  
2.17823  -0.113563  
2.18429  -0.116839  
2.18572  -0.112091  
2.17298  -0.0977407  
2.18126  -0.101951  
2.18254  -0.13326  
2.17602  -0.134776  
2.17942  -0.14452  
2.17443  -0.139151  
2.16243  -0.127309  
2.17546  -0.133027  
2.1834  -0.136786  
2.17477  -0.135878  
2.16349  -0.107529  
2.14844  -0.0957887  
2.14978  -0.0720392  
2.15783  -0.0594776  
2.14907  -0.0493351  
2.14941  -0.0264594  
2.13546  -0.00862402  
2.15487  -0.0272424  
2.13856  -0.0174321  
2.13582  -0.0324892  
2.15728  -0.0652052  
2.14931  -0.0602128  
2.15341  -0.0844241  
2.16133  -0.0887177  
2.16119  -0.100441  
2.1719  -0.13209  
2.16482  -0.133531  
2.15645  -0.110389  
2.16424  -0.11441  
2.14941  -0.0883458  
2.15723  -0.0926175  
2.13741  -0.0643838  
2.15054  -0.0818978  
2.14857  -0.0750147  
2.13641  -0.0640825  
2.11412  -0.0556538  
2.12189  -0.0601465  
2.12059  -0.0429394  
2.09066  -0.0301979  
2.11059  -0.0471499  
2.07623  0.0222828  
2.06725  0.0366411  
2.07539  0.0311485  
2.06538  0.060895  
2.06508  0.0586484  
2.06212  0.0813174  
2.05953  0.0819277  
2.06735  0.076133  
2.08461  0.0759215  
2.07204  0.0856428  
2.09236  0.0322544  
2.08844  0.0342685  
2.0988  0.032107  
2.1097  0.00933352  
2.10943  0.00586181  
2.11042  -0.00407278  
2.09991  0.0130889  
2.1115  0.00907579  
2.09025  0.035269  
2.08215  0.0388918  
2.07153  0.0480014  
2.06367  0.0604925  
2.07135  0.0547965  
2.05625  0.0796497  
2.06241  0.0761719  
2.05862  0.0812658  
2.08862  0.0459942  
2.07286  0.0586714  
2.077  0.0403976  
2.08938  0.0297098  
2.08358  0.0274312  
2.0655  0.0451788  
2.06677  0.038  
2.04452  0.0589519  
2.05546  0.0569788  
2.00946  0.0907568  
1.98306  0.111141  
1.9748  0.118941  
1.93394  0.153265  
1.95206  0.140005  
1.91681  0.174583  
1.91436  0.170905  
1.9022  0.180316  
1.88345  0.186192  
1.89722  0.166694  
1.90227  0.147394  
1.91454  0.123356  
1.90251  0.135478  
1.91571  0.114813  
1.91613  0.118511  
1.90824  0.129697  
1.90035  0.13495  
1.89739  0.146648  
1.88495  0.15664  
1.8571  0.187256  
1.84477  0.196958  
1.8148  0.232669  
1.81085  0.243097  
1.80481  0.253336  
1.8157  0.21997  
1.82383  0.213608  
1.83893  0.16588  
1.84914  0.156053  
1.83666  0.166329  
1.84574  0.140408  
1.85288  0.132526  
1.84048  0.142919  
1.82887  0.16811  
1.84097  0.152548  
1.8424  0.155534  
1.83163  0.182697  
1.80139  0.23755  
1.80249  0.236897  
1.80882  0.247778  
1.81098  0.242534  
1.79788  0.261075  
1.82304  0.237247  
1.82889  0.217205  
1.84222  0.195321  
1.83015  0.182026  
1.84977  0.176323  
1.85444  0.158449  
1.8309  0.163804  
1.84149  0.161623  
1.83203  0.180194  
1.83374  0.178172  
1.81025  0.199274  
1.80522  0.227675  
1.80972  0.224451  
1.82296  0.246682  
1.80291  0.266236  
1.79906  0.276717  
1.8149  0.258831  
1.8142  0.267036  
1.80292  0.260837  
1.80742  0.257624  
1.81166  0.237111  
1.82221  0.221729  
1.82951  0.215449  
1.84013  0.195834  
1.82738  0.196215  
1.8342  0.190865  
1.84565  0.199016  
1.83266  0.208815  
1.85577  0.191026  
1.86281  0.184934  
1.86563  0.190226  
1.84263  0.206053  
1.8422  0.216984  
1.83641  0.218094  
1.84365  0.211642  
1.86328  0.191148  
1.84766  0.203843  
1.87444  0.134398  
1.87387  0.128929  
1.86111  0.139136  
1.86622  0.134332  
1.8793  0.124967  
1.88843  0.0987749  
1.87569  0.109188  
1.84897  0.155624  
1.85257  0.160099  
1.85974  0.1541  
1.80611  0.248845  
1.79354  0.257867  
1.75633  0.313968  
1.74054  0.332548  
1.68161  0.400603  
1.63978  0.450517  
1.62755  0.458075  
1.57336  0.505655  
1.5613  0.51294  
1.50706  0.53887  
1.51614  0.530044  
1.48979  0.528922  
1.45413  0.549794  
1.46332  0.541188  
1.41977  0.551606  
1.41385  0.560368  
1.37705  0.573303  
1.38632  0.565062  
1.38788  0.539999  
1.39825  0.532364  
1.38169  0.545377  
1.35275  0.572937  
1.36174  0.565086  
1.35032  0.582548  
1.33782  0.591054  
1.28457  0.660159  
1.24364  0.694965  
1.22515  0.714684  
1.17774  0.760594  
1.1652  0.768061  
1.11629  0.815262  
1.0915  0.833525  
1.08854  0.831507  
1.0948  0.817754  
1.08014  0.822672  
1.12907  0.740908  
1.13702  0.742044  
1.18045  0.682088  
1.20815  0.64719  
1.21065  0.652122  
1.25069  0.59601  
1.26011  0.57402  
1.30137  0.517573  
1.32433  0.472601  
1.34151  0.464049  
1.35436  0.439835  
1.35594  0.446715  
1.36913  0.43537  
1.3769  0.436628  
1.38182  0.43945  
1.40247  0.441296  
1.39793  0.447172  
1.43179  0.453666  
1.43871  0.447674  
1.49433  0.442989  
1.50088  0.436802  
1.56211  0.405741  
1.5683  0.399594  
1.6229  0.389248  
1.64772  0.378523  
1.64681  0.38741  
1.68797  0.357847  
1.68664  0.366204  
1.70427  0.349843  
1.70357  0.341903  
1.702  0.353336  
1.67865  0.385766  
1.67867  0.39267  
1.64579  0.412758  
1.65221  0.405509  
1.602  0.435482  
1.58265  0.444203  
1.58805  0.431846  
1.54065  0.456306  
1.54812  0.448692  
1.50318  0.478427  
1.47393  0.490252  
1.48188  0.482485  
1.44505  0.504926  
1.43324  0.523003  
1.41082  0.532076  
1.3951  0.539259  
1.38252  0.547792  
1.33549  0.605544  
1.34415  0.597206  
1.30874  0.62029  
1.27859  0.635231  
1.27499  0.648211  
1.24521  0.660947  
1.26013  0.653381  
1.2417  0.657003  
1.24248  0.652656  
1.2565  0.641876  
1.27792  0.605074  
1.28687  0.588592  
1.28743  0.591785  
1.29146  0.587329  
1.30753  0.566782  
1.28142  0.601207  
1.28948  0.593806  
1.26887  0.603207  
1.27691  0.595926  
1.25379  0.625837  
1.24059  0.634848  
1.18663  0.675949  
1.16571  0.688233  
1.17437  0.680506  
1.13495  0.691868  
1.14954  0.672677  
1.13015  0.670004  
1.11731  0.67917  
1.09653  0.684513  
1.09793  0.657403  
1.09583  0.651448  
1.07612  0.654886  
1.08098  0.651207  
1.07025  0.660895  
1.06365  0.662886  
1.05133  0.665874  
1.06837  0.660069  
1.07292  0.657908  
1.05716  0.671468  
1.04647  0.689969  
1.05963  0.687198  
1.05426  0.697519  
1.06301  0.6906  
1.03719  0.709312  
1.04832  0.695708  
1.04047  0.705053  
1.00844  0.724412  
0.995209  0.73402  
0.986932  0.73747  
0.973717  0.747045  
0.995414  0.720768  
0.981505  0.724196  
0.992661  0.715295  
0.987297  0.72372  
0.990262  0.716364  
1.0045  0.704968  
1.01322  0.698401  
1.01012  0.704988  
1.02318  0.70104  
1.01425  0.708528  
1.0175  0.719845  
1.0142  0.72755  
1.02246  0.720974  
1.00347  0.736258  
1.01196  0.729483  
1.02427  0.727174  
1.01057  0.736929  
1.01756  0.745117  
1.02586  0.73823  
1.01967  0.744866  
1.01947  0.751642  
1.02772  0.744686  
0.997023  0.763391  
1.00543  0.756393  
0.99472  0.781177  
0.99696  0.783644  
0.977331  0.804165  
0.956791  0.821705  
0.959494  0.8256  
0.942556  0.845528  
0.913283  0.870686  
0.91407  0.867733  
0.926571  0.866762  
0.91916  0.869071  
0.925733  0.877133  
0.917327  0.885045  
0.930319  0.86844  
0.940906  0.872047  
0.946567  0.861197  
0.955956  0.854331  
0.990519  0.838754  
0.973287  0.851298  
0.997305  0.831915  
0.989316  0.845729  
1.00163  0.831374  
0.987413  0.84018  
1.00811  0.819076  
0.993908  0.827997  
1.01866  0.797269  
1.00457  0.806353  
1.01754  0.792893  
1.01117  0.787244  
1.01175  0.78575  
1.00193  0.787563  
0.984801  0.80022  
0.982974  0.791991  
0.964404  0.797356  
0.956645  0.803145  
0.933211  0.809611  
0.93679  0.805956  
0.913174  0.818184  
0.896506  0.823766  
0.891959  0.823868  
0.906885  0.803063  
0.884089  0.814796  
0.900609  0.80535  
0.909055  0.804321  
0.923573  0.793665  
0.920612  0.800495  
0.925529  0.796743  
0.932387  0.790944  
0.954609  0.775855  
0.940686  0.785586  
0.930733  0.803055  
0.945204  0.792406  
0.906926  0.832128  
0.888677  0.851098  
0.893603  0.847391  
0.899163  0.853859  
0.899772  0.864599  
0.908059  0.857321  
0.892297  0.876503  
0.895142  0.880532  
0.881529  0.88904  
0.888237  0.906979  
0.89637  0.899491  
0.906416  0.892311  
0.900144  0.898141  
0.909116  0.894683  
0.917036  0.887233  
0.886687  0.920759  
0.876582  0.929533  
0.88473  0.921833  
0.882076  0.925443  
0.890098  0.917821  
0.868314  0.923263  
0.857838  0.930833  
0.870731  0.908449  
0.849574  0.917302  
0.857961  0.909795  
0.86131  0.8871  
0.869571  0.879906  
0.890516  0.850504  
0.876566  0.859699  
0.896592  0.83991  
0.895225  0.832145  
0.903252  0.825353  
0.889728  0.834715  
0.904146  0.824247  
0.888755  0.840178  
0.864039  0.865439  
0.872295  0.858407  
0.874976  0.855496  
0.853698  0.872856  
0.838049  0.883805  
0.824464  0.89267  
0.832244  0.892881  
0.822317  0.892933  
0.830881  0.885777  
0.840711  0.872781  
0.824251  0.878038  
0.837074  0.862515  
0.845559  0.855578  
0.847447  0.84724  
0.835754  0.862455  
0.850243  0.852057  
0.839308  0.867176  
0.847671  0.860241  
0.834755  0.882721  
0.84305  0.875713  
0.835361  0.890485  
0.843598  0.883423  
0.824821  0.906184  
0.815157  0.925643  
0.823517  0.918289  
0.825719  0.909807  
0.805373  0.924488  
0.802381  0.926451  
0.821081  0.912418  
0.829361  0.905192  
0.806658  0.920935  
0.809376  0.924423  
0.814703  0.915774  
0.809368  0.924298  
0.814389  0.918455  
0.789897  0.954087  
0.8053  0.936769  
0.798061  0.948474  
0.783425  0.973893  
0.782053  0.989263  
0.773595  1.003  
0.76247  1.00998  
0.749232  1.05034  
0.740585  1.0565  
0.748854  1.04849  
0.733572  1.06069  
0.747688  1.05117  
0.730012  1.07526  
0.728659  1.07435  
0.712035  1.07935  
0.715233  1.08622  
0.723666  1.06725  
0.711298  1.07737  
0.697347  1.08478  
0.702936  1.09159  
0.712747  1.0864  
0.698693  1.09376  
0.690386  1.10369  
0.698416  1.09586  
0.696658  1.09262  
0.704617  1.08488  
0.693077  1.10557  
0.714114  1.08268  
0.694303  1.10047  
0.708669  1.08655  
0.68886  1.1043  
0.674954  1.12255  
0.692462  1.10868  
0.675162  1.12024  
0.664128  1.13568  
0.665345  1.14069  
0.671565  1.13197  
0.65351  1.15262  
0.659829  1.15458  
0.673045  1.14394  
0.656735  1.16015  
0.667733  1.1477  
0.673398  1.14898  
0.658897  1.15607  
0.652928  1.17373  
0.658244  1.16374  
0.661056  1.1652  
0.663191  1.16735  
0.635623  1.18857  
0.63667  1.18624  
0.624575  1.19502  
0.626183  1.19983  
0.61178  1.20655  
0.617991  1.19814  
0.620274  1.20008  
0.631849  1.19074  
0.612068  1.20743  
0.616075  1.19699  
0.62116  1.18718  
0.623378  1.18931  
0.638689  1.16933  
0.636832  1.17091  
0.647916  1.16587  
0.655698  1.15962  
0.655698  1.15962  
0.635683  1.17291  
0.637228  1.16436  
0.642547  1.16577  
0.650875  1.16299  
0.63082  1.18022  
0.656688  1.16999  
0.63663  1.1871  
0.638349  1.19179  
0.645564  1.18403  
0.646295  1.19107  
0.653451  1.18328  
0.662072  1.19198  
0.645239  1.19695  
0.647149  1.19895  
0.642603  1.19631  
0.644466  1.19834  
0.639625  1.20442  
0.646657  1.19665  
0.628972  1.20962  
0.614313  1.21644  
0.599985  1.23024  
0.594335  1.24634  
0.601655  1.23831  
0.624301  1.22993  
0.622926  1.24026  
0.621823  1.24429  
0.628181  1.24078  
0.635317  1.2473  
0.636835  1.25332  
0.638544  1.25489  
0.656513  1.24555  
0.651782  1.24907  
0.656176  1.2542  
0.655703  1.26057  
0.662219  1.25228  
0.670418  1.25115  
0.667222  1.26116  
0.668508  1.26255  
0.676055  1.25219  
0.677349  1.25371  
0.680613  1.24869  
0.660311  1.26483  
0.671509  1.26522  
0.686237  1.24972  
0.687476  1.25122  
0.68088  1.25022  
0.687096  1.24205  
0.692035  1.23572  
0.693232  1.23733  
0.671373  1.24648  
0.679761  1.24001  
0.686085  1.23184  
0.663493  1.23917  
0.670005  1.23104  
0.630639  1.25794  
0.641668  1.25433  
0.637994  1.24822  
0.609206  1.25213  
0.611129  1.25376  
0.620737  1.23794  
0.606151  1.24585  
0.579789  1.25617  
0.581903  1.25784  
0.577405  1.25793  
0.584563  1.25006  
0.567705  1.25588  
0.56769  1.25589  
0.574904  1.24807  
0.5648  1.25588  
0.562635  1.26556  
0.587602  1.25104  
0.570852  1.25589  
0.578217  1.25806  
0.580209  1.25985  
0.581428  1.25804  
0.603165  1.24349  
0.583362  1.25985  
0.573381  1.25875  
0.580361  1.25101  
0.578581  1.26524  
0.592501  1.25211  
0.585499  1.25738  
0.576489  1.25599  
0.580515  1.24645  
0.60007  1.23355  
0.597951  1.23841  
0.570165  1.25587  
0.599445  1.24215  
0.599832  1.23897  
0.580328  1.25516  
0.58463  1.25476  
0.591517  1.24698  
0.590697  1.25804  
0.590291  1.26066  
0.591983  1.26238  
0.588199  1.26591  
0.582899  1.27749  
0.584604  1.27907  
0.581089  1.27727  
0.582896  1.27898  
0.568701  1.28473  
0.567723  1.2816  
0.569541  1.28318  
0.560779  1.29398  
0.538671  1.30542  
0.531234  1.31702  
0.527041  1.32012  
0.529133  1.3216  
0.519873  1.32559  
0.522105  1.33275  
0.538196  1.31898  
0.543946  1.32087  
0.524304  1.33655  
0.542023  1.31644  
0.543936  1.31796  
0.545448  1.31596  
0.547242  1.31754  
0.557505  1.30692  
0.550103  1.30909  
0.550103  1.30909  
0.537773  1.3164  
0.539623  1.318  
0.537624  1.31169  
0.522693  1.31766  
0.524238  1.31575  
0.536118  1.29917  
0.53828  1.29585  
0.52618  1.29708  
0.520026  1.29403  
0.527073  1.29397  
0.543833  1.26855  
0.524112  1.28502  
0.542185  1.27341  
0.544059  1.27544  
0.539474  1.2868  
0.546149  1.27928  
0.525687  1.30107  
0.525474  1.30671  
0.532205  1.29906  
0.523223  1.31431  
0.525139  1.31599  
0.518607  1.32763  
0.508258  1.34321  
0.515026  1.33523  
0.506393  1.33882  
0.508391  1.34034  
0.510652  1.34416  
0.510652  1.34416  
0.528375  1.34158  
0.524857  1.34409  
0.526625  1.34555  
0.536724  1.34589  
0.520049  1.35067  
0.526915  1.35606  
0.545494  1.34468  
0.547014  1.34613  
0.56596  1.34265  
0.567299  1.34407  
0.56452  1.34097  
0.56018  1.34439  
0.557323  1.34973  
0.557518  1.34963  
0.57223  1.34053  
0.566737  1.33926  
0.56806  1.34072  
0.567182  1.33516  
0.556365  1.33749  
0.552633  1.34237  
0.55186  1.33158  
0.55186  1.33158  
0.55821  1.33163  
0.542589  1.3412  
0.549287  1.3364  
0.560376  1.33457  
0.55681  1.33348  
0.534957  1.34726  
0.527138  1.35722  
0.53182  1.34782  
0.514905  1.36996  
0.516631  1.37121  
0.509369  1.37453  
0.515809  1.36644  
0.497383  1.37256  
0.49922  1.37385  
0.480548  1.39454  
0.49755  1.38386  
0.498373  1.37464  
0.483665  1.38056  
0.490196  1.37256  
0.474986  1.38468  
0.46979  1.39921  
0.456801  1.40477  
0.450294  1.4155  
0.450294  1.4155  
0.427063  1.42513  
0.429184  1.4263  
0.425838  1.42899  
0.430104  1.41438  
0.432238  1.41564  
0.406835  1.41818  
0.409106  1.41952  
0.40946  1.41034  
0.407408  1.4094  
0.390588  1.41402  
0.398406  1.40672  
0.395747  1.40878  
0.381523  1.41494  
0.374931  1.41452  
0.373687  1.41835  
0.372075  1.41171  
0.353162  1.42704  
0.353381  1.41785  
0.360411  1.41043  
0.356349  1.40241  
0.337587  1.41784  
0.340439  1.41149  
0.347367  1.40449  
0.357191  1.39605  
0.372238  1.37827  
0.353268  1.39409  
0.365798  1.37367  
0.377714  1.35735  
0.377759  1.36304  
0.395269  1.34956  
0.40321  1.34483  
0.389252  1.35074  
0.389042  1.35338  
0.392109  1.35397  
0.376516  1.36378  
0.377707  1.36971  
0.388609  1.36747  
0.392971  1.36258  
0.399404  1.35403  
0.409927  1.34414  
0.414525  1.33483  
0.427547  1.33332  
0.409989  1.34096  
0.416763  1.33415  
0.433187  1.31782  
0.433187  1.31782  
0.44527  1.29712  
0.443323  1.2963  
0.450059  1.28971  
0.431132  1.3105  
0.437392  1.30546  
0.438011  1.3003  
0.435163  1.29193  
0.437515  1.2945  
0.425726  1.29701  
0.422616  1.29826  
0.414281  1.2995  
0.397512  1.30293  
0.404966  1.29614  
0.424578  1.27328  
0.404856  1.27961  
0.413943  1.27935  
0.411647  1.27974  
0.411279  1.27026  
0.418762  1.26428  
0.400506  1.27896  
0.412608  1.2724  
0.396843  1.28702  
0.388032  1.2949  
0.382007  1.29994  
0.389678  1.2932  
0.369053  1.30701  
0.372163  1.30941  
0.358482  1.31549  
0.361652  1.31784  
0.347927  1.31829  
0.361859  1.31589  
0.364964  1.31826  
0.35254  1.3242  
0.35573  1.32655  
0.365464  1.32187  
0.351862  1.32902  
0.366409  1.3192  
0.351962  1.33281  
0.350995  1.32232  
0.340359  1.33646  
0.344948  1.32731  
0.322933  1.34217  
0.307969  1.34876  
0.311366  1.35112  
0.311752  1.35077  
0.294198  1.36208  
0.302849  1.3586  
0.305645  1.35968  
0.293303  1.37232  
0.298608  1.36546  
0.301953  1.36777  
0.304137  1.37111  
0.307476  1.36595  
0.3182  1.3676  
0.328162  1.36862  
0.314378  1.37566  
0.315243  1.37531  
0.319694  1.37758  
0.322196  1.37178  
0.320476  1.37554  
0.32792  1.36874  
0.317665  1.3656  
0.299578  1.38171  
0.312996  1.37518  
0.299392  1.3822  
0.314597  1.37051  
0.311305  1.37393  
0.294554  1.37867  
0.305585  1.37299  
0.288974  1.38322  
0.297841  1.3734  
0.304235  1.3698  
0.291863  1.36799  
0.302876  1.35406  
0.28931  1.36141  
0.305964  1.34984  
0.299021  1.34621  
0.287933  1.36055  
0.270877  1.35991  
0.285666  1.35123  
0.268644  1.35056  
0.277342  1.3451  
0.274204  1.34066  
0.265784  1.35729  
0.258656  1.35887  
0.253016  1.36105  
0.260753  1.36119  
0.241968  1.36713  
0.250816  1.37282  
0.261174  1.36699  
0.239114  1.39549  
0.222272  1.40997  
0.230371  1.40337  
0.240442  1.38205  
0.248499  1.37563  
0.230588  1.38067  
0.228677  1.37719  
0.222853  1.38251  
0.20039  1.38039  
0.204351  1.38316  
0.192719  1.3697  
0.175979  1.38346  
0.182754  1.37192  
0.168201  1.38475  
0.165856  1.39395  
0.163107  1.39103  
0.147254  1.39551  
0.140707  1.4006  
0.15054  1.39022  
0.149202  1.39163  
0.164042  1.38892  
0.166987  1.3814  
0.181751  1.36719  
0.213924  1.34862  
0.197137  1.35335  
0.217177  1.34333  
0.221848  1.33971  
0.232027  1.34731  
0.250967  1.33107  
0.237757  1.33915  
0.241898  1.3413  
0.247722  1.33986  
0.231297  1.35993  
0.247186  1.36307  
0.228514  1.36923  
0.243899  1.36025  
0.251955  1.35414  
0.26029  1.34066  
0.257424  1.34832  
0.257856  1.34437  
0.268757  1.33878  
0.255665  1.34664  
0.270897  1.32644  
0.261551  1.33597  
0.272577  1.32547  
0.280173  1.32196  
0.265014  1.32908  
0.275147  1.33302  
0.261158  1.33499  
0.271324  1.33045  
0.25406  1.33581  
0.259289  1.34017  
0.243182  1.34736  
0.244429  1.34994  
0.25274  1.3438  
0.258797  1.34345  
0.236505  1.35391  
0.247882  1.35004  
0.243644  1.35155  
0.22269  1.3709  
0.236485  1.36341  
0.219806  1.36822  
0.226032  1.36316  
0.21555  1.36851  
0.203088  1.37612  
0.202524  1.37148  
0.181181  1.37634  
0.188655  1.37323  
0.172019  1.38977  
0.177343  1.39378  
0.181594  1.39652  
0.165921  1.40893  
0.158137  1.42103  
0.162412  1.42365  
0.169463  1.41896  
0.177435  1.41491  
0.159274  1.43077  
0.180738  1.42787  
0.18145  1.42479  
0.173671  1.43977  
0.171612  1.43354  
0.173189  1.44072  
0.190066  1.43164  
0.190066  1.43164  
0.189916  1.43789  
0.193759  1.44048  
0.194065  1.44125  
0.183524  1.4615  
0.187178  1.45858  
0.193329  1.45747  
0.187954  1.46115  
0.187372  1.45663  
0.19279  1.44166  
0.192855  1.44639  
0.201196  1.42541  
0.191757  1.42481  
0.201527  1.41815  
0.19456  1.41872  
0.198358  1.42159  
0.19442  1.41943  
0.181152  1.41669  
0.179504  1.41797  
0.157298  1.43243  
0.161431  1.43528  
0.160797  1.42397  
0.138607  1.43884  
0.133163  1.43122  
0.129434  1.42572  
0.113829  1.42291  
0.103545  1.42808  
0.096414  1.42948  
0.0884584  1.43679  
0.0749216  1.44374  
0.0858893  1.43867  
0.0874269  1.44244  
0.0764872  1.45521  
0.0756211  1.45645  
0.0545448  1.47653  
0.0654147  1.47989  
0.0567495  1.48713  
0.0450768  1.49098  
0.0485226  1.48344  
0.0332185  1.50064  
0.0423871  1.49457  
0.0220831  1.52029  
0.0254326  1.51215  
0.0102661  1.53048  
0.000978299  1.52707  
0.000307714  1.5281  
-0.00357617  1.53156  
-0.0143103  1.54651  
0.00332639  1.53606  
0.00822533  1.53881  
-0.00863255  1.5399  
-0.00359972  1.54272  
0.00468409  1.528  
0.0109955  1.521  
-0.000478611  1.52842  
0.00215806  1.51109  
0.00132085  1.51251  
0.00394571  1.49636  
-0.0147786  1.50226  
-0.0147786  1.50226  
-0.0117908  1.49021  
-0.0124399  1.49189  
-0.0251899  1.49305  
-0.0132167  1.48462  
-0.0191759  1.48458  
-0.0256349  1.48652  
-0.0161343  1.48974  
-0.0295681  1.49146  
-0.0123812  1.48175  
-0.0293454  1.48798  
-0.0254844  1.48443  
-0.0365296  1.49246  
-0.0459484  1.50278  
-0.0521622  1.50213  
-0.052389  1.50382  
-0.0603662  1.50343  
-0.0605277  1.50514  
-0.0626477  1.50653  
-0.0632451  1.50188  
-0.052018  1.49991  
-0.0611808  1.49652  
-0.0656579  1.49274  
-0.0786672  1.49194  
-0.0770782  1.49369  
-0.0737258  1.48337  
-0.0908668  1.48333  
-0.0882058  1.48319  
-0.0946299  1.47682  
-0.102964  1.4725  
-0.0965218  1.46371  
-0.106191  1.47053  
-0.10606  1.46252  
-0.105427  1.45544  
-0.108841  1.44937  
-0.104853  1.44625  
-0.0828526  1.42779  
-0.0972976  1.44554  
-0.0970851  1.43486  
-0.0872825  1.43357  
-0.0875223  1.42024  
-0.0869427  1.42281  
-0.107986  1.42278  
-0.106678  1.4227  
-0.122251  1.42979  
-0.124346  1.43169  
-0.151833  1.4416  
-0.146324  1.43527  
-0.172255  1.44961  
-0.170887  1.45212  
-0.203202  1.45815  
-0.219512  1.46464  
-0.21346  1.45843  
-0.228892  1.46269  
-0.233579  1.45524  
-0.255782  1.46256  
-0.247907  1.45676  
-0.26721  1.46631  
-0.259275  1.4478  
-0.258944  1.44066  
-0.259995  1.44545  
-0.280178  1.4488  
-0.277459  1.45003  
-0.314495  1.46785  
-0.307299  1.46092  
-0.314849  1.46529  
-0.32858  1.46005  
-0.314836  1.44728  
-0.348782  1.46275  
-0.344632  1.45958  
-0.356374  1.45915  
-0.349038  1.45358  
-0.38338  1.46735  
-0.396302  1.47473  
-0.418327  1.49739  
-0.444971  1.50457  
-0.437097  1.49899  
-0.447756  1.51007  
-0.439972  1.50455  
-0.462511  1.5171  
-0.454571  1.51155  
-0.46271  1.51099  
-0.458062  1.5106  
-0.470511  1.51798  
-0.476822  1.50295  
-0.493031  1.51256  
-0.492454  1.50429  
-0.520732  1.50824  
-0.516536  1.50504  
-0.527355  1.50394  
-0.553901  1.52013  
-0.567131  1.53685  
-0.562498  1.52826  
-0.564822  1.52642  
-0.547779  1.51898  
-0.558093  1.53299  
-0.544896  1.53941  
-0.534911  1.53724  
-0.530668  1.54087  
-0.518754  1.55255  
-0.506223  1.55267  
-0.497896  1.56181  
-0.51479  1.58576  
-0.512961  1.57814  
-0.533716  1.5989  
-0.525661  1.59339  
-0.532475  1.59203  
-0.540537  1.59905  
-0.532993  1.60486  
-0.554837  1.60991  
-0.546631  1.60445  
-0.557201  1.61485  
-0.534855  1.60595  
-0.53079  1.60854  
-0.513364  1.60088  
-0.5254  1.60832  
-0.491355  1.60349  
-0.487858  1.60682  
-0.480393  1.58842  
-0.496688  1.60476  
-0.504074  1.59255  
-0.493029  1.58181  
-0.489368  1.58536  
-0.502875  1.58319  
-0.494979  1.57797  
-0.478653  1.57038  
-0.490607  1.57812  
-0.477923  1.58352  
-0.470119  1.57818  
-0.467532  1.59277  
-0.452828  1.59702  
-0.46497  1.60452  
-0.444993  1.61705  
-0.461261  1.63317  
-0.436056  1.6281  
-0.449149  1.6365  
-0.434897  1.62862  
-0.454997  1.63703  
-0.473167  1.64193  
-0.487805  1.6518  
-0.49398  1.65945  
-0.492621  1.66126  
-0.518094  1.66651  
-0.524112  1.66677  
-0.531093  1.68475  
-0.545557  1.71524  
-0.541371  1.71166  
-0.541327  1.71404  
-0.536241  1.72749  
-0.535621  1.73714  
-0.537813  1.7374  
-0.528524  1.74429  
-0.539965  1.74911  
-0.536136  1.75172  
-0.556513  1.75282  
-0.552627  1.7555  
-0.556988  1.7599  
-0.57223  1.77556  
-0.588531  1.78462  
-0.597214  1.80048  
-0.595368  1.79173  
-0.594857  1.8081  
-0.62045  1.81896  
-0.617658  1.84221  
-0.607781  1.86729  
-0.618989  1.87348  
-0.616171  1.8908  
-0.618438  1.89045  
-0.63365  1.8973  
-0.656092  1.91331  
-0.659412  1.91158  
-0.693762  1.93349  
-0.68929  1.9357  
-0.709032  1.94671  
-0.718393  1.96054  
-0.712798  1.95544  
-0.72947  1.96922  
-0.724242  1.96156  
-0.711675  1.97071  
-0.697633  1.96664  
-0.710701  1.98518  
-0.700582  1.99374  
-0.694177  1.99524  
-0.674192  1.9887  
-0.663801  1.99296  
-0.656594  1.98625  
-0.66735  1.9862  
-0.669513  1.98733  
-0.66792  1.99253  
-0.645007  1.9731  
-0.641513  1.97568  
-0.61824  1.95207  
-0.614917  1.95478  
-0.610242  1.95327  
-0.600644  1.94965  
-0.573698  1.94034  
-0.547904  1.9262  
-0.545098  1.92895  
-0.536922  1.92761  
-0.534189  1.93032  
-0.519095  1.91389  
-0.544536  1.9208  
-0.545566  1.92328  
-0.52476  1.90541  
-0.52819  1.90556  
-0.52951  1.90743  
-0.52428  1.90529  
-0.52268  1.90818  
-0.518861  1.90297  
-0.517258  1.90585  
-0.521526  1.90722  
-0.527764  1.91507  
-0.507545  1.90863  
-0.518317  1.90389  
-0.511921  1.91035  
-0.520604  1.90778  
-0.548548  1.90833  
-0.547936  1.91387  
-0.560196  1.91838  
-0.566644  1.92136  
-0.580497  1.93847  
-0.581727  1.94477  
-0.577503  1.9406  
-0.586924  1.96238  
-0.579212  1.95539  
-0.553465  1.95629  
-0.538122  1.95614  
-0.559311  1.9689  
-0.527027  1.9671  
-0.538216  1.97322  
-0.534052  1.99104  
-0.52695  1.98373  
-0.559048  2.00661  
-0.575454  2.01369  
-0.586242  2.01962  
-0.62344  2.05056  
-0.622059  2.04048  
-0.652553  2.06796  
-0.644617  2.06054  
-0.670119  2.06383  
-0.683602  2.07881  
-0.661598  2.07807  
-0.662604  2.07129  
-0.658252  2.07321  
-0.646722  2.0694  
-0.642553  2.07139  
-0.625442  2.08048  
-0.639558  2.09333  
-0.638996  2.09826  
-0.65695  2.11265  
-0.649275  2.10529  
-0.671111  2.11111  
-0.70444  2.14303  
-0.708875  2.14762  
-0.722033  2.16248  
-0.735141  2.16987  
-0.726934  2.1624  
-0.747882  2.16879  
-0.75272  2.16929  
-0.744297  2.16194  
-0.756519  2.18719  
-0.748075  2.17971  
-0.755761  2.20313  
-0.758057  2.19569  
-0.749563  2.19252  
-0.770474  2.19628  
-0.761965  2.18895  
-0.771129  2.18796  
-0.766119  2.19011  
-0.769015  2.18737  
-0.779971  2.19022  
-0.761439  2.18292  
-0.769376  2.17351  
-0.762152  2.18139  
-0.75957  2.17739  
-0.746064  2.16418  
-0.743041  2.16281  
-0.734552  2.16116  
-0.726098  2.15415  
-0.705375  2.13864  
-0.72505  2.14198  
-0.72173  2.10737  
-0.728369  2.09937  
-0.731162  2.08684  
-0.722302  2.06684  
-0.717851  2.06213  
-0.723773  2.06066  
-0.704037  2.04681  
-0.734438  2.05386  
-0.722991  2.03544  
-0.701978  2.02958  
-0.699554  2.03996  
-0.679884  2.03513  
-0.693019  2.04363  
-0.695412  2.04499  
-0.704188  2.02432  
-0.722618  2.02054  
-0.712782  2.01408  
-0.725087  2.0069  
-0.738967  2.01077  
-0.745046  2.02069  
-0.74496  2.02059  
-0.746387  2.01285  
-0.764139  2.02483  
-0.76889  2.02298  
-0.776419  2.06452  
-0.772167  2.05451  
-0.790156  2.07313  
-0.791118  2.08137  
-0.786691  2.07122  
-0.790671  2.05531  
-0.784476  2.05786  
-0.788838  2.063  
-0.804487  2.05529  
-0.793168  2.04843  
-0.799385  2.039  
-0.805449  2.04563  
-0.810233  2.06057  
-0.817733  2.07179  
-0.82146  2.07576  
-0.822143  2.08982  
-0.827902  2.09609  
-0.849421  2.10809  
-0.87433  2.12313  
-0.869869  2.11798  
-0.906884  2.14214  
-0.902791  2.13915  
-0.933291  2.1615  
-0.935757  2.16518  
-0.962017  2.18313  
-0.987404  2.20593  
-0.974578  2.19862  
-0.992323  2.23354  
-1.00273  2.23589  
-0.991514  2.25617  
-1.01772  2.2809  
-1.01337  2.27067  
-1.03784  2.29003  
-1.03704  2.30653  
-1.04691  2.29887  
-1.05042  2.30446  
-1.04075  2.29986  
-1.04383  2.30467  
-1.02627  2.30799  
-1.05939  2.32507  
-1.04522  2.31062  
-1.05889  2.34917  
-1.05711  2.3657  
-1.04994  2.34805  
-1.06169  2.348  
-1.06559  2.3613  
-1.06446  2.36298  
-1.0796  2.36063  
-1.0892  2.36269  
-1.07828  2.36577  
-1.06827  2.36738  
-1.05739  2.36108  
-1.04811  2.36504  
-1.03861  2.36737  
-1.02503  2.39259  
-0.999625  2.38992  
-1.03518  2.4178  
-1.03843  2.4261  
-1.02402  2.43093  
-1.04657  2.44614  
-1.03718  2.44797  
-1.07075  2.45176  
-1.04397  2.44651  
-1.06432  2.44549  
-1.11246  2.43719  
-1.12129  2.43881  
-1.11053  2.43291  
-1.12462  2.43461  
-1.13941  2.4465  
-1.15112  2.42846  
-1.14704  2.41791  
-1.1647  2.41164  
-1.17617  2.41878  
-1.1823  2.40875  
-1.17429  2.4118  
-1.15636  2.41475  
-1.15994  2.41969  
-1.14606  2.40499  
-1.12222  2.41749  
-1.12799  2.44529  
-1.13363  2.44515  
-1.132  2.45755  
-1.13318  2.46283  
-1.16098  2.46285  
-1.16171  2.4681  
-1.15909  2.44565  
-1.17221  2.44458  
-1.18336  2.45143  
-1.17215  2.44433  
-1.17657  2.4517  
-1.15766  2.45229  
-1.15839  2.45159  
-1.16013  2.46344  
-1.14153  2.46318  
-1.13589  2.46617  
-1.13728  2.48699  
-1.12699  2.49307  
-1.13734  2.50385  
-1.17375  2.52396  
-1.17435  2.52095  
-1.17697  2.51874  
-1.18069  2.53032  
-1.19042  2.53226  
-1.18511  2.51935  
-1.1987  2.53041  
-1.19763  2.52008  
-1.20658  2.53056  
-1.20593  2.52372  
-1.19317  2.51996  
-1.20072  2.52069  
-1.17301  2.50561  
-1.18195  2.51616  
-1.18658  2.51764  
-1.17362  2.51918  
-1.16874  2.51682  
-1.18053  2.52615  
-1.19017  2.52934  
-1.18106  2.53698  
-1.19386  2.53695  
-1.21949  2.57174  
-1.23726  2.57049  
-1.23654  2.57164  
-1.22956  2.55721  
-1.22587  2.56239  
-1.21316  2.53832  
-1.19576  2.5415  
-1.18204  2.54123  
-1.19948  2.5327  
-1.17321  2.50779  
-1.1805  2.5176  
-1.188  2.50446  
-1.19591  2.49678  
-1.21308  2.51108  
-1.22313  2.50633  
-1.23938  2.52317  
-1.2302  2.51659  
-1.25197  2.50882  
-1.23787  2.5255  
-1.25863  2.52776  
-1.24622  2.51355  
-1.20993  2.53389  
-1.19799  2.51944  
-1.19412  2.5157  
-1.14604  2.48784  
-1.1487  2.48662  
-1.12838  2.47438  
-1.1232  2.45506  
-1.11637  2.4418  
-1.10534  2.42503  
-1.09941  2.43268  
-1.11632  2.43616  
-1.10929  2.41459  
-1.13775  2.43149  
-1.1396  2.42996  
-1.12501  2.42463  
-1.11307  2.40566  
-1.12021  2.41142  
-1.08856  2.40949  
-1.10219  2.4179  
-1.08412  2.4178  
-1.06882  2.42421  
-1.0469  2.40452  
-1.03394  2.39885  
-1.01929  2.40347  
-1.02024  2.40889  
-1.03165  2.44271  
-1.02987  2.43653  
-1.05385  2.45662  
-1.05555  2.4611  
-1.06778  2.47329  
-1.07303  2.47055  
-1.07219  2.46817  
-1.06362  2.4709  
-1.06417  2.4671  
-1.0646  2.45566  
-1.06844  2.46259  
-1.03595  2.43319  
-1.03992  2.44017  
-1.03855  2.44661  
-1.02  2.43068  
-1.01728  2.42597  
-1.00317  2.41433  
-0.99078  2.40487  
-0.984023  2.39779  
-0.97967  2.39778  
-0.96125  2.39781  
-0.951204  2.39153  
-0.968385  2.40169  
-0.942743  2.40098  
-0.946199  2.4102  
-0.953236  2.40732  
-0.962586  2.41499  
-0.973101  2.42303  
-0.9589  2.41182  
-0.965832  2.40747  
-0.964983  2.40198  
-0.935626  2.3749  
-0.938362  2.38036  
-0.916161  2.35461  
-0.915332  2.34901  
-0.889097  2.3327  
-0.89199  2.36329  
-0.891166  2.35735  
-0.869353  2.35767  
-0.866896  2.35063  
-0.867911  2.3578  
-0.853915  2.37225  
-0.863544  2.38549  
-0.863335  2.39441  
-0.88031  2.42218  
-0.882331  2.42604  
-0.875771  2.42059  
-0.868293  2.40955  
-0.857841  2.4213  
-0.876258  2.42063  
-0.874336  2.41282  
-0.871815  2.38625  
-0.871935  2.3881  
-0.858459  2.37817  
-0.858524  2.37992  
-0.824591  2.36533  
-0.82563  2.38339  
-0.822719  2.37823  
-0.817699  2.39522  
-0.818237  2.40133  
-0.786305  2.39434  
-0.787746  2.39699  
-0.792566  2.41101  
-0.805019  2.41921  
-0.794112  2.42884  
-0.820391  2.44735  
-0.820084  2.44839  
-0.815001  2.4561  
-0.819512  2.4559  
-0.829584  2.47001  
-0.829722  2.47148  
-0.826855  2.4722  
-0.816614  2.47039  
-0.816541  2.47151  
-0.822621  2.47643  
-0.822275  2.47734  
-0.805425  2.48389  
-0.812642  2.48054  
-0.805958  2.48741  
-0.791139  2.49335  
-0.784974  2.48473  
-0.773088  2.48893  
-0.776304  2.50351  
-0.772209  2.49179  
-0.767375  2.49216  
-0.788066  2.52636  
-0.787033  2.52606  
-0.787468  2.54342  
-0.782708  2.55394  
-0.781461  2.55327  
-0.777954  2.55677  
-0.776541  2.55587  
-0.749082  2.53434  
-0.737409  2.52454  
-0.72922  2.52456  
-0.712291  2.51098  
-0.702575  2.50357  
-0.66751  2.47791  
-0.658906  2.47412  
-0.655007  2.46679  
-0.631691  2.47587  
-0.621906  2.48392  
-0.642972  2.49409  
-0.641948  2.50055  
-0.641512  2.50392  
-0.64644  2.52177  
-0.652266  2.51213  
-0.645488  2.51914  
-0.634608  2.51477  
-0.637206  2.51708  
-0.621576  2.49211  
-0.631812  2.49036  
-0.617834  2.47952  
-0.607098  2.48536  
-0.575969  2.42813  
-0.558668  2.4175  
-0.538309  2.39778  
-0.530449  2.37276  
-0.528307  2.36963  
-0.542807  2.40069  
-0.540288  2.39711  
-0.557991  2.43451  
-0.555089  2.43048  
-0.556766  2.44922  
-0.559145  2.43695  
-0.575628  2.44989  
-0.571913  2.44498  
-0.57949  2.45221  
-0.587435  2.45671  
-0.583085  2.45119  
-0.557415  2.42501  
-0.553096  2.4194  
-0.534194  2.39787  
-0.500323  2.36954  
-0.490878  2.36836  
-0.499317  2.37485  
-0.49486  2.36871  
-0.48813  2.3754  
-0.490037  2.39418  
-0.484561  2.39679  
-0.497786  2.42517  
-0.500465  2.42192  
-0.505574  2.46024  
-0.505876  2.46143  
-0.513715  2.46679  
-0.502072  2.44208  
-0.499742  2.43698  
-0.494231  2.40574  
-0.497384  2.40946  
-0.489687  2.4055  
-0.48706  2.41767  
-0.471227  2.41949  
-0.473861  2.42245  
-0.410064  2.42609  
-0.404259  2.41695  
-0.381418  2.43  
-0.34087  2.41292  
-0.344174  2.41501  
-0.296849  2.41672  
-0.291364  2.40635  
-0.271037  2.40693  
-0.246068  2.39061  
-0.249499  2.39187  
-0.279562  2.39372  
-0.282252  2.39457  
-0.231824  2.35782  
-0.225943  2.34651  
-0.24676  2.32748  
-0.248915  2.32778  
-0.247764  2.29381  
-0.221516  2.26952  
-0.223271  2.26936  
-0.203776  2.30564  
-0.201574  2.3022  
-0.194394  2.31936  
-0.188534  2.34603  
-0.203429  2.35134  
-0.180909  2.33846  
-0.166735  2.32528  
-0.152142  2.31865  
-0.157599  2.29896  
-0.162343  2.30528  
-0.141754  2.27494  
-0.144744  2.25823  
-0.132104  2.26174  
-0.122216  2.26833  
-0.13586  2.27209  
-0.107663  2.2521  
-0.104453  2.2655  
-0.0931392  2.26105  
-0.0695526  2.25131  
-0.068972  2.24571  
-0.0498919  2.24352  
-0.0491763  2.23736  
-0.0244912  2.26061  
-0.0236944  2.25388  
-0.0162645  2.24289  
-0.0151944  2.23573  
0.0082954  2.21363  
0.0273658  2.19266  
0.0285136  2.18475  
0.0389291  2.15115  
0.0403241  2.14275  
0.0807714  2.11423  
0.0819672  2.10546  
0.0961643  2.10629  
0.117766  2.09042  
0.120038  2.08319  
0.150661  2.07666  
0.151303  2.10051  
0.184313  2.07063  
0.191092  2.07232  
0.203456  2.0435  
0.199444  2.05678  
0.199928  2.06843  
0.211649  2.04784  
0.213075  2.03527  
0.209615  2.06872  
0.205971  2.05244  
0.215334  2.04037  
0.233827  2.01185  
0.225876  2.02608  
0.222218  2.02836  
0.233618  2.00904  
0.227438  2.01255  
0.244781  1.97809  
0.244538  1.98203  
0.261489  1.9915  
0.276551  1.96868  
0.263208  1.97198  
0.257747  1.99395  
0.24015  2.00161  
0.233187  1.95296  
0.24743  1.9559  
0.237846  1.95522  
0.238343  1.85895  
0.233415  1.85551  
0.230964  1.81476  
0.214027  1.82267  
0.223999  1.81625  
0.250778  1.7693  
0.24805  1.75712  
0.276974  1.76305  
0.280237  1.77963  
0.315024  1.79773  
0.311198  1.79787  
0.322211  1.82467  
0.325683  1.82472  
0.330161  1.81955  
0.331614  1.79486  
0.336577  1.78838  
0.317387  1.79604  
0.313778  1.77806  
0.304677  1.78062  
0.301036  1.76156  
0.313858  1.72452  
0.313162  1.68664  
0.308907  1.68091  
0.316255  1.69353  
0.316651  1.69274  
0.321959  1.69005  
0.320464  1.66342  
0.315585  1.65508  
0.326511  1.61302  
0.329464  1.62099  
0.298716  1.60457  
0.30051  1.59608  
0.292869  1.61027  
0.313396  1.60455  
0.339635  1.58449  
0.34169  1.58962  
0.341013  1.62671  
0.342357  1.62334  
0.357117  1.67639  
0.356086  1.70029  
0.389721  1.72168  
0.392472  1.71203  
0.391302  1.71864  
0.369961  1.72549  
0.365638  1.73274  
0.345429  1.69137  
0.345853  1.69112  
0.376125  1.63285  
0.360477  1.60012  
0.355178  1.60604  
0.324726  1.59946  
0.324234  1.59794  
0.330082  1.59291  
0.330189  1.61321  
0.342746  1.61418  
0.346283  1.614  
0.345214  1.62403  
0.324848  1.66096  
0.32438  1.67586  
0.324957  1.69099  
0.322149  1.66654  
0.344268  1.66131  
0.329772  1.67305  
0.309263  1.65787  
0.307593  1.64754  
0.286977  1.59908  
0.301789  1.62419  
0.306709  1.591  
0.305903  1.53804  
0.322091  1.53281  
0.295623  1.52147  
0.308438  1.5309  
0.29571  1.52089  
0.308397  1.50584  
0.32326  1.51238  
0.317742  1.48605  
0.326246  1.50814  
0.313662  1.51959  
0.291691  1.52341  
0.287589  1.52986  
0.286475  1.52251  
0.291835  1.5033  
0.276248  1.45789  
0.254614  1.42068  
0.257142  1.42833  
0.245672  1.41447  
0.236041  1.40203  
0.227918  1.39584  
0.234598  1.32897  
0.242524  1.3448  
0.220655  1.32916  
0.219881  1.31411  
0.231019  1.31951  
0.22447  1.30202  
0.207512  1.32874  
0.200707  1.31048  
0.207901  1.28497  
0.201897  1.27904  
0.20141  1.2736  
0.195119  1.26723  
0.215762  1.28094  
0.229597  1.28301  
0.228144  1.28723  
0.232223  1.29293  
0.239516  1.2816  
0.256063  1.279  
0.260142  1.29175  
0.272547  1.3136  
0.269567  1.31661  
0.299844  1.3245  
0.298437  1.30382  
0.305154  1.30121  
0.33031  1.29979  
0.326021  1.30251  
0.344299  1.28719  
0.344828  1.28735  
0.360902  1.28286  
0.361041  1.28297  
0.371666  1.2754  
0.358422  1.28283  
0.359437  1.29407  
0.342009  1.29822  
0.341838  1.2978  
0.348932  1.31915  
0.327811  1.31455  
0.329668  1.31971  
0.316114  1.28823  
0.316291  1.29924  
0.310141  1.26748  
0.309146  1.26709  
0.31631  1.24179  
0.311257  1.22423  
0.310195  1.22359  
0.305718  1.18582  
0.304612  1.18502  
0.31171  1.16923  
0.313209  1.17199  
0.321048  1.1653  
0.314841  1.16659  
0.325759  1.15959  
0.334097  1.19894  
0.332722  1.19545  
0.34282  1.19737  
0.344969  1.20995  
0.35684  1.20244  
0.345832  1.18124  
0.343284  1.15587  
0.340647  1.15473  
0.32431  1.1262  
0.326874  1.12323  
0.312658  1.07696  
0.31717  1.06601  
0.314349  1.06512  
0.314349  1.04045  
0.307815  1.02652  
0.308859  1.01412  
0.316195  0.989966  
0.320196  0.986195  
0.323885  0.988063  
0.323943  0.988541  
0.317946  0.993545  
0.324663  0.98639  
0.328589  0.982468  
0.318986  0.960645  
0.317288  0.957675  
0.311767  0.953401  
0.313086  0.917442  
0.309853  0.920592  
0.301382  0.87238  
0.297312  0.871069  
0.299138  0.828991  
0.297178  0.825472  
0.277271  0.804685  
0.273041  0.803197  
0.270001  0.788292  
0.2631  0.768623  
0.25869  0.766856  
0.261289  0.780262  
0.261266  0.781708  
0.272737  0.789632  
0.271639  0.79584  
0.275267  0.791672  
0.276645  0.787103  
0.28825  0.783615  
0.276758  0.759362  
0.280687  0.766223  
0.284333  0.780048  
0.252287  0.725116  
0.257996  0.719955  
0.246805  0.696207  
0.229394  0.681742  
0.223083  0.674273  
0.20071  0.631357  
0.215206  0.650112  
0.188215  0.61496  
0.187854  0.599634  
0.173594  0.588708  
0.143314  0.550359  
0.136899  0.54604  
0.0937343  0.507285  
0.087039  0.502735  
0.0677798  0.47022  
0.0503592  0.472431  
0.0405429  0.464726  
0.0111294  0.432766  
0.00358445  0.427769  
0.0190628  0.419121  
0.0111822  0.414053  
0.0243762  0.398111  
0.0247543  0.394894  
0.0176362  0.375759  
-0.00700548  0.340415  
-0.0159001  0.335611  
-0.0225564  0.299951  
-0.0317573  0.295481  
-0.0419569  0.279311  
-0.00998677  0.305255  
-0.0420164  0.279594  
-0.0694447  0.249187  
-0.0791661  0.244874  
-0.0815975  0.242875  
-0.0638532  0.237209  
-0.0886103  0.213782  
-0.0987141  0.209633  
-0.110845  0.201992  
-0.121098  0.197842  
-0.128099  0.167691  
-0.118138  0.163274  
-0.118652  0.160377  
-0.145828  0.131407  
-0.127422  0.141112  
-0.172274  0.0972112  
-0.152296  0.0799981  
-0.154771  0.0755168  
-0.148813  0.0466685  
-0.139342  0.0357058  
-0.142287  -0.00371627  
-0.164516  -0.0302037  
-0.165796  -0.0312947  
-0.181299  -0.0657338  
-0.159475  -0.0605711  
-0.16507  -0.0845376  
-0.170616  -0.106506  
-0.166818  -0.110099  
-0.175732  -0.140211  
-0.176966  -0.141259  
-0.164711  -0.164752  
-0.156023  -0.183045  
-0.15219  -0.189307  
-0.128795  -0.207635  
-0.125267  -0.222205  
-0.133564  -0.260839  
-0.109629  -0.275703  
-0.101585  -0.292249  
-0.124242  -0.333399  
-0.112068  -0.338171  
-0.106463  -0.357382  
-0.0871572  -0.405314  
-0.0908942  -0.412687  
-0.100083  -0.444596  
-0.0927826  -0.45889  
-0.0861323  -0.479218  
-0.0933279  -0.522914  
-0.0994129  -0.526142  
-0.109291  -0.557352  
-0.0997332  -0.565705  
-0.112899  -0.599974  
-0.130697  -0.63389  
-0.124747  -0.645008  
-0.152756  -0.699047  
-0.15893  -0.700574  
-0.193524  -0.762895  
-0.199816  -0.783085  
-0.19211  -0.79937  
-0.236466  -0.865816  
-0.236466  -0.865816  
-0.264987  -0.920259  
-0.280871  -0.933445  
-0.327255  -0.98574  
-0.364974  -1.02953  
-0.360155  -1.03889  
-0.418397  -1.10033  
-0.415715  -1.09986  
-0.50828  -1.16801  
-0.503652  -1.17032  
-0.577276  -1.24241  
-0.617942  -1.28612  
-0.635378  -1.30144  
-0.710432  -1.37154  
-0.716551  -1.37485  
-0.781906  -1.43244  
-0.838641  -1.49129  
-0.838887  -1.49806  
-0.863164  -1.51308  
-0.904976  -1.57233  
-0.953674  -1.62474  
-0.951219  -1.62208  
-0.988194  -1.65658  
-1.00534  -1.67105  
-1.02215  -1.69094  
-1.02051  -1.69511  
-1.04431  -1.71495  
-1.06136  -1.72273  
-1.04497  -1.73314  
-1.07075  -1.75232  
-1.06966  -1.74983  
-1.07301  -1.75576  
-1.08109  -1.75852  
-1.0872  -1.7763  
-1.09532  -1.77201  
-1.08946  -1.76205  
-1.08907  -1.75998  
-1.11107  -1.76211  
-1.11094  -1.76726  
-1.13746  -1.76363  
-1.12435  -1.7537  
-1.1328  -1.7502  
-1.15435  -1.74651  
-1.1565  -1.74695  
-1.15667  -1.73772  
-1.18978  -1.73209  
-1.18978  -1.73209  
-1.20036  -1.72054  
-1.1958  -1.71659  
-1.22564  -1.71761  
-1.22966  -1.70195  
-1.23895  -1.69266  
-1.2592  -1.69302  
-1.25996  -1.68484  
-1.29381  -1.68013  
-1.31233  -1.66554  
-1.31233  -1.66554  
-1.33291  -1.66306  
-1.34421  -1.65548  
-1.37703  -1.65305  
-1.37564  -1.65391  
-1.40003  -1.6536  
-1.39853  -1.65456  
-1.40244  -1.64964  
-1.40954  -1.64863  
-1.398  -1.63959  
-1.40487  -1.6389  
-1.41133  -1.62791  
-1.4206  -1.62709  
-1.41909  -1.62858  
-1.42656  -1.62371  
-1.42296  -1.62422  
-1.44008  -1.61682  
-1.44798  -1.61913  
-1.44642  -1.62092  
-1.4714  -1.61061  
-1.46587  -1.61492  
-1.47395  -1.62092  
-1.47225  -1.62283  
-1.49647  -1.61652  
-1.4945  -1.61151  
-1.51313  -1.62035  
-1.51109  -1.61539  
-1.51739  -1.63229  
-1.53682  -1.63308  
-1.53486  -1.6352  
-1.5449  -1.63908  
-1.5515  -1.63903  
-1.56474  -1.65608  
-1.56261  -1.65095  
-1.5933  -1.65962  
-1.61551  -1.66244  
-1.5941  -1.65838  
-1.62699  -1.66083  
-1.63328  -1.66096  
-1.64791  -1.65739  
-1.64552  -1.65987  
-1.67631  -1.66819  
-1.67798  -1.65703  
-1.68443  -1.66082  
-1.69321  -1.65473  
-1.69918  -1.65536  
-1.6936  -1.65087  
-1.69959  -1.65158  
-1.72052  -1.65558  
-1.72643  -1.65641  
-1.76284  -1.63031  
-1.75994  -1.63374  
-1.78071  -1.6205  
-1.79859  -1.61272  
-1.80382  -1.61435  
-1.79741  -1.5897  
-1.80265  -1.59162  
-1.81768  -1.58335  
-1.80618  -1.57255  
-1.80077  -1.57687  
-1.77591  -1.57799  
-1.77398  -1.57997  
-1.74523  -1.57186  
-1.74051  -1.57512  
-1.7185  -1.56965  
-1.70999  -1.57348  
-1.71595  -1.57554  
-1.71546  -1.57792  
-1.71294  -1.58216  
-1.70155  -1.57245  
-1.70753  -1.57453  
-1.69533  -1.56995  
-1.69704  -1.57823  
-1.70286  -1.57315  
-1.69419  -1.56595  
-1.69399  -1.57033  
-1.67885  -1.56805  
-1.67831  -1.56883  
-1.66964  -1.5751  
-1.67664  -1.58215  
-1.68157  -1.58295  
-1.66551  -1.57613  
-1.66851  -1.57102  
-1.67217  -1.56947  
-1.67424  -1.56257  
-1.66329  -1.55059  
-1.6664  -1.53934  
-1.6664  -1.53934  
-1.65766  -1.50706  
-1.64438  -1.48996  
-1.64747  -1.49196  
-1.63397  -1.47075  
-1.63415  -1.46584  
-1.61092  -1.44929  
-1.57463  -1.42611  
-1.58048  -1.42941  
-1.55141  -1.41634  
-1.55717  -1.41262  
-1.53455  -1.4104  
-1.50393  -1.38974  
-1.50976  -1.38616  
-1.45839  -1.36954  
-1.45583  -1.3682  
-1.43142  -1.3439  
-1.40937  -1.32454  
-1.41216  -1.32216  
-1.40356  -1.30495  
-1.4085  -1.29637  
-1.37848  -1.25925  
-1.367  -1.2373  
-1.38175  -1.23386  
-1.35859  -1.21711  
-1.37471  -1.20566  
-1.37391  -1.19597  
-1.36883  -1.18416  
-1.38813  -1.17462  
-1.38527  -1.1704  
-1.37218  -1.15298  
-1.36262  -1.15159  
-1.38984  -1.14862  
-1.39592  -1.157  
-1.41413  -1.14138  
-1.42448  -1.13496  
-1.42834  -1.14029  
-1.43858  -1.14092  
-1.43966  -1.13345  
-1.47259  -1.1282  
-1.46703  -1.12925  
-1.49496  -1.13093  
-1.4975  -1.13615  
-1.50021  -1.13513  
-1.50839  -1.13996  
-1.50246  -1.14111  
-1.51453  -1.13608  
-1.52585  -1.14092  
-1.52812  -1.14013  
-1.53361  -1.13979  
-1.5343  -1.13979  
-1.54297  -1.13302  
-1.54519  -1.13263  
-1.5544  -1.12092  
-1.55864  -1.11594  
-1.56187  -1.11171  
-1.54614  -1.10591  
-1.56036  -1.09382  
-1.54339  -1.07867  
-1.5634  -1.08018  
-1.56336  -1.0751  
-1.5637  -1.06552  
-1.55963  -1.05833  
-1.56285  -1.05229  
-1.56791  -1.04272  
-1.57335  -1.0345  
-1.56934  -1.02801  
-1.56468  -1.02078  
-1.54372  -1.01118  
-1.53481  -1.01636  
-1.52645  -1.01061  
-1.52298  -1.00762  
-1.51753  -0.995561  
-1.48385  -0.978384  
-1.45465  -0.987591  
-1.44658  -0.990508  
-1.42746  -0.986464  
-1.42619  -0.986651  
-1.42754  -0.988275  
-1.41494  -0.987507  
-1.40656  -0.991869  
-1.41401  -1.01158  
-1.41133  -1.01458  
-1.38932  -1.02569  
-1.39408  -1.04423  
-1.39104  -1.04923  
-1.38178  -1.06097  
-1.38294  -1.06181  
-1.34541  -1.05226  
-1.34183  -1.05609  
-1.34305  -1.05698  
-1.31588  -1.028  
-1.3171  -1.02919  
-1.30594  -1.0371  
-1.27522  -1.02382  
-1.28083  -1.02091  
-1.26386  -1.00906  
-1.25568  -1.0117  
-1.22926  -1.0147  
-1.22948  -1.01531  
-1.19268  -1.00296  
-1.1617  -1.00743  
-1.16188  -1.00802  
-1.13232  -0.99821  
-1.13362  -0.999516  
-1.09282  -0.97274  
-1.09417  -0.974302  
-1.09158  -0.959274  
-1.07358  -0.930965  
-1.07324  -0.926522  
-1.05416  -0.909613  
-1.04644  -0.913728  
-1.04176  -0.907213  
-1.00706  -0.90592  
-1.01569  -0.904619  
-0.995988  -0.898849  
-0.991223  -0.909179  
-0.971125  -0.93228  
-0.961165  -0.926159  
-0.964662  -0.937183  
-0.941621  -0.933061  
-0.940564  -0.936084  
-0.924536  -0.929469  
-0.907448  -0.911282  
-0.919959  -0.90078  
-0.913861  -0.895733  
-0.911334  -0.894362  
-0.904904  -0.884817  
-0.893108  -0.860365  
-0.892698  -0.855554  
-0.891612  -0.858518  
-0.905522  -0.870829  
-0.902577  -0.867169  
-0.880401  -0.852925  
-0.881371  -0.855382  
-0.868849  -0.853716  
-0.854581  -0.848947  
-0.84247  -0.842611  
-0.821974  -0.839988  
-0.824207  -0.841107  
-0.79702  -0.839065  
-0.795097  -0.832146  
-0.74601  -0.807005  
-0.725066  -0.806013  
-0.723396  -0.811717  
-0.685513  -0.795953  
-0.681599  -0.792683  
-0.623081  -0.760569  
-0.61907  -0.757551  
-0.58747  -0.740954  
-0.583249  -0.738056  
-0.559572  -0.735362  
-0.525307  -0.729421  
-0.520853  -0.726468  
-0.4979  -0.706614  
-0.498674  -0.704846  
-0.43379  -0.689877  
-0.411103  -0.679793  
-0.407997  -0.683174  
-0.358305  -0.664015  
-0.360689  -0.657167  
-0.306698  -0.641941  
-0.284889  -0.638731  
-0.282902  -0.633334  
-0.264206  -0.637952  
-0.253781  -0.630137  
-0.238132  -0.647728  
-0.242654  -0.659574  
-0.236748  -0.656169  
-0.205876  -0.643671  
-0.204049  -0.651925  
-0.197725  -0.648427  
-0.17065  -0.625468  
-0.190953  -0.632928  
-0.144798  -0.609997  
-0.138202  -0.593521  
-0.139216  -0.589664  
-0.152409  -0.583151  
-0.145207  -0.569924  
-0.120507  -0.555762  
-0.119219  -0.555291  
-0.113279  -0.551584  
-0.12078  -0.577032  
-0.104846  -0.57022  
-0.133483  -0.607456  
-0.125381  -0.603733  
-0.0709658  -0.594846  
-0.0630638  -0.59101  
-0.0230119  -0.588142  
0.041802  -0.557777  
0.0304424  -0.56655  
0.078552  -0.533123  
0.0862619  -0.529226  
0.134675  -0.507746  
0.167519  -0.474479  
0.175008  -0.47082  
0.178242  -0.470582  
0.188774  -0.475279  
0.219385  -0.45541  
0.216265  -0.467179  
0.224203  -0.463121  
0.245383  -0.463296  
0.253316  -0.459105  
0.264698  -0.458516  
0.273436  -0.465997  
0.255827  -0.474279  
0.276855  -0.46752  
0.294549  -0.457065  
0.2829  -0.452315  
0.308343  -0.440089  
0.311005  -0.443994  
0.320914  -0.441355  
0.326928  -0.437824  
0.326692  -0.432904  
0.339943  -0.428146  
0.350176  -0.404962  
0.364309  -0.405639  
0.348329  -0.411176  
0.377213  -0.386904  
0.388028  -0.379351  
0.390866  -0.374841  
0.387871  -0.376399  
0.396698  -0.366038  
0.425905  -0.363595  
0.411418  -0.363937  
0.419886  -0.353318  
0.448552  -0.356853  
0.432956  -0.358555  
0.456955  -0.352822  
0.486261  -0.341073  
0.494752  -0.336461  
0.505248  -0.340452  
0.523254  -0.334835  
0.542914  -0.325043  
0.525328  -0.335154  
0.565107  -0.323922  
0.547574  -0.33392  
0.558848  -0.324918  
0.572138  -0.311065  
0.597127  -0.307188  
0.635382  -0.288191  
0.617908  -0.29836  
0.659817  -0.276808  
0.662423  -0.281295  
0.700932  -0.237583  
0.708441  -0.232989  
0.729603  -0.214318  
0.771607  -0.192981  
0.77878  -0.1885  
0.806721  -0.169287  
0.797424  -0.188424  
0.811977  -0.178997  
0.797376  -0.192871  
0.798119  -0.192433  
0.807788  -0.201628  
0.819624  -0.198651  
0.840569  -0.196159  
0.846697  -0.185892  
0.863267  -0.173239  
0.862702  -0.184165  
0.874676  -0.167543  
0.864157  -0.177983  
0.856861  -0.187799  
0.834132  -0.186424  
0.841095  -0.181506  
0.79136  -0.223054  
0.781263  -0.232661  
0.774571  -0.226769  
0.731617  -0.269556  
0.739158  -0.264098  
0.699552  -0.304995  
0.657896  -0.32408  
0.665711  -0.318377  
0.638189  -0.332589  
0.598276  -0.365845  
0.581574  -0.365919  
0.566677  -0.369566  
0.578159  -0.369786  
0.560614  -0.378266  
0.585928  -0.361287  
0.575617  -0.369837  
0.599202  -0.341192  
0.604831  -0.351108  
0.6202  -0.336684  
0.638725  -0.321305  
0.622253  -0.33633  
0.644758  -0.337212  
0.637218  -0.344062  
0.643669  -0.338671  
0.656486  -0.333788  
0.63726  -0.342736  
0.649941  -0.331141  
0.666804  -0.318696  
0.672759  -0.313523  
0.680623  -0.320019  
0.681705  -0.324039  
0.676993  -0.302129  
0.693263  -0.302826  
0.678013  -0.309966  
0.684956  -0.303244  
0.705765  -0.29473  
0.706735  -0.300728  
0.684817  -0.312877  
0.699474  -0.306271  
0.672825  -0.324623  
0.679024  -0.321899  
0.677779  -0.33206  
0.687396  -0.319733  
0.687625  -0.331673  
0.671203  -0.347826  
0.673784  -0.348085  
0.695699  -0.331034  
0.708191  -0.323858  
0.717428  -0.309719  
0.712321  -0.321456  
0.738583  -0.306201  
0.745342  -0.299931  
0.759855  -0.29841  
0.770986  -0.31351  
0.776093  -0.296791  
0.786293  -0.3051  
0.798364  -0.329774  
0.801658  -0.324097  
0.809804  -0.319446  
0.81035  -0.33326  
0.820176  -0.338675  
0.812697  -0.357665  
0.808311  -0.356045  
0.816424  -0.36013  
0.816613  -0.373091  
0.819428  -0.366895  
0.788351  -0.390413  
0.797808  -0.397464  
0.808149  -0.390891  
0.768096  -0.422744  
0.766865  -0.424968  
0.761865  -0.432031  
0.770844  -0.408555  
0.769507  -0.410953  
0.764996  -0.404647  
0.764214  -0.40921  
0.752305  -0.417518  
0.754841  -0.410913  
0.725188  -0.440106  
0.737529  -0.445361  
0.735913  -0.447398  
0.723026  -0.462812  
0.721393  -0.464646  
0.716801  -0.484832  
0.722856  -0.486266  
0.720708  -0.484077  
0.726632  -0.485512  
0.735004  -0.468142  
0.732956  -0.469877  
0.73528  -0.4691  
0.736918  -0.462619  
0.759752  -0.453459  
0.757624  -0.459522  
0.755197  -0.461324  
0.748933  -0.466677  
0.74508  -0.475227  
0.773904  -0.463724  
0.779576  -0.47132  
0.773026  -0.48623  
0.762861  -0.497306  
0.763813  -0.496524  
0.773085  -0.48219  
0.783402  -0.456947  
0.780473  -0.458638  
0.786769  -0.441061  
0.808602  -0.415949  
0.809116  -0.409737  
0.807148  -0.401498  
0.812942  -0.401278  
0.801031  -0.41127  
0.80568  -0.41319  
0.81676  -0.404217  
0.802475  -0.435584  
0.807087  -0.437218  
0.795418  -0.477677  
0.782182  -0.490118  
0.779069  -0.498283  
0.77349  -0.493461  
0.778086  -0.494376  
0.772709  -0.474969  
0.773989  -0.472387  
0.764274  -0.459331  
0.761176  -0.461338  
0.760813  -0.463581  
0.760318  -0.437552  
0.75912  -0.42245  
0.758078  -0.428206  
0.743179  -0.42347  
0.743104  -0.423659  
0.72697  -0.43058  
0.725398  -0.438796  
0.715688  -0.438362  
0.715037  -0.439772  
0.679322  -0.424574  
0.66289  -0.428091  
0.661394  -0.415922  
0.646183  -0.403488  
0.652597  -0.392929  
0.634227  -0.387578  
0.638953  -0.383464  
0.637566  -0.376576  
0.629189  -0.372927  
0.626972  -0.370463  
0.631726  -0.38639  
0.636389  -0.382293  
0.635899  -0.392864  
0.639833  -0.388129  
0.642612  -0.388423  
0.667104  -0.371441  
0.672705  -0.363185  
0.682209  -0.326707  
0.680863  -0.321739  
0.68818  -0.315568  
0.679635  -0.302448  
0.674974  -0.306226  
0.692762  -0.267526  
0.699724  -0.262877  
0.677492  -0.29049  
0.686201  -0.283316  
0.685259  -0.283439  
0.715309  -0.275768  
0.706309  -0.287463  
0.695706  -0.29231  
0.702797  -0.282828  
0.705444  -0.286445  
0.701213  -0.292957  
0.697485  -0.295242  
0.691037  -0.288291  
0.698487  -0.288169  
0.666821  -0.298088  
0.658205  -0.29868  
0.645616  -0.312905  
0.63481  -0.316088  
0.632844  -0.311452  
0.640307  -0.30513  
0.635221  -0.308828  
0.597784  -0.316189  
0.604622  -0.311364  
0.61245  -0.302125  
0.607316  -0.305925  
0.578348  -0.326425  
0.585026  -0.321648  
0.58511  -0.315207  
0.588655  -0.318287  
0.58358  -0.334639  
0.582611  -0.333575  
0.58904  -0.328697  
0.603229  -0.319322  
0.598556  -0.317389  
0.613106  -0.301403  
0.616328  -0.299083  
0.61937  -0.281933  
0.620194  -0.281285  
0.629016  -0.289729  
0.63904  -0.276099  
0.638487  -0.268258  
0.628909  -0.294234  
0.654813  -0.28969  
0.651407  -0.285528  
0.648088  -0.291301  
0.65759  -0.291957  
0.658303  -0.280492  
0.653376  -0.272075  
0.658896  -0.267746  
0.625174  -0.265857  
0.621679  -0.262103  
0.611557  -0.26395  
0.611487  -0.237139  
0.607754  -0.228793  
0.603487  -0.216343  
0.606458  -0.221022  
0.576291  -0.227093  
0.562189  -0.22446  
0.567826  -0.225021  
0.564176  -0.233777  
0.568859  -0.235783  
0.553336  -0.2418  
0.540885  -0.259797  
0.538529  -0.256143  
0.506109  -0.263438  
0.531598  -0.249617  
0.537198  -0.246207  
0.536632  -0.243985  
0.535255  -0.238522  
0.537706  -0.229956  
0.534504  -0.196227  
0.539884  -0.193493  
0.563929  -0.176948  
0.565619  -0.16634  
0.584703  -0.154431  
0.572866  -0.158111  
0.573449  -0.157221  
0.599381  -0.155884  
0.592108  -0.166398  
0.612618  -0.146587  
0.606169  -0.158955  
0.610975  -0.156478  
0.622304  -0.145553  
0.624848  -0.144472  
0.634304  -0.134859  
0.635437  -0.133605  
0.630097  -0.13082  
0.639553  -0.110842  
0.644234  -0.108832  
0.655031  -0.108395  
0.659642  -0.106366  
0.659499  -0.102582  
0.668898  -0.106576  
0.673438  -0.104533  
0.659429  -0.122501  
0.670894  -0.113628  
0.663313  -0.120072  
0.663207  -0.122181  
0.656461  -0.12054  
0.660646  -0.127563  
0.640976  -0.135644  
0.636235  -0.133997  
0.627283  -0.136449  
0.628142  -0.135079  
0.611666  -0.128296  
0.622911  -0.122597  
0.622977  -0.11297  
0.599298  -0.137012  
0.607582  -0.137196  
0.582807  -0.140108  
0.60081  -0.141375  
0.60135  -0.150388  
0.595917  -0.152214  
0.592993  -0.160701  
0.611957  -0.163238  
0.607326  -0.16717  
0.605426  -0.17626  
0.642853  -0.158606  
0.635066  -0.153413  
0.642697  -0.167927  
0.648605  -0.164643  
0.673359  -0.152506  
0.669539  -0.162275  
0.672442  -0.161353  
0.695614  -0.150324  
0.700069  -0.147726  
0.706296  -0.141986  
0.683757  -0.155617  
0.69031  -0.156094  
0.694641  -0.147205  
0.697574  -0.146252  
0.6676  -0.153415  
0.670489  -0.143503  
0.667748  -0.138297  
0.655823  -0.137513  
0.642507  -0.14369  
0.632282  -0.137746  
0.630557  -0.147143  
0.625398  -0.14692  
0.602953  -0.155173  
0.584217  -0.164844  
0.58954  -0.162299  
0.554801  -0.170823  
0.552903  -0.16804  
0.548612  -0.165988  
0.5544  -0.159409  
0.550096  -0.157443  
0.519035  -0.158193  
0.514018  -0.154907  
0.519684  -0.152624  
0.513411  -0.138792  
0.498241  -0.15731  
0.50395  -0.155028  
0.495008  -0.156114  
0.502132  -0.15651  
0.489742  -0.171167  
0.496889  -0.171557  
0.53157  -0.155134  
0.528365  -0.147445  
0.531804  -0.146383  
0.553547  -0.136055  
0.559009  -0.136887  
0.556034  -0.142175  
0.556919  -0.150632  
0.592956  -0.132574  
0.615779  -0.123356  
0.591354  -0.139756  
0.625846  -0.133455  
0.621246  -0.13118  
0.636164  -0.128136  
0.643255  -0.119618  
0.645217  -0.130247  
0.677413  -0.121497  
0.682571  -0.118592  
0.655399  -0.141085  
0.660822  -0.137917  
0.670311  -0.143438  
0.640613  -0.16036  
0.635781  -0.179109  
0.622934  -0.186964  
0.628812  -0.18312  
0.624091  -0.180792  
0.600787  -0.191556  
0.594106  -0.198467  
0.563347  -0.203834  
0.566946  -0.205374  
0.53475  -0.213349  
0.513566  -0.228282  
0.526466  -0.218446  
0.494232  -0.236462  
0.495295  -0.24107  
0.474327  -0.252986  
0.483879  -0.239517  
0.458079  -0.243629  
0.45146  -0.25188  
0.461473  -0.242022  
0.468607  -0.237417  
0.457692  -0.258879  
0.481438  -0.228893  
0.484812  -0.232981  
0.475496  -0.23602  
0.482514  -0.23128  
0.47991  -0.239755  
0.494619  -0.21677  
0.497839  -0.220888  
0.510045  -0.210113  
0.516982  -0.205298  
0.553387  -0.184196  
0.546475  -0.187514  
0.541965  -0.192417  
0.55313  -0.180154  
0.561794  -0.178657  
0.598418  -0.165244  
0.588575  -0.174647  
0.594738  -0.190685  
0.596172  -0.173007  
0.602012  -0.171969  
0.576232  -0.173883  
0.582634  -0.175952  
0.569342  -0.173962  
0.58719  -0.163656  
0.557249  -0.183841  
0.565052  -0.187746  
0.569586  -0.174588  
0.570088  -0.174317  
0.564809  -0.190384  
0.5629  -0.200698  
0.562768  -0.204961  
0.55241  -0.200453  
0.560447  -0.194775  
0.555337  -0.189511  
0.568932  -0.18725  
0.57082  -0.18207  
0.561442  -0.176913  
0.55945  -0.187858  
0.543364  -0.193918  
0.546638  -0.189252  
0.539119  -0.186753  
0.521333  -0.196151  
0.531309  -0.189372  
0.507766  -0.201459  
0.515932  -0.206648  
0.522594  -0.185528  
0.51995  -0.192642  
0.523443  -0.177847  
0.507695  -0.17486  
0.512841  -0.17266  
0.517263  -0.17301  
0.495279  -0.18535  
0.493364  -0.184477  
0.497535  -0.186421  
0.494049  -0.193869  
0.498577  -0.205062  
0.50734  -0.197037  
0.518523  -0.205606  
0.527184  -0.19736  
0.536641  -0.165835  
0.57257  -0.148073  
0.560761  -0.147981  
0.602938  -0.11356  
0.608712  -0.106385  
0.61338  -0.110164  
0.620277  -0.0981325  
0.623825  -0.0999334  
0.624757  -0.0980243  
0.628258  -0.101495  
0.613207  -0.146982  
0.607106  -0.164406  
0.610973  -0.165052  
0.613372  -0.157107  
0.607681  -0.169574  
0.619781  -0.139463  
0.627199  -0.130007  
0.633126  -0.127249  
0.619433  -0.123872  
0.627195  -0.112155  
0.640676  -0.0732721  
0.643417  -0.0718082  
0.657471  -0.0455865  
0.660854  -0.045818  
0.642772  -0.0523369  
0.664489  -0.0417743  
0.667246  -0.0402393  
0.66312  -0.0135645  
0.659299  0.00582281  
0.666982  0.00677507  
0.673798  0.0324539  
0.659731  0.0399214  
0.647551  0.045898  
0.652218  0.0476161  
0.644902  0.0452503  
0.624619  0.0413661  
0.625457  0.0538991  
0.606621  0.0450011  
0.57683  0.0148624  
0.570189  -0.00919343  
0.536443  -0.00813286  
0.537826  -0.0151934  
0.509646  -0.0107396  
0.498497  0.00126725  
0.478554  -0.00986445  
0.484638  0.0358405  
0.495262  0.0369702  
0.462645  0.0299126  
0.47807  0.072705  
0.4632  0.0713333  
0.458955  0.0803636  
0.464489  0.0800979  
0.416568  0.047574  
0.397088  0.0447636  
0.395136  0.0340837  
0.386561  0.0249372  
0.392464  0.0255285  
0.385634  0.0356837  
0.359872  0.04003  
0.359611  0.0350746  
0.336056  0.0336776  
0.345472  0.0462236  
0.331142  0.0593305  
0.313502  0.0604606  
0.341573  0.0886277  
0.347223  0.0914707  
0.316741  0.0809894  
0.329322  0.0901693  
0.335348  0.0909711  
0.371173  0.124469  
0.382979  0.136158  
0.380884  0.137485  
0.419624  0.165534  
0.431095  0.177548  
0.444643  0.177615  
0.423568  0.165855  
0.446389  0.188624  
0.451492  0.189675  
0.455796  0.177894  
0.441104  0.177786  
0.446525  0.184443  
0.445199  0.168528  
0.424667  0.157489  
0.402981  0.145703  
0.403584  0.145507  
0.423542  0.18385  
0.413014  0.186689  
0.412834  0.185165  
0.413427  0.201017  
0.419046  0.203268  
0.401308  0.197518  
0.387547  0.198487  
0.369352  0.199561  
0.375313  0.202116  
0.380376  0.203395  
0.347437  0.159679  
0.353551  0.16289  
0.343065  0.161688  
0.349129  0.165039  
0.336305  0.13167  
0.31656  0.12265  
0.318606  0.102334  
0.324784  0.106542  
0.346051  0.126674  
0.328752  0.119447  
0.334842  0.12384  
0.342502  0.144865  
0.348486  0.149251  
0.365272  0.161558  
0.376943  0.191667  
0.390292  0.201  
0.391748  0.222318  
0.397288  0.226625  
0.380115  0.20708  
0.390762  0.226781  
0.397168  0.228484  
0.409483  0.236128  
0.416059  0.23665  
0.419575  0.228017  
0.417447  0.235843  
0.423331  0.233387  
0.42896  0.233109  
0.437761  0.238709  
0.481221  0.281194  
0.454944  0.260039  
0.464348  0.265193  
0.471305  0.273731  
0.474203  0.276429  
0.480954  0.292915  
0.477956  0.282166  
0.485881  0.289905  
0.493022  0.293077  
0.476683  0.285539  
0.467029  0.277118  
0.471773  0.283345  
0.467659  0.267657  
0.46677  0.260704  
0.457555  0.241233  
0.443408  0.233406  
0.449059  0.246985  
0.429179  0.236632  
0.431927  0.239108  
0.437703  0.232878  
0.430891  0.240752  
0.435496  0.244347  
0.435392  0.267921  
0.436931  0.27299  
0.451508  0.318021  
0.449402  0.335279  
0.443777  0.319126  
0.447383  0.328617  
0.457601  0.343343  
0.48027  0.362517  
0.493668  0.380928  
0.492668  0.376083  
0.518412  0.418811  
0.502542  0.401257  
0.531679  0.431378  
0.519476  0.4317  
0.530158  0.444664  
0.53706  0.453133  
0.540916  0.459064  
0.542585  0.471653  
0.539396  0.490556  
0.539396  0.490556  
0.546874  0.497704  
0.545799  0.489873  
0.529102  0.481897  
0.536963  0.490418  
0.54765  0.495613  
0.526521  0.471976  
0.529475  0.472151  
0.537706  0.480148  
0.547925  0.490116  
0.535456  0.481827  
0.541984  0.501555  
0.545871  0.508422  
0.559408  0.535274  
0.561117  0.524193  
0.53865  0.504558  
0.553514  0.536124  
0.557345  0.550189  
0.556839  0.563915  
0.564004  0.562096  
0.547927  0.562228  
0.554384  0.572172  
0.560533  0.5578  
0.539124  0.564756  
0.543084  0.571524  
0.531305  0.584473  
0.529719  0.57788  
0.515822  0.562369  
0.502641  0.568762  
0.506782  0.575808  
0.482083  0.567417  
0.482745  0.560553  
0.459774  0.555988  
0.462143  0.562984  
0.466408  0.570335  
0.438211  0.547571  
0.442527  0.555176  
0.435439  0.559086  
0.406634  0.558666  
0.411234  0.561573  
0.410512  0.571746  
0.394246  0.569138  
0.388681  0.581061  
0.387026  0.576603  
0.386089  0.567568  
0.392685  0.576767  
0.377063  0.585084  
0.387551  0.594728  
0.366715  0.583555  
0.375561  0.589097  
0.391489  0.601965  
0.39843  0.603769  
0.393153  0.6161  
0.390144  0.609905  
0.397735  0.623287  
0.394017  0.638755  
0.395857  0.630773  
0.397743  0.625497  
0.39499  0.630278  
0.39983  0.640205  
0.382653  0.627069  
0.386251  0.602239  
0.375638  0.603632  
0.37019  0.596014  
0.371838  0.574593  
0.366413  0.580171  
0.351175  0.574271  
0.36547  0.587646  
0.360328  0.580121  
0.365516  0.587679  
0.351287  0.585544  
0.356483  0.593071  
0.375062  0.615724  
0.372583  0.636486  
0.372583  0.636486  
0.400948  0.670016  
0.385049  0.669771  
0.382678  0.672586  
0.386538  0.68013  
0.397607  0.692893  
0.39007  0.690577  
0.394752  0.687063  
0.398527  0.694521  
0.397569  0.685844  
0.405851  0.706037  
0.418005  0.71157  
0.406662  0.695772  
0.413031  0.720292  
0.416425  0.721938  
0.42077  0.735618  
0.424599  0.743065  
0.420642  0.75462  
0.434503  0.768359  
0.446527  0.773515  
0.437351  0.778831  
0.422822  0.77369  
0.438107  0.784581  
0.441953  0.791726  
0.434057  0.760558  
0.437925  0.768052  
0.42941  0.748031  
0.44832  0.76068  
0.452141  0.76833  
0.433307  0.744738  
0.436009  0.740519  
0.456132  0.756668  
0.429412  0.755761  
0.438687  0.74272  
0.435946  0.760111  
0.439431  0.761876  
0.458917  0.793748  
0.460064  0.788625  
0.427804  0.774934  
0.445361  0.792668  
0.45151  0.789954  
0.4493  0.797583  
0.442856  0.793458  
0.449473  0.801544  
0.463317  0.818837  
0.464132  0.818219  
0.451057  0.819424  
0.472467  0.843408  
0.473586  0.838567  
0.468874  0.875159  
0.476124  0.886966  
0.464266  0.889429  
0.466257  0.916237  
0.471622  0.926153  
0.456312  0.943722  
0.460459  0.955659  
0.453894  0.951217  
0.448533  0.969652  
0.44417  0.960026  
0.445469  0.969545  
0.442535  0.961543  
0.438699  0.974973  
0.443128  0.981752  
0.437425  0.972009  
0.442139  0.984394  
0.442932  0.973875  
0.446597  1.00666  
0.448227  1.00096  
0.454191  1.03682  
0.455794  1.03091  
0.45337  1.04992  
0.439513  1.05692  
0.44028  1.04654  
0.44083  1.07723  
0.44159  1.06689  
0.432235  1.09113  
0.435147  1.0872  
0.417588  1.08451  
0.429873  1.08939  
0.432052  1.09375  
0.427615  1.10307  
0.43468  1.10509  
0.417502  1.10967  
0.430001  1.11493  
0.431482  1.12943  
0.406492  1.11879  
0.411324  1.12518  
0.413473  1.1189  
0.404575  1.11651  
0.408174  1.11863  
0.400459  1.10426  
0.390872  1.11252  
0.377319  1.10606  
0.368199  1.10232  
0.368773  1.0925  
0.337238  1.07762  
0.348024  1.08484  
0.325096  1.0897  
0.327166  1.08496  
0.31653  1.08312  
0.315733  1.08678  
0.323979  1.08092  
0.327513  1.08638  
0.332527  1.09362  
0.332795  1.09474  
0.326698  1.11655  
0.328318  1.11238  
0.33137  1.12693  
0.329196  1.12645  
0.330769  1.12214  
0.33139  1.12768  
0.327917  1.133  
0.317294  1.1246  
0.318764  1.12073  
0.329417  1.11702  
0.334156  1.12425  
0.318844  1.12253  
0.320337  1.11852  
0.327498  1.11118  
0.340855  1.12193  
0.346311  1.12855  
0.347867  1.12301  
0.366947  1.12103  
0.35013  1.12543  
0.368417  1.1379  
0.367765  1.12927  
0.349886  1.10224  
0.35332  1.1136  
0.371878  1.11603  
0.375448  1.11814  
0.368496  1.11683  
0.354806  1.11353  
0.354129  1.12709  
0.375516  1.13612  
0.362426  1.12787  
0.365915  1.1392  
0.360581  1.13816  
0.371467  1.15844  
0.341851  1.1416  
0.344735  1.15487  
0.342837  1.15845  
0.336052  1.16551  
0.336047  1.15637  
0.316923  1.16198  
0.321108  1.15873  
0.325888  1.18767  
0.327099  1.18431  
0.336836  1.20044  
0.341596  1.20812  
0.342258  1.22386  
0.328083  1.23351  
0.332906  1.24096  
0.345067  1.239  
0.349768  1.24655  
0.367132  1.26425  
0.351673  1.26477  
0.387993  1.28111  
0.369712  1.29309  
0.373293  1.29527  
0.383311  1.31165  
0.386895  1.31383  
0.403465  1.33589  
0.410905  1.35513  
0.41086  1.34597  
0.404469  1.35521  
0.407678  1.36242  
0.432529  1.37737  
0.431761  1.38554  
0.431724  1.37636  
0.437707  1.38589  
0.437671  1.37671  
0.439522  1.38036  
0.443161  1.38254  
0.46056  1.39141  
0.479676  1.39374  
0.463836  1.39434  
0.478233  1.39564  
0.478229  1.38641  
0.47864  1.39126  
0.490956  1.38829  
0.495368  1.39605  
0.511363  1.39942  
0.518163  1.40097  
0.509379  1.41049  
0.524068  1.4168  
0.526313  1.42607  
0.532612  1.43573  
0.516019  1.44044  
0.522789  1.44574  
0.522789  1.44574  
0.524198  1.45526  
0.511594  1.46266  
0.515338  1.4741  
0.505578  1.47487  
0.505578  1.47487  
0.4954  1.48007  
0.496487  1.47637  
0.489923  1.48876  
0.508537  1.51815  
0.488151  1.51137  
0.478144  1.52583  
0.490232  1.53176  
0.477429  1.54459  
0.478117  1.55585  
0.483283  1.56312  
0.480388  1.57641  
0.481676  1.57215  
0.498165  1.59014  
0.481261  1.58641  
0.466081  1.58681  
0.488248  1.5993  
0.469038  1.58827  
0.494151  1.59721  
0.497352  1.61335  
0.479224  1.60366  
0.476087  1.60778  
0.480823  1.62091  
0.482006  1.61703  
0.488881  1.62278  
0.476776  1.6204  
0.478872  1.64619  
0.48734  1.64994  
0.474267  1.65907  
0.456976  1.66018  
0.469577  1.67529  
0.458441  1.66648  
0.455733  1.67528  
0.459063  1.68271  
0.464565  1.68993  
0.485111  1.70211  
0.476251  1.69265  
0.480405  1.704  
0.496518  1.70923  
0.508983  1.70988  
0.538783  1.73621  
0.525635  1.73272  
0.545973  1.74935  
0.550102  1.76073  
0.536478  1.75974  
0.533843  1.76487  
0.546194  1.77089  
0.518141  1.77485  
0.50508  1.78132  
0.509143  1.77274  
0.485382  1.77811  
0.479661  1.76313  
0.463693  1.76894  
0.455993  1.77283  
0.441392  1.77346  
0.408284  1.77033  
0.407361  1.76545  
0.383659  1.7684  
0.357314  1.76177  
0.359177  1.75826  
0.344045  1.77679  
0.345797  1.78238  
0.352457  1.79054  
0.329436  1.77832  
0.329411  1.78089  
0.327672  1.78782  
0.327703  1.77787  
0.331641  1.79132  
0.33742  1.78784  
0.323413  1.79481  
0.34138  1.79298  
0.326461  1.7941  
0.337173  1.79214  
0.322249  1.79338  
0.352096  1.81357  
0.365737  1.82412  
0.366782  1.82077  
0.399905  1.83455  
0.400745  1.8312  
0.413355  1.84381  
0.425854  1.84999  
0.439535  1.85365  
0.457554  1.85233  
0.460067  1.85444  
0.477036  1.85381  
0.477014  1.85005  
0.484483  1.85285  
0.513231  1.86447  
0.502029  1.8489  
0.507009  1.85692  
0.517306  1.85914  
0.525463  1.85767  
0.533723  1.8583  
0.528112  1.86066  
0.533054  1.86882  
0.522764  1.8522  
0.526003  1.8511  
0.526909  1.85065  
0.527703  1.85505  
0.523071  1.85568  
0.507717  1.84926  
0.506091  1.8469  
0.487671  1.84347  
0.50135  1.84194  
0.480743  1.83338  
0.488832  1.839  
0.468241  1.83053  
0.468128  1.84344  
0.450501  1.83572  
0.456304  1.84496  
0.429165  1.83028  
0.435075  1.83959  
0.4108  1.83629  
0.394098  1.82965  
0.366124  1.8165  
0.373166  1.82493  
0.366154  1.81766  
0.338739  1.81351  
0.34267  1.81772  
0.332107  1.81391  
0.343326  1.82725  
0.35014  1.83021  
0.344542  1.83273  
0.351053  1.83258  
0.355156  1.83738  
0.37617  1.85166  
0.378415  1.86477  
0.384689  1.86343  
0.402413  1.87786  
0.404404  1.87064  
0.42734  1.89239  
0.42734  1.89239  
0.449361  1.90112  
0.449361  1.90112  
0.460685  1.91701  
0.457907  1.91402  
0.458092  1.91197  
0.464882  1.92649  
0.465041  1.92442  
0.481383  1.92273  
0.481507  1.92079  
0.499008  1.93537  
0.499029  1.93333  
0.495312  1.93397  
0.485846  1.92336  
0.491144  1.93256  
0.484798  1.93239  
0.486463  1.92983  
0.484495  1.93193  
0.487747  1.93902  
0.482898  1.93668  
0.472165  1.94146  
0.470274  1.93693  
0.473272  1.946  
0.47292  1.94017  
0.476101  1.94597  
0.469439  1.94445  
0.467435  1.93901  
0.46208  1.95051  
0.466823  1.95502  
0.443417  1.94167  
0.451252  1.95173  
0.448841  1.94429  
0.435668  1.95415  
0.433726  1.95746  
0.434365  1.95581  
0.439241  1.96007  
0.439825  1.95844  
0.435819  1.96438  
0.422643  1.94947  
0.428602  1.95915  
0.417387  1.96128  
0.423318  1.97078  
0.406693  1.96858  
0.416212  1.96541  
0.425962  1.97555  
0.431783  1.98499  
0.41105  1.98478  
0.420739  1.99528  
0.405223  1.99814  
0.410713  2.00947  
0.411249  2.01562  
0.423805  2.02373  
0.42682  2.02892  
0.427282  2.02698  
0.430708  2.03645  
0.42013  2.04362  
0.420624  2.04171  
0.427306  2.0557  
0.406347  2.04709  
0.405553  2.05163  
0.416404  2.06195  
0.424766  2.07257  
0.388832  2.06631  
0.394275  2.07745  
0.392261  2.09486  
0.396466  2.09714  
0.38162  2.10559  
0.380973  2.10317  
0.371785  2.12225  
0.364245  2.1276  
0.362957  2.11874  
0.34383  2.1318  
0.353056  2.13591  
0.342391  2.14826  
0.336051  2.14131  
0.313726  2.14477  
0.301331  2.14571  
0.301263  2.14006  
0.323645  2.15712  
0.299936  2.1552  
0.300237  2.14938  
0.296058  2.14995  
0.301285  2.15667  
0.297734  2.15506  
0.274468  2.15696  
0.282427  2.15226  
0.280324  2.15493  
0.280324  2.15493  
0.272154  2.15631  
0.277667  2.15939  
0.257459  2.14463  
0.269866  2.15589  
0.293114  2.15144  
0.278265  2.15383  
0.291327  2.15534  
0.296006  2.15435  
0.32098  2.16216  
0.322266  2.16082  
0.322653  2.15905  
0.323345  2.15824  
0.332591  2.15488  
0.360609  2.17617  
0.359264  2.16574  
0.370472  2.17916  
0.362744  2.18249  
0.371144  2.18089  
0.376783  2.1949  
0.390424  2.20336  
0.364864  2.19376  
0.37384  2.19773  
0.392536  2.20325  
0.396399  2.20869  
0.366295  2.20657  
0.366612  2.20475  
0.373517  2.21228  
0.355344  2.2075  
0.355949  2.21195  
0.3406  2.21469  
0.332996  2.22286  
0.339393  2.2321  
0.326718  2.23436  
0.342832  2.25213  
0.321799  2.2435  
0.345027  2.26034  
0.344401  2.259  
0.341662  2.26358  
0.340123  2.25472  
0.345029  2.25861  
0.377939  2.27301  
0.354749  2.25754  
0.373705  2.26875  
0.373705  2.26875  
0.373544  2.2745  
0.368054  2.27622  
0.365506  2.27267  
0.375158  2.2703  
0.393549  2.28228  
0.372465  2.27492  
0.377334  2.27566  
0.372275  2.276  
0.364745  2.26838  
0.36368  2.26946  
0.357689  2.27071  
0.342442  2.26063  
0.342915  2.25919  
0.316889  2.26029  
0.326468  2.25728  
0.307968  2.25529  
0.30916  2.25607  
0.309818  2.25478  
0.307149  2.25941  
0.307149  2.25941  
0.292337  2.24173  
0.299079  2.25174  
0.294663  2.24835  
0.301301  2.25829  
0.309518  2.25735  
0.305861  2.25958  
0.306306  2.25843  
0.299243  2.26079  
0.299675  2.25967  
0.311625  2.26322  
0.311983  2.2621  
0.32914  2.26952  
0.342758  2.28433  
0.342927  2.28307  
0.334025  2.30261  
0.334268  2.30118  
0.339838  2.30866  
0.342306  2.31311  
0.368779  2.32804  
0.374141  2.33916  
0.352364  2.33255  
0.359601  2.35029  
0.366871  2.3398  
0.365069  2.3619  
0.364709  2.36104  
0.364709  2.36104  
0.373918  2.38039  
0.372917  2.37712  
0.375753  2.38382  
0.363872  2.40248  
0.385756  2.41427  
0.367955  2.41072  
0.36881  2.43082  
0.363752  2.41831  
0.354352  2.42722  
0.365131  2.42826  
0.378062  2.43691  
0.349647  2.43097  
0.368519  2.43811  
0.371935  2.43968  
0.350573  2.43092  
0.346706  2.42651  
0.347906  2.42711  
0.345731  2.43158  
0.362119  2.43554  
0.368617  2.44489  
0.335956  2.44087  
0.336541  2.43901  
0.313125  2.43917  
0.33134  2.45195  
0.318956  2.4495  
0.296262  2.44784  
0.296262  2.44784  
0.273549  2.44615  
0.271756  2.43728  
0.258096  2.4419  
0.241323  2.43702  
0.241323  2.43702  
0.219788  2.41955  
0.227158  2.42933  
0.224628  2.42793  
0.222305  2.42195  
0.20255  2.41337  
0.181562  2.40536  
0.190205  2.41484  
0.169284  2.4069  
0.173804  2.41209  
0.161509  2.40769  
0.168968  2.41764  
0.169379  2.41836  
0.170241  2.41721  
0.17371  2.4256  
0.158581  2.4198  
0.174786  2.43551  
0.167505  2.42942  
0.192696  2.44357  
0.209572  2.45322  
0.190769  2.44372  
0.205838  2.45073  
0.220977  2.45297  
0.230219  2.45007  
0.250392  2.45703  
0.250429  2.45574  
0.28911  2.47199  
0.267129  2.46399  
0.284387  2.46628  
0.28423  2.46501  
0.285194  2.46024  
0.296319  2.47127  
0.296123  2.47002  
0.30375  2.48035  
0.314874  2.47372  
0.302452  2.48832  
0.303341  2.48043  
0.310376  2.48611  
0.288904  2.48621  
0.289812  2.48472  
0.287027  2.4889  
0.274031  2.4864  
0.282891  2.48399  
0.263467  2.48506  
0.257905  2.48563  
0.265995  2.47706  
0.246227  2.46925  
0.246631  2.46832  
0.25663  2.47068  
0.255252  2.46726  
0.260957  2.47077  
0.259018  2.45645  
0.259257  2.45575  
0.28596  2.46307  
0.28604  2.46235  
0.285023  2.4621  
0.28178  2.46229  
0.295067  2.47449  
0.302971  2.47492  
0.309497  2.48536  
0.304347  2.47744  
0.304234  2.48411  
0.307648  2.48807  
0.318189  2.49443  
0.312541  2.49454  
0.329561  2.4934  
0.3351  2.49681  
0.339252  2.50108  
0.3264  2.49905  
0.324471  2.49015  
0.349849  2.50826  
0.349689  2.50735  
0.357719  2.5079  
0.357521  2.50702  
0.338361  2.49465  
0.338661  2.4988  
0.338654  2.49807  
0.35087  2.49662  
0.350771  2.49594  
0.348722  2.49843  
0.347107  2.49295  
0.347398  2.49775  
0.352049  2.49944  
0.352049  2.49944  
0.344066  2.49948  
0.344066  2.49948  
0.327098  2.4929  
0.318183  2.4891  
0.318183  2.4891  
0.3096  2.49141  
0.310508  2.49328  
0.297429  2.49354  
0.274975  2.48492  
0.275464  2.48449  
0.274076  2.49575  
0.274076  2.49575  
0.281782  2.50538  
0.26904  2.50784  
0.269479  2.50719  
0.265709  2.5102  
0.243956  2.50275  
0.251711  2.5124  
0.240756  2.51098  
0.243734  2.5124  
0.256153  2.52442  
0.256153  2.52442  
0.23541  2.52014  
0.235912  2.51945  
0.241674  2.52697  
0.242059  2.52622  
0.249809  2.54078  
0.228744  2.53235  
0.235856  2.54273  
0.244806  2.54864  
0.241219  2.54439  
0.228904  2.54781  
0.228852  2.56101  
0.238271  2.55839  
0.224407  2.56019  
0.235342  2.57486  
0.232502  2.57873  
0.238569  2.58727  
