1.59388  5.35386  
1.60173  5.3484  
1.60171  5.34832  
2.12292  5.03347  
2.17084  5.00542  
2.35145  4.86237  
2.33379  4.86651  
2.04377  4.9514  
2.05489  4.94211  
2.43355  4.66468  
2.44589  4.65195  
2.51689  2.52152  
1.66055  2.91224  
1.59897  2.94841  
0.880773  3.30061  
0.933793  3.25757  
1.86276  2.26015  
1.65634  2.19794  
1.58207  2.25736  
0.846058  2.73469  
0.671764  2.91887  
1.73662  2.07693  
1.95984  1.87605  
2.0929  1.52105  
1.28057  2.04563  
1.22192  2.07366  
1.74947  1.60497  
1.65931  1.69289  
2.33087  0.926464  
1.7125  1.18078  
1.63334  1.23488  
1.0868  1.71614  
1.9572  1.02495  
2.02907  0.956004  
1.86089  0.967447  
2.08391  0.651451  
1.15409  1.4817  
1.2158  1.44467  
2.02647  0.916755  
2.02799  0.874215  
2.29516  0.549597  
1.40378  1.24208  
1.29905  1.37062  
1.77936  1.13502  
2.05047  0.875847  
2.17823  0.735051  
1.38706  1.27066  
1.40763  1.23391  
1.7286  1.00251  
1.97979  0.9039  
1.95875  0.915602  
1.26633  1.39338  
1.41857  1.1983  
1.49589  1.14488  
1.48295  1.37903  
1.48472  1.37196  
1.03828  1.58524  
0.99149  1.61467  
0.799197  1.85657  
1.1194  1.62806  
0.964894  1.8671  
0.734681  1.96443  
0.710481  1.97717  
0.604058  2.10844  
0.765023  2.07091  
0.753243  2.08303  
0.40737  2.29134  
0.545321  2.17067  
0.497564  2.17305  
0.524207  2.29493  
0.522326  2.29123  
0.299593  2.38419  
0.275773  2.39329  
0.295135  2.37462  
0.394015  2.37679  
0.302574  2.5089  
0.161841  2.59881  
0.127126  2.61773  
0.204836  2.6047  
0.3855  2.49866  
0.314526  2.61652  
0.121131  2.74446  
0.244895  2.66932  
0.387209  2.58823  
0.526055  2.50466  
0.488179  2.55987  
0.40502  2.60523  
0.392513  2.61136  
0.564962  2.51956  
0.587767  2.50044  
0.58548  2.53823  
0.594676  2.52784  
0.581354  2.52871  
0.77213  2.4431  
0.783574  2.43661  
0.811968  2.44201  
0.766004  2.47718  
0.823819  2.41886  
1.05256  2.25329  
1.0159  2.31414  
0.972428  2.34318  
1.02378  2.2743  
1.03368  2.2683  
1.16568  2.19651  
1.15569  2.2039  
1.12031  2.24961  
1.18036  2.18862  
1.18997  2.18239  
1.24338  2.20152  
1.25321  2.19448  
1.22073  2.25556  
1.27445  2.23297  
1.2954  2.22975  
1.35103  2.22557  
1.32424  2.28085  
1.29606  2.34077  
1.33353  2.32561  
1.34583  2.33596  
1.35941  2.3669  
1.3336  2.42086  
1.33349  2.42354  
1.39068  2.41064  
1.39021  2.41338  
1.37281  2.46711  
1.35109  2.51244  
1.37933  2.51734  
1.4112  2.55546  
1.40802  2.56504  
1.35345  2.65636  
1.34367  2.66939  
1.35652  2.70928  
1.37183  2.72565  
1.35329  2.7753  
1.32018  2.85418  
1.31377  2.85783  
1.3323  2.88101  
1.30873  2.92584  
1.30873  2.92584  
1.2542  2.99527  
1.25411  2.99192  
1.24591  3.02698  
1.27002  3.01032  
1.16355  3.10626  
1.16503  3.11446  
1.15583  3.123  
1.13635  3.16903  
1.1273  3.17708  
1.07445  3.2431  
1.04794  3.27283  
1.0722  3.26  
1.06461  3.28319  
1.05553  3.29058  
1.0152  3.33771  
1.01927  3.33859  
1.01256  3.34136  
1.00494  3.36825  
0.998734  3.37186  
0.974575  3.39921  
0.978819  3.40369  
1.00337  3.39079  
0.967182  3.44449  
0.958188  3.45879  
0.946717  3.48999  
0.989286  3.48734  
1.00312  3.48147  
1.00038  3.52043  
0.990146  3.52704  
0.965056  3.56534  
1.01209  3.56261  
1.00147  3.56913  
1.00255  3.58489  
0.991868  3.59139  
1.00194  3.58648  
1.02349  3.57023  
1.00294  3.58822  
1.02236  3.58166  
1.01793  3.57489  
1.04405  3.5382  
1.09072  3.51117  
1.06929  3.519  
1.05645  3.5218  
1.07552  3.5019  
1.08514  3.49525  
1.10704  3.46485  
1.10491  3.47394  
1.12069  3.4485  
1.11878  3.44769  
1.15251  3.41284  
1.14571  3.40492  
1.1486  3.39583  
1.14588  3.38289  
1.15864  3.37978  
1.18222  3.35918  
1.19662  3.34456  
1.19645  3.3327  
1.19153  3.33353  
1.17995  3.33585  
1.20104  3.31777  
1.22772  3.31033  
1.22615  3.30364  
1.22927  3.3037  
1.23867  3.29829  
1.24783  3.28087  
1.24252  3.27641  
1.23123  3.28767  
1.25706  3.27448  
1.25642  3.26505  
1.27028  3.24556  
1.22754  3.26022  
1.22624  3.25861  
1.23791  3.23755  
1.23663  3.23619  
1.24692  3.21848  
1.22808  3.22101  
1.22729  3.22247  
1.22629  3.20523  
1.22544  3.20423  
1.2329  3.20364  
1.2019  3.22068  
1.19623  3.22321  
1.19228  3.225  
1.18772  3.22181  
1.18435  3.23628  
1.16282  3.2576  
1.16844  3.25928  
1.16198  3.27079  
1.1629  3.27328  
1.14811  3.28829  
1.12142  3.32109  
1.12124  3.31926  
1.14054  3.32089  
1.14121  3.32463  
1.0838  3.36944  
1.08856  3.37651  
1.08856  3.37651  
1.09399  3.3935  
1.09399  3.3935  
1.0733  3.41579  
1.06075  3.42682  
1.08512  3.41131  
1.06387  3.44129  
1.06366  3.43873  
1.03302  3.45857  
1.02946  3.47556  
1.02946  3.47556  
1.01653  3.49356  
1.00685  3.5037  
1.00043  3.53232  
1.00017  3.52935  
0.984386  3.54999  
0.965459  3.56276  
0.955847  3.57257  
0.969914  3.57232  
0.969521  3.56927  
0.943726  3.59941  
0.915512  3.62589  
0.915582  3.61623  
0.906461  3.61675  
0.906461  3.61675  
0.884606  3.64133  
0.875028  3.66321  
0.87722  3.6609  
0.86562  3.67719  
0.868071  3.67493  
0.864427  3.69409  
0.860091  3.70812  
0.859571  3.70471  
0.850407  3.7324  
0.849852  3.72886  
0.840917  3.74545  
0.836442  3.75767  
0.851421  3.74618  
0.845889  3.74757  
0.845122  3.74422  
0.842986  3.74827  
0.857191  3.74518  
0.856706  3.74779  
0.842114  3.76364  
0.865921  3.74516  
0.873607  3.74944  
0.863082  3.7594  
0.864932  3.75861  
0.87506  3.75858  
0.868471  3.76693  
0.879031  3.76147  
0.887351  3.75896  
0.891069  3.76921  
0.893791  3.76035  
0.886839  3.77677  
0.879427  3.77732  
0.90267  3.77504  
0.914502  3.78409  
0.903583  3.79422  
0.934673  3.79001  
0.955706  3.79109  
0.94949  3.80713  
0.991437  3.78999  
0.981944  3.80317  
1.02391  3.79956  
1.05173  3.80853  
1.0399  3.81861  
1.05325  3.83151  
1.07089  3.83316  
1.09231  3.84205  
1.12285  3.84319  
1.13499  3.83989  
1.15792  3.85667  
1.14568  3.86632  
1.1838  3.85753  
1.18789  3.86119  
1.20636  3.84792  
1.22047  3.84655  
1.21763  3.84321  
1.25464  3.83565  
1.24299  3.85137  
1.2424  3.84455  
1.28645  3.83513  
1.28778  3.82998  
1.2756  3.8399  
1.28989  3.84046  
1.28754  3.84872  
1.29598  3.83783  
1.30436  3.83844  
1.30206  3.83546  
1.28359  3.85167  
1.28359  3.85167  
1.26677  3.86662  
1.26484  3.86345  
1.26746  3.87049  
1.25585  3.88056  
1.25847  3.89512  
1.26596  3.89214  
1.26969  3.90274  
1.26815  3.89965  
1.25761  3.91596  
1.24199  3.93512  
1.26467  3.91864  
1.24558  3.93543  
1.25334  3.93235  
1.23255  3.94576  
1.23208  3.95247  
1.21726  3.96416  
1.20225  3.9873  
1.19125  3.99695  
1.16523  4.02972  
1.16429  4.02586  
1.18913  4.03092  
1.18743  4.04067  
1.1881  4.05893  
1.16626  4.06973  
1.16458  4.07936  
1.2036  4.07017  
1.19246  4.07949  
1.19354  4.09317  
1.21782  4.09019  
1.22546  4.08665  
1.20812  4.10075  
1.21302  4.10691  
1.23915  4.08905  
1.25027  4.08698  
1.24838  4.07611  
1.24674  4.09104  
1.24987  4.08181  
1.27315  4.06444  
1.27132  4.05369  
1.28804  4.03575  
1.28797  4.02563  
1.28624  4.02296  
1.30692  3.99031  
1.30522  3.98806  
1.31644  3.95632  
1.31481  3.95445  
1.32381  3.91767  
1.33143  3.91648  
1.33276  3.88007  
1.34418  3.86541  
1.34279  3.86446  
1.36066  3.82535  
1.3593  3.82478  
1.36805  3.79535  
1.39917  3.75719  
1.39649  3.75206  
1.41621  3.71873  
1.41132  3.71714  
1.46225  3.65747  
1.46723  3.63747  
1.49234  3.61242  
1.50857  3.58132  
1.50593  3.5758  
1.57739  3.49658  
1.58987  3.46997  
1.58849  3.4723  
1.6424  3.40141  
1.64093  3.40426  
1.73888  3.31423  
1.7587  3.2709  
1.76765  3.26053  
1.81372  3.19341  
1.81197  3.19771  
1.88076  3.10578  
1.93069  3.05167  
1.93644  3.03407  
1.96242  2.9829  
1.98029  2.95436  
2.02443  2.8897  
2.05717  2.84657  
2.06868  2.82476  
2.1125  2.76236  
2.15649  2.69046  
2.1657  2.68329  
2.19888  2.62973  
2.1747  2.64064  
2.22702  2.57708  
2.27025  2.50655  
2.27979  2.50004  
2.3005  2.46628  
2.30802  2.42002  
2.35523  2.35687  
2.35237  2.35435  
2.4151  2.26677  
2.4331  2.1983  
2.44308  2.19314  
2.49798  2.09179  
2.49376  2.08804  
2.54133  2.01479  
2.55704  1.9838  
2.55623  1.92484  
2.55886  1.88869  
2.57245  1.88584  
2.57021  1.84786  
2.54879  1.87027  
2.59366  1.77479  
2.57633  1.75199  
2.57334  1.74949  
2.59704  1.70303  
2.58681  1.69674  
2.6004  1.65285  
2.59948  1.59787  
2.59694  1.59591  
2.58888  1.56394  
2.58647  1.56206  
2.56413  1.53266  
2.59421  1.47741  
2.58157  1.49169  
2.56688  1.46686  
2.56493  1.4651  
2.55429  1.44107  
2.55251  1.43926  
2.54315  1.42496  
2.52853  1.40792  
2.52764  1.40633  
2.51095  1.39225  
2.51004  1.3907  
2.46876  1.38935  
2.44212  1.40347  
2.44086  1.40111  
2.4141  1.40647  
2.41295  1.40388  
2.39937  1.40035  
2.38412  1.40049  
2.38309  1.39906  
2.37828  1.42294  
2.36701  1.4373  
2.36986  1.43512  
2.37711  1.4054  
2.37637  1.40717  
2.36455  1.40344  
2.37655  1.40718  
2.35722  1.42165  
2.37641  1.39624  
2.37452  1.39245  
2.36616  1.39756  
2.35484  1.40705  
2.34055  1.41127  
2.35711  1.40803  
2.32154  1.4392  
2.30548  1.4473  
2.33612  1.42597  
2.33457  1.40201  
2.30309  1.41789  
2.2835  1.44687  
2.29359  1.43422  
2.29143  1.42917  
2.30972  1.39459  
2.30733  1.3898  
2.30312  1.38572  
2.33983  1.3522  
2.32412  1.36864  
2.35851  1.32181  
2.36733  1.33004  
2.412  1.27028  
2.41979  1.24864  
2.42857  1.22564  
2.43355  1.19536  
2.4471  1.17107  
2.45764  1.16621  
2.5011  1.10921  
2.4862  1.12328  
2.51317  1.08333  
2.52091  1.06975  
2.50095  1.08458  
2.53458  1.04229  
2.5237  1.05702  
2.52753  1.05185  
2.53791  1.04704  
2.55432  0.988179  
2.55806  0.946567  
2.5684  0.942389  
2.53865  0.933458  
2.53505  0.930377  
2.52453  0.887426  
2.52102  0.884745  
2.50436  0.864625  
2.501  0.862058  
2.48667  0.835452  
2.48339  0.833087  
2.4689  0.830523  
2.45309  0.822722  
2.45009  0.820166  
2.43774  0.811622  
2.43473  0.809083  
2.36221  0.88222  
2.35217  0.856335  
2.34129  0.871289  
2.32044  0.846055  
2.32658  0.84555  
2.28786  0.83338  
2.26034  0.82309  
2.26638  0.822601  
2.22648  0.804249  
2.22412  0.801643  
2.18428  0.765468  
2.1986  0.74825  
2.15694  0.753321  
2.13107  0.76818  
2.10769  0.762836  
2.14363  0.721927  
2.14111  0.72021  
2.16115  0.680817  
2.17355  0.670466  
2.13676  0.679025  
2.1572  0.633079  
2.14866  0.64207  
2.11885  0.627191  
2.13385  0.618227  
2.07465  0.630844  
2.08026  0.615026  
2.01299  0.652489  
1.9868  0.668201  
1.95803  0.666037  
1.91365  0.697452  
1.91904  0.695851  
1.92132  0.67382  
1.93521  0.657519  
1.9326  0.637592  
1.96211  0.589646  
1.97594  0.581944  
1.94984  0.580925  
1.97692  0.556938  
1.981  0.556346  
1.98289  0.55833  
1.97896  0.557952  
1.95289  0.597698  
1.94907  0.596827  
1.96788  0.5719  
1.9716  0.570972  
2.00098  0.5531  
2.00992  0.529049  
2.01327  0.528244  
2.01595  0.488757  
2.00343  0.502945  
2.03641  0.439622  
2.03943  0.439537  
2.03298  0.426745  
2.02328  0.425921  
2.04775  0.40738  
2.07397  0.382518  
2.07138  0.382956  
2.03409  0.412878  
2.03324  0.414793  
2.03307  0.404306  
2.01987  0.428845  
2.02275  0.428294  
2.00971  0.411512  
2.02436  0.374066  
2.00898  0.381199  
1.95163  0.383145  
1.92585  0.400677  
1.94943  0.328818  
1.91525  0.349267  
1.90394  0.342103  
1.81316  0.395045  
1.79896  0.390381  
1.80717  0.372508  
1.77524  0.405494  
1.77151  0.405509  
1.78792  0.395071  
1.80258  0.387935  
1.82443  0.370514  
1.80677  0.396045  
1.80245  0.395933  
1.86322  0.325894  
1.8583  0.326475  
1.84144  0.34704  
1.83915  0.347613  
1.84249  0.335369  
1.85918  0.32109  
1.85407  0.321547  
1.83086  0.325456  
1.79844  0.343111  
1.80822  0.331539  
1.78947  0.325612  
1.78363  0.334139  
1.76121  0.356051  
1.75629  0.332686  
1.7606  0.333627  
1.77042  0.319887  
1.76545  0.320326  
1.79051  0.288934  
1.78536  0.28961  
1.76235  0.291823  
1.75726  0.292553  
1.76885  0.272369  
1.78608  0.256699  
1.75135  0.2657  
1.72675  0.281124  
1.72896  0.268086  
1.74161  0.234375  
1.73635  0.235716  
1.68404  0.284947  
1.6513  0.306353  
1.65534  0.307534  
1.63245  0.306824  
1.61644  0.3301  
1.57959  0.343685  
1.59623  0.315246  
1.59854  0.315914  
1.59797  0.311731  
1.59012  0.330753  
1.59904  0.323096  
1.59847  0.321217  
1.5916  0.320702  
1.62041  0.308633  
1.62084  0.307955  
1.64223  0.291432  
1.65558  0.296819  
1.65294  0.302863  
1.65871  0.308525  
1.65526  0.310119  
1.67844  0.302801  
1.66365  0.320566  
1.67575  0.319226  
1.67886  0.318291  
1.64996  0.336814  
1.63851  0.354059  
1.63233  0.354157  
1.65918  0.337647  
1.65987  0.337727  
1.6975  0.330166  
1.72044  0.309735  
1.74309  0.293448  
1.74062  0.292914  
1.75894  0.277224  
1.75898  0.297066  
1.77427  0.280719  
1.77953  0.292686  
1.78315  0.303435  
1.77595  0.303261  
1.78681  0.324073  
1.80398  0.297129  
1.84386  0.288732  
1.86334  0.259116  
1.88467  0.242808  
1.88892  0.238227  
1.90322  0.221872  
1.90373  0.238287  
1.91403  0.212149  
1.93255  0.200558  
1.89798  0.223704  
1.89725  0.22367  
1.87161  0.258066  
1.87934  0.245231  
1.86102  0.26931  
1.87407  0.253234  
1.89749  0.217676  
1.88414  0.230195  
1.89074  0.217404  
1.89357  0.217752  
1.91358  0.19709  
1.93706  0.166783  
1.92178  0.194514  
1.92677  0.185987  
1.94457  0.17191  
1.90777  0.218568  
1.92203  0.201876  
1.89166  0.218702  
1.88495  0.231534  
1.88756  0.203818  
1.90937  0.190055  
1.90381  0.200308  
1.93527  0.146762  
1.9284  0.146357  
1.91749  0.163998  
1.92299  0.135014  
1.92232  0.13529  
1.9089  0.173381  
1.90212  0.186511  
1.89845  0.185448  
1.88967  0.193415  
1.88291  0.211695  
1.86253  0.219861  
1.88061  0.219566  
1.88167  0.206734  
1.88586  0.198885  
1.87775  0.214823  
1.90442  0.184461  
1.92072  0.171644  
1.9427  0.159024  
1.93822  0.169722  
1.96479  0.144555  
1.99723  0.1108  
1.98387  0.121791  
2.00355  0.10253  
2.00201  0.104538  
1.99417  0.120815  
2.01265  0.0822569  
2.01121  0.0826048  
2.04498  0.0473123  
2.0434  0.0479029  
2.09003  -0.000955359  
2.08825  -2.35219e-05  
2.09233  -0.0360358  
2.10883  -0.0841123  
2.10091  -0.0830059  
2.10858  -0.127237  
2.10696  -0.125063  
2.08446  -0.147779  
2.07451  -0.152307  
2.06259  -0.159591  
2.0477  -0.159003  
2.03239  -0.156669  
2.02579  -0.18849  
2.03437  -0.19426  
2.04284  -0.224328  
2.03336  -0.248495  
2.05295  -0.263944  
2.0722  -0.313098  
2.06648  -0.302428  
2.07076  -0.344192  
2.0413  -0.368965  
2.04055  -0.364062  
2.05173  -0.396138  
2.04589  -0.385293  
2.04335  -0.388799  
2.05016  -0.412462  
2.04344  -0.407846  
2.03329  -0.40666  
2.03235  -0.406158  
2.02497  -0.428272  
2.00665  -0.435328  
2.01424  -0.434739  
1.98079  -0.422674  
1.97732  -0.419825  
1.94741  -0.392089  
1.92515  -0.396447  
1.92507  -0.390966  
1.91721  -0.419962  
1.91632  -0.427758  
1.89794  -0.429698  
1.89853  -0.439848  
1.89655  -0.452882  
1.92275  -0.511155  
1.92748  -0.517173  
1.91017  -0.564357  
1.88111  -0.566869  
1.88019  -0.572606  
1.80177  -0.49201  
1.807  -0.497635  
1.75312  -0.485534  
1.73851  -0.474469  
1.7119  -0.485236  
1.70017  -0.518336  
1.70596  -0.523238  
1.69818  -0.539834  
1.68388  -0.527725  
1.66617  -0.544128  
1.64194  -0.546642  
1.6521  -0.603188  
1.6576  -0.627083  
1.667  -0.663221  
1.63638  -0.629937  
1.62694  -0.628456  
1.6151  -0.601293  
1.55719  -0.556131  
1.55119  -0.57276  
1.53435  -0.566097  
1.50314  -0.554679  
1.50348  -0.558058  
1.47172  -0.523028  
1.47354  -0.519875  
1.48199  -0.541036  
1.48869  -0.575215  
1.48955  -0.584847  
1.48736  -0.59375  
1.4874  -0.59634  
1.44792  -0.526821  
1.46842  -0.535803  
1.47561  -0.538329  
1.49664  -0.561577  
1.49362  -0.564267  
1.48939  -0.571371  
1.48734  -0.551382  
1.50247  -0.556342  
1.49057  -0.537504  
1.48527  -0.527971  
1.4629  -0.524923  
1.45757  -0.515274  
1.42371  -0.509965  
1.42342  -0.512782  
1.39558  -0.47647  
1.36962  -0.406126  
1.36958  -0.40988  
1.34935  -0.395301  
1.3047  -0.368116  
1.31883  -0.397379  
1.31402  -0.388491  
1.29448  -0.41656  
1.28971  -0.407301  
1.26913  -0.369836  
1.2639  -0.373462  
1.23926  -0.342844  
1.21706  -0.339226  
1.22127  -0.34746  
1.20974  -0.344614  
1.15089  -0.273407  
1.15147  -0.277098  
1.14012  -0.229438  
1.13537  -0.221115  
1.09114  -0.191449  
1.08129  -0.182133  
1.05792  -0.165382  
1.08679  -0.213053  
1.08198  -0.204423  
1.07616  -0.182323  
1.09275  -0.187661  
1.09459  -0.196265  
1.04956  -0.147663  
1.05626  -0.154745  
1.03492  -0.130318  
1.05853  -0.157901  
1.07432  -0.179515  
1.06181  -0.162305  
1.05676  -0.156845  
1.04908  -0.139515  
1.02865  -0.13088  
1.02874  -0.134688  
1.03713  -0.157446  
1.03705  -0.160881  
1.02767  -0.157779  
0.979277  -0.109344  
0.97405  -0.100879  
0.977685  -0.105167  
0.920929  -0.0585391  
0.928914  -0.0585812  
0.929272  -0.0624076  
0.908852  -0.0655315  
0.909298  -0.0691434  
0.914685  -0.0675763  
0.90959  -0.0593136  
0.864006  -0.0188436  
0.834699  -6.71086e-05  
0.857749  -0.0222144  
0.834374  0.00312882  
0.860577  -0.0445686  
0.837755  -0.0362882  
0.832694  -0.0278079  
0.802658  -0.00214886  
0.803332  -0.00554903  
0.76987  0.0172517  
0.770621  0.0138717  
0.774517  0.000103241  
0.733429  0.0217595  
0.738937  0.0061024  
0.695892  0.0465681  
0.696453  0.0460355  
0.718404  0.032574  
0.69167  0.0564431  
0.69261  0.0531885  
0.716883  0.0242505  
0.722712  0.0148744  
0.700077  0.0312008  
0.682235  0.0634779  
0.700451  0.0560163  
0.70108  0.0555691  
0.724685  0.034015  
0.701611  0.0612164  
0.716874  0.0334856  
0.716872  0.0348326  
0.727562  0.0249147  
0.722622  0.0359906  
0.717872  0.0421023  
0.706894  0.0573148  
0.716262  0.0481265  
0.678451  0.0945112  
0.669981  0.0958468  
0.682101  0.0694322  
0.702986  0.0586115  
0.697874  0.0670677  
0.71759  0.0427602  
0.712353  0.0516307  
0.724579  0.0445377  
0.73712  0.0236106  
0.732415  0.0344314  
0.710562  0.0292025  
0.73401  0.00973641  
0.742984  0.0290441  
0.733844  0.031972  
0.727379  0.0467282  
0.722274  0.0550473  
0.725772  0.0488166  
0.732176  0.0357364  
0.732613  0.0325969  
0.736923  0.0280785  
0.731969  0.0364816  
0.692728  0.0734496  
0.685401  0.0781402  
0.679511  0.0832132  
0.635633  0.122093  
0.633422  0.111005  
0.618529  0.121956  
0.614888  0.126117  
0.610535  0.133851  
0.614922  0.130117  
0.603816  0.146993  
0.610186  0.146473  
0.606057  0.150482  
0.624359  0.139617  
0.621054  0.139225  
0.616451  0.146917  
0.617576  0.144093  
0.629902  0.143683  
0.618688  0.148341  
0.633982  0.136985  
0.615919  0.141434  
0.611413  0.148886  
0.608919  0.146351  
0.605612  0.134601  
0.607295  0.127125  
0.620329  0.119738  
0.578088  0.180796  
0.574959  0.178806  
0.556135  0.18999  
0.538042  0.221482  
0.521664  0.237821  
0.517971  0.240932  
0.523703  0.23553  
0.514541  0.241641  
0.537403  0.24254  
0.538463  0.245104  
0.529436  0.250933  
0.538251  0.246008  
0.560716  0.233189  
0.555694  0.251176  
0.516727  0.29368  
0.516666  0.306853  
0.507788  0.312086  
0.531458  0.305269  
0.539647  0.29955  
0.528933  0.30633  
0.547149  0.294598  
0.558145  0.282629  
0.56103  0.283451  
0.564062  0.267846  
0.571247  0.236936  
0.566628  0.243828  
0.573219  0.228597  
0.560734  0.238051  
0.528415  0.271487  
0.519227  0.277127  
0.482102  0.315107  
0.478029  0.321332  
0.459375  0.341089  
0.447081  0.349819  
0.443889  0.344078  
0.460888  0.320433  
0.457054  0.326613  
0.489191  0.288308  
0.486944  0.293097  
0.485277  0.287138  
0.471003  0.295427  
0.480023  0.281175  
0.466217  0.304328  
0.436624  0.322771  
0.432749  0.329241  
0.445556  0.332594  
0.434168  0.346063  
0.4765  0.312728  
0.495491  0.310678  
0.491492  0.316901  
0.518138  0.296743  
0.50925  0.301942  
0.522761  0.288819  
0.523224  0.29075  
0.548843  0.268852  
0.550206  0.270426  
0.563158  0.257635  
0.524378  0.296202  
0.501389  0.311874  
0.48968  0.323716  
0.457246  0.340856  
0.451543  0.35397  
0.447738  0.347822  
0.435451  0.351106  
0.442696  0.339681  
0.421707  0.33984  
0.407846  0.344978  
0.422808  0.323413  
0.395882  0.35554  
0.388122  0.357022  
0.374603  0.361063  
0.327361  0.401103  
0.319252  0.408267  
0.311687  0.412838  
0.297704  0.426029  
0.32319  0.403789  
0.323358  0.394951  
0.308028  0.406798  
0.300703  0.411347  
0.29667  0.400482  
0.289477  0.405181  
0.264477  0.42356  
0.231542  0.455235  
0.224663  0.461153  
0.188461  0.480238  
0.171127  0.503352  
0.138724  0.539921  
0.125274  0.550953  
0.139754  0.540307  
0.121162  0.556892  
0.138557  0.551463  
0.118341  0.557274  
0.150173  0.516303  
0.166237  0.503778  
0.172849  0.476824  
0.175354  0.477178  
0.182693  0.45665  
0.172718  0.462196  
0.155527  0.469244  
0.177543  0.437273  
0.160405  0.444337  
0.15736  0.447727  
0.147278  0.455587  
0.140498  0.460654  
0.15678  0.454744  
0.172928  0.442658  
0.157435  0.461434  
0.150708  0.466361  
0.149584  0.441634  
0.105097  0.480994  
0.10119  0.484242  
0.1053  0.466441  
0.0989757  0.471508  
0.0738906  0.480757  
0.0745678  0.468237  
0.0541539  0.484289  
0.0502596  0.488732  
0.0450331  0.467772  
0.0394416  0.47285  
0.0301551  0.469885  
0.0263827  0.473027  
0.0155893  0.472328  
0.0101514  0.477567  
0.0296687  0.448645  
0.0426744  0.435507  
0.062164  0.433139  
0.0575957  0.428267  
0.0768473  0.414227  
0.0628807  0.437997  
0.0499661  0.446644  
0.106598  0.406233  
0.12008  0.392948  
0.124458  0.390335  
0.109149  0.404213  
0.126257  0.406367  
0.0988963  0.429503  
0.104323  0.422342  
0.0989218  0.427723  
0.0894039  0.442243  
0.0869567  0.454691  
0.0817846  0.459653  
0.078144  0.458299  
0.0955241  0.446036  
0.115096  0.449115  
0.132097  0.436738  
0.118165  0.455547  
0.123877  0.458651  
0.119324  0.472529  
0.10971  0.487471  
0.100918  0.496092  
0.0905892  0.49998  
0.0988326  0.486169  
0.0840376  0.506761  
0.0999972  0.496545  
0.100965  0.489345  
0.0906961  0.503483  
0.08326  0.520222  
0.100463  0.507406  
0.0994304  0.513794  
0.0931977  0.535222  
0.110152  0.522372  
0.0913244  0.566237  
0.0862683  0.570069  
0.120548  0.571931  
0.108498  0.58042  
0.13577  0.561296  
0.12526  0.574778  
0.135266  0.568922  
0.135959  0.565572  
0.130805  0.569231  
0.163426  0.539322  
0.165161  0.535222  
0.167131  0.542699  
0.157206  0.545348  
0.170727  0.540799  
0.183919  0.538366  
0.195083  0.534657  
0.224395  0.512546  
0.251404  0.49626  
0.240656  0.510288  
0.22474  0.530394  
0.202759  0.547031  
0.186826  0.542035  
0.181634  0.551447  
0.164846  0.564506  
0.165785  0.564749  
0.158075  0.570316  
0.158745  0.580431  
0.147978  0.596067  
0.128123  0.599976  
0.145217  0.594317  
0.14296  0.591379  
0.12762  0.628543  
0.106087  0.6566  
0.0913407  0.674689  
0.0821369  0.68784  
0.0664054  0.707399  
0.0194001  0.749046  
-0.00134523  0.770425  
-0.014899  0.779777  
-0.0260332  0.802682  
-0.0342946  0.802415  
-0.0132376  0.776148  
0.02738  0.738093  
0.0252466  0.735112  
0.0406506  0.71595  
0.0576035  0.702287  
0.0917708  0.677995  
0.118526  0.672111  
0.113673  0.675215  
0.124377  0.688369  
0.140258  0.674847  
0.112819  0.730712  
0.105722  0.742304  
0.127352  0.725513  
0.117434  0.737479  
0.153532  0.705331  
0.173848  0.706927  
0.180063  0.700259  
0.208982  0.680518  
0.194658  0.690512  
0.219674  0.669261  
0.225635  0.662663  
0.215551  0.675509  
0.222108  0.687003  
0.240668  0.66718  
0.23422  0.687453  
0.23327  0.688442  
0.226469  0.693717  
0.230575  0.684893  
0.213723  0.695334  
0.220148  0.679583  
0.224594  0.679678  
0.21507  0.691477  
0.220264  0.681868  
0.226627  0.674719  
0.239562  0.667757  
0.222843  0.67507  
0.232171  0.667441  
0.245002  0.674927  
0.238371  0.681744  
0.252202  0.681664  
0.238599  0.688529  
0.251074  0.672872  
0.25451  0.664277  
0.245868  0.672232  
0.27303  0.631414  
0.286811  0.626957  
0.293093  0.619555  
0.28143  0.631104  
0.242107  0.670397  
0.232308  0.671126  
0.223328  0.683088  
0.211831  0.707578  
0.218782  0.716111  
0.212561  0.722569  
0.194753  0.752726  
0.193443  0.749414  
0.168731  0.77637  
0.183547  0.770168  
0.178993  0.774107  
0.186785  0.761  
0.178186  0.772078  
0.131157  0.828326  
0.118632  0.836328  
0.0789422  0.868934  
0.0825716  0.866694  
0.0770246  0.865727  
0.0418577  0.900189  
0.0514393  0.886409  
0.020045  0.909426  
0.0153692  0.920739  
0.0141056  0.924574  
0.018861  0.911162  
0.0274659  0.892847  
0.0554843  0.853184  
0.055579  0.846188  
0.0477874  0.857038  
0.0729583  0.838598  
0.0649956  0.849584  
0.0722421  0.851367  
0.0779586  0.853524  
0.0784064  0.846301  
0.0777671  0.861294  
0.0765057  0.878098  
0.0925168  0.863569  
0.111565  0.854071  
0.123224  0.849686  
0.131738  0.833301  
0.158645  0.783369  
0.150622  0.794465  
0.158372  0.777796  
0.172912  0.753822  
0.153112  0.766765  
0.154454  0.756418  
0.154877  0.753614  
0.13873  0.766835  
0.131101  0.778299  
0.115058  0.807688  
0.119816  0.807479  
0.118413  0.84472  
0.124374  0.849381  
0.112842  0.857028  
0.126693  0.841462  
0.13618  0.82705  
0.151311  0.815125  
0.181532  0.782721  
0.174016  0.793676  
0.184509  0.777956  
0.193278  0.777964  
0.200522  0.769394  
0.215116  0.769092  
0.222047  0.760693  
0.233889  0.754135  
0.259866  0.763729  
0.252142  0.774407  
0.234624  0.800524  
0.246028  0.782399  
0.228817  0.797139  
0.239795  0.790875  
0.243191  0.773669  
0.233136  0.775942  
0.246705  0.763674  
0.250103  0.754162  
0.236376  0.765801  
0.200347  0.801108  
0.212853  0.7952  
0.22042  0.785663  
0.215036  0.792431  
0.213579  0.812035  
0.198805  0.818273  
0.174388  0.841662  
0.183595  0.831489  
0.166621  0.833017  
0.166436  0.828866  
0.159234  0.805244  
0.162117  0.800193  
0.149745  0.809824  
0.138643  0.816677  
0.15703  0.795656  
0.144408  0.825154  
0.172815  0.814682  
0.162673  0.821581  
0.199441  0.825182  
0.190664  0.832143  
0.21109  0.831119  
0.20083  0.837595  
0.205119  0.836043  
0.221838  0.839759  
0.220629  0.843824  
0.210421  0.850074  
0.219528  0.845044  
0.214251  0.841867  
0.223852  0.841565  
0.232125  0.821481  
0.243689  0.814351  
0.249301  0.817538  
0.259885  0.810426  
0.250415  0.821381  
0.250491  0.829436  
0.249445  0.8125  
0.23593  0.821468  
0.243621  0.810863  
0.212734  0.82624  
0.224558  0.818951  
0.189461  0.846357  
0.197708  0.835544  
0.162228  0.863083  
0.155533  0.851435  
0.152047  0.843334  
0.129561  0.870381  
0.15216  0.851878  
0.12897  0.861415  
0.108402  0.864227  
0.113351  0.858409  
0.114879  0.848121  
0.110496  0.855065  
0.111523  0.864738  
0.0981373  0.863595  
0.112247  0.855745  
0.105301  0.865377  
0.110019  0.864105  
0.100031  0.873385  
0.0961885  0.8805  
0.0960736  0.891023  
0.11132  0.853356  
0.107108  0.862394  
0.121937  0.825145  
0.117766  0.834401  
0.122758  0.829639  
0.118852  0.839248  
0.102662  0.846068  
0.10376  0.862992  
0.117107  0.855315  
0.0753193  0.919568  
0.0684114  0.947966  
0.0815094  0.955374  
0.0798775  0.96619  
0.0682802  0.980166  
0.0598923  0.991045  
0.0546988  1.00203  
0.0670165  0.997025  
0.0474998  1.00818  
0.0545991  1.00051  
0.0647046  0.978143  
0.0816104  0.950255  
0.0949112  0.942073  
0.0915152  0.941103  
0.100698  0.932038  
0.110483  0.919298  
0.12649  0.916539  
0.127588  0.906285  
0.118765  0.909725  
0.115429  0.909219  
0.0894741  0.928059  
0.0909962  0.934211  
0.0918558  0.921361  
0.101032  0.906412  
0.09381  0.905294  
0.0906683  0.913083  
0.0885164  0.904899  
0.0817262  0.90879  
0.0802778  0.906172  
0.0948798  0.897578  
0.0666085  0.90318  
0.042276  0.9075  
0.0528363  0.894897  
0.0267985  0.918006  
0.0209355  0.921564  
-0.0177705  0.955439  
-0.0311246  0.972271  
-0.0499907  0.975498  
-0.0574859  0.997763  
-0.0625808  1.00065  
-0.0770909  1.03583  
-0.0788534  1.02525  
-0.0793566  1.03479  
-0.0840533  1.02577  
-0.0691411  1.01206  
-0.0804659  1.01518  
-0.0820493  1.01733  
-0.0914829  1.03119  
-0.0923631  1.02371  
-0.0804652  1.01038  
-0.0531248  0.980817  
-0.0496498  0.978183  
-0.0625506  0.99878  
-0.0671062  1.00132  
-0.0715096  0.984101  
-0.0757129  0.991133  
-0.0799832  0.993623  
-0.105917  1.02202  
-0.109962  1.02433  
-0.130341  1.07876  
-0.15346  1.10026  
-0.152641  1.0923  
-0.132072  1.10327  
-0.135865  1.10474  
-0.112687  1.12051  
-0.106326  1.10325  
-0.0827819  1.09414  
-0.06839  1.08273  
-0.0658664  1.08106  
-0.055124  1.06969  
-0.0516001  1.06606  
-0.0497689  1.06815  
-0.0303645  1.06046  
-0.0250429  1.04418  
-0.0256886  1.05002  
0.00354469  1.03834  
-0.00549841  1.04503  
0.000483315  1.04138  
-0.00384586  1.04243  
0.0185716  1.01762  
0.0154593  1.03104  
0.0111614  1.03197  
0.00976351  1.01942  
0.00938249  1.02014  
0.00829386  1.01698  
-0.00655311  1.03584  
-0.0102858  1.03637  
0.00462347  1.03721  
-0.00334785  1.0474  
-0.000210948  1.02958  
-0.00796767  1.03969  
0.00835943  1.03291  
0.00845116  1.03792  
-3.69572e-05  1.04462  
0.0133448  1.05737  
0.00988625  1.05711  
-0.0248709  1.08799  
-0.024351  1.09249  
-0.020846  1.10442  
-0.0108125  1.11668  
-0.0141096  1.1229  
-0.0327114  1.13969  
-0.0376787  1.13671  
-0.035933  1.16199  
-0.0728196  1.19837  
-0.0754374  1.19683  
-0.0809596  1.23138  
-0.0677491  1.23117  
-0.0902191  1.28567  
-0.113735  1.32012  
-0.116533  1.33231  
-0.0945499  1.38981  
-0.0976425  1.4014  
-0.0883148  1.41717  
-0.0788817  1.43271  
-0.0634583  1.43752  
-0.038036  1.44166  
-0.0417461  1.45291  
-0.0282016  1.45044  
-0.0383621  1.4678  
-0.0266263  1.45981  
-0.00587388  1.4397  
-0.0159134  1.44541  
0.00139897  1.4252  
0.0134386  1.40575  
0.00934274  1.41758  
0.0210733  1.40961  
0.0206391  1.41203  
0.0282923  1.40753  
0.0239166  1.40479  
0.0292356  1.38372  
0.0249719  1.38112  
0.0266738  1.38732  
0.0163838  1.37508  
0.012647  1.387  
0.0101364  1.3948  
0.0162473  1.38677  
0.0258595  1.38376  
0.018276  1.39025  
0.0559242  1.38402  
0.0889355  1.3928  
0.0847184  1.4043  
0.081555  1.40337  
0.0959154  1.39697  
0.0942351  1.39744  
0.093726  1.39933  
0.099218  1.39674  
0.0949253  1.39315  
0.0934116  1.38634  
0.112973  1.36058  
0.112605  1.36247  
0.112539  1.3317  
0.109573  1.3436  
0.124242  1.33116  
0.120405  1.34159  
0.152346  1.34896  
0.157429  1.34009  
0.183603  1.34167  
0.184775  1.36231  
0.176612  1.36771  
0.158458  1.39032  
0.158011  1.39145  
0.135798  1.42482  
0.137395  1.43878  
0.133682  1.44908  
0.115458  1.45498  
0.122639  1.45501  
0.132242  1.4721  
0.132013  1.46497  
0.125271  1.47916  
0.139774  1.46841  
0.1342  1.4788  
0.136822  1.47364  
0.113752  1.4876  
0.126669  1.47363  
0.10332  1.47239  
0.112218  1.47017  
0.0901893  1.46992  
0.0721789  1.46732  
0.0858137  1.45338  
0.0667166  1.46229  
0.0761454  1.43813  
0.0597709  1.4552  
0.0626684  1.46368  
0.0540672  1.46186  
0.0654038  1.46983  
0.0540881  1.46529  
0.0355747  1.47125  
0.0339133  1.48088  
0.0295044  1.46613  
0.0365409  1.45554  
0.0269274  1.44411  
0.0369544  1.43236  
0.0379124  1.42807  
0.0265205  1.42896  
0.0289131  1.42898  
0.00585271  1.45925  
0.0287588  1.44284  
0.0312238  1.44268  
0.0292289  1.45631  
0.0296231  1.45988  
0.0250195  1.46551  
0.0259744  1.47598  
0.019174  1.47886  
0.0178725  1.49289  
0.0111053  1.49569  
0.00584899  1.51601  
0.00881561  1.51503  
-0.0176717  1.52909  
-0.0177492  1.53751  
-0.0249077  1.52741  
-0.0251829  1.51984  
-0.0236185  1.52416  
-0.0171291  1.50098  
-0.0206747  1.50301  
-0.0344657  1.48827  
-0.034286  1.48063  
-0.0463847  1.47161  
-0.0394462  1.46486  
-0.0351384  1.46372  
-0.0500897  1.45538  
-0.0455096  1.45418  
-0.0389152  1.47845  
-0.0499391  1.47141  
-0.0603389  1.48604  
-0.0375496  1.49697  
-0.0445578  1.50913  
-0.0407829  1.50449  
-0.0474268  1.49166  
-0.0452713  1.49259  
-0.034807  1.45614  
-0.0295893  1.44816  
-0.0282427  1.43947  
-0.0365232  1.43952  
-0.0325508  1.42638  
-0.0302106  1.43693  
-0.0441173  1.41885  
-0.0285455  1.41649  
-0.00198518  1.40437  
-0.000100897  1.41229  
0.000930228  1.40003  
0.0150943  1.3727  
0.0185213  1.38402  
0.015969  1.36994  
0.0190126  1.36368  
0.0252514  1.36002  
0.0326173  1.36491  
0.0378863  1.36227  
0.0434065  1.35773  
0.0369249  1.35747  
0.0704653  1.37091  
0.0823527  1.37086  
0.0842981  1.37783  
0.0863883  1.36796  
0.0851659  1.3761  
0.109738  1.35388  
0.11697  1.33625  
0.118918  1.34308  
0.108288  1.3448  
0.0994012  1.3474  
0.0916199  1.35612  
0.0762073  1.36472  
0.0723809  1.37336  
0.0630476  1.40358  
0.0691612  1.39925  
0.0541086  1.41629  
0.0663361  1.40345  
0.0637702  1.40176  
0.0746218  1.38884  
0.08098  1.3841  
0.074609  1.38514  
0.0708555  1.39407  
0.0965467  1.37209  
0.0997034  1.3776  
0.116859  1.38529  
0.121239  1.3862  
0.114286  1.40512  
0.116319  1.45791  
0.131204  1.4651  
0.114107  1.49967  
0.115086  1.55033  
0.117442  1.53609  
0.13018  1.54549  
0.129526  1.54127  
0.126158  1.56069  
0.134394  1.56445  
0.137657  1.57585  
0.154065  1.54295  
0.15724  1.54674  
0.199597  1.53618  
0.198495  1.53403  
0.213439  1.52515  
0.221736  1.53621  
0.218826  1.55661  
0.216553  1.56158  
0.214868  1.56699  
0.201414  1.57265  
0.209938  1.57042  
0.193582  1.58505  
0.2007  1.57168  
0.198004  1.58373  
0.192913  1.58154  
0.19878  1.56198  
0.20583  1.55828  
0.237208  1.51746  
0.240462  1.52086  
0.291032  1.4943  
0.292431  1.47893  
0.307452  1.4571  
0.329749  1.43468  
0.334874  1.42796  
0.334735  1.42338  
0.337386  1.42689  
0.333494  1.43359  
0.336273  1.43692  
0.330217  1.46046  
0.340587  1.44967  
0.343539  1.45256  
0.347297  1.47173  
0.342397  1.46847  
0.349992  1.47391  
0.375311  1.47775  
0.377854  1.46868  
0.392332  1.45325  
0.39242  1.45456  
0.393749  1.42734  
0.387839  1.43109  
0.379201  1.43893  
0.370099  1.45419  
0.373568  1.45612  
0.380651  1.47586  
0.380041  1.46826  
0.369964  1.48097  
0.374053  1.49276  
0.377799  1.49408  
0.372199  1.52352  
0.376089  1.52447  
0.402091  1.51136  
0.403923  1.51006  
0.412341  1.51094  
0.40593  1.49512  
0.406799  1.49639  
0.390833  1.49064  
0.391487  1.49185  
0.381975  1.50241  
0.386009  1.47143  
0.386386  1.47191  
0.382327  1.44834  
0.37748  1.4458  
0.375764  1.45329  
0.379706  1.43881  
0.380701  1.42924  
0.410341  1.42688  
0.403395  1.42976  
0.417055  1.40981  
0.415625  1.39817  
0.40902  1.40073  
0.390404  1.40804  
0.384342  1.41016  
0.393539  1.38956  
0.395136  1.39446  
0.387474  1.40226  
0.383063  1.41693  
0.373372  1.41802  
0.371997  1.42984  
0.386476  1.42161  
0.387411  1.42742  
0.399941  1.45472  
0.395063  1.46253  
0.406999  1.46802  
0.412424  1.44499  
0.400826  1.45042  
0.432472  1.42424  
0.449927  1.39122  
0.455955  1.38951  
0.459782  1.39733  
0.464584  1.37815  
0.485197  1.36732  
0.489121  1.35521  
0.496751  1.3661  
0.514415  1.37621  
0.518708  1.37903  
0.507485  1.41703  
0.509572  1.41497  
0.489044  1.40626  
0.50725  1.36815  
0.502912  1.35368  
0.4987  1.3307  
0.493638  1.34473  
0.513147  1.27386  
0.506504  1.2889  
0.530035  1.23939  
0.544512  1.20166  
0.538952  1.21198  
0.546022  1.20311  
0.546771  1.21208  
0.549015  1.18951  
0.555734  1.1458  
0.56223  1.13811  
0.547696  1.11685  
0.544521  1.11292  
0.541637  1.0613  
0.541671  1.05801  
0.537182  1.05336  
0.539274  1.08493  
0.532366  1.09148  
0.522747  1.1175  
0.53203  1.11536  
0.528402  1.13076  
0.541565  1.1349  
0.533875  1.11168  
0.541985  1.10614  
0.557508  1.07968  
0.555529  1.07229  
0.562689  1.0339  
0.565705  1.03967  
0.581476  1.02  
0.585429  1.02702  
0.588498  1.03235  
0.590867  1.03823  
0.596874  1.05202  
0.620329  1.0679  
0.618294  1.05876  
0.626983  1.06294  
0.629367  1.0669  
0.630678  1.05638  
0.631074  1.06111  
0.637083  1.05747  
0.639172  1.04023  
0.642488  1.04327  
0.645294  1.03391  
0.655675  1.01664  
0.648673  1.02971  
0.664241  1.016  
0.661335  1.02966  
0.660468  1.04227  
0.674289  1.0546  
0.681652  1.05253  
0.678609  1.04804  
0.668194  1.0354  
0.666706  1.02233  
0.676033  0.981433  
0.668593  1.00229  
0.658584  0.994948  
0.646757  0.985558  
0.651466  0.985798  
0.666376  0.941568  
0.664031  0.957954  
0.663137  0.905604  
0.674043  0.897992  
0.672476  0.882835  
0.670819  0.89202  
0.665175  0.886484  
0.654973  0.821303  
0.650419  0.775329  
0.660216  0.772595  
0.628907  0.70993  
0.63035  0.71905  
0.631799  0.694634  
0.632413  0.705395  
0.628779  0.701771  
0.635082  0.726411  
0.635263  0.720604  
0.668238  0.743143  
0.695554  0.746124  
0.697234  0.768703  
0.713097  0.787449  
0.706952  0.773882  
0.706951  0.771689  
0.707858  0.776554  
0.708539  0.730059  
0.709424  0.734637  
0.720129  0.722137  
0.713918  0.721199  
0.699336  0.689673  
0.689092  0.723802  
0.690669  0.738053  
0.689388  0.702665  
0.693802  0.696643  
0.699941  0.689241  
0.699781  0.672669  
0.702533  0.681661  
0.688409  0.689765  
0.675483  0.686125  
0.657348  0.632085  
0.664043  0.615169  
0.652135  0.592095  
0.654712  0.541487  
0.646731  0.531805  
0.636216  0.524592  
0.624016  0.514342  
0.610051  0.500711  
0.620674  0.509502  
0.632917  0.504485  
0.624435  0.486449  
0.630388  0.479912  
0.644053  0.506435  
0.639179  0.516825  
0.63033  0.49557  
0.628462  0.511203  
0.614519  0.424922  
0.609914  0.410063  
0.582191  0.356118  
0.581689  0.353144  
0.542432  0.304704  
0.543385  0.311938  
0.523879  0.240143  
0.501118  0.194448  
0.500218  0.190781  
0.506611  0.205601  
0.506952  0.211609  
0.490088  0.217044  
0.490239  0.222223  
0.502393  0.237261  
0.504815  0.234868  
0.536243  0.264446  
0.528406  0.260686  
0.527186  0.263972  
0.514167  0.246797  
0.508545  0.209142  
0.506737  0.211734  
0.512617  0.184753  
0.511199  0.17043  
0.49579  0.150404  
0.471619  0.135055  
0.469012  0.13659  
0.464962  0.110006  
0.461872  0.111326  
0.454837  0.0941411  
0.447569  0.0867287  
0.451775  0.0919642  
0.443062  0.0796228  
0.436289  0.0854074  
0.422672  0.0754981  
0.407315  0.0628501  
0.409568  0.0494291  
0.401436  0.0441683  
0.399333  0.0263273  
0.377877  0.00314718  
0.371475  0.00392918  
0.339145  -0.0145045  
0.330837  -0.0260131  
0.291647  -0.0639687  
0.274272  -0.0979735  
0.270593  -0.105366  
0.249284  -0.147704  
0.257736  -0.14558  
0.226258  -0.155675  
0.234294  -0.140038  
0.217954  -0.17446  
0.209203  -0.190001  
0.22348  -0.176101  
0.218745  -0.203509  
0.233086  -0.194134  
0.202498  -0.216587  
0.177766  -0.23229  
0.19062  -0.208054  
0.164659  -0.233828  
0.181962  -0.229366  
0.16776  -0.243073  
0.157178  -0.257469  
0.170449  -0.260865  
0.167435  -0.253986  
0.156961  -0.258894  
0.140624  -0.252535  
0.14313  -0.256264  
0.148035  -0.262945  
0.146595  -0.256198  
0.154903  -0.251981  
0.154993  -0.244425  
0.150048  -0.257366  
0.158535  -0.244531  
0.140225  -0.245261  
0.160867  -0.234263  
0.1423  -0.239107  
0.139876  -0.254268  
0.142066  -0.243773  
0.101728  -0.273641  
0.110687  -0.2694  
0.0694891  -0.300307  
0.0388287  -0.308248  
0.0410369  -0.304242  
0.0124182  -0.330342  
-0.00484512  -0.343705  
-0.0142259  -0.359715  
-0.0272061  -0.380245  
-0.0542974  -0.412972  
-0.0688838  -0.422816  
-0.080153  -0.450176  
-0.0780992  -0.450589  
-0.109968  -0.47516  
-0.123715  -0.485957  
-0.119333  -0.47961  
-0.165442  -0.511061  
-0.161264  -0.504899  
-0.198329  -0.520304  
-0.220935  -0.536478  
-0.217098  -0.53061  
-0.274091  -0.558839  
-0.275624  -0.558994  
-0.289708  -0.563788  
-0.30937  -0.57544  
-0.314217  -0.574042  
-0.340931  -0.59225  
-0.338075  -0.58697  
-0.358504  -0.582248  
-0.355946  -0.577273  
-0.356919  -0.577398  
-0.381867  -0.573155  
-0.395089  -0.568714  
-0.395247  -0.569923  
-0.425073  -0.572618  
-0.429218  -0.561642  
-0.427673  -0.557473  
-0.480669  -0.57322  
-0.479161  -0.569145  
-0.519768  -0.582723  
-0.527093  -0.5819  
-0.538879  -0.589676  
-0.565598  -0.602481  
-0.582039  -0.608072  
-0.578997  -0.60766  
-0.595073  -0.620064  
-0.61781  -0.627384  
-0.613617  -0.630674  
-0.629867  -0.634288  
-0.662162  -0.640522  
-0.658608  -0.641754  
-0.687499  -0.644913  
-0.673368  -0.64207  
-0.7375  -0.657928  
-0.750276  -0.654789  
-0.771405  -0.666191  
-0.795333  -0.675178  
-0.783978  -0.674963  
-0.839514  -0.688727  
-0.849109  -0.68554  
-0.850498  -0.686772  
-0.903905  -0.696312  
-0.905151  -0.69757  
-0.947385  -0.716356  
-0.978908  -0.720931  
-0.987974  -0.724408  
-0.995847  -0.735348  
-0.996889  -0.731472  
-1.01082  -0.749295  
-1.04759  -0.757549  
-1.0379  -0.771548  
-1.05681  -0.770872  
-1.06787  -0.769869  
-1.08742  -0.780283  
-1.08954  -0.783358  
-1.07958  -0.786062  
-1.09614  -0.784483  
-1.10741  -0.78026  
-1.10722  -0.787704  
-1.08967  -0.787842  
-1.09702  -0.785425  
-1.10797  -0.790341  
-1.09427  -0.794876  
-1.10031  -0.782873  
-1.10961  -0.777517  
-1.11613  -0.766632  
-1.11045  -0.766013  
-1.11391  -0.767691  
-1.11905  -0.757704  
-1.12164  -0.758734  
-1.13934  -0.751416  
-1.13112  -0.755154  
-1.13485  -0.756998  
-1.14295  -0.752652  
-1.14672  -0.754534  
-1.1585  -0.756909  
-1.1601  -0.752248  
-1.18583  -0.744808  
-1.2157  -0.749986  
-1.21838  -0.751183  
-1.22266  -0.752155  
-1.23889  -0.749417  
-1.24195  -0.745406  
-1.25547  -0.749832  
-1.25206  -0.753987  
-1.2785  -0.769343  
-1.28755  -0.769591  
-1.2856  -0.769258  
-1.29506  -0.776989  
-1.29511  -0.775165  
-1.32243  -0.778361  
-1.33482  -0.780785  
-1.34276  -0.77656  
-1.35291  -0.783805  
-1.35859  -0.778051  
-1.37882  -0.770793  
-1.36817  -0.768324  
-1.37253  -0.765459  
-1.38427  -0.77219  
-1.38258  -0.772228  
-1.4056  -0.771119  
-1.42205  -0.76145  
-1.42641  -0.758868  
-1.4547  -0.755685  
-1.45284  -0.756142  
-1.45159  -0.750843  
-1.46217  -0.749  
-1.47792  -0.742906  
-1.49993  -0.747183  
-1.49907  -0.744215  
-1.50879  -0.749719  
-1.52028  -0.754365  
-1.51587  -0.757718  
-1.52093  -0.750956  
-1.52112  -0.750631  
-1.56046  -0.748187  
-1.56472  -0.746317  
-1.59106  -0.7427  
-1.58851  -0.749097  
-1.60766  -0.739625  
-1.60585  -0.740816  
-1.62274  -0.727108  
-1.63835  -0.73462  
-1.64245  -0.73322  
-1.65336  -0.737868  
-1.65755  -0.736508  
-1.65363  -0.735366  
-1.67137  -0.728031  
-1.66287  -0.711617  
-1.69442  -0.71161  
-1.69848  -0.709329  
-1.70292  -0.699838  
-1.72384  -0.698294  
-1.7331  -0.688288  
-1.74302  -0.684462  
-1.74336  -0.674008  
-1.74502  -0.677702  
-1.73274  -0.680749  
-1.72736  -0.678962  
-1.7448  -0.690009  
-1.74216  -0.690754  
-1.7502  -0.686189  
-1.75818  -0.692601  
-1.76258  -0.692406  
-1.77009  -0.698468  
-1.80012  -0.68354  
-1.79831  -0.686239  
-1.82936  -0.666929  
-1.84791  -0.660415  
-1.84582  -0.663538  
-1.85486  -0.663377  
-1.85284  -0.666542  
-1.87697  -0.676553  
-1.87509  -0.679497  
-1.89119  -0.688468  
-1.90534  -0.695429  
-1.91186  -0.693  
-1.91157  -0.727831  
-1.91211  -0.728086  
-1.93116  -0.736705  
-1.9498  -0.742241  
-1.95378  -0.742663  
-1.96005  -0.750561  
-1.96503  -0.745615  
-1.98311  -0.746642  
-1.98206  -0.744514  
-1.9902  -0.746045  
-2.01537  -0.73593  
-2.02287  -0.728303  
-2.05205  -0.734128  
-2.05861  -0.731909  
-2.07437  -0.745681  
-2.08298  -0.737152  
-2.08793  -0.733826  
-2.10062  -0.731757  
-2.10508  -0.734239  
-2.11939  -0.72653  
-2.12481  -0.723667  
-2.12401  -0.703801  
-2.1574  -0.689377  
-2.1428  -0.682216  
-2.17221  -0.655331  
-2.17774  -0.663158  
-2.19937  -0.655172  
-2.20943  -0.653976  
-2.20503  -0.63917  
-2.22  -0.645846  
-2.2171  -0.643762  
-2.21701  -0.65816  
-2.22099  -0.656255  
-2.23324  -0.672382  
-2.24706  -0.667122  
-2.23748  -0.651193  
-2.24959  -0.643135  
-2.24758  -0.644265  
-2.2737  -0.642871  
-2.27841  -0.639678  
-2.28204  -0.63863  
-2.27895  -0.633125  
-2.28253  -0.638  
-2.28982  -0.640466  
-2.28765  -0.642074  
-2.30548  -0.648529  
-2.30902  -0.647785  
-2.33942  -0.659812  
-2.32908  -0.659552  
-2.33252  -0.658943  
-2.34911  -0.660604  
-2.3523  -0.660226  
-2.37178  -0.668632  
-2.37643  -0.669432  
-2.37377  -0.671515  
-2.40595  -0.684458  
-2.40153  -0.688209  
-2.41169  -0.679419  
-2.4152  -0.675933  
-2.4253  -0.681  
-2.45108  -0.684851  
-2.45816  -0.683825  
-2.46272  -0.684433  
-2.47011  -0.677345  
-2.50288  -0.685641  
-2.52488  -0.688757  
-2.53396  -0.681599  
-2.55481  -0.678844  
-2.56445  -0.673442  
-2.59213  -0.678213  
-2.61283  -0.671482  
-2.61328  -0.678432  
-2.65073  -0.684399  
-2.65191  -0.686026  
-2.6511  -0.709156  
-2.65225  -0.710519  
-2.65331  -0.723387  
-2.64878  -0.741336  
-2.65017  -0.74276  
-2.64728  -0.747559  
-2.64869  -0.749064  
-2.66034  -0.75519  
-2.65469  -0.757742  
-2.6622  -0.754509  
-2.6661  -0.736192  
-2.66707  -0.737487  
-2.6799  -0.732631  
-2.68084  -0.733907  
-2.6774  -0.757434  
-2.66259  -0.772822  
-2.66612  -0.775824  
-2.65782  -0.804006  
-2.65662  -0.812078  
-2.64817  -0.825424  
-2.64895  -0.826632  
-2.64557  -0.830863  
-2.64615  -0.848316  
-2.64731  -0.849851  
-2.64245  -0.852145  
-2.6431  -0.853285  
-2.64902  -0.871174  
-2.66642  -0.861489  
-2.66723  -0.863205  
-2.66867  -0.890795  
-2.66945  -0.892288  
-2.66577  -0.907437  
-2.66628  -0.932576  
-2.66673  -0.933595  
-2.6756  -0.949149  
-2.6762  -0.950288  
-2.69795  -0.965446  
-2.69836  -0.966567  
-2.70416  -0.969594  
-2.70964  -0.96884  
-2.71053  -0.964544  
-2.70513  -0.948476  
-2.70511  -0.950041  
-2.70169  -0.970277  
-2.70166  -0.971705  
-2.71023  -0.978695  
-2.69774  -0.984717  
-2.69778  -0.9855  
-2.68666  -1.00821  
-2.68212  -1.00555  
-2.6545  -1.00511  
-2.65006  -1.00303  
-2.65279  -1.0208  
-2.65229  -1.01907  
-2.65001  -1.02052  
-2.67194  -1.02445  
-2.65928  -1.03205  
-2.66599  -1.0285  
-2.66479  -1.02288  
-2.66507  -1.0163  
-2.64686  -1.02434  
-2.65493  -1.02783  
-2.6417  -1.0336  
-2.6368  -1.03874  
-2.63474  -1.04318  
-2.61133  -1.04161  
-2.60586  -1.05104  
-2.5873  -1.04569  
-2.58231  -1.03918  
-2.57397  -1.04434  
-2.57785  -1.0563  
-2.58256  -1.04799  
-2.5905  -1.0533  
-2.59091  -1.04184  
-2.58948  -1.04322  
-2.60579  -1.03158  
-2.60401  -1.03314  
-2.59713  -1.0139  
-2.59621  -1.01413  
-2.58882  -1.03818  
-2.57184  -1.0392  
-2.56499  -1.04286  
-2.56048  -1.04796  
-2.55093  -1.05268  
-2.53428  -1.06516  
-2.53256  -1.06054  
-2.52017  -1.06225  
-2.52551  -1.07123  
-2.52329  -1.07235  
-2.52139  -1.0672  
-2.51906  -1.06839  
-2.52648  -1.06694  
-2.52389  -1.06817  
-2.52563  -1.07576  
-2.52936  -1.08187  
-2.52571  -1.08703  
-2.51418  -1.09591  
-2.53498  -1.09535  
-2.53071  -1.10057  
-2.5258  -1.11276  
-2.52432  -1.11262  
-2.52603  -1.10612  
-2.52551  -1.10774  
-2.52477  -1.10785  
-2.5216  -1.1009  
-2.52027  -1.10249  
-2.52434  -1.10624  
-2.53183  -1.10441  
-2.49927  -1.11331  
-2.50179  -1.11064  
-2.50368  -1.10129  
-2.49541  -1.09368  
-2.50928  -1.10254  
-2.48267  -1.10113  
-2.47922  -1.09615  
-2.47476  -1.09658  
-2.47116  -1.09758  
-2.46253  -1.1073  
-2.45536  -1.10715  
-2.45183  -1.10202  
-2.44511  -1.10501  
-2.44151  -1.10585  
-2.44724  -1.09416  
-2.46236  -1.10133  
-2.45371  -1.1006  
-2.43359  -1.11295  
-2.45083  -1.11264  
-2.44591  -1.11511  
-2.44408  -1.11462  
-2.46477  -1.12303  
-2.46839  -1.13026  
-2.47268  -1.12101  
-2.47182  -1.11831  
-2.46116  -1.12288  
-2.47587  -1.12568  
-2.48179  -1.14001  
-2.47763  -1.14041  
-2.48889  -1.13965  
-2.48465  -1.14004  
-2.50585  -1.13771  
-2.50157  -1.13814  
-2.49516  -1.13157  
-2.49095  -1.13201  
-2.49849  -1.15426  
-2.49378  -1.16143  
-2.4855  -1.15741  
-2.47443  -1.15107  
-2.46548  -1.15389  
-2.4827  -1.15926  
-2.4771  -1.1503  
-2.46014  -1.15078  
-2.44688  -1.15663  
-2.46415  -1.16193  
-2.44507  -1.16308  
-2.42981  -1.15705  
-2.42887  -1.15931  
-2.41432  -1.16766  
-2.41269  -1.16692  
-2.40148  -1.16345  
-2.39426  -1.15883  
-2.37891  -1.17155  
-2.36824  -1.17811  
-2.37383  -1.18288  
-2.37801  -1.16951  
-2.37281  -1.17389  
-2.37895  -1.19355  
-2.37542  -1.16953  
-2.37396  -1.16874  
-2.38571  -1.15331  
-2.37601  -1.15644  
-2.37711  -1.16447  
-2.38173  -1.17423  
-2.39479  -1.17433  
-2.38059  -1.17756  
-2.41144  -1.20696  
-2.40904  -1.20554  
-2.42313  -1.19941  
-2.4264  -1.21498  
-2.41983  -1.21541  
-2.4228  -1.23533  
-2.4207  -1.23342  
-2.44402  -1.22765  
-2.45212  -1.22836  
-2.44594  -1.22844  
-2.46189  -1.19317  
-2.45979  -1.19163  
-2.46686  -1.17129  
-2.48456  -1.1706  
-2.49151  -1.17631  
-2.50524  -1.17671  
-2.5032  -1.17743  
-2.51132  -1.19178  
-2.50572  -1.17947  
-2.49465  -1.17567  
-2.50759  -1.15773  
-2.49504  -1.16543  
-2.48234  -1.15521  
-2.4701  -1.13702  
-2.45898  -1.14619  
-2.44337  -1.13011  
-2.43044  -1.12308  
-2.42183  -1.12174  
-2.41404  -1.08412  
-2.40761  -1.08416  
-2.38364  -1.06036  
-2.39295  -1.06439  
-2.37689  -1.04965  
-2.36897  -1.04531  
-2.37976  -1.05472  
-2.35757  -1.04234  
-2.37596  -1.01609  
-2.37146  -1.01699  
-2.36538  -1.00204  
-2.37835  -1.0008  
-2.37396  -0.994824  
-2.39149  -0.986067  
-2.38704  -0.986979  
-2.38712  -0.976774  
-2.40036  -0.978679  
-2.39447  -0.939555  
-2.41332  -0.948118  
-2.4257  -0.934611  
-2.43787  -0.938511  
-2.43006  -0.931748  
-2.44949  -0.945516  
-2.44795  -0.944378  
-2.46238  -0.926606  
-2.45794  -0.927602  
-2.4754  -0.904231  
-2.4717  -0.898548  
-2.46284  -0.899217  
-2.45936  -0.893424  
-2.47305  -0.871323  
-2.46582  -0.85242  
-2.46173  -0.853749  
-2.47131  -0.79224  
-2.45891  -0.798722  
-2.4728  -0.797742  
-2.46098  -0.810905  
-2.45368  -0.807407  
-2.44942  -0.790558  
-2.42361  -0.775346  
-2.43953  -0.774961  
-2.41561  -0.748954  
-2.43199  -0.748586  
-2.40124  -0.748925  
-2.40574  -0.733279  
-2.42094  -0.716249  
-2.40393  -0.695722  
-2.42057  -0.681213  
-2.41396  -0.649144  
-2.41914  -0.626478  
-2.42205  -0.62229  
-2.40293  -0.61211  
-2.39816  -0.61681  
-2.40235  -0.597752  
-2.38588  -0.572096  
-2.38272  -0.56528  
-2.39458  -0.543671  
-2.38858  -0.538187  
-2.37589  -0.527824  
-2.3816  -0.527393  
-2.37695  -0.527879  
-2.37378  -0.512195  
-2.37923  -0.501575  
-2.37624  -0.475892  
-2.38418  -0.459324  
-2.38295  -0.463682  
-2.36931  -0.453048  
-2.36835  -0.444724  
-2.36771  -0.435828  
-2.38543  -0.435951  
-2.36382  -0.402267  
-2.37577  -0.411737  
-2.36841  -0.417672  
-2.35911  -0.422789  
-2.35881  -0.418253  
-2.35969  -0.407232  
-2.37555  -0.412961  
-2.38429  -0.396867  
-2.37975  -0.382046  
-2.39978  -0.384238  
-2.40104  -0.387425  
-2.39885  -0.397612  
-2.41962  -0.384746  
-2.43367  -0.369775  
-2.4387  -0.367971  
-2.46038  -0.35281  
-2.45301  -0.352651  
-2.47944  -0.372291  
-2.47994  -0.389545  
-2.48033  -0.384144  
-2.50719  -0.377776  
-2.50611  -0.379861  
-2.5337  -0.363712  
-2.53265  -0.365858  
-2.5385  -0.368285  
-2.53915  -0.36277  
-2.56825  -0.350863  
-2.5676  -0.339583  
-2.5669  -0.341698  
-2.57851  -0.322579  
-2.57946  -0.317259  
-2.57786  -0.299594  
-2.57033  -0.302801  
-2.56132  -0.312041  
-2.56345  -0.310306  
-2.56383  -0.309309  
-2.56239  -0.294721  
-2.55952  -0.291171  
-2.55701  -0.255971  
-2.54785  -0.24226  
-2.54674  -0.249071  
-2.55477  -0.254192  
-2.55307  -0.253049  
-2.55313  -0.237471  
-2.54521  -0.234505  
-2.52636  -0.237221  
-2.52667  -0.217085  
-2.52235  -0.209618  
-2.51699  -0.216217  
-2.51159  -0.23678  
-2.51165  -0.238927  
-2.51082  -0.235056  
-2.50661  -0.228041  
-2.5072  -0.224474  
-2.5167  -0.209054  
-2.51359  -0.205633  
-2.54135  -0.214893  
-2.5392  -0.218267  
-2.53579  -0.235617  
-2.5357  -0.231364  
-2.53754  -0.234262  
-2.51792  -0.234931  
-2.52026  -0.231323  
-2.52268  -0.220904  
-2.52242  -0.229497  
-2.51944  -0.236683  
-2.5249  -0.237419  
-2.51294  -0.243652  
-2.51929  -0.230583  
-2.52528  -0.231595  
-2.52456  -0.226775  
-2.54999  -0.202927  
-2.54768  -0.204632  
-2.55911  -0.208284  
-2.56095  -0.225266  
-2.55792  -0.230299  
-2.55966  -0.220829  
-2.55716  -0.223868  
-2.57514  -0.232653  
-2.56542  -0.228325  
-2.56826  -0.225723  
-2.57201  -0.242741  
-2.57449  -0.243467  
-2.57023  -0.239335  
-2.57882  -0.249636  
-2.57811  -0.252781  
-2.58291  -0.239531  
-2.58332  -0.246932  
-2.58386  -0.235505  
-2.58298  -0.226098  
-2.58499  -0.225906  
-2.57886  -0.239816  
-2.57615  -0.241496  
-2.57614  -0.252397  
-2.57911  -0.252657  
-2.59174  -0.263827  
-2.59002  -0.265737  
-2.58596  -0.272204  
-2.60047  -0.274625  
-2.58613  -0.270534  
-2.59923  -0.271539  
-2.60238  -0.271413  
-2.60516  -0.271077  
-2.60952  -0.281514  
-2.61626  -0.286072  
-2.63501  -0.287247  
-2.63102  -0.2912  
-2.6278  -0.312845  
-2.63158  -0.336519  
-2.64009  -0.339534  
-2.62874  -0.357004  
-2.62617  -0.35871  
-2.6388  -0.377539  
-2.63843  -0.37723  
-2.62816  -0.372268  
-2.63051  -0.361709  
-2.62827  -0.369756  
-2.62428  -0.347092  
-2.62645  -0.347003  
-2.63085  -0.325431  
-2.6309  -0.319387  
-2.6377  -0.314337  
-2.62168  -0.299315  
-2.61805  -0.296618  
-2.59848  -0.308653  
-2.59767  -0.309333  
-2.5748  -0.321924  
-2.55583  -0.324457  
-2.56003  -0.323063  
-2.53762  -0.318521  
-2.53717  -0.318932  
-2.54021  -0.31285  
-2.52088  -0.300602  
-2.52524  -0.298534  
-2.53867  -0.272478  
-2.53806  -0.25778  
-2.54171  -0.272236  
-2.54983  -0.239269  
-2.56318  -0.222254  
-2.55152  -0.20831  
-2.55303  -0.217606  
-2.55628  -0.214742  
-2.53986  -0.214396  
-2.54372  -0.215071  
-2.54974  -0.203719  
-2.54564  -0.210587  
-2.55006  -0.199687  
-2.55419  -0.165855  
-2.55102  -0.160953  
-2.57468  -0.14772  
-2.57325  -0.129289  
-2.57192  -0.131315  
-2.56935  -0.120277  
-2.57741  -0.106918  
-2.55785  -0.0937278  
-2.55588  -0.0725073  
-2.55605  -0.0668174  
-2.54931  -0.050259  
-2.54321  -0.0508062  
-2.54175  -0.0534899  
-2.52665  -0.0489311  
-2.52524  -0.0517231  
-2.51315  -0.0632235  
-2.50438  -0.0559176  
-2.50306  -0.0583795  
-2.50629  -0.0274366  
-2.50242  -0.0375701  
-2.50083  -0.0199161  
-2.51007  -0.0269553  
-2.5103  -0.0206939  
-2.50736  -0.00363167  
-2.51002  0.0129421  
-2.50725  0.0356709  
-2.51213  0.0727385  
-2.51605  0.0848077  
-2.50218  0.0646844  
-2.50121  0.0536971  
-2.49023  0.0265751  
-2.48855  0.0405654  
-2.47975  0.0309087  
-2.49515  0.050522  
-2.49328  0.050268  
-2.50754  0.0723214  
-2.51205  0.0644468  
-2.51618  0.0662242  
-2.52233  0.0846452  
-2.52673  0.0914248  
-2.5296  0.111253  
-2.52549  0.132138  
-2.52893  0.139065  
-2.52499  0.156591  
-2.52454  0.149875  
-2.50348  0.139122  
-2.48357  0.133476  
-2.48233  0.138932  
-2.46474  0.142847  
-2.45639  0.13998  
-2.46052  0.143496  
-2.44544  0.168567  
-2.44808  0.158361  
-2.41849  0.136244  
-2.41608  0.133088  
-2.41683  0.133129  
-2.41551  0.139228  
-2.39602  0.137369  
-2.40346  0.136802  
-2.40084  0.133974  
-2.37503  0.148281  
-2.37724  0.147221  
-2.37169  0.135036  
-2.37797  0.135682  
-2.37668  0.130504  
-2.35334  0.127808  
-2.36469  0.122612  
-2.34654  0.131774  
-2.34609  0.134561  
-2.33958  0.131784  
-2.34721  0.118218  
-2.34791  0.109243  
-2.33248  0.10435  
-2.33247  0.115817  
-2.32764  0.117386  
-2.334  0.114582  
-2.33843  0.120293  
-2.34075  0.140154  
-2.32682  0.136841  
-2.33233  0.119233  
-2.32556  0.112513  
-2.32289  0.118582  
-2.32369  0.120551  
-2.31438  0.144472  
-2.30958  0.133097  
-2.30402  0.147799  
-2.30187  0.146093  
-2.29003  0.158185  
-2.2746  0.126274  
-2.27145  0.126073  
-2.26087  0.125843  
-2.2567  0.117889  
-2.24819  0.138132  
-2.24968  0.126156  
-2.24649  0.126455  
-2.23265  0.157051  
-2.22733  0.147604  
-2.21665  0.161952  
-2.21989  0.160393  
-2.21702  0.176468  
-2.20615  0.200624  
-2.20389  0.201612  
-2.17685  0.20974  
-2.17356  0.210009  
-2.15713  0.22421  
-2.15429  0.23419  
-2.13738  0.234067  
-2.15125  0.231221  
-2.11313  0.245941  
-2.11141  0.260006  
-2.10803  0.260501  
-2.09487  0.278229  
-2.09144  0.278732  
-2.09507  0.296318  
-2.09547  0.313033  
-2.0913  0.30483  
-2.08869  0.327886  
-2.08487  0.32845  
-2.08919  0.334461  
-2.09203  0.343976  
-2.09423  0.354429  
-2.1286  0.34251  
-2.12431  0.34358  
-2.13714  0.360537  
-2.14115  0.379401  
-2.15383  0.366763  
-2.16093  0.375307  
-2.17645  0.361811  
-2.17883  0.379999  
-2.19926  0.39893  
-2.20075  0.397864  
-2.21035  0.407152  
-2.2055  0.416536  
-2.23787  0.437802  
-2.23322  0.451438  
-2.22442  0.447086  
-2.23686  0.463705  
-2.22729  0.466704  
-2.22213  0.459214  
-2.21537  0.486448  
-2.21019  0.484423  
-2.20283  0.492876  
-2.19671  0.489223  
-2.18244  0.526342  
-2.15437  0.531324  
-2.16326  0.525556  
-2.13987  0.548671  
-2.14352  0.540764  
-2.14448  0.5467  
-2.11585  0.557957  
-2.12812  0.556462  
-2.11583  0.578066  
-2.11242  0.579873  
-2.10158  0.591989  
-2.09221  0.593656  
-2.08097  0.592318  
-2.07697  0.594046  
-2.08637  0.596668  
-2.07381  0.592947  
-2.07025  0.59487  
-2.07338  0.595649  
-2.06723  0.603434  
-2.08014  0.592008  
-2.06898  0.611622  
-2.05927  0.595205  
-2.05971  0.604551  
-2.06846  0.600168  
-2.04876  0.612921  
-2.04687  0.63029  
-2.0609  0.615888  
-2.05972  0.62659  
-2.05588  0.628708  
-2.05479  0.626476  
-2.0447  0.609209  
-2.05781  0.6061  
-2.03881  0.625607  
-2.03458  0.624644  
-2.03826  0.625543  
-2.03791  0.624842  
-2.02807  0.630579  
-2.02973  0.628573  
-2.02557  0.62421  
-2.03255  0.64027  
-2.03479  0.634963  
-2.04645  0.637129  
-2.05388  0.607399  
-2.04834  0.615802  
-2.05212  0.648243  
-2.07921  0.65463  
-2.07373  0.64518  
-2.09171  0.708822  
-2.08278  0.703693  
-2.11072  0.689714  
-2.10617  0.686309  
-2.10839  0.713585  
-2.12105  0.704157  
-2.12638  0.678149  
-2.12028  0.687234  
-2.12371  0.651464  
-2.11841  0.634913  
-2.11409  0.633006  
-2.11585  0.629085  
-2.11157  0.62746  
-2.09637  0.656368  
-2.09451  0.64648  
-2.1019  0.658398  
-2.09934  0.659307  
-2.08911  0.69452  
-2.10226  0.693616  
-2.09976  0.71811  
-2.09439  0.714249  
-2.11155  0.715464  
-2.10599  0.698621  
-2.11006  0.685414  
-2.10807  0.718928  
-2.10103  0.733913  
-2.0981  0.745416  
-2.10587  0.740783  
-2.10064  0.775069  
-2.10135  0.777107  
-2.09754  0.771365  
-2.11075  0.783712  
-2.11755  0.779254  
-2.1091  0.777538  
-2.11363  0.786721  
-2.10833  0.779583  
-2.10302  0.762927  
-2.11217  0.755031  
-2.10651  0.751424  
-2.12008  0.744953  
-2.10376  0.779068  
-2.10997  0.795291  
-2.10589  0.79548  
-2.10951  0.854394  
-2.10542  0.854178  
-2.11493  0.879737  
-2.11076  0.879456  
-2.09151  0.928356  
-2.0874  0.927736  
-2.0723  0.966419  
-2.05358  0.962503  
-2.06011  0.966547  
-2.02979  0.97256  
-2.02591  0.972077  
-2.01874  0.975468  
-2.00956  0.997558  
-1.99802  0.996307  
-2.01187  1.01343  
-2.00797  1.01314  
-2.00183  1.03633  
-2.00389  1.03925  
-2.01667  1.04835  
-2.01306  1.0644  
-2.01377  1.0581  
-2.00814  1.07397  
-2.00765  1.07799  
-2.0254  1.06131  
-2.02269  1.05727  
-2.01842  1.05104  
-2.01589  1.04955  
-2.0237  1.04702  
-2.03596  1.03991  
-2.02893  1.05396  
-2.01937  1.06622  
-2.01548  1.07843  
-2.02089  1.06209  
-2.01009  1.065  
-2.0144  1.06271  
-2.00858  1.06978  
-2.00266  1.07317  
-1.99864  1.06462  
-2.01289  1.05904  
-2.01296  1.03752  
-2.00865  1.03995  
-2.01287  1.04355  
-2.02701  1.0386  
-2.02358  1.04139  
-2.03762  1.0367  
-2.02935  1.04405  
-2.03376  1.06105  
-2.02927  1.06393  
-2.01921  1.10715  
-2.01759  1.11114  
-2.03556  1.11782  
-2.03435  1.1305  
-2.02497  1.13794  
-2.04855  1.13685  
-2.0402  1.1601  
-2.04055  1.16984  
-2.04747  1.17007  
-2.04863  1.15597  
-2.05447  1.16631  
-2.04584  1.16142  
-2.04845  1.17706  
-2.06371  1.15323  
-2.06401  1.1319  
-2.06619  1.15278  
-2.06194  1.14306  
-2.0557  1.17582  
-2.04741  1.18753  
-2.05826  1.18456  
-2.03673  1.23179  
-2.05488  1.21368  
-2.0317  1.24945  
-2.01544  1.28913  
-2.02529  1.29736  
-2.00985  1.31975  
-2.0068  1.32123  
-1.98991  1.33216  
-1.98684  1.33363  
-1.97716  1.34171  
-1.96845  1.34334  
-1.95856  1.35107  
-1.96912  1.34058  
-1.96467  1.34375  
-1.96458  1.35626  
-1.96013  1.35945  
-1.97469  1.35172  
-1.97009  1.35517  
-1.97682  1.36119  
-1.98476  1.37708  
-1.98047  1.36687  
-1.99353  1.37125  
-2.00333  1.3665  
-2.01544  1.36822  
-2.03555  1.33649  
-2.02597  1.34018  
-2.04538  1.32541  
-2.05944  1.32235  
-2.07138  1.308  
-2.08374  1.30612  
-2.07447  1.29701  
-2.10341  1.27853  
-2.09492  1.28725  
-2.1028  1.33051  
-2.09746  1.33578  
-2.08886  1.38732  
-2.08882  1.37913  
-2.08793  1.40304  
-2.0867  1.4234  
-2.0815  1.42804  
-2.0563  1.47878  
-2.04628  1.49115  
-2.04131  1.5195  
-2.01987  1.54016  
-2.015  1.54398  
-2.01828  1.55602  
-2.00872  1.55921  
-1.99188  1.57247  
-1.99962  1.57586  
-1.99022  1.57906  
-1.97851  1.58023  
-1.99323  1.57649  
-1.97909  1.58329  
-1.96767  1.59287  
-1.98403  1.57869  
-1.95848  1.61155  
-1.97322  1.60797  
-1.96389  1.61977  
-1.96501  1.61633  
-1.95995  1.61969  
-1.97182  1.6149  
-1.9693  1.61736  
-1.97399  1.63044  
-1.96319  1.64178  
-1.96081  1.6443  
-1.97309  1.63511  
-1.97386  1.62425  
-1.97737  1.64041  
-1.97118  1.6471  
-1.96908  1.6543  
-1.97863  1.65094  
-2.00046  1.63987  
-1.98603  1.65483  
-2.00024  1.65754  
-2.01764  1.64181  
-2.03158  1.64308  
-2.04101  1.64032  
-2.05484  1.64176  
-2.05749  1.6304  
-2.08328  1.64054  
-2.06506  1.67143  
-2.08491  1.65644  
-2.09667  1.65276  
-2.09667  1.646  
-2.07734  1.67916  
-2.09113  1.67736  
-2.08118  1.68216  
-2.05516  1.71582  
-2.07492  1.70794  
-2.05021  1.73642  
-2.04688  1.73803  
-2.05131  1.74678  
-2.02773  1.77743  
-2.02312  1.77683  
-2.03769  1.77102  
-2.03487  1.77094  
-2.04356  1.76896  
-2.02654  1.78851  
-2.01726  1.79508  
-2.02997  1.78019  
-2.04725  1.76914  
-2.03105  1.79237  
-2.024  1.79048  
-2.04472  1.77941  
-2.03946  1.79765  
-2.03631  1.80465  
-2.02536  1.83368  
-2.03375  1.83716  
-2.03668  1.82595  
-2.02181  1.8583  
-2.03603  1.85658  
-2.01842  1.87827  
-2.04493  1.87058  
-2.04001  1.88373  
-2.03177  1.90745  
-2.03596  1.90223  
-2.03016  1.90821  
-2.01513  1.94237  
-2.03505  1.92879  
-2.01743  1.9618  
-2.02631  1.96121  
-2.03582  1.95869  
-2.01459  1.99778  
-2.0088  2.00339  
-2.01617  2.01587  
-2.03931  2.00103  
-2.03105  2.01263  
-2.04114  2.01495  
-2.04165  2.00808  
-2.0385  2.04156  
-2.04861  2.04896  
-2.04086  2.06126  
-2.0524  2.06274  
-2.04487  2.06397  
-2.03096  2.08152  
-2.0153  2.12055  
-2.01848  2.10952  
-1.9921  2.14386  
-2.00561  2.14879  
-1.97843  2.18479  
-1.984  2.18526  
-1.96736  2.20772  
-1.98644  2.22819  
-1.98063  2.23301  
-1.96747  2.25384  
-1.9987  2.24894  
-2.0211  2.241  
-2.03513  2.23844  
-2.04095  2.23812  
-2.04851  2.23749  
-2.04219  2.24293  
-2.05267  2.25947  
-2.04158  2.26431  
-2.06947  2.2615  
-2.06942  2.25836  
-2.07204  2.28358  
-2.07121  2.2935  
-2.05926  2.30174  
-2.06707  2.32047  
-2.08379  2.31444  
-2.0725  2.33778  
-2.11015  2.31274  
-2.0987  2.31803  
-2.11916  2.31954  
-2.11967  2.3323  
-2.12674  2.33543  
-2.14699  2.3204  
-2.15263  2.32217  
-2.1444  2.32453  
-2.1579  2.32305  
-2.16239  2.32463  
-2.15959  2.31916  
-2.1722  2.31296  
-2.15683  2.32494  
-2.14525  2.33125  
-2.1537  2.33352  
-2.14798  2.34006  
-2.14145  2.34672  
-2.15583  2.354  
-2.15338  2.34724  
-2.14769  2.35554  
-2.15384  2.35831  
-2.14653  2.35847  
-2.14606  2.35644  
-2.16703  2.3376  
-2.16303  2.34651  
-2.15629  2.35401  
-2.16134  2.34223  
-2.15459  2.34992  
-2.1681  2.3366  
-2.1693  2.33453  
-2.16247  2.34254  
-2.16351  2.34129  
-2.16389  2.33674  
-2.16135  2.33592  
-2.16844  2.31461  
-2.16882  2.31049  
-2.1633  2.30474  
-2.16369  2.30085  
-2.14584  2.31437  
-2.14938  2.30353  
-2.14682  2.29772  
-2.12429  2.31196  
-2.12429  2.31196  
-2.11675  2.31661  
-2.11675  2.31661  
-2.08769  2.33982  
-2.08639  2.33363  
-2.07907  2.34633  
-2.08123  2.34545  
-2.08478  2.33487  
-2.0793  2.34748  
-2.07188  2.34351  
-2.07499  2.33877  
-2.06047  2.34437  
-2.04974  2.35548  
-2.03279  2.37017  
-2.04016  2.37066  
-2.04377  2.35996  
-2.01739  2.37422  
-2.01739  2.37422  
-1.99856  2.38159  
-2.00786  2.38238  
-1.99984  2.38376  
-1.98473  2.38592  
-1.98557  2.38274  
-1.96379  2.39006  
-1.96468  2.38694  
-1.93937  2.39522  
-1.94473  2.38697  
-1.94388  2.39589  
-1.93492  2.40381  
-1.92677  2.39968  
-1.90147  2.42013  
-1.90346  2.4206  
-1.89325  2.43365  
-1.90816  2.43115  
-1.89428  2.44681  
-1.88511  2.46061  
-1.88629  2.47282  
-1.87195  2.48469  
-1.87226  2.50471  
-1.86735  2.51147  
-1.88005  2.52375  
-1.89894  2.5142  
-1.90203  2.52937  
-1.894  2.55784  
-1.89464  2.55391  
-1.90139  2.56664  
-1.89325  2.56918  
-1.8823  2.59828  
-1.90579  2.61322  
-1.90128  2.60857  
-1.90194  2.62433  
-1.91069  2.62424  
-1.90056  2.65743  
-1.90915  2.66625  
-1.90161  2.6786  
-1.90329  2.70667  
-1.90533  2.70714  
-1.91822  2.71249  
-1.92242  2.72335  
-1.93228  2.7339  
-1.92913  2.7479  
-1.92195  2.75528  
-1.95298  2.75746  
-1.94565  2.76489  
-1.9372  2.78736  
-1.92356  2.80159  
-1.92945  2.81287  
-1.94105  2.82154  
-1.93379  2.82872  
-1.92663  2.8528  
-1.94016  2.85212  
-1.93348  2.87245  
-1.92896  2.86658  
-1.92992  2.8862  
-1.95605  2.86968  
-1.95216  2.87165  
-1.9591  2.87311  
-1.96022  2.88399  
-1.96011  2.89165  
-1.98685  2.88519  
-1.99082  2.87679  
-2.0015  2.88315  
-2.00045  2.87833  
-2.0167  2.88411  
-2.0351  2.89581  
-2.05394  2.88969  
-2.04016  2.92014  
-2.04886  2.90948  
-2.07174  2.90635  
-2.07586  2.92034  
-2.06401  2.93087  
-2.07561  2.92898  
-2.07818  2.94318  
-2.09852  2.93126  
-2.06727  2.97465  
-2.08728  2.96253  
-2.08581  2.9781  
-2.08547  2.97759  
-2.0772  3.00779  
-2.07621  3.02915  
-2.09729  3.01632  
-2.10867  3.02264  
-2.10836  3.02329  
-2.07217  3.06608  
-2.07077  3.0603  
-2.07108  3.05531  
-2.05746  3.0635  
-2.07086  3.06329  
-2.04102  3.07807  
-2.04495  3.07738  
-2.03581  3.08359  
-2.02265  3.09071  
-2.01546  3.09828  
-2.04846  3.07392  
-2.04898  3.06953  
-2.04288  3.07764  
-2.03055  3.08518  
-2.01784  3.08651  
-2.02517  3.09012  
-2.02567  3.08602  
-2.0033  3.09737  
-2.00394  3.09328  
-2.01774  3.08881  
-2.01827  3.08487  
-2.00388  3.09503  
-1.98811  3.1049  
-1.98513  3.10133  
-2.00874  3.08632  
-1.99826  3.09773  
-2.00529  3.09209  
-1.99904  3.10757  
-2.00736  3.09162  
-1.99283  3.11947  
-1.98534  3.14016  
-1.98591  3.13655  
-1.99645  3.13998  
-2.00132  3.1347  
-1.98528  3.15155  
-1.98991  3.16724  
-1.98227  3.16515  
-1.98873  3.17211  
-2.00568  3.16549  
-1.98731  3.18162  
-1.98418  3.18903  
-1.99816  3.18995  
-1.98853  3.18949  
-1.99225  3.19758  
-1.98895  3.19945  
-1.9806  3.20544  
-1.99583  3.20347  
-1.96377  3.22847  
-1.96434  3.22478  
-1.99081  3.20989  
-1.99114  3.20652  
-1.98562  3.20974  
-1.97746  3.22211  
-2.00159  3.20946  
-2.02559  3.19491  
-2.0214  3.19708  
-2.02305  3.20116  
-2.01506  3.21056  
-2.04482  3.19601  
-2.0448  3.1941  
-2.0366  3.20652  
-2.04135  3.21432  
-2.04535  3.20409  
-2.049  3.20554  
-2.05219  3.20433  
-2.04798  3.20653  
-2.06412  3.19222  
-2.06699  3.189  
-2.07262  3.17747  
-2.07122  3.17625  
-2.0721  3.1679  
-2.07094  3.15818  
-2.0741  3.14974  
-2.0653  3.15919  
-2.06914  3.15242  
-2.06915  3.15077  
-2.07264  3.14146  
-2.07126  3.14039  
-2.07124  3.14023  
-2.07208  3.1305  
-2.07213  3.12921  
-2.07954  3.12268  
-2.07953  3.12152  
-2.08715  3.11345  
-2.08655  3.10638  
-2.0857  3.09939  
-2.10246  3.08975  
-2.10246  3.08975  
-2.11922  3.08009  
-2.11922  3.08009  
-2.1122  3.07964  
-2.13788  3.05967  
-2.13788  3.05967  
-2.12434  3.06806  
-2.12837  3.05778  
-2.15325  3.04908  
-2.1453  3.04406  
-2.14756  3.04549  
-2.14592  3.04664  
-2.1367  3.05359  
-2.14044  3.05207  
-2.14581  3.04361  
-2.13916  3.04901  
-2.14352  3.04841  
-2.14881  3.03969  
-2.14719  3.03903  
-2.13729  3.04542  
-2.13391  3.05737  
-2.13673  3.05601  
-2.14107  3.04792  
-2.1404  3.04663  
-2.13893  3.04746  
-2.13541  3.05817  
-2.13348  3.05776  
-2.11018  3.06746  
-2.10321  3.07659  
-2.10186  3.08003  
-2.09699  3.07846  
-2.08798  3.08154  
-2.07993  3.09364  
-2.07124  3.1069  
-2.07161  3.10618  
-2.06805  3.09571  
-2.05968  3.10838  
-2.0601  3.10767  
-2.05967  3.10416  
-2.06867  3.10575  
-2.06893  3.10514  
-2.05279  3.11644  
-2.05226  3.12258  
-2.04063  3.11853  
-2.05553  3.11638  
-2.04266  3.12745  
-2.04908  3.13108  
-2.04698  3.13744  
-2.05427  3.13756  
-2.05385  3.15294  
-2.04873  3.15827  
-2.06972  3.14784  
-2.06638  3.15901  
-2.0813  3.17044  
-2.08646  3.17693  
-2.08759  3.17361  
-2.08637  3.19501  
-2.08741  3.19312  
-2.11149  3.20596  
-2.10388  3.22025  
-2.10548  3.2187  
-2.10936  3.22944  
-2.1109  3.24912  
-2.11677  3.24789  
-2.08791  3.28349  
-2.088  3.28138  
-2.08016  3.30149  
-2.10146  3.29133  
-2.08286  3.31406  
-2.06452  3.33433  
-2.06482  3.33185  
-2.05157  3.35194  
-2.05195  3.34934  
-2.0334  3.37148  
-2.01654  3.38412  
-2.04037  3.37484  
-2.03016  3.38454  
-2.0231  3.39454  
-2.0115  3.41158  
-2.00648  3.40491  
-1.99857  3.41543  
-2.01497  3.4168  
-2.01809  3.41574  
-2.02006  3.41641  
-2.02695  3.42521  
-2.046  3.41765  
-2.03906  3.42785  
-2.04768  3.4364  
-2.0617  3.44441  
-2.06994  3.45014  
-2.06295  3.46097  
-2.08022  3.4625  
-2.09271  3.46165  
-2.10892  3.46367  
-2.12561  3.46394  
-2.11826  3.46627  
-2.12542  3.47792  
-2.1217  3.47442  
-2.14182  3.47485  
-2.1488  3.47096  
-2.15126  3.4658  
-2.15148  3.48488  
-2.1532  3.48038  
-2.16588  3.48139  
-2.14988  3.50383  
-2.16124  3.50147  
-2.1561  3.51195  
-2.14629  3.51747  
-2.16229  3.52007  
-2.16516  3.53199  
-2.16  3.52878  
-2.15642  3.53497  
-2.1479  3.54472  
-2.16697  3.53808  
-2.16256  3.54035  
-2.16454  3.53393  
-2.16317  3.53631  
-2.16732  3.52606  
-2.16518  3.5273  
-2.16933  3.51705  
-2.16845  3.52371  
-2.17434  3.51072  
-2.16991  3.51302  
-2.15816  3.51979  
-2.15095  3.51991  
-2.14713  3.519  
-2.14272  3.52408  
-2.14382  3.51745  
-2.1365  3.52524  
-2.13926  3.51864  
-2.15601  3.50745  
-2.14431  3.50865  
-2.13674  3.51179  
-2.14169  3.50402  
-2.14098  3.50422  
-2.13363  3.51492  
-2.13673  3.49863  
-2.13633  3.49599  
-2.12373  3.50921  
-2.12971  3.50064  
-2.11002  3.51002  
-2.12488  3.50325  
-2.12514  3.5019  
-2.11281  3.50411  
-2.11311  3.50281  
-2.11484  3.4961  
-2.13179  3.49038  
-2.13195  3.48929  
-2.12842  3.47859  
-2.12857  3.47767  
-2.13574  3.47485  
-2.12789  3.47963  
-2.11677  3.482  
-2.1342  3.47037  
-2.13779  3.46615  
-2.13222  3.47275  
-2.12476  3.47522  
-2.11875  3.47694  
-2.11898  3.48688  
-2.1218  3.48349  
-2.12258  3.48393  
-2.10952  3.49173  
-2.107  3.48795  
-2.10076  3.50349  
-2.10281  3.50094  
-2.10435  3.50054  
-2.07802  3.51962  
-2.0815  3.51837  
-2.07303  3.52211  
-2.07631  3.52081  
-2.0786  3.5196  
-2.07477  3.53165  
-2.07824  3.53184  
-2.06146  3.54573  
-2.06428  3.54691  
-2.06367  3.55513  
-2.08867  3.55159  
-2.08367  3.55002  
-2.07692  3.56713  
-2.09847  3.55787  
