0.114521  0.00566478  
0.114433  0.00581062  
0.114018  0.00564801  
0.113663  0.00489824  
0.113357  0.0058764  
0.113505  0.00612894  
0.113333  0.00641526  
0.112817  0.00644203  
0.112465  0.00569452  
0.112297  0.00597742  
0.112096  0.00687331  
0.0342786  0.046431  
0.0394172  0.0359845  
0.0391441  0.0352076  
0.0314554  0.00731846  
0.0349154  0.033075  
0.0350641  0.035253  
0.0426697  0.038498  
0.0423706  0.0398935  
0.0423087  0.0438979  
0.0556266  0.0552841  
0.0552789  0.0570299  
0.0565708  0.0812563  
0.0529011  0.0887309  
0.0523518  0.0904695  
0.0566485  0.0984619  
0.0581517  0.0956429  
0.0568212  0.0981354  
0.0578714  0.0948673  
0.0547801  0.0740902  
0.0548052  0.0762873  
0.0502458  0.0858397  
0.046857  0.069417  
0.0470381  0.0636307  
0.0490693  0.0319394  
0.0490189  0.0331974  
0.0472898  0.0468282  
0.0472172  0.0477882  
0.0423533  0.0573923  
0.0423405  0.0582364  
0.04227  0.0628983  
0.0354529  0.0363053  
0.0379953  0.0520715  
0.0399022  0.0235088  
0.0347746  0.0298388  
0.0379371  0.0556796  
0.03772  0.0512803  
0.035178  0.0355161  
0.0348896  0.0301481  
0.0348053  0.0289375  
0.0353142  0.0313346  
0.0333666  0.045243  
0.0334733  0.0462693  
0.0309941  0.0780826  
0.0309941  0.0780826  
0.0309941  0.0780826  
0.0271752  0.0750052  
0.0293645  0.0935879  
0.0322812  0.114932  
0.0323977  0.11509  
0.0352719  0.136462  
0.0354314  0.136258  
0.0358669  0.135701  
0.0402704  0.141919  
0.0353447  0.136636  
0.0354861  0.136672  
0.0350472  0.154996  
0.0352174  0.154345  
0.0323732  0.133339  
0.0293137  0.112  
0.0296791  0.112533  
0.0323121  0.133535  
0.0324319  0.133474  
0.0374223  0.122256  
0.0375375  0.122412  
0.0422603  0.12886  
0.0469093  0.118353  
0.047311  0.117445  
0.0520303  0.124112  
0.0519133  0.12417  
0.052209  0.124188  
0.052089  0.124248  
0.0493229  0.102934  
0.0462816  0.0826922  
0.0506186  0.0754458  
0.0432203  0.0781783  
0.0432115  0.078803  
0.0451581  0.0502668  
0.0405999  0.0390657  
0.0375874  0.0162855  
0.0377121  0.0178513  
0.0424934  0.023004  
0.0395431  0.00293938  
0.0425721  0.0294711  
0.0374504  0.0347405  
0.0380561  0.044552  
0.0408073  0.039615  
0.03866  0.0716777  
0.0438356  0.0611839  
0.0527004  0.125327  
0.0526598  0.12557  
0.0576477  0.114311  
0.0429435  0.130436  
0.0430182  0.130608  
0.0430182  0.130608  
0.0430941  0.130782  
0.0430941  0.130782  
0.0402404  0.110169  
0.0402084  0.10958  
0.0284228  0.112572  
0.0272236  0.111161  
0.027419  0.111405  
0.0277959  0.111875  
0.0353095  0.121321  
0.0332187  0.102444  
0.03247  0.0814739  
0.0335289  0.0861802  
0.0326761  0.0822653  
0.0378706  0.0718106  
0.0379381  0.0725318  
0.0301159  0.0434221  
0.0302799  0.0445006  
0.0269416  0.0206861  
0.0274253  0.0236034  
0.0274253  0.0236034  
0.0300258  0.0616959  
0.030193  0.0625564  
0.0280232  0.0456803  
0.0301098  0.0619102  
0.0429177  0.0776973  
0.0430294  0.0792526  
0.0459931  0.0999522  
0.0459431  0.100741  
0.0458956  0.103106  
0.0490581  0.121522  
0.0490863  0.121869  
0.0491478  0.121731  
0.0490863  0.121869  
0.0471685  0.154658  
0.0471321  0.154397  
0.0361471  0.123388  
0.0362475  0.123513  
0.0366254  0.123983  
0.0362354  0.123594  
0.0363357  0.123719  
0.0363357  0.123719  
0.0363238  0.1238  
0.0365222  0.124046  
0.0366101  0.124251  
0.0415598  0.112775  
0.0415962  0.113035  
0.0446343  0.134327  
0.0446343  0.134327  
0.0447225  0.13453  
0.0494685  0.140931  
0.0493359  0.140835  
0.0496153  0.141211  
0.0493892  0.140906  
0.0494222  0.141031  
0.0555132  0.116973  
0.0567077  0.114953  
0.0567935  0.115154  
0.0567935  0.115154  
0.0502354  0.0785399  
0.0537406  0.0942693  
0.0539361  0.0939658  
0.0538277  0.0944789  
0.0620795  0.104083  
0.0619599  0.104682  
0.0552261  0.130815  
0.0550697  0.131134  
0.0627814  0.158609  
0.0680424  0.147549  
0.0678509  0.147598  
0.0741275  0.190407  
0.0737774  0.189745  
0.0697005  0.184703  
0.0694017  0.184105  
0.0559798  0.165975  
0.0564875  0.167414  
0.0484765  0.156727  
0.0408934  0.130235  
0.0359093  0.141426  
0.0310513  0.135173  
0.0312302  0.135193  
0.0311285  0.135349  
0.0265501  0.128961  
0.0212666  0.140185  
0.0216399  0.140314  
0.0310183  0.135496  
0.0312018  0.135516  
0.0254336  0.160685  
0.0244203  0.161838  
0.020945  0.158741  
0.0215568  0.158223  
0.0215568  0.158223  
0.0279529  0.150295  
0.0283902  0.149991  
0.0312252  0.171371  
0.0314054  0.170967  
0.0410413  0.166765  
0.0411041  0.166419  
0.040977  0.16712  
0.0411107  0.16692  
0.0517845  0.195092  
0.0521223  0.198021  
0.0521223  0.198021  
0.0503666  0.192454  
0.0476617  0.174619  
0.0476768  0.175071  
0.0476617  0.174619  
0.0412008  0.197269  
0.040873  0.20089  
0.0410861  0.183785  
0.0411538  0.183229  
0.0320595  0.185844  
0.0313401  0.188163  
0.0311459  0.188778  
0.0313946  0.188288  
0.0265657  0.181791  
0.0268664  0.181393  
0.0238826  0.160337  
0.0286425  0.149297  
0.0242109  0.160204  
0.0207365  0.156978  
0.021414  0.156687  
0.0303454  0.152528  
0.0244299  0.125885  
0.0273774  0.131345  
0.0318846  0.151479  
0.0351437  0.159537  
0.0351437  0.159537  
0.0351425  0.159535  
0.0353439  0.159417  
0.0437003  0.167083  
0.0434703  0.169571  
0.0530599  0.182046  
0.0529879  0.181539  
0.0562135  0.204002  
0.0559948  0.202461  
0.0533143  0.183337  
0.0580701  0.189301  
0.0579374  0.188702  
0.0599225  0.174594  
0.0597677  0.174176  
0.0631912  0.196703  
0.0628031  0.19533  
0.0629948  0.196008  
0.0628442  0.195421  
0.0592699  0.172795  
0.0598922  0.17446  
0.0551189  0.168042  
0.0552147  0.168381  
0.0551576  0.16813  
0.0522236  0.14716  
0.0521072  0.147004  
0.0441877  0.137224  
0.0442659  0.137309  
0.0445185  0.137633  
0.049128  0.127213  
0.0492713  0.126035  
0.0492882  0.126308  
0.0492458  0.126656  
0.0493718  0.126034  
0.0575477  0.136183  
0.0574242  0.136243  
0.0566777  0.136715  
0.0565755  0.136764  
0.0544677  0.115117  
0.0543843  0.115435  
0.059699  0.103462  
0.0595504  0.103929  
0.058991  0.105688  
0.0589003  0.1062  
0.0513618  0.082088  
0.0467202  0.0876084  
0.0436337  0.0653697  
0.043734  0.0672262  
0.0437781  0.0673356  
0.0467645  0.0877178  
0.046777  0.0883748  
0.0437751  0.0665374  
0.0438239  0.0666583  
0.0438736  0.067575  
0.0468742  0.0886126  
0.0489296  0.054431  
0.0519561  0.0768071  
0.0519561  0.0768071  
0.0568469  0.0834372  
0.0538066  0.0621428  
0.0537896  0.0632506  
0.0569009  0.083569  
0.0566878  0.084982  
0.0588851  0.0679949  
0.0616271  0.0908401  
0.0613055  0.0920663  
0.0638376  0.0747112  
0.0634556  0.076364  
0.0599368  0.0595337  
0.0550631  0.0573833  
0.0508399  0.0593342  
0.0508399  0.0593342  
0.0543273  0.0181456  
0.0528992  0.0269501  
0.0528992  0.0269501  
0.0517493  -0.0187067  
0.051711  -0.0168254  
0.0469237  -0.00976591  
0.0470162  -0.00776991  
0.0488944  -0.0305923  
0.0520572  -0.026279  
0.0537903  -0.0492977  
0.0463475  -0.0682784  
0.0462313  -0.0863352  
0.046291  -0.0807929  
0.046289  -0.0807895  
0.043528  -0.121801  
0.0436539  -0.115474  
0.0436829  -0.118304  
0.0437453  -0.115179  
0.0436524  -0.124464  
0.0437182  -0.121184  
0.043825  -0.120842  
0.0439525  -0.114518  
0.0437568  -0.124113  
0.0439378  -0.120468  
0.0440026  -0.117269  
0.0469348  -0.10249  
0.0440597  -0.120081  
0.0470591  -0.102106  
0.0472232  -0.0986961  
0.0471896  -0.101704  
0.0472193  -0.0986868  
0.0445118  -0.109888  
0.0472944  -0.104381  
0.0375036  -0.107045  
0.0424275  -0.0896099  
0.034498  -0.11734  
0.0355432  -0.101549  
0.0296022  -0.105648  
0.0297573  -0.105168  
0.0300081  -0.102089  
0.0317066  -0.13761  
0.0320948  -0.13365  
0.0271118  -0.122542  
0.0275637  -0.118781  
0.0268771  -0.146735  
0.0289306  -0.157789  
0.0293711  -0.15352  
0.0242398  -0.163737  
0.0245654  -0.159926  
0.0183932  -0.223268  
0.0187928  -0.218726  
0.013528  -0.211423  
0.00918342  -0.213445  
0.0102294  -0.246375  
0.0106064  -0.231955  
0.00515482  -0.243291  
0.00648132  -0.23305  
0.00340156  -0.253959  
0.00357727  -0.253294  
0.00473377  -0.243658  
0.00415088  -0.248389  
0.00490836  -0.243008  
0.00746157  -0.256147  
0.00763269  -0.255507  
0.00763269  -0.255507  
0.00363922  -0.272001  
0.000182612  -0.259828  
0.00806288  -0.275047  
0.00629971  -0.284561  
0.00207747  -0.273846  
-0.00190387  -0.293146  
-0.00175765  -0.28214  
-0.000989589  -0.318501  
-0.000230587  -0.312498  
-0.00726602  -0.318588  
-0.00240464  -0.312022  
-0.00233215  -0.311796  
-0.0111733  -0.345554  
-0.0126769  -0.35418  
-0.0125656  -0.350396  
-0.017548  -0.388196  
-0.0198398  -0.40278  
-0.0247152  -0.429532  
-0.0240409  -0.431441  
-0.026673  -0.473254  
-0.0257098  -0.465694  
-0.030956  -0.502692  
-0.0299319  -0.494687  
-0.0272876  -0.505148  
-0.0263006  -0.497023  
-0.0280021  -0.537067  
-0.0287946  -0.560381  
-0.0320096  -0.581629  
-0.0312323  -0.574133  
-0.0392331  -0.601714  
-0.0416385  -0.665096  
-0.0438742  -0.678028  
-0.0378768  -0.693958  
-0.0402599  -0.724846  
-0.0366246  -0.749215  
-0.0386614  -0.759265  
-0.0349981  -0.75972  
-0.0360681  -0.78295  
-0.0337427  -0.794455  
-0.0326551  -0.809898  
-0.0203971  -0.823043  
-0.0202452  -0.816996  
-0.0251108  -0.823284  
-0.025919  -0.830466  
-0.00807283  -0.825403  
-0.00483274  -0.834139  
-0.00579007  -0.842604  
-0.00142958  -0.865544  
-0.0042162  -0.871885  
0.00216893  -0.898779  
0.0066048  -0.886202  
0.00371492  -0.899956  
0.0168452  -0.901736  
0.0211433  -0.923856  
0.0284008  -0.909957  
0.0284478  -0.898678  
0.0287528  -0.929275  
0.031021  -0.936876  
0.0345552  -0.936282  
0.0486738  -0.924816  
0.0504749  -0.932866  
0.0475895  -0.973977  
0.0493898  -0.980938  
0.0537012  -0.988055  
0.0547103  -1.01911  
0.054341  -1.00549  
0.0551143  -1.05311  
0.0586516  -1.05553  
0.0549847  -1.09692  
0.0595964  -1.09435  
0.048344  -1.1333  
0.0453915  -1.13954  
0.0457771  -1.17  
0.0483657  -1.17795  
0.0422951  -1.2007  
0.0492515  -1.22904  
0.046927  -1.23812  
0.0475922  -1.24236  
0.0518942  -1.24963  
0.0497786  -1.24356  
0.0511199  -1.25597  
0.0547665  -1.23832  
0.0642029  -1.22696  
0.0570424  -1.22282  
0.0568548  -1.20653  
0.0651562  -1.22853  
0.0519713  -1.26764  
0.0568748  -1.2619  
0.0559306  -1.2322  
0.0641604  -1.23955  
0.0608916  -1.24343  
0.0639922  -1.2612  
0.0564128  -1.28503  
0.057762  -1.3026  
0.0638476  -1.29394  
0.0671094  -1.29555  
0.0651807  -1.30053  
0.0651342  -1.28253  
0.0570636  -1.30933  
0.0544129  -1.33879  
0.056124  -1.35081  
0.0398084  -1.41853  
0.0368579  -1.41924  
0.0275896  -1.48301  
0.0269611  -1.49318  
0.0183945  -1.53128  
0.0071541  -1.55825  
0.00937993  -1.56686  
-0.0126836  -1.59317  
-0.0149818  -1.59112  
-0.0342311  -1.66035  
-0.0298287  -1.64812  
-0.0486556  -1.68939  
-0.0457077  -1.65587  
-0.0701771  -1.714  
-0.0633883  -1.71003  
-0.0653339  -1.70794  
-0.0786211  -1.75704  
-0.0732184  -1.74068  
-0.0817471  -1.78359  
-0.0831339  -1.77833  
-0.0892751  -1.82883  
-0.0818075  -1.82049  
-0.082458  -1.82125  
-0.0806081  -1.85569  
-0.0819942  -1.85597  
-0.0701276  -1.91137  
-0.0769442  -1.91688  
-0.0651632  -1.89649  
-0.0598651  -1.89464  
-0.0542051  -1.91116  
-0.0266327  -1.87133  
-0.035651  -1.88086  
-0.0307425  -1.89088  
-0.0208735  -1.88912  
-0.0193039  -1.90711  
-0.0138198  -1.89339  
-0.0109871  -1.88008  
-0.00172347  -1.8854  
0.00208829  -1.90207  
0.0102939  -1.8776  
0.0120905  -1.88425  
0.00944648  -1.89038  
0.00436358  -1.91943  
0.00153186  -1.91124  
0.0077586  -1.89841  
0.00986737  -1.89879  
-0.0064125  -1.94073  
-0.00876147  -1.93299  
-0.0289108  -1.98253  
-0.0309446  -1.97419  
-0.0402203  -2.00548  
-0.0478516  -2.00723  
-0.0431797  -2.01643  
-0.0561383  -2.00111  
-0.056552  -2.01328  
-0.0671099  -2.01452  
-0.0726204  -2.00342  
-0.0678312  -1.98997  
-0.0821153  -2.00462  
-0.082309  -1.97946  
-0.0768261  -1.9643  
-0.112471  -2.0316  
-0.110588  -2.02009  
-0.134021  -2.09963  
-0.138926  -2.10786  
-0.165518  -2.16787  
-0.17004  -2.1749  
-0.189438  -2.21149  
-0.193673  -2.21801  
-0.217448  -2.2723  
-0.217008  -2.25881  
-0.218793  -2.24368  
-0.213073  -2.20988  
-0.224636  -2.22042  
-0.218714  -2.2006  
-0.215528  -2.17564  
-0.194663  -2.11847  
-0.189439  -2.10718  
-0.184994  -2.11398  
-0.181884  -2.12014  
-0.180706  -2.10804  
-0.168403  -2.09086  
-0.165137  -2.10666  
-0.160818  -2.09911  
-0.159577  -2.13072  
-0.159519  -2.09481  
-0.154384  -2.09139  
-0.170313  -2.16024  
-0.159645  -2.11189  
-0.159622  -2.09915  
-0.158386  -2.1  
-0.155499  -2.10533  
-0.138164  -2.01863  
-0.127995  -2.00933  
-0.125285  -1.98586  
-0.119687  -1.97356  
-0.115328  -1.97605  
-0.115682  -1.96496  
-0.121654  -2.04843  
-0.11664  -2.04463  
-0.134024  -2.09506  
-0.138865  -2.10001  
-0.139288  -2.11438  
-0.156311  -2.17819  
-0.155566  -2.17692  
-0.16295  -2.16876  
-0.162722  -2.15496  
-0.166233  -2.15999  
-0.155292  -2.10754  
-0.150829  -2.09145  
-0.160075  -2.09322  
-0.171048  -2.11733  
-0.17216  -2.12973  
-0.189833  -2.14512  
-0.194299  -2.1405  
-0.197421  -2.11529  
-0.20127  -2.13161  
-0.221179  -2.14903  
-0.222699  -2.16105  
-0.239176  -2.17909  
-0.240664  -2.1305  
-0.238519  -2.13951  
-0.242711  -2.10282  
-0.246114  -2.11904  
-0.265658  -2.12288  
-0.255877  -2.11089  
-0.254681  -2.0707  
-0.258418  -2.06222  
-0.250051  -2.01771  
-0.244711  -2.00859  
-0.24325  -1.96977  
-0.246333  -1.97309  
-0.236695  -1.95455  
-0.230817  -1.94777  
-0.253557  -1.9867  
-0.259691  -2.00747  
-0.265245  -1.9986  
-0.293454  -2.07924  
-0.295896  -2.0814  
-0.294131  -2.04475  
-0.291668  -2.03042  
-0.28702  -2.01963  
-0.282555  -1.99938  
-0.29273  -2.01064  
-0.28382  -1.94958  
-0.270127  -1.92582  
-0.252829  -1.85157  
-0.255262  -1.8171  
-0.232827  -1.76857  
-0.235852  -1.7738  
-0.235406  -1.75957  
-0.230418  -1.75999  
-0.219563  -1.73574  
-0.203919  -1.67237  
-0.210732  -1.67254  
-0.207339  -1.65057  
-0.210146  -1.65535  
-0.218685  -1.64384  
-0.229648  -1.65912  
-0.247326  -1.69952  
-0.261071  -1.68909  
-0.27564  -1.71488  
-0.309026  -1.78127  
-0.299516  -1.77485  
-0.311858  -1.79146  
-0.29765  -1.73241  
-0.307239  -1.74543  
-0.28378  -1.69479  
-0.294653  -1.69813  
-0.255047  -1.62016  
-0.247636  -1.60407  
-0.227489  -1.57135  
-0.197028  -1.53017  
-0.187217  -1.49922  
-0.189832  -1.50472  
-0.179848  -1.52059  
-0.182482  -1.52567  
-0.173212  -1.50533  
-0.156054  -1.48953  
-0.16195  -1.48152  
-0.143036  -1.44064  
-0.152001  -1.45253  
-0.128253  -1.37869  
-0.128379  -1.37377  
-0.126162  -1.34858  
-0.0983467  -1.29751  
-0.0903675  -1.29457  
-0.0861809  -1.2635  
-0.0760213  -1.27206  
-0.0894271  -1.28038  
-0.088214  -1.2963  
-0.0870913  -1.29206  
-0.0878351  -1.29203  
-0.096838  -1.30654  
-0.112396  -1.30953  
-0.0879879  -1.28202  
-0.104864  -1.29156  
-0.0887323  -1.2617  
-0.0857547  -1.22924  
-0.0843157  -1.22333  
-0.0810144  -1.22332  
-0.0992476  -1.25078  
-0.0906788  -1.23142  
-0.0949393  -1.24054  
-0.0993091  -1.23997  
-0.078585  -1.19705  
-0.0922204  -1.24062  
-0.0699518  -1.20263  
-0.0905101  -1.22132  
-0.0947938  -1.2397  
-0.062788  -1.17611  
-0.0806467  -1.20083  
-0.05512  -1.15793  
-0.0871283  -1.19727  
-0.0877716  -1.19961  
-0.0855378  -1.1768  
-0.0809083  -1.16778  
-0.087233  -1.18053  
-0.082362  -1.17118  
-0.0927488  -1.17713  
-0.0762857  -1.14972  
-0.0839738  -1.16089  
-0.0562021  -1.09447  
-0.0639432  -1.10629  
-0.0543255  -1.09508  
-0.0473325  -1.10868  
-0.04803  -1.11338  
-0.0221204  -1.0579  
-0.0229501  -1.06319  
-0.0315644  -1.06802  
-0.0162539  -1.06187  
-0.0268111  -1.05893  
-0.00689051  -1.03135  
-0.00695409  -1.03343  
0.00173343  -1.02428  
0.0281174  -0.991657  
0.0126617  -1.00102  
0.0159533  -1.01425  
0.0232344  -0.992656  
0.0307287  -0.987872  
0.0327506  -0.970694  
0.034602  -0.9888  
0.0373954  -0.980037  
0.0434237  -0.970672  
0.0432203  -0.969873  
0.068583  -0.954181  
0.0608375  -0.953684  
0.0484232  -0.971219  
0.0798006  -0.958894  
0.078466  -0.953589  
0.105855  -0.943655  
0.105973  -0.944904  
0.105783  -0.944176  
0.131013  -0.920991  
0.157092  -0.885471  
0.157029  -0.887073  
0.149322  -0.885453  
0.170938  -0.868859  
0.169113  -0.865785  
0.149567  -0.893895  
0.1618  -0.877764  
0.165915  -0.868279  
0.158798  -0.88696  
0.164857  -0.87543  
0.169123  -0.862446  
0.184447  -0.850373  
0.186558  -0.85016  
0.18658  -0.851612  
0.194235  -0.848442  
0.201034  -0.83477  
0.207964  -0.839759  
0.202915  -0.852231  
0.21815  -0.833298  
0.204724  -0.839172  
0.204963  -0.840197  
0.21945  -0.82331  
0.225353  -0.812157  
0.244304  -0.783741  
0.244227  -0.785205  
0.242986  -0.771331  
0.250972  -0.766727  
0.244972  -0.771672  
0.244353  -0.772135  
0.244518  -0.77349  
0.254386  -0.788126  
0.266716  -0.769809  
0.265899  -0.770367  
0.278334  -0.755421  
0.276659  -0.743019  
0.276979  -0.74417  
0.310495  -0.728115  
0.313905  -0.702779  
0.306439  -0.707565  
0.370959  -0.63523  
0.370913  -0.637064  
0.393838  -0.624745  
0.384994  -0.624578  
0.377095  -0.629901  
0.399142  -0.631976  
0.399413  -0.633194  
0.406144  -0.644339  
0.406678  -0.645249  
0.404674  -0.641282  
0.419327  -0.628117  
0.402655  -0.652463  
0.422927  -0.63995  
0.430291  -0.637538  
0.420557  -0.6335  
0.438918  -0.613856  
0.43194  -0.626868  
0.463148  -0.614207  
0.450739  -0.609537  
0.479251  -0.604734  
0.478551  -0.599934  
0.477058  -0.602552  
0.498628  -0.594709  
0.489396  -0.608499  
0.505365  -0.600289  
0.488835  -0.606509  
0.494607  -0.595369  
0.495345  -0.580762  
0.497166  -0.580858  
0.498215  -0.569312  
0.490961  -0.565862  
0.484393  -0.575204  
0.50598  -0.55567  
0.501348  -0.540982  
0.506667  -0.541535  
0.511294  -0.541832  
0.506424  -0.539612  
0.509018  -0.539628  
0.487294  -0.536807  
0.512327  -0.526924  
0.511036  -0.529756  
0.503535  -0.526966  
0.537836  -0.504935  
0.510889  -0.519991  
0.527481  -0.511964  
0.516752  -0.508997  
0.529504  -0.515713  
0.539765  -0.51059  
0.530139  -0.517727  
0.551102  -0.515435  
0.554566  -0.514983  
0.570558  -0.523331  
0.574083  -0.52265  
0.572254  -0.529676  
0.600162  -0.52014  
0.611961  -0.49712  
0.615324  -0.496603  
0.645344  -0.476378  
0.650417  -0.474551  
0.681006  -0.463293  
0.68425  -0.462925  
0.676452  -0.45595  
0.7158  -0.455371  
0.697666  -0.461127  
0.741041  -0.459417  
0.729762  -0.478087  
0.686716  -0.517851  
0.710797  -0.509629  
0.708526  -0.515086  
0.727676  -0.487891  
0.710732  -0.493369  
0.719586  -0.451242  
0.729431  -0.460825  
0.726321  -0.458605  
0.735372  -0.452627  
0.723932  -0.452224  
0.70373  -0.463222  
0.726648  -0.449934  
0.723433  -0.469826  
0.708195  -0.47163  
0.735385  -0.459803  
0.723418  -0.471148  
0.740052  -0.491864  
0.73888  -0.486477  
0.745879  -0.500085  
0.751646  -0.498308  
0.755729  -0.49674  
0.807241  -0.485543  
0.79834  -0.472609  
0.861529  -0.473383  
0.853197  -0.461986  
0.813999  -0.481871  
0.871403  -0.476073  
0.839864  -0.483107  
0.858278  -0.48219  
0.826342  -0.496805  
0.819441  -0.495587  
0.840962  -0.493728  
0.805893  -0.500454  
0.813393  -0.498577  
0.785263  -0.50952  
0.780659  -0.507837  
0.800077  -0.502279  
0.790977  -0.508569  
0.783332  -0.515989  
0.766835  -0.516088  
0.771167  -0.521329  
0.78286  -0.47609  
0.77837  -0.472177  
0.762361  -0.462417  
0.77197  -0.449028  
0.807548  -0.43233  
0.796425  -0.427446  
0.790029  -0.429335  
0.818718  -0.410623  
0.804685  -0.422727  
0.817909  -0.408289  
0.837668  -0.416892  
0.84605  -0.415575  
0.840714  -0.423019  
0.891498  -0.411709  
0.863355  -0.419424  
0.927949  -0.397353  
0.936649  -0.396342  
0.978095  -0.398927  
1.00612  -0.366697  
1.01833  -0.342431  
1.04914  -0.34905  
1.06644  -0.340894  
1.06991  -0.350921  
1.07285  -0.348392  
1.04088  -0.373578  
1.05681  -0.381251  
1.03304  -0.402361  
1.05404  -0.408455  
1.05847  -0.417737  
1.00987  -0.441697  
1.03699  -0.442594  
1.0007  -0.433517  
1.01571  -0.429866  
0.967578  -0.429139  
0.974262  -0.435144  
0.94958  -0.415769  
0.945752  -0.412646  
0.925343  -0.376809  
0.924199  -0.377689  
0.917446  -0.37094  
0.910085  -0.366289  
0.909086  -0.367307  
0.901092  -0.3662  
0.920923  -0.366649  
0.918172  -0.369737  
0.929693  -0.374696  
0.932058  -0.377997  
0.973858  -0.359676  
0.97333  -0.361576  
0.986749  -0.360716  
0.982763  -0.358253  
0.981976  -0.35505  
1.01202  -0.358313  
0.98746  -0.359674  
0.982982  -0.35438  
1.00817  -0.364665  
1.01449  -0.358872  
1.03978  -0.369404  
1.03563  -0.373757  
1.06208  -0.381846  
1.06197  -0.381784  
1.02511  -0.396885  
1.10005  -0.412323  
1.11096  -0.420191  
1.09858  -0.421071  
1.12998  -0.43142  
1.10723  -0.414341  
1.13262  -0.416643  
1.1079  -0.426846  
1.09205  -0.407349  
1.09284  -0.416784  
1.08638  -0.411629  
1.07453  -0.412878  
1.05016  -0.423943  
1.04078  -0.413179  
1.0382  -0.400377  
1.0357  -0.398046  
1.03489  -0.406309  
1.03233  -0.403809  
1.04421  -0.412315  
1.04836  -0.409877  
1.03491  -0.411068  
1.01919  -0.415319  
1.03301  -0.415092  
1.03366  -0.397149  
1.03616  -0.392352  
1.03726  -0.398663  
1.05464  -0.395207  
1.05222  -0.392961  
1.03813  -0.405502  
1.05024  -0.405359  
1.04947  -0.415388  
1.05363  -0.418108  
1.04416  -0.41456  
1.03725  -0.40985  
1.01641  -0.414963  
1.00037  -0.40226  
0.9932  -0.40765  
0.981635  -0.402659  
0.976632  -0.406314  
0.993095  -0.400897  
0.9972  -0.401074  
0.995803  -0.398728  
1.03003  -0.386373  
1.02817  -0.384011  
1.03651  -0.379294  
1.02609  -0.380711  
1.04922  -0.396181  
1.06403  -0.396321  
1.07001  -0.406462  
1.06442  -0.410127  
1.07148  -0.408795  
1.10207  -0.417115  
1.08941  -0.426282  
1.08951  -0.420146  
1.10474  -0.427098  
1.1217  -0.440749  
1.13758  -0.448552  
1.13668  -0.450769  
1.11021  -0.467259  
1.09957  -0.470221  
1.11138  -0.476093  
1.0895  -0.477619  
1.0737  -0.484878  
1.07239  -0.482012  
1.05886  -0.493792  
1.0568  -0.487986  
1.01844  -0.50776  
1.03176  -0.513369  
1.01129  -0.494256  
1.02654  -0.501062  
1.05472  -0.496527  
1.05363  -0.500862  
1.0472  -0.490361  
1.05515  -0.493799  
1.03007  -0.484829  
1.0309  -0.494675  
1.02305  -0.487518  
1.0224  -0.497238  
1.03052  -0.482491  
1.01377  -0.468934  
1.00469  -0.469634  
1.01206  -0.469492  
1.00615  -0.459637  
0.997342  -0.457928  
0.984918  -0.472442  
0.993292  -0.473262  
1.01811  -0.487468  
0.985061  -0.476449  
0.969847  -0.467064  
0.997956  -0.487678  
0.963768  -0.477143  
1.02505  -0.502342  
1.02449  -0.501958  
1.00746  -0.494284  
1.04378  -0.518579  
1.03102  -0.515321  
1.08599  -0.536227  
1.07295  -0.521566  
1.0581  -0.520297  
1.08794  -0.536695  
1.07918  -0.523512  
1.08217  -0.521764  
1.06479  -0.513661  
1.06582  -0.51195  
1.00174  -0.49798  
1.00327  -0.496164  
0.949178  -0.465841  
0.947304  -0.470589  
0.945621  -0.45604  
0.938308  -0.447639  
0.92524  -0.441601  
0.916782  -0.432671  
0.898269  -0.428944  
0.90562  -0.426852  
0.893572  -0.421319  
0.928005  -0.413069  
0.91234  -0.406438  
0.914613  -0.40674  
0.911882  -0.40222  
0.914949  -0.390505  
0.937713  -0.373653  
0.932194  -0.368643  
0.945788  -0.352886  
0.946989  -0.352042  
0.956977  -0.346843  
0.958132  -0.346117  
0.957189  -0.356859  
0.958353  -0.356743  
0.96063  -0.375538  
0.962244  -0.374844  
0.92417  -0.390171  
0.909741  -0.409938  
0.881536  -0.421863  
0.875768  -0.423772  
0.889903  -0.441996  
0.870574  -0.424622  
0.883595  -0.43218  
0.856939  -0.398848  
0.863557  -0.397751  
0.866268  -0.40196  
0.899663  -0.377943  
0.90944  -0.377656  
0.930127  -0.383975  
0.940638  -0.371798  
0.911064  -0.351932  
0.913471  -0.351804  
0.874746  -0.336482  
0.871603  -0.339263  
0.865676  -0.346976  
0.861953  -0.345603  
0.867407  -0.345136  
0.877535  -0.349351  
0.880197  -0.349192  
0.94355  -0.351301  
0.94766  -0.351288  
0.962641  -0.355226  
1.03134  -0.375985  
1.03637  -0.375559  
1.03958  -0.369762  
1.05709  -0.384987  
1.04867  -0.394465  
1.05251  -0.389252  
1.04176  -0.401431  
1.02492  -0.397571  
0.924628  -0.388252  
0.919071  -0.391159  
0.808403  -0.355211  
0.826689  -0.358743  
0.802529  -0.365043  
0.745768  -0.359167  
0.744048  -0.353029  
0.712624  -0.357328  
0.696656  -0.358802  
0.730188  -0.372215  
0.735374  -0.375836  
0.736425  -0.373654  
0.769849  -0.381127  
0.785  -0.387399  
0.832969  -0.378083  
0.842746  -0.372861  
0.869  -0.380281  
0.86186  -0.371151  
0.848367  -0.369558  
0.828193  -0.357098  
0.817211  -0.34716  
0.789881  -0.34634  
0.782873  -0.3541  
0.787262  -0.351001  
0.782693  -0.350729  
0.796329  -0.367451  
0.766404  -0.368706  
0.834575  -0.402513  
0.837266  -0.397383  
0.852612  -0.40525  
0.833853  -0.389187  
0.875916  -0.390016  
0.863544  -0.374609  
0.864443  -0.377559  
0.893679  -0.359464  
0.885329  -0.353446  
0.856961  -0.335597  
0.872334  -0.346008  
0.799932  -0.327493  
0.785635  -0.324238  
0.802822  -0.345613  
0.768043  -0.340772  
0.776245  -0.350552  
0.778239  -0.355756  
0.811586  -0.379732  
0.816057  -0.379907  
0.84572  -0.386785  
0.848334  -0.381898  
0.90619  -0.409534  
0.924812  -0.413498  
0.985038  -0.423296  
1.00921  -0.424356  
0.981177  -0.406568  
0.984194  -0.406984  
0.907559  -0.383963  
0.914801  -0.384707  
0.904418  -0.377616  
0.853672  -0.370008  
0.836312  -0.37029  
0.830014  -0.364502  
0.813348  -0.359937  
0.794414  -0.36207  
0.799189  -0.364577  
0.785665  -0.361286  
0.774804  -0.368384  
0.796508  -0.373841  
0.803741  -0.369909  
0.83484  -0.389132  
0.822109  -0.38583  
0.860744  -0.392474  
0.843136  -0.396195  
0.819804  -0.390793  
0.808691  -0.382608  
0.770142  -0.371092  
0.754278  -0.371052  
0.731968  -0.367411  
0.73781  -0.368046  
0.72188  -0.359114  
0.738704  -0.375507  
0.744684  -0.37626  
0.74042  -0.390172  
0.738532  -0.393666  
0.815119  -0.428076  
0.834896  -0.425434  
0.848462  -0.429086  
0.864213  -0.451926  
0.857452  -0.437006  
0.862474  -0.437744  
0.823992  -0.433712  
0.821882  -0.437295  
0.786644  -0.422758  
0.779157  -0.418641  
0.749704  -0.41991  
0.746016  -0.414332  
0.736676  -0.402203  
0.733549  -0.402421  
0.701831  -0.393902  
0.691945  -0.376406  
0.720603  -0.374021  
0.764288  -0.384777  
0.74132  -0.370084  
0.761206  -0.369529  
0.74708  -0.359662  
0.753225  -0.35536  
0.721231  -0.353299  
0.711694  -0.33178  
0.71216  -0.331053  
0.683061  -0.299271  
0.671637  -0.292836  
0.658027  -0.290189  
0.606229  -0.259806  
0.640555  -0.261065  
0.632066  -0.251287  
0.632291  -0.250996  
0.667823  -0.259298  
0.667909  -0.259193  
0.686592  -0.262866  
0.65796  -0.282954  
0.654949  -0.281939  
0.607443  -0.289016  
0.616028  -0.295845  
0.609568  -0.297126  
0.582694  -0.303607  
0.574755  -0.295791  
0.562204  -0.295435  
0.525708  -0.282971  
0.560248  -0.288924  
0.56009  -0.294197  
0.589491  -0.300006  
0.578793  -0.301718  
0.615549  -0.314879  
0.595551  -0.302936  
0.583037  -0.315852  
0.549276  -0.306899  
0.550257  -0.301797  
0.551206  -0.306397  
0.552013  -0.30128  
0.511418  -0.291629  
0.503449  -0.294079  
0.484004  -0.296934  
0.468056  -0.297333  
0.493264  -0.320328  
0.501018  -0.323665  
0.514852  -0.336073  
0.537906  -0.33716  
0.521745  -0.335426  
0.500958  -0.327353  
0.485168  -0.321465  
0.445999  -0.30442  
0.437562  -0.301896  
0.446239  -0.316937  
0.455677  -0.318275  
0.460948  -0.317729  
0.462199  -0.321863  
0.44199  -0.321702  
0.459678  -0.32603  
0.454145  -0.323094  
0.51812  -0.334709  
0.509322  -0.335701  
0.511812  -0.335867  
0.50749  -0.324184  
0.485487  -0.325124  
0.466813  -0.316992  
0.45873  -0.31446  
0.44812  -0.312439  
0.46082  -0.311261  
0.450026  -0.301499  
0.449595  -0.29262  
0.438718  -0.294745  
0.435777  -0.283177  
0.43621  -0.281409  
0.508092  -0.288065  
0.505179  -0.290389  
0.523347  -0.295915  
0.566978  -0.305159  
0.581266  -0.300718  
0.527439  -0.292226  
0.515622  -0.293317  
0.491146  -0.27482  
0.477133  -0.271034  
0.487728  -0.276072  
0.456366  -0.259322  
0.446272  -0.25652  
0.431017  -0.248838  
0.422258  -0.241468  
0.425643  -0.246125  
0.511613  -0.255285  
0.502102  -0.240407  
0.521004  -0.244309  
0.575757  -0.248311  
0.586627  -0.24303  
0.571933  -0.230396  
0.542933  -0.222652  
0.535584  -0.219637  
0.542833  -0.21826  
0.511233  -0.199571  
0.464849  -0.19601  
0.417277  -0.175147  
0.392854  -0.174556  
0.405178  -0.177415  
0.351731  -0.163471  
0.369193  -0.167556  
0.386505  -0.165213  
0.396236  -0.171652  
0.40319  -0.169046  
0.376423  -0.159582  
0.398241  -0.163066  
0.402987  -0.157762  
0.392038  -0.156667  
0.407382  -0.162605  
0.410371  -0.159171  
0.436724  -0.157762  
0.456045  -0.157299  
0.443373  -0.154067  
0.450813  -0.138529  
0.500392  -0.154796  
0.484776  -0.152282  
0.499175  -0.157353  
0.54741  -0.156946  
0.552202  -0.146648  
0.552888  -0.145629  
0.551399  -0.150789  
0.499589  -0.149939  
0.498203  -0.146206  
0.496134  -0.150108  
0.492631  -0.158851  
0.492062  -0.16366  
0.476577  -0.159215  
0.484698  -0.161369  
0.45417  -0.156901  
0.441391  -0.14691  
0.511303  -0.159702  
0.493741  -0.145872  
0.50684  -0.136797  
0.529591  -0.137056  
0.50872  -0.127106  
0.495613  -0.104842  
0.488374  -0.0998386  
0.443705  -0.0933799  
0.430229  -0.0929477  
0.418418  -0.0983081  
0.429221  -0.0965374  
0.419404  -0.0995089  
0.377102  -0.10745  
0.38068  -0.103136  
0.372585  -0.0957157  
0.393019  -0.0946796  
0.446873  -0.0997477  
0.42825  -0.101683  
0.508178  -0.0953012  
0.495903  -0.0851411  
0.494878  -0.0695588  
0.495407  -0.0706665  
0.483878  -0.0530616  
0.512549  -0.0489245  
0.498784  -0.0470869  
0.508355  -0.045057  
0.487167  -0.0372038  
0.496511  -0.0338108  
0.526883  -0.0289564  
0.512784  -0.0312349  
0.539991  -0.0198942  
0.558292  -0.0325721  
0.575787  -0.0354448  
0.59996  -0.0413686  
0.606626  -0.0487823  
0.602583  -0.0511394  
0.599375  -0.0646866  
0.555566  -0.0541721  
0.547744  -0.0512054  
0.525214  -0.0651463  
0.51263  -0.0767584  
0.449078  -0.0860943  
0.456834  -0.0882222  
0.445581  -0.0951757  
0.405532  -0.0986396  
0.382142  -0.0995904  
0.406504  -0.0983881  
0.402799  -0.117449  
0.417575  -0.124616  
0.393052  -0.102545  
0.419409  -0.111629  
0.422273  -0.107594  
0.41629  -0.0917617  
0.397151  -0.0854996  
0.396168  -0.0791431  
0.388607  -0.0788836  
0.377697  -0.0802584  
0.389557  -0.0766933  
0.390835  -0.0775761  
0.411705  -0.0692423  
0.420177  -0.0622045  
0.414188  -0.0563077  
0.424583  -0.0540938  
0.462249  -0.0542307  
0.449013  -0.0450082  
0.522229  -0.0375631  
0.537971  -0.0304882  
0.543431  -0.00899571  
0.551861  -0.00691175  
0.541408  0.0156082  
0.55006  0.0256797  
0.556813  0.0258787  
0.54193  0.0399703  
0.548352  0.0402057  
0.545519  0.06184  
0.523794  0.0648765  
0.530574  0.070097  
0.517954  0.0766495  
0.516187  0.0787742  
0.510543  0.0836609  
0.573457  0.0794511  
0.571549  0.0797373  
0.62398  0.077323  
0.638372  0.064038  
0.652504  0.0561739  
0.659673  0.0441472  
0.688911  0.0414856  
0.718457  0.0298522  
0.704528  0.0329674  
0.705898  0.0393684  
0.675078  0.0355911  
0.694627  0.0142786  
0.662502  0.0244217  
0.6565  0.0215725  
0.660386  0.00648907  
0.644603  0.00918323  
0.644089  0.0066269  
0.644758  0.00681293  
0.651613  0.00900948  
0.685058  0.00279871  
0.681918  0.00141281  
0.710163  0.0285222  
0.706556  0.0268775  
0.716574  0.0401357  
0.712567  0.0385147  
0.728864  0.0362854  
0.749448  0.0499445  
0.752745  0.0510437  
0.791239  0.0378524  
0.796059  0.0398701  
0.772471  0.0363718  
0.774185  0.0250489  
0.772466  0.018354  
0.771439  0.0242934  
0.780264  0.0255293  
0.811565  0.0331674  
0.796779  0.0379521  
0.808644  0.0337086  
0.829017  0.0333896  
0.818968  0.0414218  
0.820829  0.0457342  
0.826136  0.0446303  
0.880745  0.0526214  
0.874473  0.0508325  
0.890957  0.0585406  
0.894485  0.0626047  
0.919439  0.0712426  
0.905787  0.0671859  
0.906027  0.0694764  
0.908095  0.0747742  
0.891346  0.0743978  
0.896645  0.0815819  
0.889809  0.0795912  
0.857852  0.0719934  
0.829186  0.0817649  
0.829463  0.0756977  
0.807946  0.0920827  
0.78452  0.0833894  
0.814165  0.0815707  
0.805163  0.0929403  
0.815331  0.0765898  
0.808891  0.0750107  
0.804011  0.0697075  
0.804433  0.0750138  
0.775234  0.0998937  
0.768708  0.0983768  
0.725316  0.135307  
0.732988  0.140148  
0.734126  0.129751  
0.706728  0.136837  
0.739302  0.149147  
0.73878  0.153119  
0.73216  0.152787  
0.77791  0.163993  
0.793014  0.146813  
0.853145  0.144609  
0.848518  0.147148  
0.852664  0.139167  
0.85502  0.141961  
0.817126  0.147679  
0.815627  0.152838  
0.81346  0.147905  
0.792171  0.135684  
0.7849  0.13396  
0.771959  0.117699  
0.775288  0.120669  
0.768668  0.113297  
0.761804  0.111737  
0.750363  0.110813  
0.762366  0.10201  
0.764426  0.095603  
0.779137  0.0980049  
0.779297  0.0980833  
0.779599  0.0994304  
0.797312  0.0905791  
0.823363  0.119098  
0.833945  0.107965  
0.826012  0.11686  
0.867377  0.12596  
0.860326  0.131731  
0.877717  0.144524  
0.848978  0.157175  
0.833949  0.158949  
0.847885  0.1722  
0.838708  0.18673  
0.838871  0.18678  
0.804412  0.202595  
0.804863  0.193274  
0.783683  0.201988  
0.776087  0.199466  
0.791169  0.198092  
0.811457  0.208847  
0.830269  0.209954  
0.866245  0.1987  
0.854256  0.206607  
0.858113  0.209767  
0.872601  0.190755  
0.883114  0.197402  
0.879871  0.19323  
0.882799  0.208343  
0.897924  0.209376  
0.86166  0.219302  
0.858989  0.218209  
0.847529  0.218644  
0.746762  0.231977  
0.749626  0.234466  
0.746419  0.238272  
0.71091  0.247004  
0.707236  0.248605  
0.725112  0.222059  
0.706268  0.216809  
0.692609  0.215027  
0.685688  0.212574  
0.700209  0.211371  
0.704935  0.229393  
0.753217  0.228357  
0.716153  0.239764  
0.744149  0.237579  
0.784175  0.231826  
0.778163  0.2471  
0.793655  0.249817  
0.809285  0.259744  
0.826856  0.26507  
0.873472  0.276423  
0.880489  0.277912  
0.880478  0.279411  
0.86955  0.280269  
0.912903  0.293631  
0.930399  0.310154  
0.930445  0.313492  
0.942193  0.317062  
0.942117  0.318961  
0.956448  0.302669  
0.965248  0.275972  
0.982999  0.280957  
0.983065  0.280993  
0.990483  0.261554  
0.987691  0.261375  
0.95741  0.248435  
0.94952  0.230311  
0.924091  0.226863  
0.910647  0.236166  
0.918252  0.236213  
0.898898  0.230569  
0.893196  0.231778  
0.888307  0.225174  
0.866596  0.230632  
0.872629  0.229176  
0.887587  0.230245  
0.874024  0.24073  
0.878072  0.237003  
0.896737  0.228149  
0.906882  0.222412  
0.897246  0.222033  
0.903893  0.219351  
0.86758  0.210128  
0.871807  0.206623  
0.852965  0.22361  
0.874955  0.225856  
0.857203  0.235957  
0.842628  0.235231  
0.817653  0.249642  
0.80696  0.247284  
0.802071  0.239619  
0.78728  0.253234  
0.827667  0.258058  
0.829453  0.269747  
0.835516  0.267639  
0.846918  0.280622  
0.83373  0.291991  
0.82308  0.294592  
0.819687  0.304312  
0.844818  0.31566  
0.890828  0.32819  
0.889519  0.33693  
0.928565  0.353611  
0.928094  0.355741  
0.953662  0.370108  
0.94188  0.366349  
0.982872  0.389518  
0.987105  0.389235  
0.978454  0.389499  
0.984018  0.392003  
0.981914  0.398622  
1.00479  0.401554  
0.994887  0.401062  
1.01693  0.385949  
1.00406  0.381968  
0.99273  0.362801  
0.998096  0.353433  
0.988177  0.345277  
0.969858  0.34973  
0.969545  0.345057  
0.92738  0.313357  
0.931015  0.314626  
0.904774  0.293491  
0.902235  0.281324  
0.890491  0.275305  
0.882795  0.277092  
0.893394  0.258439  
0.887761  0.256867  
0.899813  0.255197  
0.930941  0.271835  
0.932576  0.26814  
0.924076  0.271311  
0.912492  0.268602  
0.917719  0.275959  
0.90616  0.273225  
0.913646  0.269912  
0.880393  0.28689  
0.880325  0.282493  
0.835742  0.289405  
0.830112  0.28795  
0.818679  0.278472  
0.799386  0.288288  
0.812029  0.287546  
0.809958  0.289673  
0.803967  0.2885  
0.796272  0.286832  
0.811623  0.295835  
0.816426  0.297229  
0.843954  0.304746  
0.844662  0.301573  
0.918038  0.325585  
0.918028  0.321841  
0.948847  0.332601  
0.940234  0.340615  
0.960757  0.349251  
0.947553  0.34593  
0.934092  0.367649  
0.945398  0.374205  
0.941364  0.369279  
0.925017  0.370211  
0.906195  0.369365  
0.865845  0.353872  
0.868845  0.351182  
0.820387  0.34022  
0.812332  0.342204  
0.78157  0.318586  
0.778174  0.323382  
0.765133  0.315259  
0.744221  0.284706  
0.72463  0.267663  
0.72937  0.269934  
0.715076  0.263485  
0.714442  0.263352  
0.732631  0.267147  
0.733286  0.260017  
0.722641  0.250493  
0.738119  0.248209  
0.754276  0.252098  
0.759151  0.241718  
0.751407  0.239807  
0.729691  0.232875  
0.749925  0.226875  
0.737611  0.219936  
0.758397  0.203293  
0.729014  0.199742  
0.745843  0.208565  
0.750968  0.204561  
0.735878  0.208065  
0.744395  0.212778  
0.752628  0.228711  
0.757811  0.230718  
0.735977  0.250236  
0.741159  0.252092  
0.746941  0.289243  
0.751964  0.295065  
0.755537  0.297989  
0.757373  0.322132  
0.76159  0.32352  
0.781127  0.350441  
0.781047  0.346698  
0.794687  0.347671  
0.792277  0.351969  
0.812086  0.354895  
0.821903  0.356852  
0.815412  0.346643  
0.814774  0.342982  
0.80648  0.35355  
0.805727  0.349866  
0.771751  0.361  
0.748986  0.350133  
0.741166  0.352172  
0.694909  0.363736  
0.709827  0.372452  
0.68388  0.382995  
0.687429  0.384338  
0.683311  0.380737  
0.691032  0.378036  
0.684234  0.37987  
0.704818  0.380554  
0.708716  0.38986  
0.715448  0.384042  
0.739814  0.368344  
0.71326  0.356006  
0.716925  0.35742  
0.707364  0.352474  
0.714025  0.353339  
0.707905  0.357045  
0.692205  0.35622  
0.673535  0.345347  
0.674145  0.341812  
0.666444  0.347312  
0.642825  0.357106  
0.642089  0.356878  
0.644116  0.382843  
0.644179  0.383796  
0.632898  0.384379  
0.647311  0.395134  
0.658666  0.402563  
0.65485  0.397465  
0.697199  0.416868  
0.685828  0.413138  
0.726294  0.423954  
0.714753  0.420164  
0.725714  0.419558  
0.746867  0.426551  
0.73589  0.422986  
0.729241  0.424753  
0.720697  0.421572  
0.698592  0.42611  
0.701599  0.422364  
0.700913  0.427583  
0.705893  0.439332  
0.695565  0.435737  
0.686436  0.419676  
0.701539  0.423153  
0.67074  0.411622  
0.683009  0.409524  
0.681017  0.420328  
0.699426  0.428855  
0.689138  0.425315  
0.683484  0.416  
0.683088  0.418437  
0.690308  0.421509  
0.693889  0.422096  
0.678016  0.423787  
0.68457  0.427721  
0.695456  0.443306  
0.691044  0.430121  
0.682456  0.448179  
0.685657  0.443829  
0.67473  0.444439  
0.64099  0.452291  
0.634089  0.448782  
0.63388  0.446735  
0.644492  0.446042  
0.652501  0.448664  
0.644829  0.430891  
0.649425  0.44426  
0.64354  0.423757  
0.628403  0.423779  
0.636654  0.420591  
0.646205  0.410732  
0.642112  0.413983  
0.649554  0.411696  
0.652992  0.416568  
0.668713  0.424576  
0.661036  0.437345  
0.662731  0.435515  
0.690019  0.446835  
0.705333  0.449653  
0.748102  0.479148  
0.752989  0.477712  
0.782158  0.500144  
0.760106  0.508481  
0.791622  0.526815  
0.779067  0.521786  
0.783858  0.539902  
0.790001  0.543388  
0.777542  0.543896  
0.749044  0.532493  
0.754589  0.539367  
0.75614  0.536702  
0.763894  0.536727  
0.755949  0.53663  
0.743498  0.521056  
0.73576  0.521141  
0.748277  0.50415  
0.758855  0.506467  
0.760278  0.485768  
0.748125  0.481178  
0.75087  0.473743  
0.73982  0.462916  
0.739595  0.462839  
0.737087  0.453621  
0.737015  0.453608  
0.736427  0.454976  
0.728497  0.455488  
0.733979  0.460009  
0.722161  0.466524  
0.732006  0.470004  
0.725617  0.473677  
0.728226  0.481402  
0.717104  0.482042  
0.737628  0.492363  
0.732465  0.492796  
0.736505  0.495403  
0.738096  0.498522  
0.742469  0.497955  
0.747782  0.498512  
0.750581  0.502129  
0.766349  0.514833  
0.770637  0.522075  
0.777331  0.530355  
0.763249  0.541909  
0.781636  0.548015  
0.78767  0.550613  
0.786709  0.549254  
0.810512  0.563641  
0.799426  0.562672  
0.775892  0.544437  
0.777497  0.54347  
0.767731  0.538624  
0.769379  0.537733  
0.755452  0.546382  
0.743378  0.538364  
0.736524  0.535798  
0.736476  0.535774  
0.725834  0.536408  
0.747732  0.537722  
0.744162  0.53278  
0.750301  0.541462  
0.754964  0.547798  
0.74264  0.542614  
0.742557  0.542582  
0.739846  0.55135  
0.729536  0.545282  
0.730784  0.544242  
0.71302  0.524876  
0.712902  0.517728  
0.699222  0.50758  
0.691142  0.507857  
0.673585  0.492482  
0.672648  0.487732  
0.630276  0.474491  
0.632766  0.469549  
0.622112  0.465328  
0.584853  0.449344  
0.584971  0.444692  
0.572152  0.433457  
0.565928  0.430097  
0.564833  0.438985  
0.571962  0.429065  
0.555521  0.420597  
0.556157  0.416242  
0.575554  0.450621  
0.586503  0.454349  
0.603033  0.482199  
0.607941  0.49085  
0.623342  0.5038  
0.642977  0.537726  
0.656332  0.54094  
0.686931  0.575899  
0.688858  0.577575  
0.675162  0.571582  
0.689487  0.581796  
0.690932  0.580692  
0.685904  0.593446  
0.691595  0.595602  
0.687456  0.573542  
0.685488  0.567492  
0.654586  0.540782  
0.654612  0.534181  
0.620752  0.504187  
0.611348  0.499951  
0.589733  0.492473  
0.545359  0.453421  
0.538095  0.454832  
0.514053  0.442725  
0.5109  0.440237  
0.496314  0.427083  
0.499945  0.427817  
0.482782  0.428593  
0.477129  0.425979  
0.503997  0.437032  
0.503977  0.432635  
0.509637  0.447071  
0.545587  0.452541  
0.548604  0.452957  
0.564  0.442221  
0.566976  0.442619  
0.567099  0.440288  
0.584112  0.437623  
0.59139  0.444017  
0.591907  0.438475  
0.594676  0.43867  
0.563486  0.421031  
0.563656  0.416692  
0.527087  0.409553  
0.528068  0.412277  
0.523325  0.411313  
0.524372  0.41183  
0.504249  0.420996  
0.500439  0.420602  
0.480196  0.429354  
0.474185  0.430551  
0.499514  0.442916  
0.510015  0.461043  
0.503627  0.461963  
0.547329  0.495646  
0.546856  0.490472  
0.549998  0.495322  
0.600843  0.518484  
0.610468  0.517568  
0.620987  0.505727  
0.640939  0.511444  
0.622564  0.506691  
0.634038  0.512478  
0.656599  0.520061  
0.640973  0.514584  
0.636083  0.512892  
0.604444  0.490318  
0.607178  0.489333  
0.561298  0.480498  
0.555671  0.484372  
0.542933  0.475838  
0.526647  0.468091  
0.493704  0.46152  
0.468408  0.444668  
0.464253  0.443982  
0.474041  0.438467  
0.477798  0.438714  
0.483126  0.432649  
0.505613  0.448007  
0.508826  0.44807  
0.558279  0.461136  
0.551239  0.461759  
0.550073  0.453254  
0.557493  0.456929  
0.562233  0.456928  
0.565311  0.456698  
0.562003  0.465332  
0.568539  0.470263  
0.522448  0.450334  
0.515834  0.450943  
0.497471  0.455973  
0.494637  0.456507  
0.51796  0.471718  
0.485092  0.465172  
0.478889  0.465694  
0.518018  0.47503  
0.514792  0.474909  
0.530712  0.464448  
0.577635  0.488961  
0.641596  0.53841  
0.643459  0.537129  
0.637588  0.539823  
0.673975  0.572773  
0.675258  0.571145  
0.700174  0.605953  
0.713554  0.612472  
0.741853  0.631643  
0.742947  0.645531  
0.729298  0.641178  
0.721903  0.637314  
0.702161  0.616232  
0.693029  0.615037  
0.688279  0.60016  
0.669003  0.577177  
0.672589  0.566208  
0.672659  0.555812  
0.607911  0.512791  
0.612879  0.508705  
0.604103  0.495624  
0.604529  0.4906  
0.603784  0.476875  
0.606793  0.475351  
0.613974  0.467045  
0.623755  0.473035  
0.623102  0.46733  
0.627811  0.460475  
0.620712  0.451011  
0.62773  0.455056  
0.626843  0.454646  
0.628769  0.453533  
0.624165  0.451019  
0.616738  0.451288  
0.612929  0.434574  
0.615033  0.434281  
0.592149  0.425663  
0.583308  0.430912  
0.628909  0.445732  
0.619072  0.45292  
0.639057  0.453584  
0.638101  0.448884  
0.634823  0.439398  
0.709434  0.476112  
0.712379  0.472568  
0.760158  0.497525  
0.775997  0.501749  
0.84992  0.542401  
0.838148  0.540043  
0.857457  0.549042  
0.863946  0.556417  
0.873722  0.571752  
0.871604  0.574062  
0.870276  0.572105  
0.891987  0.591235  
0.888819  0.586964  
0.864326  0.579409  
0.839886  0.561385  
0.809794  0.547503  
0.803999  0.534865  
0.738333  0.490954  
0.729962  0.479012  
0.696373  0.447093  
0.686901  0.447421  
0.64846  0.42235  
0.63488  0.410217  
0.563355  0.353536  
0.565437  0.354239  
0.544762  0.334751  
0.547039  0.335674  
0.530653  0.322291  
0.571001  0.327753  
0.562323  0.32388  
0.569172  0.32159  
0.568022  0.32128  
0.577148  0.322293  
0.588234  0.318435  
0.588157  0.318945  
0.58775  0.31876  
0.575292  0.305655  
0.569045  0.301202  
0.550899  0.288283  
0.547687  0.278962  
0.536904  0.279573  
0.540035  0.274254  
0.531811  0.273419  
0.532859  0.271875  
0.555162  0.284292  
0.547677  0.284054  
0.585945  0.29834  
0.637943  0.334493  
0.631736  0.335259  
0.665276  0.361196  
0.672374  0.363967  
0.723664  0.397871  
0.713663  0.398381  
0.728756  0.426666  
0.729138  0.425565  
0.730416  0.426844  
0.736923  0.424493  
0.737127  0.42387  
0.737636  0.432733  
0.737707  0.43204  
0.73508  0.428827  
0.727387  0.441025  
0.720481  0.426747  
0.71774  0.42167  
0.704807  0.429011  
0.702157  0.423841  
0.698134  0.430337  
0.698282  0.429811  
0.698017  0.429692  
0.715596  0.446447  
0.712522  0.441177  
0.73745  0.424763  
0.740544  0.433581  
0.760212  0.416437  
0.770937  0.413636  
0.776544  0.426674  
0.791079  0.421923  
0.791246  0.427623  
0.793714  0.426778  
0.767979  0.407068  
0.770765  0.411504  
0.750343  0.399501  
0.760656  0.398141  
0.749917  0.398795  
0.770857  0.402668  
0.770611  0.40205  
0.766372  0.394044  
0.76583  0.392081  
0.784588  0.396377  
0.808783  0.403686  
0.825395  0.416935  
0.827581  0.41353  
0.863594  0.433273  
0.862398  0.432142  
0.912674  0.455166  
0.925768  0.462741  
0.958284  0.465905  
0.975135  0.475185  
0.972117  0.498238  
0.971095  0.502342  
0.984591  0.510381  
0.974881  0.552674  
0.971945  0.55021  
0.960866  0.580263  
0.968033  0.583431  
0.959982  0.581804  
0.941241  0.582759  
0.957325  0.585339  
0.954968  0.56553  
0.948245  0.559208  
0.941309  0.547188  
0.958071  0.525432  
0.943102  0.517686  
0.955195  0.50381  
0.952712  0.501916  
0.956496  0.500945  
0.948692  0.502655  
0.910277  0.477873  
0.908042  0.476159  
0.901972  0.47289  
0.893091  0.461956  
0.896201  0.446754  
0.905115  0.44911  
0.875079  0.416048  
0.873488  0.414856  
0.845701  0.398964  
0.851827  0.390373  
0.851484  0.390236  
0.887666  0.398854  
0.884653  0.396642  
0.899069  0.394992  
0.897512  0.393833  
0.937125  0.409695  
0.955387  0.407936  
0.961459  0.412006  
0.986289  0.431017  
1.01299  0.44281  
1.05975  0.46815  
1.05098  0.469439  
1.06105  0.479983  
1.09725  0.505477  
1.13614  0.546863  
1.14102  0.548787  
1.15977  0.564586  
1.18358  0.582038  
1.18735  0.583048  
1.20864  0.611583  
1.20311  0.607774  
1.20185  0.609974  
1.2091  0.648702  
1.21163  0.64859  
1.18469  0.664749  
1.17852  0.660129  
1.16549  0.648208  
1.14969  0.645063  
1.14773  0.641937  
1.14251  0.637976  
1.15046  0.635314  
1.15868  0.605707  
1.15356  0.602028  
1.1348  0.592674  
1.1446  0.568879  
1.14776  0.558713  
1.12044  0.535448  
1.14589  0.542605  
1.12887  0.530393  
1.09854  0.523556  
1.09364  0.5258  
1.0384  0.496443  
1.0492  0.502032  
1.00571  0.47751  
1.03214  0.481385  
0.991761  0.465985  
1.01474  0.469038  
1.01878  0.457057  
1.00736  0.456443  
1.04542  0.457508  
1.02766  0.447286  
1.03546  0.450738  
1.03546  0.450738  
1.03701  0.453379  
1.04515  0.456308  
1.04498  0.45625  
1.02236  0.455959  
1.01715  0.449687  
1.00825  0.452762  
0.991307  0.447493  
0.965216  0.437138  
0.951877  0.435292  
0.934226  0.421589  
0.921116  0.420493  
0.877127  0.399918  
0.882058  0.40407  
0.858327  0.386238  
0.859211  0.381706  
0.816611  0.365539  
0.811685  0.36589  
0.794477  0.354005  
0.773784  0.350309  
0.773645  0.350271  
0.747071  0.344212  
0.740112  0.348665  
0.7259  0.337012  
0.728437  0.349427  
0.72192  0.356436  
0.707915  0.357625  
0.738035  0.347929  
0.752357  0.359153  
0.774833  0.364761  
0.761548  0.36288  
0.76502  0.370354  
0.777318  0.372762  
0.779466  0.376605  
0.740772  0.366308  
0.741152  0.364887  
0.715434  0.364174  
0.721944  0.368495  
0.712311  0.364554  
0.707105  0.360999  
0.663662  0.342387  
0.651515  0.338297  
0.606067  0.316066  
0.611191  0.319097  
0.624214  0.296359  
0.594745  0.285769  
0.585848  0.286069  
0.552806  0.254504  
0.544549  0.255079  
0.52646  0.244441  
0.529887  0.244045  
0.528592  0.247994  
0.506109  0.244792  
0.509628  0.244349  
0.492535  0.256922  
0.480921  0.250557  
0.496965  0.268214  
0.487726  0.268619  
0.466266  0.260689  
0.442542  0.262931  
0.446661  0.265808  
0.440457  0.266017  
0.419855  0.262519  
0.412939  0.262972  
0.392303  0.260961  
0.395029  0.256721  
0.322497  0.222705  
0.318502  0.226305  
0.318191  0.226197  
0.292141  0.215235  
0.254403  0.207536  
0.260701  0.207623  
0.235788  0.202633  
0.231441  0.204842  
0.230854  0.208181  
0.233065  0.21819  
0.255007  0.225617  
0.245731  0.229463  
0.243831  0.232094  
0.258319  0.239369  
0.246275  0.250843  
0.251757  0.249437  
0.243974  0.253135  
0.219731  0.240796  
0.217389  0.238472  
0.135552  0.204345  
0.143397  0.204373  
0.128173  0.19561  
0.0798415  0.17961  
0.0806155  0.168679  
0.0112396  0.143102  
0.020744  0.1437  
-0.0102692  0.123229  
-0.0271469  0.117822  
-0.0335993  0.110276  
-0.0364744  0.114022  
-0.0397762  0.107877  
-0.0658327  0.1058  
-0.0696295  0.104984  
-0.0911165  0.0984802  
-0.10716  0.0933186  
-0.139012  0.07576  
-0.142482  0.0800446  
-0.196247  0.0681007  
-0.212645  0.0637488  
-0.210111  0.0701982  
-0.224322  0.0678345  
-0.234656  0.0551168  
-0.231107  0.0680174  
-0.242921  0.0556294  
-0.238694  0.0693671  
-0.241441  0.0633543  
-0.238054  0.0709426  
-0.235434  0.0767928  
-0.253024  0.0653514  
-0.255636  0.0593547  
-0.287218  0.0463961  
-0.285742  0.0489916  
-0.316909  0.0366898  
-0.301356  0.0436639  
-0.315703  0.041105  
-0.349506  0.0393887  
-0.373211  0.0262719  
-0.41557  0.0215737  
-0.418578  0.016772  
-0.437517  0.010778  
-0.432659  0.0172707  
-0.496583  0.00310261  
-0.517998  -0.00162707  
-0.536048  -0.00601858  
-0.641851  -0.0489168  
-0.651865  -0.0525043  
-0.713542  -0.0605498  
-0.739913  -0.0767418  
-0.779113  -0.07527  
-0.78442  -0.0829147  
-0.785998  -0.0769391  
-0.825871  -0.0884105  
-0.825942  -0.0873851  
-0.806483  -0.0873635  
-0.827421  -0.0887763  
-0.826929  -0.0880309  
-0.814253  -0.10184  
-0.822252  -0.104679  
-0.835064  -0.100015  
-0.866415  -0.113872  
-0.869543  -0.107778  
-0.867366  -0.103078  
-0.868035  -0.104236  
-0.899803  -0.11471  
-0.907069  -0.117578  
-0.888366  -0.101555  
-0.899777  -0.103233  
-0.959545  -0.120016  
-0.966493  -0.123565  
-0.994833  -0.136362  
-0.991489  -0.134389  
-1.00802  -0.140499  
-1.05904  -0.156654  
-1.05453  -0.154844  
-1.09929  -0.168359  
-1.08572  -0.171336  
-1.09271  -0.174484  
-1.05851  -0.170569  
-1.05463  -0.167295  
-1.04926  -0.175729  
-1.03488  -0.171331  
-0.996823  -0.167124  
-1.00318  -0.169376  
-0.997282  -0.167002  
-0.932673  -0.152632  
-0.928394  -0.156459  
-0.932558  -0.158111  
-0.931777  -0.154391  
-0.906502  -0.128263  
-0.902786  -0.132429  
-0.927245  -0.13985  
-0.919054  -0.136265  
-0.933731  -0.13727  
-0.925913  -0.132949  
-0.963552  -0.134301  
-0.970775  -0.137082  
-0.964513  -0.130229  
-0.98491  -0.128688  
-0.957089  -0.12826  
-0.932425  -0.114383  
-0.931245  -0.113531  
-0.934208  -0.116042  
-0.961124  -0.129591  
-0.941587  -0.122362  
-0.984235  -0.137859  
-1.00665  -0.146207  
-1.01209  -0.142623  
-1.03851  -0.161742  
-1.03049  -0.164068  
-1.02718  -0.16499  
-1.03349  -0.167333  
-1.07237  -0.178239  
-1.04731  -0.16683  
-1.03763  -0.16536  
-1.06733  -0.16817  
-1.06769  -0.168265  
-1.06988  -0.169218  
-1.08388  -0.168326  
-1.06728  -0.161376  
-1.08195  -0.157894  
-1.0771  -0.152943  
-1.07856  -0.156722  
-1.08494  -0.159303  
-1.00932  -0.140572  
-1.01658  -0.143352  
-0.963939  -0.134481  
-0.971877  -0.135128  
-0.970187  -0.137888  
-0.985374  -0.141343  
-0.963062  -0.144607  
-0.948601  -0.146342  
-0.95422  -0.145866  
-0.922917  -0.136979  
-0.930108  -0.142879  
-0.938945  -0.14085  
-0.947459  -0.143717  
-0.889636  -0.124319  
-0.898866  -0.127454  
-0.915587  -0.124656  
-0.924699  -0.127863  
-0.944084  -0.135471  
-0.933608  -0.130145  
-0.946261  -0.128841  
-0.954918  -0.138237  
-0.951742  -0.142759  
-0.941087  -0.138672  
-0.972651  -0.1496  
-0.964776  -0.14597  
-0.95166  -0.149937  
-0.922105  -0.145112  
-0.921241  -0.141458  
-0.974064  -0.163685  
-0.96497  -0.170311  
-0.972043  -0.17085  
-0.982362  -0.179111  
-1.01459  -0.191931  
-1.00215  -0.188677  
-0.954614  -0.180426  
-0.963589  -0.182873  
-0.913317  -0.158745  
-0.906116  -0.155144  
-0.823016  -0.13382  
-0.78106  -0.119372  
-0.780252  -0.121675  
-0.748639  -0.102508  
-0.763327  -0.101218  
-0.764259  -0.104837  
-0.777256  -0.103252  
-0.825594  -0.107386  
-0.824063  -0.109316  
-0.908  -0.128178  
-0.922441  -0.133619  
-0.936086  -0.130727  
-0.9225  -0.125308  
-0.920869  -0.129874  
-0.957386  -0.137976  
-0.971948  -0.144718  
-0.954446  -0.139975  
-0.963438  -0.140662  
-0.962817  -0.140094  
-0.964028  -0.143976  
-0.935928  -0.142315  
-0.906311  -0.126344  
-0.891058  -0.130511  
-0.879365  -0.122609  
-0.74695  -0.0802723  
-0.728807  -0.0817425  
-0.751028  -0.0789002  
-0.741664  -0.0751796  
-0.727398  -0.0742582  
-0.7229  -0.0718529  
-0.74956  -0.0699342  
-0.831862  -0.0873151  
-0.835582  -0.0883237  
-0.947083  -0.0977102  
-0.928025  -0.0969014  
-0.965915  -0.0998318  
-0.975716  -0.100226  
-0.899724  -0.0740207  
-0.910628  -0.0778297  
-0.902577  -0.0632971  
-0.900084  -0.0647856  
-0.830552  -0.0465426  
-0.830605  -0.0458201  
-0.801652  -0.0418712  
-0.785933  -0.032953  
-0.801222  -0.032838  
-0.794984  -0.0301649  
-0.793119  -0.023918  
-0.806363  -0.0336846  
-0.806529  -0.0226496  
-0.797611  -0.0214539  
-0.799289  -0.0115079  
-0.800431  -0.00984911  
-0.815852  -0.0106751  
-0.840841  -0.0144024  
-0.841143  -0.0248889  
-0.854825  -0.0203099  
-0.862094  -0.0285414  
-0.875912  -0.03178  
-0.887748  -0.0330515  
-0.860809  -0.0181612  
-0.872906  -0.022678  
-0.872593  -0.0142702  
-0.872602  -0.0150009  
-0.855744  -0.00600006  
-0.802988  0.0180413  
-0.78725  0.0169328  
-0.781965  0.0220913  
-0.778957  0.0188731  
-0.781954  0.0206248  
-0.780837  0.0213426  
-0.76941  0.0240564  
-0.788852  0.0304593  
-0.78451  0.0341957  
-0.823266  0.0338114  
-0.806746  0.0352422  
-0.807097  0.0468776  
-0.814281  0.0411823  
-0.782493  0.0628428  
-0.770124  0.0711548  
-0.759487  0.0732916  
-0.752797  0.0776706  
-0.762691  0.08183  
-0.744595  0.0925471  
-0.755524  0.0895008  
-0.732895  0.096011  
-0.721211  0.109535  
-0.698829  0.118554  
-0.725389  0.123969  
-0.722273  0.126486  
-0.730998  0.130638  
-0.72794  0.132872  
-0.731473  0.139702  
-0.728413  0.141798  
-0.719739  0.146391  
-0.741508  0.149189  
-0.786288  0.139954  
-0.787618  0.142391  
-0.798922  0.149123  
-0.799943  0.153668  
-0.771225  0.15541  
-0.769071  0.160916  
-0.7451  0.165742  
-0.73983  0.172489  
-0.722289  0.177892  
-0.682779  0.194736  
-0.67865  0.197491  
-0.626882  0.21447  
-0.625579  0.215577  
-0.561786  0.245867  
-0.566119  0.245358  
-0.575126  0.254457  
-0.62218  0.269933  
-0.606099  0.276903  
-0.631856  0.291808  
-0.634819  0.2924  
-0.724989  0.298084  
-0.725792  0.298907  
-0.732297  0.306074  
-0.729976  0.306078  
-0.746322  0.298972  
-0.786337  0.297344  
-0.783343  0.297381  
-0.756044  0.300563  
-0.760381  0.305164  
-0.758712  0.306837  
-0.756073  0.306675  
-0.795091  0.303982  
-0.792054  0.303782  
-0.768962  0.308118  
-0.766309  0.307907  
-0.79761  0.309071  
-0.831191  0.304452  
-0.843204  0.302543  
-0.859111  0.290742  
-0.860307  0.291073  
-0.859056  0.284418  
-0.862377  0.28407  
-0.867652  0.273126  
-0.861322  0.276695  
-0.881457  0.270626  
-0.839599  0.274076  
-0.841559  0.273123  
-0.808612  0.274993  
-0.828657  0.281421  
-0.822784  0.296146  
-0.820805  0.299273  
-0.77998  0.309495  
-0.778582  0.312468  
-0.811475  0.327509  
-0.827927  0.325665  
-0.829363  0.329146  
-0.863126  0.31613  
-0.860867  0.318985  
-0.841685  0.31765  
-0.824364  0.313473  
-0.816399  0.310516  
-0.82694  0.299637  
-0.829891  0.292088  
-0.798361  0.290215  
-0.744678  0.281179  
-0.750014  0.275041  
-0.679768  0.294684  
-0.678896  0.294479  
-0.677445  0.30005  
-0.688112  0.300083  
-0.67711  0.300662  
-0.690571  0.301333  
-0.705282  0.29039  
-0.724863  0.289933  
-0.72678  0.290219  
-0.743051  0.290651  
-0.744462  0.288942  
-0.75998  0.284898  
-0.759001  0.273235  
-0.773584  0.262154  
-0.760581  0.262537  
-0.746571  0.26206  
-0.715734  0.262942  
-0.703627  0.259964  
-0.686473  0.252645  
-0.649373  0.249403  
-0.674232  0.23417  
-0.674389  0.23419  
-0.729772  0.219728  
-0.730584  0.220934  
-0.766114  0.202806  
-0.753448  0.203812  
-0.78655  0.190658  
-0.787535  0.186382  
-0.814681  0.179967  
-0.829253  0.18699  
-0.797657  0.183541  
-0.813925  0.18101  
-0.821627  0.185866  
-0.812479  0.185553  
-0.809926  0.178744  
-0.811633  0.175263  
-0.809639  0.17628  
-0.826648  0.161735  
-0.85081  0.162742  
-0.863052  0.154917  
-0.865835  0.157492  
-0.845508  0.146225  
-0.841031  0.149127  
-0.827362  0.13988  
-0.756354  0.132152  
-0.742607  0.130363  
-0.719202  0.124712  
-0.699356  0.128622  
-0.623805  0.127242  
-0.642415  0.125478  
-0.598071  0.127948  
-0.598925  0.129531  
-0.609827  0.115751  
-0.607772  0.121209  
-0.622981  0.109352  
-0.638501  0.100866  
-0.615753  0.0933653  
-0.616444  0.0953006  
-0.578622  0.0922562  
-0.569064  0.0889013  
-0.586413  0.0868759  
-0.571814  0.0774132  
-0.543798  0.0783188  
-0.547309  0.0796478  
-0.536602  0.072199  
-0.549628  0.0665719  
-0.565171  0.0577503  
-0.566695  0.0601238  
-0.598772  0.0624956  
-0.664987  0.0510704  
-0.68521  0.0540577  
-0.746516  0.0348856  
-0.74606  0.037617  
-0.749982  0.0232239  
-0.754811  0.0221215  
-0.731047  0.0186453  
-0.718979  -0.00186151  
-0.724077  -0.00528235  
-0.654667  -0.0320575  
-0.640829  -0.0360195  
-0.597646  -0.0438233  
-0.604403  -0.046998  
-0.585837  -0.0475381  
-0.587894  -0.0459504  
-0.593469  -0.0483265  
-0.654952  -0.0578642  
-0.660975  -0.0606106  
-0.668671  -0.0675992  
-0.687155  -0.0685729  
-0.697472  -0.0768615  
-0.676263  -0.0782826  
-0.67476  -0.0826997  
-0.671853  -0.0885217  
-0.662917  -0.0895827  
-0.609603  -0.0964703  
-0.623735  -0.0990043  
-0.549102  -0.0919019  
-0.539318  -0.0914901  
-0.532766  -0.0894465  
-0.529919  -0.0918301  
-0.544406  -0.100872  
-0.568458  -0.096002  
-0.577001  -0.0978624  
-0.598356  -0.0901183  
-0.60547  -0.0969411  
-0.616133  -0.0930707  
-0.637487  -0.110334  
-0.637588  -0.110317  
-0.625925  -0.110812  
-0.622711  -0.122288  
-0.618786  -0.122799  
-0.57011  -0.127666  
-0.53827  -0.127182  
-0.517586  -0.138633  
-0.521565  -0.133791  
-0.536772  -0.140775  
-0.52593  -0.143471  
-0.519354  -0.146328  
-0.503352  -0.152102  
-0.526488  -0.153289  
-0.493128  -0.154108  
-0.48493  -0.153172  
-0.494961  -0.151418  
-0.493037  -0.150535  
-0.45363  -0.150266  
-0.4458  -0.149455  
-0.420666  -0.130834  
-0.421491  -0.135973  
-0.397248  -0.131744  
-0.389832  -0.122718  
-0.401632  -0.126371  
-0.415788  -0.124342  
-0.445603  -0.132877  
-0.450509  -0.132521  
-0.480419  -0.127853  
-0.51001  -0.125859  
-0.479788  -0.12894  
-0.500813  -0.126736  
-0.493611  -0.136605  
-0.475284  -0.139121  
-0.480252  -0.130964  
-0.488719  -0.135188  
-0.452454  -0.113115  
-0.448191  -0.112104  
-0.430955  -0.109656  
-0.463836  -0.107996  
-0.477057  -0.109431  
-0.492831  -0.106571  
-0.541719  -0.0999198  
-0.539253  -0.10382  
-0.564002  -0.101214  
-0.573883  -0.103419  
-0.529433  -0.103984  
-0.556112  -0.106239  
-0.542299  -0.107735  
-0.501102  -0.102813  
-0.502229  -0.103969  
-0.431508  -0.0972945  
-0.439042  -0.10353  
-0.412566  -0.0930172  
-0.383371  -0.106608  
-0.365525  -0.104532  
-0.381226  -0.110499  
-0.406625  -0.112799  
-0.410654  -0.111224  
-0.475696  -0.107895  
-0.468736  -0.107946  
-0.451495  -0.112478  
-0.42533  -0.117628  
-0.462226  -0.120961  
-0.452821  -0.125262  
-0.443422  -0.123172  
-0.400695  -0.105308  
-0.389937  -0.111164  
-0.362489  -0.107188  
-0.352306  -0.101515  
-0.354292  -0.0975814  
-0.360965  -0.0890424  
-0.402369  -0.0738854  
-0.408303  -0.0768747  
-0.442123  -0.0572453  
-0.500302  -0.0620899  
-0.493605  -0.0628178  
-0.475453  -0.0710587  
-0.482036  -0.0667322  
-0.488087  -0.0668431  
-0.492632  -0.0695737  
-0.462989  -0.0924178  
-0.463939  -0.0882588  
-0.456037  -0.0915651  
-0.390078  -0.103548  
-0.392731  -0.0993022  
-0.396532  -0.0909912  
-0.386662  -0.0923304  
-0.380572  -0.0890033  
-0.419735  -0.0794041  
-0.407965  -0.0772213  
-0.411721  -0.0726261  
-0.449712  -0.0507017  
-0.455781  -0.0542534  
-0.461424  -0.0413306  
-0.454112  -0.045471  
-0.454551  -0.0452932  
-0.446472  -0.051182  
-0.441279  -0.0523158  
-0.389433  -0.0626903  
-0.396986  -0.0586062  
-0.323359  -0.0698105  
-0.334648  -0.0656211  
-0.304626  -0.071809  
-0.29867  -0.0774684  
-0.281869  -0.0681133  
-0.278689  -0.0691645  
-0.288342  -0.0617443  
-0.285219  -0.0628619  
-0.292078  -0.0762222  
-0.350257  -0.0725015  
-0.359148  -0.0678515  
-0.361535  -0.0593911  
-0.382626  -0.0570888  
-0.419507  -0.0581491  
-0.427747  -0.053597  
-0.433523  -0.0516279  
-0.44227  -0.0498815  
-0.385841  -0.0631747  
-0.381223  -0.0651568  
-0.32408  -0.0642886  
-0.304483  -0.0714784  
-0.289549  -0.0671843  
-0.286419  -0.0687704  
-0.247297  -0.0654432  
-0.227695  -0.04261  
-0.227083  -0.0274621  
-0.240228  -0.02108  
-0.257247  -0.00976176  
-0.291568  0.00407709  
-0.288812  0.00174441  
-0.307982  0.0376134  
-0.302359  0.0322022  
-0.308228  0.045116  
-0.332899  0.0505218  
-0.346714  0.0513283  
-0.340493  0.0553783  
-0.34232  0.0503712  
-0.316849  0.0555474  
-0.311154  0.0706877  
-0.32418  0.0772639  
-0.289378  0.0644005  
-0.309952  0.0744938  
-0.291231  0.08233  
-0.310793  0.0897978  
-0.296207  0.102846  
-0.325093  0.108959  
-0.32998  0.123951  
-0.346431  0.156434  
-0.343569  0.152277  
-0.327333  0.164896  
-0.334913  0.162901  
-0.356496  0.194356  
-0.348125  0.192113  
-0.349852  0.191999  
-0.345985  0.196167  
-0.334458  0.199627  
-0.336468  0.197864  
-0.328815  0.195347  
-0.319386  0.187638  
-0.311085  0.186821  
-0.302177  0.197571  
-0.297507  0.212266  
-0.312655  0.219782  
-0.332973  0.245611  
-0.332616  0.252891  
-0.309803  0.26521  
-0.309506  0.25953  
-0.307283  0.265868  
-0.298731  0.292959  
-0.309203  0.29395  
-0.319547  0.299643  
-0.317586  0.300139  
-0.306368  0.303004  
-0.302839  0.30674  
-0.299234  0.307594  
-0.307148  0.322938  
-0.303404  0.320778  
-0.334728  0.365537  
-0.361374  0.376447  
-0.373551  0.396904  
-0.373395  0.402772  
-0.416289  0.420558  
-0.425281  0.420037  
-0.425713  0.418973  
-0.415055  0.404601  
-0.410127  0.404473  
-0.378413  0.391744  
-0.376062  0.390547  
-0.383378  0.379493  
-0.361361  0.353696  
-0.370614  0.354162  
-0.366627  0.332437  
-0.380044  0.338775  
-0.388669  0.329806  
-0.376556  0.329197  
-0.422065  0.334261  
-0.436933  0.337495  
-0.475409  0.336231  
-0.477622  0.335296  
-0.496896  0.335393  
-0.497231  0.334604  
-0.495515  0.33339  
-0.503448  0.325067  
-0.494533  0.320864  
-0.507932  0.322458  
-0.50823  0.321888  
-0.4883  0.323646  
-0.500654  0.330778  
-0.506009  0.332211  
-0.501375  0.336769  
-0.502334  0.336869  
-0.505289  0.343513  
-0.491074  0.352487  
-0.491455  0.346936  
-0.499741  0.352981  
-0.504424  0.361441  
-0.507534  0.366896  
-0.470178  0.351668  
-0.47218  0.356924  
-0.472364  0.357351  
-0.475369  0.370713  
-0.475619  0.371358  
-0.458727  0.362975  
-0.467525  0.371922  
-0.459674  0.365786  
-0.456469  0.365536  
-0.445436  0.363293  
-0.454073  0.372014  
-0.448635  0.367512  
-0.457372  0.369034  
-0.470264  0.376247  
-0.451578  0.371586  
-0.469266  0.397618  
-0.453899  0.389864  
-0.452158  0.403374  
-0.448482  0.395143  
-0.429761  0.408029  
-0.427423  0.412317  
-0.418831  0.420964  
-0.428831  0.418941  
-0.441785  0.435436  
-0.409183  0.425977  
-0.407177  0.424242  
-0.396806  0.429925  
-0.398796  0.428428  
-0.411467  0.432386  
-0.428393  0.448777  
-0.444927  0.459586  
-0.462198  0.473537  
-0.48178  0.477596  
-0.463447  0.472665  
-0.469511  0.474656  
-0.477214  0.478834  
-0.487632  0.48913  
-0.492188  0.487384  
-0.49806  0.486669  
-0.501248  0.483538  
-0.494694  0.482692  
-0.475204  0.454848  
-0.462295  0.448028  
-0.480025  0.456102  
-0.482323  0.441857  
-0.467688  0.433589  
-0.482932  0.429558  
-0.481565  0.430009  
-0.471031  0.419034  
-0.488355  0.437224  
-0.477615  0.436122  
-0.513084  0.474834  
-0.513889  0.472938  
-0.503902  0.489101  
-0.507745  0.497692  
-0.511341  0.525338  
-0.515568  0.524866  
-0.505054  0.518501  
-0.484214  0.520482  
-0.460736  0.499954  
-0.450682  0.498334  
-0.441082  0.497973  
-0.426163  0.503979  
-0.409679  0.487462  
-0.411927  0.49323  
-0.403853  0.492565  
-0.391286  0.496576  
-0.382472  0.495096  
-0.380658  0.508658  
-0.402414  0.528149  
-0.39517  0.526875  
-0.412848  0.556731  
-0.427698  0.56502  
-0.441592  0.592046  
-0.457314  0.60134  
-0.445897  0.601083  
-0.459588  0.619169  
-0.471585  0.624491  
-0.460643  0.613607  
-0.474948  0.626633  
-0.449981  0.599914  
-0.461088  0.603575  
-0.430652  0.556757  
-0.427519  0.555401  
-0.424082  0.527889  
-0.420948  0.52645  
-0.431793  0.526246  
-0.437318  0.519323  
-0.425599  0.517106  
-0.449331  0.532767  
-0.446013  0.531613  
-0.455217  0.536746  
-0.456703  0.53419  
-0.460809  0.557721  
-0.458883  0.553599  
-0.459525  0.561333  
-0.451368  0.554332  
-0.442921  0.552738  
-0.431977  0.550851  
-0.455749  0.574645  
-0.447497  0.571207  
-0.447126  0.570652  
-0.437162  0.570414  
-0.455279  0.587726  
-0.45252  0.579883  
-0.455714  0.589536  
-0.481566  0.60334  
-0.498442  0.622868  
-0.492838  0.615651  
-0.502642  0.62736  
-0.502672  0.627518  
-0.520827  0.644362  
-0.507404  0.653833  
-0.490085  0.63864  
-0.492892  0.662258  
-0.496364  0.664827  
-0.488754  0.663079  
-0.458056  0.64744  
-0.45749  0.65257  
-0.454538  0.654539  
-0.422855  0.630265  
-0.398856  0.618642  
-0.41108  0.62476  
-0.38314  0.626029  
-0.384238  0.631569  
-0.386565  0.636399  
-0.382498  0.663758  
-0.380427  0.661193  
-0.392928  0.691023  
-0.402348  0.710695  
-0.415719  0.737326  
-0.41863  0.743933  
-0.438768  0.769169  
-0.457138  0.788197  
-0.469875  0.812888  
-0.46703  0.808904  
-0.460508  0.800043  
-0.480477  0.806996  
-0.480966  0.819492  
-0.47545  0.817325  
-0.46317  0.82425  
-0.471598  0.830644  
-0.463477  0.831405  
-0.458199  0.840518  
-0.466057  0.842493  
-0.475707  0.852865  
-0.460736  0.861506  
-0.457992  0.856727  
-0.448835  0.852532  
-0.437807  0.847999  
-0.433427  0.832749  
-0.433456  0.829114  
-0.428356  0.818961  
-0.42899  0.821177  
-0.407807  0.82686  
-0.405818  0.822619  
-0.406071  0.822624  
-0.37499  0.791475  
-0.375078  0.792447  
-0.36502  0.78308  
-0.341218  0.763129  
-0.338534  0.75864  
-0.33488  0.760509  
-0.313563  0.717643  
-0.318155  0.724996  
-0.310567  0.720455  
-0.316882  0.730415  
-0.322322  0.734084  
-0.325138  0.738267  
-0.334985  0.750751  
-0.348505  0.764667  
-0.356477  0.778089  
-0.342667  0.75547  
-0.336556  0.749705  
-0.358324  0.763555  
-0.352125  0.758028  
-0.347895  0.738189  
-0.304493  0.649685  
-0.293355  0.631025  
-0.289153  0.618498  
-0.258788  0.565033  
-0.258618  0.569309  
-0.250602  0.560963  
-0.259379  0.572332  
-0.25663  0.570765  
-0.253103  0.571506  
-0.273752  0.628274  
-0.270131  0.628344  
-0.283765  0.651242  
-0.298771  0.66181  
-0.311863  0.667979  
-0.308909  0.670441  
-0.304371  0.667809  
-0.307825  0.679218  
-0.320825  0.686273  
-0.317067  0.686012  
-0.303651  0.684868  
-0.30328  0.682744  
-0.283691  0.625298  
-0.268644  0.600099  
-0.245086  0.587534  
-0.245462  0.573805  
-0.2216  0.529996  
-0.204169  0.496976  
-0.204353  0.505007  
-0.209928  0.517089  
-0.229503  0.529385  
-0.25698  0.591677  
-0.253851  0.592765  
-0.271951  0.637893  
-0.275719  0.632631  
-0.292216  0.665115  
-0.288621  0.663514  
-0.300835  0.678712  
-0.293389  0.63185  
-0.297095  0.641894  
-0.260176  0.582187  
-0.260437  0.581301  
-0.255848  0.540528  
-0.234787  0.524584  
-0.234552  0.506067  
-0.219404  0.492897  
-0.212173  0.477732  
-0.210789  0.481135  
-0.202877  0.488996  
-0.222998  0.539497  
-0.22142  0.541541  
-0.210787  0.550545  
-0.20955  0.552387  
-0.234054  0.595964  
-0.227243  0.585231  
-0.226044  0.6082  
-0.226748  0.606967  
-0.224153  0.611057  
-0.199195  0.582246  
-0.206605  0.576138  
-0.168669  0.518503  
-0.168273  0.520559  
-0.169055  0.521197  
-0.164806  0.506613  
-0.146241  0.47538  
-0.148836  0.481264  
-0.152651  0.487983  
-0.144003  0.504515  
-0.141734  0.494607  
-0.146358  0.543922  
-0.142082  0.536916  
-0.151116  0.560777  
-0.140747  0.547028  
-0.148722  0.571143  
-0.146178  0.568666  
-0.142355  0.558058  
-0.121518  0.518586  
-0.116725  0.508365  
-0.116857  0.514966  
-0.104261  0.480015  
-0.109902  0.492532  
-0.0990489  0.472361  
-0.098493  0.476353  
-0.110697  0.531588  
-0.110059  0.535098  
-0.125046  0.571988  
-0.138073  0.603472  
-0.15592  0.655475  
-0.157875  0.652463  
-0.155651  0.673881  
-0.165634  0.688688  
-0.169732  0.701852  
-0.157969  0.706569  
-0.151925  0.695798  
-0.150996  0.697257  
-0.140697  0.655314  
-0.13397  0.659482  
-0.10992  0.615572  
-0.10553  0.604045  
-0.101865  0.611743  
-0.101497  0.61528  
-0.100506  0.609514  
-0.0990852  0.611373  
-0.097488  0.605651  
-0.106676  0.64789  
-0.111323  0.673764  
-0.118453  0.730549  
-0.122097  0.725017  
-0.138436  0.775466  
-0.134123  0.783544  
-0.136399  0.759191  
-0.13571  0.760981  
-0.132111  0.747836  
-0.107492  0.68441  
-0.113459  0.69656  
-0.0833017  0.607628  
-0.0832072  0.611144  
-0.0797732  0.575872  
-0.0818809  0.580434  
-0.08035  0.583585  
-0.0820719  0.575607  
-0.0842677  0.578112  
-0.0752035  0.571613  
-0.0770044  0.581367  
-0.0981941  0.628137  
-0.0947089  0.62266  
-0.100308  0.64854  
-0.090383  0.62839  
-0.0936049  0.626677  
-0.091049  0.654863  
-0.088712  0.645295  
-0.083273  0.649635  
-0.083134  0.65286  
-0.0926917  0.670233  
-0.0889631  0.658588  
-0.0915369  0.66627  
-0.0869066  0.661048  
-0.0973221  0.700797  
-0.0971592  0.703938  
-0.0915806  0.690386  
-0.08929  0.662798  
-0.0932215  0.694577  
-0.0897662  0.700366  
-0.094757  0.717749  
-0.0970854  0.761934  
-0.103223  0.752772  
-0.107621  0.773799  
-0.103433  0.772946  
-0.110655  0.7691  
-0.104295  0.779736  
-0.107367  0.763721  
-0.115608  0.764724  
-0.101054  0.687711  
-0.103126  0.693382  
-0.0972525  0.684988  
-0.103057  0.69659  
-0.09955  0.684646  
-0.115289  0.682833  
-0.115141  0.690266  
-0.114723  0.70114  
-0.113569  0.694806  
-0.114694  0.672005  
-0.0992038  0.646743  
-0.107136  0.661176  
-0.102331  0.647162  
-0.0942833  0.591122  
-0.0942036  0.595818  
-0.083012  0.53572  
-0.0900004  0.557485  
-0.0763476  0.530061  
-0.0745772  0.529323  
-0.0774817  0.537732  
-0.0748318  0.534618  
-0.0904288  0.54827  
-0.0839906  0.542951  
-0.0844025  0.54482  
-0.0905572  0.58943  
-0.0874282  0.579544  
-0.0934695  0.60272  
-0.0990813  0.617028  
-0.0893046  0.63001  
-0.0918719  0.633496  
-0.0828879  0.62734  
-0.0817155  0.676536  
-0.0909806  0.689049  
-0.0790947  0.707326  
-0.0788688  0.693622  
-0.0669388  0.681582  
-0.0572186  0.7089  
-0.0545052  0.697536  
-0.0577776  0.698148  
-0.0525015  0.699351  
-0.0545382  0.702652  
-0.0634027  0.715377  
-0.0544  0.726191  
-0.0663542  0.727962  
-0.0768501  0.753563  
-0.0739957  0.762637  
-0.0932582  0.798982  
-0.101077  0.796682  
-0.105381  0.796789  
-0.105367  0.772253  
-0.117196  0.78281  
-0.119074  0.7542  
-0.127335  0.740852  
-0.133832  0.733818  
-0.130321  0.722708  
-0.12353  0.690067  
-0.126041  0.624843  
-0.127767  0.613466  
-0.127988  0.602063  
-0.124569  0.592476  
-0.117396  0.602857  
-0.123816  0.588291  
-0.118511  0.587412  
-0.129909  0.614167  
-0.129432  0.619771  
-0.125249  0.625745  
-0.121497  0.618929  
-0.119447  0.658054  
-0.122044  0.662694  
-0.120635  0.654631  
-0.109133  0.647863  
-0.106177  0.617452  
-0.0913915  0.655008  
-0.093932  0.65308  
-0.0885191  0.687838  
-0.0909782  0.690675  
-0.0972038  0.759966  
-0.0970691  0.764442  
-0.086287  0.763504  
-0.0776705  0.765521  
-0.091928  0.782541  
-0.0845778  0.837797  
-0.0845545  0.823227  
-0.0805201  0.806083  
-0.0744236  0.776079  
-0.0627323  0.776187  
-0.0567941  0.750967  
-0.0545311  0.743283  
-0.0545666  0.728263  
-0.0558399  0.745643  
-0.0483247  0.735634  
-0.0394658  0.707124  
-0.0468498  0.716102  
-0.0502756  0.719094  
-0.0496094  0.742751  
-0.0493081  0.749342  
-0.0588077  0.745386  
-0.0658266  0.714264  
-0.0611156  0.703044  
-0.0698109  0.719557  
-0.0704519  0.736109  
-0.0742373  0.710133  
-0.0741956  0.712928  
-0.0717464  0.701982  
-0.0727153  0.67073  
-0.083014  0.651931  
-0.0786988  0.637481  
-0.0763269  0.627597  
-0.0673718  0.626834  
-0.0728759  0.624976  
-0.070725  0.615891  
-0.0736987  0.617046  
-0.073881  0.631245  
-0.0756314  0.714577  
-0.0808966  0.72921  
-0.0960888  0.796824  
-0.0986973  0.799936  
-0.104288  0.801318  
-0.106557  0.803679  
-0.104085  0.788061  
-0.106013  0.820767  
-0.108393  0.816993  
-0.101225  0.764418  
-0.0985766  0.753402  
-0.101171  0.738871  
-0.106061  0.753374  
-0.109501  0.761457  
-0.114296  0.775892  
-0.107915  0.805794  
-0.110367  0.802647  
-0.116326  0.793664  
-0.112002  0.812057  
-0.113947  0.81404  
-0.118634  0.837329  
-0.115385  0.830303  
-0.113777  0.811068  
-0.107741  0.748294  
-0.102023  0.746469  
-0.112222  0.760908  
-0.114393  0.75865  
-0.115667  0.782989  
-0.117573  0.786328  
-0.124482  0.785645  
-0.127371  0.764581  
-0.126892  0.770529  
-0.133768  0.747441  
-0.131786  0.74184  
-0.132244  0.737592  
-0.130299  0.736151  
-0.129195  0.695531  
-0.126267  0.685665  
-0.120864  0.667337  
-0.129124  0.656169  
-0.122669  0.693119  
-0.125363  0.704049  
-0.132928  0.699769  
-0.122666  0.697419  
-0.124385  0.703311  
-0.119793  0.704135  
-0.120921  0.704658  
-0.126142  0.716158  
-0.125666  0.742075  
-0.127717  0.740405  
-0.11843  0.697868  
-0.115309  0.695928  
-0.121134  0.709033  
-0.123167  0.790482  
-0.120609  0.780501  
-0.134791  0.841578  
-0.134096  0.847616  
-0.130794  0.872474  
-0.135147  0.886452  
-0.130643  0.87477  
-0.131149  0.871175  
-0.128699  0.853366  
-0.128027  0.827696  
-0.12449  0.810605  
-0.122724  0.724577  
-0.124979  0.722725  
-0.121328  0.680874  
-0.118681  0.671307  
-0.130196  0.698176  
-0.137035  0.721782  
-0.141206  0.750865  
-0.140827  0.758875  
-0.144812  0.79686  
-0.14848  0.809392  
-0.157395  0.853713  
-0.15499  0.869594  
-0.153833  0.854773  
-0.148908  0.838446  
-0.146521  0.830737  
-0.134029  0.810191  
-0.134067  0.813722  
-0.138187  0.828827  
-0.134409  0.82298  
-0.136987  0.820292  
-0.134759  0.820951  
-0.136027  0.815265  
-0.130565  0.798761  
-0.129615  0.819039  
-0.131739  0.816508  
-0.134059  0.805004  
-0.126839  0.799932  
-0.128881  0.797845  
-0.121807  0.734809  
-0.124492  0.737189  
-0.119656  0.730915  
-0.123468  0.755125  
-0.125773  0.787439  
-0.133261  0.782602  
-0.131666  0.815229  
-0.121546  0.827204  
-0.121309  0.836342  
-0.124867  0.895997  
-0.122218  0.884545  
-0.116831  0.866959  
-0.113749  0.862845  
-0.0958599  0.797017  
-0.0932843  0.794454  
-0.094166  0.772336  
-0.0821445  0.744704  
-0.0800687  0.734947  
-0.0819012  0.746425  
-0.0843086  0.752743  
-0.0777696  0.768928  
-0.0766935  0.761373  
-0.084418  0.798822  
-0.0872055  0.821077  
-0.0869236  0.828116  
-0.0972825  0.885876  
-0.095006  0.874609  
-0.0951471  0.870009  
-0.100704  0.89213  
-0.101026  0.875605  
-0.101616  0.876005  
-0.101448  0.876521  
-0.0992906  0.860807  
-0.101982  0.869353  
-0.0972224  0.868911  
-0.09634  0.811937  
-0.0946792  0.80588  
-0.104294  0.816934  
-0.107878  0.828493  
-0.108258  0.795442  
-0.096999  0.769556  
-0.0968589  0.783742  
-0.100115  0.772202  
-0.107311  0.842067  
-0.110696  0.849742  
-0.117174  0.919014  
-0.114584  0.907711  
-0.124414  0.934619  
-0.122719  0.910954  
-0.119413  0.907152  
-0.117753  0.950178  
-0.114858  0.947571  
-0.118512  0.946769  
-0.102636  0.823816  
-0.105143  0.821741  
-0.0932824  0.835332  
-0.0942419  0.850954  
-0.0866794  0.838735  
-0.0905217  0.843935  
-0.0847224  0.918328  
-0.0845047  0.926067  
-0.0820118  0.94173  
-0.0818301  0.934338  
-0.0882293  1.07488  
-0.0830722  1.07295  
-0.0829698  1.07403  
-0.0720672  1.05041  
-0.0768034  1.06455  
-0.071443  1.05251  
-0.0713242  1.05875  
-0.0643506  1.0286  
-0.0622035  1.01553  
-0.0496798  0.935435  
-0.0537442  0.912668  
-0.055209  0.929642  
-0.0420328  0.859554  
-0.0396231  0.846362  
-0.0399385  0.854258  
-0.0429084  0.86015  
-0.0393658  0.865341  
-0.0380248  0.864002  
-0.037879  0.895927  
-0.0516858  0.975502  
-0.051771  0.982371  
-0.0579999  1.04729  
-0.0561687  1.03512  
-0.0675196  1.07706  
-0.0654758  1.0709  
-0.0640509  1.06077  
-0.0683726  1.04956  
-0.0665357  1.03833  
-0.0533633  0.959879  
-0.056509  0.964749  
-0.0611538  0.927536  
-0.0592578  0.917049  
-0.0627651  0.949714  
-0.0615176  0.951155  
-0.0680487  0.959284  
-0.0766423  1.03228  
-0.0764633  1.03966  
-0.0809531  1.05033  
-0.0803102  1.05711  
-0.0876174  1.07556  
-0.0888265  1.11639  
-0.0899157  1.10228  
-0.0802057  1.08313  
-0.0831533  1.07203  
-0.0830081  1.07317  
-0.0789053  1.05172  
-0.0786856  1.05858  
-0.0825274  1.01956  
-0.0808514  1.01053  
-0.0744246  0.953206  
-0.0742377  0.961998  
-0.0729078  0.963284  
-0.0714  0.970449  
-0.0842068  0.937315  
-0.0838964  0.946035  
-0.0897004  0.950321  
-0.0893083  0.959509  
-0.0986271  0.990025  
-0.100231  1.02033  
-0.0982478  1.0021  
-0.107856  1.02385  
-0.113157  1.0208  
-0.113264  0.95422  
-0.110473  0.943231  
-0.10963  0.955911  
-0.112883  0.934021  
-0.11684  0.894586  
-0.116064  0.90439  
-0.108015  0.869863  
-0.112413  0.929797  
-0.117659  0.942252  
-0.115117  0.932311  
-0.127495  0.949021  
-0.126858  0.962098  
-0.125932  0.971511  
-0.132804  0.991593  
-0.131783  1.0007  
-0.13198  0.995504  
-0.134544  1.00421  
-0.137096  0.942943  
-0.133139  0.978181  
-0.132327  0.983201  
-0.122153  0.972252  
-0.125022  0.973581  
-0.124993  0.973792  
-0.106838  0.987425  
-0.105138  0.967696  
-0.0995981  0.983261  
-0.0989027  0.992825  
-0.0852107  0.997307  
-0.0826338  1.01424  
-0.0868241  1.03074  
-0.0740601  1.02144  
-0.0750866  1.04471  
-0.065766  1.06395  
-0.075529  1.08703  
-0.0780394  1.08349  
-0.0699957  1.09257  
-0.0709261  1.10064  
-0.0776251  1.0235  
-0.0763863  1.01919  
-0.0784453  1.03049  
-0.0612908  0.947132  
-0.0643808  0.94773  
-0.067681  0.94633  
-0.0605866  0.928698  
-0.0603204  0.939603  
-0.0708581  0.937102  
-0.0672173  0.936841  
-0.0745737  1.0104  
-0.0811331  1.05672  
-0.0858549  1.06541  
-0.0899655  1.08196  
-0.0830004  1.10735  
-0.0825532  1.11619  
-0.0862068  1.05572  
-0.0851323  1.07638  
-0.0800634  1.03233  
-0.0801761  1.02041  
-0.0770011  1.00018  
-0.0651896  0.945844  
-0.0668258  0.913621  
-0.0571744  0.940311  
-0.0548592  0.928966  
-0.0679357  0.968865  
-0.0660722  0.959758  
-0.0667328  1.03465  
-0.0649634  1.02488  
-0.0622361  1.01662  
-0.0634944  1.02764  
-0.0618348  1.06509  
-0.0546797  1.04972  
-0.0560621  1.0373  
-0.058643  1.06035  
-0.0569776  1.05025  
-0.0485339  1.01615  
-0.0469925  1.00665  
-0.0526832  1.06787  
-0.0510995  1.05777  
-0.0522978  1.07002  
-0.0501437  1.07145  
-0.0557964  1.09955  
-0.0613855  1.1237  
-0.0634766  1.13141  
-0.0616728  1.1349  
-0.0527498  1.1158  
-0.0534879  1.14672  
-0.045997  1.14238  
-0.0502824  1.16079  
-0.0465226  1.10094  
-0.046689  1.11309  
-0.0359575  1.11449  
-0.0388788  1.11609  
-0.0328567  1.14706  
-0.0313731  1.14602  
-0.0340094  1.19142  
-0.0301395  1.20701  
-0.029998  1.21601  
-0.0245455  1.26013  
-0.0277556  1.26387  
-0.0273295  1.29849  
-0.0273935  1.30977  
-0.0253296  1.29017  
-0.0261021  1.30334  
-0.0138024  1.34995  
-0.0138581  1.35766  
-0.0187062  1.42092  
-0.0174696  1.40027  
-0.015122  1.46437  
-0.0103837  1.45731  
-0.0136352  1.44494  
-0.011365  1.46858  
-0.0115166  1.47523  
-0.0120122  1.47551  
-0.0110976  1.46823  
-0.00972157  1.46752  
-0.00571391  1.46152  
-0.00248673  1.46265  
-0.0120472  1.48306  
-0.00851431  1.47147  
-0.0137065  1.46675  
-0.0137692  1.4742  
-0.0138879  1.4806  
-0.0119193  1.41801  
-0.0106739  1.43351  
-0.0182703  1.40849  
-0.0183079  1.41639  
-0.0154014  1.32052  
-0.0153017  1.33427  
-0.0208372  1.35874  
-0.0174395  1.36606  
-0.0172244  1.36714  
-0.0229294  1.30735  
-0.023354  1.31348  
-0.0228204  1.30653  
-0.0233047  1.32111  
-0.0288384  1.29194  
-0.0287503  1.30188  
-0.0270799  1.25748  
-0.0258464  1.24701  
-0.0172908  1.19676  
-0.017957  1.17328  
-0.0125348  1.25021  
-0.0120104  1.24416  
-0.0123865  1.24607  
-0.0129076  1.26045  
-0.0147618  1.25153  
-0.0111655  1.24173  
-0.00505889  1.25837  
-0.00933223  1.2678  
-0.00944609  1.29214  
0.00347471  1.29867  
0.00403676  1.29848  
-0.000321215  1.25974  
0.00421427  1.2731  
-0.000998921  1.29944  
0.00576029  1.33201  
0.00981204  1.35812  
0.00407609  1.36921  
0.00204037  1.39776  
0.000632885  1.40161  
-0.00431569  1.34367  
-0.00778788  1.32686  
-0.0124519  1.33924  
-0.0116094  1.35046  
-0.00627219  1.27834  
-0.0103579  1.28708  
-0.00714543  1.27134  
-0.0173407  1.24055  
-0.0164847  1.24316  
-0.0115845  1.2768  
-0.0118668  1.28829  
-0.0176264  1.34467  
-0.0153504  1.34377  
-0.0151852  1.34453  
-0.0205445  1.28574  
-0.0221669  1.30422  
-0.0207139  1.28322  
-0.0181368  1.24491  
-0.0158903  1.22657  
-0.0166874  1.13042  
-0.0154621  1.10079  
-0.00806075  1.09253  
-0.00441401  1.04535  
-0.0172932  1.03116  
-0.00712039  1.07254  
-0.00855404  1.08562  
-0.018888  1.1008  
-0.0178417  1.10771  
-0.0101959  1.13593  
-0.0177645  1.19789  
-0.0134324  1.22774  
-0.0137673  1.26796  
-0.0138474  1.2802  
-0.0131716  1.2575  
-0.0121355  1.24864  
-0.0126488  1.26417  
-0.0127897  1.27672  
-0.00933376  1.32621  
-0.00834661  1.31667  
-0.00999222  1.32103  
0.000224643  1.33787  
0.00195216  1.31889  
0.0119786  1.33762  
0.0127005  1.32818  
0.013335  1.28024  
0.0128572  1.29275  
0.0268521  1.20337  
0.0208912  1.18697  
0.0221043  1.18454  
0.0226348  1.13649  
0.0226643  1.14392  
0.0259943  1.14131  
0.0265488  1.13433  
0.0210574  1.14436  
0.00895179  1.20402  
0.00965674  1.19694  
0.000899555  1.23651  
0.00672202  1.26309  
0.000922386  1.25099  
0.000609749  1.21677  
0.00302172  1.22737  
0.00626348  1.19772  
0.00562239  1.12848  
0.0105775  1.12478  
0.0068151  1.08615  
0.00760336  1.08011  
0.000749767  1.08987  
0.00208318  1.09916  
0.00367818  1.08763  
0.00360668  1.11679  
0.00611666  1.13032  
0.0081894  1.127  
0.00764826  1.18741  
0.00378545  1.20087  
0.0184618  1.2224  
0.00942876  1.22621  
0.0121398  1.21163  
0.0219809  1.18709  
0.0276945  1.16294  
0.0294941  1.1538  
0.0343161  1.1874  
0.0351617  1.18202  
0.0365017  1.17386  
0.0426071  1.18679  
0.0431678  1.18627  
0.0510372  1.15711  
0.0505857  1.17253  
0.0518409  1.17887  
0.0573238  1.14301  
0.0576118  1.14862  
0.0521644  1.11462  
0.0525752  1.1035  
0.0526955  1.07808  
0.0524763  1.08975  
0.0471869  1.04823  
0.0404187  1.06946  
0.0404513  1.08062  
0.0284931  1.12108  
0.022976  1.11916  
0.0215223  1.13644  
0.00922489  1.14361  
0.00995769  1.13792  
0.000811003  1.14117  
-0.00424867  1.14191  
-0.00988758  1.10894  
-0.0089521  1.10399  
-0.00285758  1.08415  
-0.00254289  1.08451  
0.00303269  1.00471  
0.00634357  0.972468  
0.0125113  0.986042  
0.0183495  1.00406  
0.018171  1.02372  
0.0328133  1.09673  
0.0324575  1.11412  
0.0336239  1.12841  
0.0331007  1.15511  
0.0377005  1.21022  
0.0434796  1.28151  
0.0420857  1.31878  
0.0425817  1.32792  
0.0428874  1.32085  
0.0538566  1.352  
0.0552199  1.30402  
0.0553658  1.29768  
0.0644241  1.23669  
0.0639778  1.24675  
0.0668408  1.21793  
0.0713705  1.20519  
0.0693907  1.17255  
0.0688547  1.18436  
0.0683586  1.17566  
0.0649961  1.07519  
0.0646443  1.08946  
0.0651951  1.07565  
0.0652506  1.07179  
0.0598005  1.04489  
0.0617422  1.04203  
0.0558884  1.03333  
0.0573845  1.03166  
0.0532292  1.04333  
0.0534557  1.03988  
0.0425329  1.05945  
0.0437576  1.13511  
0.0459877  1.12775  
0.0414773  1.18581  
0.0418603  1.18072  
0.0449055  1.21023  
0.0452531  1.20488  
0.0476176  1.21391  
0.0479343  1.20858  
0.043515  1.15493  
0.0478124  1.17585  
0.0423696  1.13623  
0.042166  1.14731  
0.0486543  1.13888  
0.0423942  1.13046  
0.0435983  1.1328  
0.0459331  1.17882  
0.0443299  1.20263  
0.0562123  1.25988  
0.0550649  1.26531  
0.0567208  1.35441  
0.0554656  1.34233  
0.0630872  1.36004  
0.0632314  1.35381  
0.060368  1.38493  
0.0668472  1.39163  
0.0683736  1.38367  
0.0735589  1.38421  
0.0763282  1.36136  
0.0774524  1.34296  
0.0784005  1.30366  
0.0784182  1.29811  
0.073586  1.28847  
0.083434  1.32796  
0.0833257  1.31641  
0.0795593  1.33527  
0.0795684  1.32379  
0.0756574  1.31205  
0.0761487  1.31334  
0.0762145  1.30769  
0.0658175  1.27008  
0.0660016  1.26547  
0.0652462  1.26302  
0.0654619  1.25813  
0.0502327  1.2197  
0.0487515  1.19312  
0.0412225  1.19311  
0.0488066  1.22776  
0.0434407  1.23761  
0.0367531  1.22305  
0.0434329  1.29398  
0.0439806  1.28879  
0.0451377  1.31225  
0.04118  1.28118  
0.0360648  1.28459  
0.0392629  1.2934  
0.0360053  1.29113  
0.0285631  1.2356  
0.0310712  1.24971  
0.0281389  1.2407  
0.0258397  1.2265  
0.0290286  1.19703  
0.0283367  1.20919  
0.0191104  1.17648  
0.0288683  1.205  
0.021817  1.26971  
0.0198608  1.25106  
0.0184453  1.25359  
0.0117031  1.262  
0.0126828  1.25782  
0.011853  1.30503  
0.0132626  1.30172  
0.00334665  1.26985  
0.00583786  1.28844  
0.00155177  1.25229  
-4.18615e-05  1.25463  
0.00161494  1.2395  
-0.00444452  1.19663  
-0.000442308  1.21292  
0.00743913  1.2559  
0.00583444  1.2583  
0.0106431  1.23337  
0.012469  1.2705  
0.00606032  1.24934  
0.00671147  1.25054  
0.00508617  1.25354  
0.00470333  1.24663  
0.00498958  1.24743  
0.00912421  1.28144  
0.00232447  1.2777  
-0.00291601  1.25581  
-0.00479444  1.27724  
-0.00403895  1.27806  
-0.00980742  1.27539  
-0.00488627  1.32981  
-0.0127558  1.31618  
-0.0107368  1.36263  
-0.00785826  1.36153  
-0.00842933  1.34527  
-0.0166382  1.29441  
-0.0154203  1.31128  
-0.0131079  1.25542  
-0.0158762  1.23733  
-0.026224  1.23025  
-0.0224311  1.24717  
-0.0264088  1.23398  
-0.0223525  1.23071  
-0.0230244  1.23706  
-0.00470707  1.34851  
-0.00836468  1.35202  
-0.00583124  1.36139  
-0.000733924  1.37566  
0.00140152  1.38773  
0.00747675  1.37794  
0.0109739  1.39679  
-0.00978125  1.30522  
-0.011683  1.30584  
-0.017427  1.27129  
-0.0190966  1.27286  
-0.0188772  1.26985  
-0.0334986  1.17561  
-0.0317009  1.17382  
-0.0288757  1.224  
-0.0228937  1.24236  
-0.0143277  1.28532  
-0.0186903  1.27008  
-0.00200916  1.35648  
-0.0025533  1.35961  
-0.0042251  1.34041  
-0.0018368  1.3376  
0.00212336  1.36217  
0.00059739  1.33972  
0.00594249  1.3623  
-0.00104346  1.32383  
0.00454472  1.34037  
0.00607486  1.33696  
0.0170855  1.34883  
0.0115653  1.33092  
0.0391981  1.44459  
0.040409  1.4398  
0.0478305  1.49548  
0.0439954  1.4979  
0.0503105  1.50062  
0.0514439  1.49525  
0.0504524  1.48509  
0.0594216  1.51838  
0.0623963  1.54249  
0.0464637  1.46748  
0.0515113  1.4813  
0.045944  1.44025  
0.040499  1.42413  
0.042819  1.45327  
0.0449382  1.45287  
0.0289792  1.40117  
0.0345744  1.41691  
0.0331126  1.41453  
0.0261995  1.4148  
0.0228564  1.41853  
0.00580185  1.39929  
-0.000107377  1.37928  
-0.0130301  1.37958  
-0.0109718  1.37611  
-0.0197306  1.34106  
-0.0252378  1.32209  
-0.0365222  1.3122  
-0.0358836  1.31903  
-0.0403161  1.32715  
-0.0380716  1.35923  
-0.0433299  1.34013  
-0.0525581  1.32752  
-0.0487825  1.32876  
-0.0503081  1.33232  
-0.0484199  1.33817  
-0.0562823  1.35017  
-0.0520532  1.34665  
-0.0562917  1.34147  
-0.0755689  1.30387  
-0.0592323  1.34318  
-0.0612001  1.34828  
-0.0691938  1.36198  
-0.0631238  1.3879  
-0.0690973  1.40064  
-0.0754931  1.38808  
-0.0642779  1.42853  
-0.0688712  1.41509  
-0.0616975  1.43289  
-0.0659805  1.44076  
-0.0589051  1.44256  
-0.0555696  1.40401  
-0.0574004  1.40858  
-0.046615  1.45679  
-0.0438887  1.45324  
-0.0231061  1.5142  
-0.0258097  1.52056  
-0.0209983  1.51562  
-0.0217182  1.5225  
-0.0195626  1.55018  
-0.0157203  1.54932  
-0.00665195  1.56155  
-0.00153489  1.56174  
4.98194e-05  1.5957  
-0.0154557  1.50541  
-0.0179634  1.48653  
-0.00101773  1.58067  
-0.00660352  1.5594  
0.000839959  1.58708  
0.00788019  1.60315  
-0.000355246  1.58277  
-0.00397669  1.59851  
-0.00565365  1.60889  
-0.0104427  1.6248  
-0.0123888  1.62711  
-0.0178834  1.58746  
-0.0232203  1.56624  
-0.0441664  1.54356  
-0.0343087  1.56467  
-0.035667  1.57012  
-0.0482382  1.53649  
-0.0496165  1.54004  
-0.0460745  1.51306  
-0.0416577  1.53497  
-0.0356002  1.53317  
-0.0356897  1.5281  
-0.0373415  1.50937  
-0.0423845  1.48924  
-0.0298189  1.51287  
-0.0277394  1.50447  
-0.00817238  1.5938  
0.0031839  1.64509  
0.00316535  1.64423  
-0.00446498  1.63623  
-0.00256939  1.63313  
0.0101512  1.65149  
0.00836573  1.65388  
-0.0199901  1.55283  
-0.0199184  1.55995  
-0.0205662  1.5403  
-0.0606764  1.42007  
-0.0623469  1.43055  
-0.0597576  1.42564  
-0.0556015  1.42891  
-0.0530991  1.44606  
-0.0689891  1.42145  
-0.0787007  1.4037  
-0.0525128  1.48255  
-0.0525109  1.492  
-0.0190246  1.63043  
-0.0213982  1.63621  
-0.00782561  1.68359  
-0.00556642  1.6802  
0.0131008  1.75253  
0.0115549  1.75414  
0.0227234  1.77562  
0.0253881  1.76989  
0.0181096  1.72155  
0.0151121  1.70529  
0.013628  1.70759  
0.00813169  1.63133  
-0.000773425  1.55543  
-0.00426959  1.56125  
-0.0111249  1.54968  
-0.00136336  1.56734  
-0.00256791  1.57147  
-0.0129586  1.57644  
-0.00688153  1.61797  
-0.0365682  1.5528  
-0.0372703  1.55724  
-0.0287198  1.60587  
-0.0297156  1.62765  
-0.0303938  1.631  
-0.0534866  1.53885  
-0.0579724  1.51928  
-0.0519728  1.53419  
-0.0535019  1.48517  
-0.0340058  1.53505  
-0.0233421  1.50995  
-0.0194987  1.50021  
-0.0350603  1.43238  
-0.0152984  1.43851  
-0.0193968  1.4139  
0.00861185  1.4693  
0.021141  1.51145  
-0.00163387  1.33616  
-0.00667623  1.31936  
-0.00593551  1.28696  
0.0194307  1.34122  
0.0408877  1.39422  
0.05633  1.38407  
0.0531511  1.3673  
0.0477691  1.32583  
0.0708666  1.33626  
0.07237  1.29639  
0.0981739  1.37971  
0.132169  1.43306  
0.133673  1.43269  
0.12082  1.32288  
0.107713  1.22323  
0.130591  1.25466  
0.150171  1.27927  
0.164033  1.30108  
0.169166  1.24964  
0.164104  1.19795  
0.14216  1.05645  
0.149872  1.08772  
0.206801  1.23399  
0.204787  1.21656  
0.17822  1.09574  
0.180686  1.10382  
0.172018  1.06252  
0.16554  0.989268  
0.17423  1.02673  
0.218576  1.12966  
0.214843  1.10897  
0.162894  0.919907  
0.142545  0.84699  
0.17074  0.933208  
0.18041  0.956814  
0.195765  1.00379  
0.210825  0.998155  
0.200257  0.966401  
0.126202  0.694954  
0.131977  0.697155  
0.21411  0.937285  
0.224541  0.965646  
0.21546  0.883229  
0.211802  0.866046  
0.122717  0.546599  
0.129453  0.554469  
0.26373  0.985333  
0.264503  0.989858  
0.235349  0.882875  
0.223366  0.870972  
0.144737  0.587245  
0.138522  0.579249  
0.233469  0.895424  
0.280868  1.07029  
0.254623  0.982886  
0.245699  0.939485  
0.15681  0.675427  
0.098991  0.512012  
0.228624  0.943395  
0.300935  1.18156  
0.332326  1.2909  
0.133234  0.626148  
0.127206  0.617838  
0.132632  0.664812  
0.151621  0.709668  
0.328192  1.28201  
0.323208  1.26047  
0.257159  1.02809  
0.0896257  0.474535  
0.0164788  0.222047  
0.220728  0.929483  
0.225446  0.929401  
0.266998  1.0433  
0.245936  0.963767  
0.165843  0.69627  
0.0427637  0.301288  
0.0582545  0.352045  
0.356618  1.3185  
0.348944  1.30657  
0.1057  0.450108  
0.0954414  0.419787  
0.0428675  0.224772  
0.0641495  0.304403  
0.166752  0.627283  
0.37503  1.23969  
0.356505  1.17775  
4.82933e-05  -0.0148974  
0.0161268  0.0373604  
0.0165779  0.0675785  
0.336643  1.09057  
0.526556  1.70517  
0.302785  0.942918  
0.135755  0.389222  
0.0462184  0.106995  
0.179916  0.562913  
0.305768  0.976929  
0.468069  1.4736  
0.563205  1.76527  
-0.0299669  -0.194864  
-0.0338247  -0.192464  
0.163387  0.473986  
0.656487  2.03462  
0.688277  2.14401  
0.628054  1.8956  
-0.16176  -0.713408  
-0.21118  -0.853703  
0.240844  0.666326  
0.308561  0.877664  
0.764769  2.30157  
0.709432  2.11851  
0.373133  0.977203  
-0.201205  -0.849768  
0.0789654  0.0850473  
0.27301  0.727524  
0.781145  2.35569  
0.638978  1.89885  
0.509029  1.45265  
-0.427966  -1.5488  
-0.637714  -2.18562  
0.832164  2.51709  
0.909406  2.7372  
1.22587  3.74322  
0.0586058  0.0291865  
-0.572257  -1.96401  
-0.642655  -1.94898  
-0.539756  -1.61767  
1.51081  4.71935  
1.47834  4.62253  
-0.0256585  -0.112864  
-0.139431  -0.4688  
-1.51777  -4.38047  
-1.41802  -4.04349  
1.80142  5.80855  
2.11486  6.66117  
2.47348  7.73186  
-1.13569  -3.28389  
-1.29386  -3.74324  
-1.76329  -4.64244  
-1.61614  -4.1502  
3.05796  9.39068  
3.14122  9.58109  
0.833309  2.18682  
0.677384  1.72421  
-2.94458  -8.6156  
-2.93537  -8.60442  
-1.93203  -5.3577  
3.52305  10.4871  
3.85283  11.3076  
1.05879  2.11395  
0.69347  1.07145  
-0.301442  -1.60862  
-2.7812  -8.2871  
-2.64681  -7.88237  
2.62038  6.85306  
3.98107  10.8241  
2.07665  4.65556  
1.70305  3.59133  
-1.22835  -4.46967  
-3.16054  -9.4778  
-3.05708  -9.15172  
2.7829  7.61482  
3.86151  10.6535  
2.49416  5.97564  
2.04752  4.69635  
0.744735  1.18192  
-3.62307  -10.2702  
-3.58185  -10.127  
1.532  4.15605  
3.06926  8.27638  
2.53443  5.92234  
2.29324  5.23544  
-1.09137  -4.0902  
-3.58742  -10.4174  
-2.82499  -8.10377  
3.33089  8.67056  
3.49799  9.13737  
3.31763  7.67088  
3.06521  6.97315  
-2.37647  -7.81898  
-3.79923  -11.3737  
-1.61687  -4.66318  
-0.296285  -1.02731  
3.60777  8.84891  
4.61017  11.4625  
4.61017  11.4625  
