0.0963349  -0.738284  
0.0962653  -0.737191  
0.0961016  -0.728971  
0.0958659  -0.729591  
0.0958572  -0.719424  
0.0963167  -0.717835  
0.0968205  -0.709411  
0.0967975  -0.709065  
0.0969944  -0.697828  
0.0970736  -0.696817  
0.0980964  -0.686439  
0.151634  0.910912  
0.176427  0.850704  
0.17977  0.83  
0.177548  0.631438  
0.177568  0.603872  
0.145813  0.639579  
0.144517  0.633234  
0.13443  0.348994  
0.126812  0.228888  
0.0757118  0.0785441  
0.0702571  0.0908679  
0.0569285  -0.0153255  
0.0401804  -0.015623  
0.0403778  -0.0338759  
0.0351237  0.033276  
0.0322799  -0.0278644  
0.0428087  -0.108053  
0.0475232  -0.117512  
0.0554778  0.0466489  
0.0551073  0.0485504  
0.056833  0.0726288  
0.0751262  -0.0663255  
0.0677551  -0.0414307  
0.0541214  -0.000704549  
0.0489564  0.0120299  
0.0504467  -0.105525  
0.0473756  -0.123152  
0.0474144  -0.114003  
0.0383952  -0.0215009  
0.0384098  -0.0198792  
0.0372883  -0.0874896  
0.0373176  -0.0849241  
0.0294122  0.00483656  
0.0325486  0.0271784  
0.0407297  0.0241608  
0.0360281  0.0129438  
0.0437556  0.0266243  
0.0419382  0.0540968  
0.0369786  0.0657377  
0.0379061  -0.0213251  
0.0379254  -0.0195727  
0.0248518  -0.0186332  
0.0249535  -0.0171467  
0.0207709  -0.093316  
0.0209878  -0.0907206  
0.0154411  -0.0841025  
0.0137233  -0.0488815  
0.0140335  -0.0468045  
0.0106757  -0.0450668  
0.0148217  -0.033813  
0.0148217  -0.033813  
0.0154733  0.0116919  
0.0239496  0.0490722  
0.0219232  0.0627293  
0.0270077  0.0507954  
0.0191227  0.0794701  
0.0219377  0.0817532  
0.0201252  0.0644447  
0.0237527  0.0673793  
0.0205474  0.0647977  
0.0207775  0.0654974  
0.0207775  0.0654974  
0.0255824  0.0530469  
0.0304004  0.0595443  
0.0305251  0.0603457  
0.0366382  0.0830699  
0.0366724  0.0835475  
0.0427156  0.124918  
0.0426755  0.124886  
0.0407398  0.137608  
0.04088  0.139308  
0.04088  0.139308  
0.0459142  0.127552  
0.0459142  0.127552  
0.0378768  0.118436  
0.0379165  0.118532  
0.0380248  0.118795  
0.0369054  0.0859538  
0.0318908  0.0767536  
0.0320018  0.0773556  
0.0448268  0.0920211  
0.0447615  0.0923969  
0.0417703  0.0715634  
0.0416415  0.0745241  
0.04177  0.0715619  
0.0399634  0.087722  
0.039959  0.0881272  
0.0372304  0.0703461  
0.0448949  0.0921884  
0.0448555  0.0926278  
0.0416443  0.0763263  
0.0338086  0.0626471  
0.0388755  0.0526667  
0.038894  0.0543159  
0.0356749  0.0484219  
0.0293175  0.023723  
0.0345676  0.0146055  
0.0345027  0.0132719  
0.0346289  0.0159144  
0.0260554  0.0280407  
0.0277434  -0.00308869  
0.0295939  0.00543448  
0.0259414  0.0270852  
0.0247411  0.0187833  
0.0251654  0.00213565  
0.0255158  0.00501987  
0.0249828  0.000643938  
0.0197621  0.0111714  
0.0197621  0.0111714  
0.0268896  -0.0134252  
0.0240631  -0.0323626  
0.0268875  -0.0134155  
0.0271064  -0.0115803  
0.0248602  -0.0249345  
0.0270115  -0.0130605  
0.0249296  -0.0439  
0.0239775  -0.0543807  
0.0274944  -0.0658389  
0.0292644  -0.0637367  
0.0273803  -0.0513149  
0.02754  -0.049147  
0.0245086  -0.0699924  
0.0245897  -0.0697481  
0.0215103  -0.11177  
0.0218285  -0.108583  
0.015569  -0.131997  
0.0186031  -0.11115  
0.0108236  -0.138184  
0.0111872  -0.134974  
0.00970146  -0.165151  
0.00928482  -0.176731  
0.00130381  -0.204388  
0.00189043  -0.199955  
0.00882111  -0.213343  
0.0033187  -0.218096  
-0.0028229  -0.227106  
-0.00106272  -0.220326  
-0.00766163  -0.266335  
-0.00705818  -0.261487  
-0.00204204  -0.273208  
-0.00212662  -0.286251  
-0.00193355  -0.272692  
-0.00528198  -0.316643  
-0.00470328  -0.311163  
-0.00460953  -0.321836  
0.000437134  -0.32227  
-0.00499951  -0.334453  
-0.00428169  -0.328128  
0.0103755  -0.30914  
0.0115034  -0.315426  
0.0198415  -0.305556  
0.0201183  -0.300193  
0.0269876  -0.28817  
0.0313129  -0.274612  
0.0346124  -0.252845  
0.0397262  -0.259824  
0.0418911  -0.270916  
0.0449529  -0.275765  
0.0400181  -0.282366  
0.0402596  -0.276481  
0.0370796  -0.302577  
0.0372324  -0.291996  
0.0326231  -0.297621  
0.0324788  -0.302917  
0.0328274  -0.29677  
0.029571  -0.322803  
0.0297463  -0.317249  
0.0297754  -0.321919  
0.0299521  -0.316367  
0.0280106  -0.331212  
0.0250958  -0.327547  
0.0308904  -0.334279  
0.0332924  -0.323224  
0.0244284  -0.337101  
0.0304158  -0.356468  
0.0305203  -0.337292  
0.0306285  -0.355489  
0.0358599  -0.366134  
0.035979  -0.360005  
0.0359721  -0.360004  
0.0441323  -0.337866  
0.0490589  -0.337782  
0.0493471  -0.342516  
0.0540985  -0.342296  
0.0606767  -0.318745  
0.0661208  -0.321779  
0.0693822  -0.31423  
0.0676942  -0.288684  
0.0720116  -0.294453  
0.0760823  -0.28333  
0.0713675  -0.276899  
0.0757217  -0.278195  
0.0791642  -0.2567  
0.079924  -0.266714  
0.0798471  -0.26057  
0.0780767  -0.246544  
0.0777144  -0.241799  
0.0829592  -0.252193  
0.0882994  -0.250578  
0.0878173  -0.245773  
0.0935493  -0.230882  
0.0930449  -0.226618  
0.0926205  -0.232621  
0.0915698  -0.223406  
0.0955381  -0.206541  
0.0993043  -0.209364  
0.10051  -0.195969  
0.103915  -0.196949  
0.108183  -0.204216  
0.112204  -0.169397  
0.111476  -0.18348  
0.108971  -0.19008  
0.108336  -0.185721  
0.113367  -0.17892  
0.117219  -0.180919  
0.112233  -0.169334  
0.11721  -0.180958  
0.109669  -0.194427  
0.113142  -0.197571  
0.105584  -0.211267  
0.109827  -0.218379  
0.109823  -0.218398  
0.101525  -0.22795  
0.100904  -0.223444  
0.101027  -0.262615  
0.0954696  -0.256458  
0.0902913  -0.274502  
0.0823408  -0.294176  
0.0727054  -0.322404  
0.0744821  -0.336614  
0.0635466  -0.368417  
0.0479508  -0.398191  
0.0445127  -0.413188  
0.0251449  -0.464683  
0.0223202  -0.477453  
0.00848667  -0.540561  
0.00583052  -0.552582  
-0.017076  -0.595421  
-0.0147082  -0.583874  
-0.0260213  -0.613328  
-0.0504456  -0.667442  
-0.0492618  -0.657524  
-0.0610789  -0.66536  
-0.0680598  -0.672237  
-0.0767311  -0.692807  
-0.0783409  -0.70319  
-0.0848826  -0.701447  
-0.0857543  -0.709106  
-0.0856693  -0.709546  
-0.0920546  -0.68681  
-0.0904868  -0.677041  
-0.0951376  -0.707268  
-0.0958781  -0.716852  
-0.102118  -0.757683  
-0.102565  -0.76668  
-0.109483  -0.784513  
-0.107539  -0.78054  
-0.111386  -0.803588  
-0.119826  -0.858299  
-0.118048  -0.846859  
-0.126222  -0.863797  
-0.127147  -0.872596  
-0.12741  -0.873669  
-0.127096  -0.918721  
-0.125318  -0.912109  
-0.136796  -0.94953  
-0.135691  -0.945291  
-0.14341  -0.971839  
-0.148103  -1.02323  
-0.148709  -1.02992  
-0.15352  -1.04461  
-0.151565  -1.03208  
-0.15808  -1.10849  
-0.15862  -1.11468  
-0.158112  -1.11263  
-0.155892  -1.13568  
-0.15736  -1.12408  
-0.157876  -1.12199  
-0.1453  -1.14569  
-0.145311  -1.14564  
-0.14504  -1.15456  
-0.142914  -1.13919  
-0.15549  -1.1933  
-0.152828  -1.17084  
-0.159632  -1.20355  
-0.163915  -1.2297  
-0.166513  -1.2459  
-0.166457  -1.23286  
-0.19371  -1.31672  
-0.190859  -1.29901  
-0.197009  -1.31327  
-0.205103  -1.35061  
-0.205594  -1.37083  
-0.208418  -1.37652  
-0.226672  -1.42986  
-0.226475  -1.4307  
-0.25088  -1.55865  
-0.255758  -1.54844  
-0.25095  -1.54158  
-0.26027  -1.55161  
-0.259676  -1.55052  
-0.268871  -1.64291  
-0.272808  -1.62725  
-0.2796  -1.6194  
-0.283999  -1.6056  
-0.28014  -1.61796  
-0.278484  -1.61328  
-0.277559  -1.581  
-0.290759  -1.6113  
-0.288647  -1.58754  
-0.289856  -1.58899  
-0.288895  -1.58653  
-0.294382  -1.59138  
-0.303458  -1.58461  
-0.313316  -1.59397  
-0.317228  -1.5976  
-0.321295  -1.56278  
-0.323197  -1.57027  
-0.315776  -1.53024  
-0.320101  -1.51854  
-0.32165  -1.50549  
-0.322068  -1.44408  
-0.319429  -1.42844  
-0.308354  -1.44586  
-0.312887  -1.4483  
-0.310548  -1.43005  
-0.309222  -1.42829  
-0.314683  -1.43902  
-0.313327  -1.43721  
-0.319396  -1.46878  
-0.343888  -1.58746  
-0.342176  -1.58394  
-0.348681  -1.57075  
-0.346923  -1.56757  
-0.358141  -1.61732  
-0.359658  -1.61662  
-0.354158  -1.6036  
-0.352352  -1.60003  
-0.343708  -1.56875  
-0.321987  -1.4716  
-0.325821  -1.47626  
-0.295175  -1.4265  
-0.293673  -1.42466  
-0.277162  -1.35943  
-0.27612  -1.3608  
-0.266283  -1.28574  
-0.270789  -1.29267  
-0.27113  -1.30653  
-0.270298  -1.30649  
-0.283071  -1.33327  
-0.282104  -1.33288  
-0.290982  -1.34143  
-0.297151  -1.34118  
-0.296008  -1.3406  
-0.304385  -1.36695  
-0.30314  -1.36588  
-0.299515  -1.37654  
-0.301242  -1.36487  
-0.299404  -1.36417  
-0.295571  -1.3309  
-0.294483  -1.32992  
-0.289625  -1.32131  
-0.286929  -1.30623  
-0.293765  -1.31327  
-0.292582  -1.31224  
-0.29371  -1.30169  
-0.292491  -1.30063  
-0.305252  -1.33595  
-0.30811  -1.33852  
-0.309603  -1.33488  
-0.314141  -1.35321  
-0.330078  -1.39969  
-0.327478  -1.39244  
-0.337071  -1.40077  
-0.341896  -1.40383  
-0.346363  -1.42186  
-0.348098  -1.42293  
-0.341949  -1.41278  
-0.339918  -1.39456  
-0.337489  -1.38953  
-0.327082  -1.35074  
-0.33097  -1.3555  
-0.328853  -1.35307  
-0.332715  -1.35761  
-0.320393  -1.32294  
-0.324348  -1.32752  
-0.324892  -1.32669  
-0.320608  -1.31222  
-0.330362  -1.33735  
-0.330725  -1.34149  
-0.339532  -1.38691  
-0.34417  -1.39859  
-0.350182  -1.40832  
-0.341621  -1.38041  
-0.346038  -1.38894  
-0.331812  -1.37043  
-0.335674  -1.37433  
-0.329349  -1.33694  
-0.327398  -1.33397  
-0.313164  -1.2646  
-0.301515  -1.22491  
-0.295344  -1.21761  
-0.299519  -1.22488  
-0.30241  -1.23908  
-0.304651  -1.25172  
-0.311555  -1.23015  
-0.309815  -1.22845  
-0.319619  -1.27856  
-0.32474  -1.28495  
-0.33345  -1.28865  
-0.341642  -1.32539  
-0.359184  -1.37205  
-0.349102  -1.34671  
-0.357493  -1.36756  
-0.360288  -1.37057  
-0.37215  -1.41025  
-0.369551  -1.40583  
-0.356763  -1.36633  
-0.357778  -1.36557  
-0.357868  -1.36528  
-0.34432  -1.35255  
-0.345612  -1.3521  
-0.351451  -1.32779  
-0.349143  -1.32439  
-0.347047  -1.31838  
-0.345559  -1.26597  
-0.35283  -1.28712  
-0.342414  -1.25278  
-0.345415  -1.25461  
-0.349584  -1.25059  
-0.34701  -1.24651  
-0.349766  -1.25006  
-0.336667  -1.22671  
-0.339683  -1.23427  
-0.333057  -1.22315  
-0.336432  -1.22625  
-0.324931  -1.21765  
-0.317482  -1.18608  
-0.312667  -1.16835  
-0.30977  -1.16011  
-0.313448  -1.1637  
-0.317774  -1.15624  
-0.319363  -1.15581  
-0.344181  -1.19264  
-0.347128  -1.20447  
-0.355996  -1.20126  
-0.369374  -1.24505  
-0.369865  -1.24252  
-0.403452  -1.34486  
-0.399651  -1.33892  
-0.400726  -1.32351  
-0.403229  -1.32491  
-0.398148  -1.34331  
-0.394353  -1.33725  
-0.371232  -1.28346  
-0.372672  -1.29039  
-0.362981  -1.25584  
-0.317574  -1.1497  
-0.318196  -1.14937  
-0.311341  -1.12093  
-0.314833  -1.12469  
-0.294438  -1.08429  
-0.291909  -1.08142  
-0.31074  -1.08478  
-0.308014  -1.08189  
-0.31271  -1.10238  
-0.316263  -1.10657  
-0.331436  -1.13561  
-0.334498  -1.13906  
-0.331897  -1.13309  
-0.328869  -1.12956  
-0.334975  -1.13982  
-0.33747  -1.17035  
-0.322211  -1.14281  
-0.318786  -1.12953  
-0.304594  -1.11263  
-0.300085  -1.09853  
-0.29311  -1.05749  
-0.286733  -1.05015  
-0.286839  -1.04996  
-0.271906  -1.01376  
-0.273025  -1.01537  
-0.261991  -0.97153  
-0.265746  -0.976272  
-0.273447  -0.998113  
-0.285868  -1.02787  
-0.300644  -1.02659  
-0.298696  -1.02919  
-0.303835  -1.04568  
-0.302358  -1.03485  
-0.299065  -1.03111  
-0.309584  -1.06495  
-0.304106  -1.04956  
-0.304894  -1.05012  
-0.3071  -1.03813  
-0.294133  -1.00339  
-0.297191  -1.00682  
-0.289038  -0.991774  
-0.284375  -0.998864  
-0.285147  -1.00001  
-0.272957  -0.971878  
-0.272812  -0.971679  
-0.270203  -0.968543  
-0.277133  -0.952409  
-0.271867  -0.959569  
-0.271978  -0.959383  
-0.270378  -0.96822  
-0.273708  -0.973981  
-0.269739  -0.954485  
-0.269479  -0.956585  
-0.274629  -0.97339  
-0.28395  -1.0049  
-0.288282  -1.01374  
-0.294175  -1.00489  
-0.29097  -1.01821  
-0.281238  -1.00605  
-0.280842  -1.00509  
-0.272178  -0.985281  
-0.256965  -0.981553  
-0.258389  -0.982556  
-0.243356  -0.91644  
-0.240447  -0.913378  
-0.226655  -0.870765  
-0.226206  -0.895591  
-0.222472  -0.88776  
-0.240037  -0.896678  
-0.23857  -0.891331  
-0.262383  -0.912383  
-0.259083  -0.909062  
-0.288205  -0.937036  
-0.292211  -0.953651  
-0.314786  -1.01432  
-0.313286  -1.01251  
-0.3141  -0.988025  
-0.299816  -0.964688  
-0.296031  -0.960682  
-0.29024  -0.930025  
-0.286939  -0.928087  
-0.285197  -0.923624  
-0.262989  -0.876553  
-0.261573  -0.868526  
-0.251501  -0.838824  
-0.230758  -0.77904  
-0.233908  -0.784042  
-0.228668  -0.77999  
-0.231594  -0.784442  
-0.239727  -0.802117  
-0.227755  -0.779842  
-0.242952  -0.808385  
-0.233536  -0.788842  
-0.257543  -0.825145  
-0.269264  -0.830987  
-0.274254  -0.835095  
-0.269666  -0.830741  
-0.253273  -0.783838  
-0.246837  -0.781889  
-0.248849  -0.768654  
-0.229271  -0.742661  
-0.228867  -0.729873  
-0.224358  -0.726106  
-0.206632  -0.664763  
-0.210227  -0.683192  
-0.20296  -0.667398  
-0.20714  -0.661513  
-0.207301  -0.66143  
-0.22562  -0.669825  
-0.222856  -0.669792  
-0.234516  -0.690318  
-0.24243  -0.695216  
-0.243219  -0.67878  
-0.269618  -0.725096  
-0.263669  -0.720164  
-0.256354  -0.692779  
-0.261144  -0.68797  
-0.259553  -0.691794  
-0.250108  -0.661639  
-0.25164  -0.664825  
-0.256223  -0.659391  
-0.250424  -0.655143  
-0.262479  -0.663458  
-0.263418  -0.667984  
-0.250015  -0.62816  
-0.250165  -0.633705  
-0.274671  -0.67727  
-0.286119  -0.680399  
-0.296438  -0.697979  
-0.295879  -0.709306  
-0.293097  -0.704816  
-0.290531  -0.709746  
-0.280787  -0.699219  
-0.306257  -0.745725  
-0.307339  -0.736867  
-0.300717  -0.736873  
-0.301717  -0.739283  
-0.286024  -0.711328  
-0.291438  -0.713686  
-0.298166  -0.710217  
-0.30168  -0.685581  
-0.302356  -0.688078  
-0.297329  -0.664551  
-0.290482  -0.659376  
-0.293449  -0.669065  
-0.297901  -0.661374  
-0.299683  -0.659782  
-0.297777  -0.661994  
-0.301523  -0.68296  
-0.301958  -0.685077  
-0.305187  -0.689547  
-0.322825  -0.712484  
-0.328477  -0.729726  
-0.34545  -0.735842  
-0.338277  -0.731432  
-0.342173  -0.730226  
-0.331917  -0.718383  
-0.327402  -0.715964  
-0.330265  -0.723716  
-0.33045  -0.72538  
-0.315603  -0.693942  
-0.308722  -0.688314  
-0.314472  -0.702334  
-0.314875  -0.704405  
-0.327619  -0.719214  
-0.340254  -0.739576  
-0.345536  -0.756495  
-0.339399  -0.757162  
-0.365894  -0.806569  
-0.365704  -0.807422  
-0.371622  -0.804005  
-0.39048  -0.841626  
-0.383144  -0.820415  
-0.380409  -0.829617  
-0.381533  -0.807229  
-0.358063  -0.792491  
-0.363649  -0.787247  
-0.33668  -0.716162  
-0.34193  -0.733456  
-0.337294  -0.715976  
-0.328678  -0.703879  
-0.322916  -0.669908  
-0.322969  -0.671911  
-0.339361  -0.697533  
-0.34909  -0.712316  
-0.360635  -0.71577  
-0.381692  -0.750327  
-0.395809  -0.791873  
-0.389382  -0.761238  
-0.414742  -0.79478  
-0.40798  -0.797126  
-0.439992  -0.846562  
-0.433177  -0.839679  
-0.433434  -0.839646  
-0.43229  -0.816391  
-0.41944  -0.801773  
-0.405426  -0.754404  
-0.409171  -0.755948  
-0.418515  -0.799351  
-0.409885  -0.791288  
-0.408328  -0.795894  
-0.409944  -0.796744  
-0.410414  -0.797823  
-0.418955  -0.810431  
-0.415407  -0.817202  
-0.411352  -0.807661  
-0.419903  -0.815572  
-0.425181  -0.85359  
-0.416805  -0.817263  
-0.414327  -0.803571  
-0.404014  -0.778054  
-0.402553  -0.777544  
-0.38744  -0.757361  
-0.378385  -0.748855  
-0.395269  -0.773168  
-0.390749  -0.775186  
-0.379799  -0.772147  
-0.375449  -0.75247  
-0.386994  -0.770643  
-0.384236  -0.755839  
-0.394067  -0.768272  
-0.400822  -0.774257  
-0.401504  -0.75685  
-0.406219  -0.750233  
-0.40694  -0.75001  
-0.396404  -0.715708  
-0.412832  -0.731771  
-0.407816  -0.736838  
-0.415868  -0.744802  
-0.437965  -0.783971  
-0.433839  -0.777309  
-0.43302  -0.785616  
-0.41366  -0.764961  
-0.420138  -0.767968  
-0.422039  -0.788017  
-0.412569  -0.765216  
-0.419842  -0.767709  
-0.42139  -0.761571  
-0.412056  -0.725138  
-0.411604  -0.724086  
-0.396178  -0.675516  
-0.403828  -0.683571  
-0.402897  -0.683005  
-0.431589  -0.699163  
-0.436024  -0.712941  
-0.437016  -0.710187  
-0.446466  -0.718374  
-0.44482  -0.709655  
-0.443377  -0.708529  
-0.456301  -0.71892  
-0.458683  -0.719956  
-0.473519  -0.740515  
-0.473701  -0.737504  
-0.471535  -0.735569  
-0.464991  -0.729393  
-0.462515  -0.746085  
-0.470898  -0.755114  
-0.472943  -0.782863  
-0.482428  -0.795795  
-0.487534  -0.801245  
-0.4835  -0.795533  
-0.483085  -0.806711  
-0.490466  -0.838669  
-0.49351  -0.831211  
-0.503703  -0.821732  
-0.50295  -0.81809  
-0.505519  -0.84226  
-0.507914  -0.842159  
-0.527305  -0.881522  
-0.523723  -0.87563  
-0.519961  -0.891104  
-0.533126  -0.922564  
-0.527966  -0.923174  
-0.55036  -0.953795  
-0.551455  -0.95995  
-0.544327  -0.947352  
-0.538902  -0.931126  
-0.529209  -0.916336  
-0.518443  -0.885215  
-0.501849  -0.849371  
-0.509409  -0.842772  
-0.517813  -0.848628  
-0.546642  -0.880166  
-0.549931  -0.881475  
-0.546394  -0.87248  
-0.573375  -0.91307  
-0.581108  -0.918072  
-0.591648  -0.935164  
-0.59916  -0.939876  
-0.611038  -0.959552  
-0.612124  -0.971244  
-0.612852  -0.961361  
-0.606322  -0.942824  
-0.599984  -0.934322  
-0.595091  -0.929907  
-0.576718  -0.896837  
-0.569246  -0.899601  
-0.529037  -0.807772  
-0.510466  -0.774164  
-0.507144  -0.767805  
-0.499271  -0.757514  
-0.492515  -0.762246  
-0.486677  -0.743234  
-0.495458  -0.750202  
-0.52146  -0.770635  
-0.50901  -0.765951  
-0.528488  -0.817351  
-0.531155  -0.809133  
-0.543362  -0.856116  
-0.534172  -0.836521  
-0.540267  -0.843859  
-0.541035  -0.853335  
-0.538477  -0.839285  
-0.538557  -0.839276  
-0.511934  -0.80578  
-0.508426  -0.812729  
-0.513958  -0.817763  
-0.513248  -0.789619  
-0.518764  -0.800749  
-0.53616  -0.812409  
-0.522608  -0.777897  
-0.509245  -0.765556  
-0.516832  -0.759886  
-0.500675  -0.755475  
-0.521829  -0.750006  
-0.519479  -0.756701  
-0.518209  -0.730459  
-0.529603  -0.740499  
-0.521352  -0.731626  
-0.516872  -0.7333  
-0.529419  -0.736862  
-0.533622  -0.758103  
-0.525483  -0.759556  
-0.521959  -0.731812  
-0.524694  -0.734686  
-0.541671  -0.755677  
-0.542001  -0.765564  
-0.542824  -0.765963  
-0.542555  -0.772888  
-0.540013  -0.777706  
-0.556344  -0.79388  
-0.564106  -0.79939  
-0.569567  -0.816425  
-0.569879  -0.826176  
-0.53613  -0.790641  
-0.541212  -0.785628  
-0.533743  -0.778808  
-0.53622  -0.770494  
-0.535463  -0.760065  
-0.527272  -0.750547  
-0.529847  -0.760489  
-0.524711  -0.733313  
-0.505283  -0.717297  
-0.512742  -0.712645  
-0.556688  -0.774356  
-0.539534  -0.754713  
-0.549819  -0.753996  
-0.539169  -0.749652  
-0.548334  -0.745687  
-0.552244  -0.755295  
-0.545834  -0.723801  
-0.554582  -0.732724  
-0.546136  -0.693338  
-0.553845  -0.699507  
-0.533821  -0.676551  
-0.526918  -0.683341  
-0.531013  -0.671527  
-0.518123  -0.671093  
-0.521453  -0.626889  
-0.529608  -0.642714  
-0.554147  -0.667457  
-0.54782  -0.652972  
-0.561602  -0.69111  
-0.561076  -0.699469  
-0.572257  -0.726993  
-0.570257  -0.725269  
-0.577525  -0.731007  
-0.577599  -0.785358  
-0.57053  -0.789152  
-0.572034  -0.789247  
-0.559917  -0.767216  
-0.550602  -0.753046  
-0.547612  -0.736313  
-0.549297  -0.731725  
-0.539293  -0.691213  
-0.529661  -0.671232  
-0.531313  -0.649955  
-0.525889  -0.646772  
-0.553311  -0.677061  
-0.560275  -0.68261  
-0.572823  -0.70424  
-0.558696  -0.694446  
-0.565129  -0.732945  
-0.567389  -0.730625  
-0.554306  -0.720186  
-0.55482  -0.717342  
-0.535931  -0.695695  
-0.544229  -0.708535  
-0.51751  -0.679183  
-0.516533  -0.685026  
-0.528763  -0.684989  
-0.520667  -0.666215  
-0.5193  -0.664494  
-0.523242  -0.650511  
-0.516382  -0.643849  
-0.518219  -0.654017  
-0.516556  -0.641177  
-0.519893  -0.665984  
-0.521926  -0.636217  
-0.520256  -0.647862  
-0.525438  -0.661028  
-0.516084  -0.660972  
-0.535533  -0.680997  
-0.540929  -0.696113  
-0.560033  -0.701891  
-0.564758  -0.696466  
-0.580845  -0.718081  
-0.573989  -0.692734  
-0.580294  -0.701065  
-0.572472  -0.683968  
-0.580318  -0.690971  
-0.586479  -0.669738  
-0.562419  -0.630326  
-0.559664  -0.636002  
-0.53364  -0.640675  
-0.542627  -0.646439  
-0.531184  -0.639976  
-0.532496  -0.628753  
-0.532761  -0.628599  
-0.526115  -0.620123  
-0.524621  -0.628795  
-0.51922  -0.623466  
-0.516567  -0.592542  
-0.495884  -0.581692  
-0.51103  -0.568005  
-0.516985  -0.562882  
-0.519213  -0.566556  
-0.540851  -0.599723  
-0.531682  -0.599889  
-0.537132  -0.579635  
-0.552646  -0.586421  
-0.558905  -0.601567  
-0.55648  -0.598489  
-0.551283  -0.604912  
-0.550879  -0.594412  
-0.549934  -0.612089  
-0.537385  -0.582312  
-0.545788  -0.581851  
-0.536016  -0.579126  
-0.52882  -0.56345  
-0.545509  -0.577859  
-0.5443  -0.592587  
-0.547196  -0.578977  
-0.548869  -0.572324  
-0.572683  -0.57145  
-0.573315  -0.574539  
-0.564565  -0.565145  
-0.572314  -0.577128  
-0.565346  -0.557798  
-0.567821  -0.560204  
-0.579918  -0.571984  
-0.593821  -0.600737  
-0.599143  -0.598316  
-0.607611  -0.614431  
-0.597628  -0.614468  
-0.606624  -0.594467  
-0.605667  -0.604317  
-0.602013  -0.580542  
-0.59997  -0.57754  
-0.579639  -0.536473  
-0.577468  -0.531097  
-0.554335  -0.463701  
-0.546561  -0.467483  
-0.523232  -0.434422  
-0.525667  -0.429496  
-0.510588  -0.427695  
-0.534449  -0.433378  
-0.519931  -0.424236  
-0.537813  -0.418554  
-0.539968  -0.414082  
-0.531872  -0.422867  
-0.539656  -0.430919  
-0.54302  -0.424026  
-0.544997  -0.419527  
-0.555847  -0.429011  
-0.565653  -0.423299  
-0.554884  -0.439083  
-0.561193  -0.436436  
-0.568875  -0.464654  
-0.568979  -0.482873  
-0.578976  -0.509969  
-0.562541  -0.507582  
-0.567271  -0.513148  
-0.55431  -0.508731  
-0.556016  -0.513514  
-0.563481  -0.512442  
-0.570636  -0.503081  
-0.560699  -0.499943  
-0.523667  -0.457137  
-0.526149  -0.452015  
-0.495899  -0.388427  
-0.498666  -0.384229  
-0.525272  -0.389395  
-0.533054  -0.397894  
-0.548407  -0.425342  
-0.55083  -0.430664  
-0.55521  -0.430313  
-0.564589  -0.43154  
-0.584167  -0.455651  
-0.61284  -0.463354  
-0.591551  -0.443657  
-0.607118  -0.442231  
-0.59529  -0.427108  
-0.59657  -0.41755  
-0.582783  -0.372956  
-0.600594  -0.379235  
-0.558468  -0.364417  
-0.559445  -0.371668  
-0.551492  -0.35221  
-0.55275  -0.359756  
-0.545477  -0.360157  
-0.547161  -0.368321  
-0.534126  -0.365925  
-0.560589  -0.3933  
-0.547789  -0.37835  
-0.543491  -0.391842  
-0.553156  -0.401186  
-0.54353  -0.385722  
-0.543679  -0.385515  
-0.54332  -0.401065  
-0.520191  -0.381105  
-0.547122  -0.4136  
-0.540751  -0.40367  
-0.508857  -0.383347  
-0.510931  -0.379462  
-0.540589  -0.404896  
-0.549938  -0.407906  
-0.567255  -0.410375  
-0.57592  -0.408395  
-0.600917  -0.413112  
-0.600924  -0.41892  
-0.599775  -0.40625  
-0.629959  -0.434665  
-0.628434  -0.44492  
-0.650814  -0.473361  
-0.65168  -0.468161  
-0.642148  -0.4561  
-0.61251  -0.451426  
-0.616849  -0.456274  
-0.611492  -0.437426  
-0.614187  -0.438299  
-0.592111  -0.400335  
-0.592117  -0.397069  
-0.593971  -0.379489  
-0.587148  -0.356702  
-0.591527  -0.362802  
-0.62592  -0.385679  
-0.613393  -0.380833  
-0.634734  -0.3797  
-0.656108  -0.366987  
-0.665355  -0.387809  
-0.662314  -0.385979  
-0.706683  -0.375995  
-0.714551  -0.375472  
-0.731504  -0.385768  
-0.722772  -0.371772  
-0.716231  -0.344602  
-0.727611  -0.342231  
-0.695501  -0.344724  
-0.701231  -0.353254  
-0.690882  -0.356979  
-0.699517  -0.354522  
-0.680388  -0.348357  
-0.671646  -0.334366  
-0.67065  -0.351405  
-0.671831  -0.346198  
-0.663938  -0.349114  
-0.661322  -0.32035  
-0.667606  -0.329174  
-0.67214  -0.300983  
-0.680852  -0.310972  
-0.685754  -0.326256  
-0.698864  -0.33182  
-0.699381  -0.327411  
-0.722278  -0.333523  
-0.718612  -0.320647  
-0.741724  -0.336146  
-0.737768  -0.334708  
-0.724023  -0.304691  
-0.724348  -0.30139  
-0.704535  -0.284328  
-0.696711  -0.285717  
-0.681197  -0.227478  
-0.68571  -0.232156  
-0.688646  -0.2601  
-0.704621  -0.271578  
-0.718606  -0.297308  
-0.715377  -0.293557  
-0.720591  -0.305877  
-0.761671  -0.363761  
-0.761353  -0.371026  
-0.779843  -0.396128  
-0.779574  -0.391786  
-0.798949  -0.401605  
-0.798367  -0.397225  
-0.797088  -0.367354  
-0.801811  -0.375481  
-0.787272  -0.354965  
-0.782973  -0.347267  
-0.769083  -0.320258  
-0.772538  -0.315776  
-0.754138  -0.294375  
-0.737336  -0.246392  
-0.748089  -0.265371  
-0.72024  -0.236  
-0.727732  -0.242677  
-0.726607  -0.243756  
-0.744029  -0.265659  
-0.76017  -0.28005  
-0.763422  -0.270361  
-0.768062  -0.277695  
-0.803183  -0.343678  
-0.80263  -0.348476  
-0.820967  -0.31636  
-0.81504  -0.311371  
-0.822106  -0.310804  
-0.846643  -0.32993  
-0.845501  -0.332488  
-0.835413  -0.298061  
-0.841895  -0.302183  
-0.825996  -0.276668  
-0.798606  -0.257443  
-0.795922  -0.265185  
-0.79549  -0.294897  
-0.784675  -0.281428  
-0.784264  -0.287487  
-0.778978  -0.285752  
-0.800628  -0.267695  
-0.799802  -0.264953  
-0.802411  -0.273103  
-0.811393  -0.266723  
-0.813094  -0.259976  
-0.822527  -0.233575  
-0.825656  -0.240189  
-0.818815  -0.226592  
-0.812106  -0.208062  
-0.825213  -0.22374  
-0.819178  -0.216434  
-0.822652  -0.222669  
-0.802111  -0.207675  
-0.797159  -0.204046  
-0.788147  -0.205516  
-0.788956  -0.222105  
-0.794334  -0.227521  
-0.82223  -0.225943  
-0.816689  -0.234173  
-0.828982  -0.228563  
-0.857734  -0.243743  
-0.849187  -0.245873  
-0.871516  -0.25232  
-0.891173  -0.275036  
-0.889302  -0.272354  
-0.910584  -0.273271  
-0.900268  -0.262555  
-0.872926  -0.203344  
-0.872825  -0.199704  
-0.844937  -0.191884  
-0.837582  -0.188777  
-0.804277  -0.154364  
-0.78314  -0.131079  
-0.796087  -0.138208  
-0.815253  -0.15919  
-0.822483  -0.155133  
-0.878885  -0.218626  
-0.882416  -0.227822  
-0.901562  -0.238295  
-0.904823  -0.247243  
-0.895679  -0.230415  
-0.914122  -0.256086  
-0.925794  -0.270158  
-0.911858  -0.237857  
-0.909845  -0.235381  
-0.894931  -0.236644  
-0.881714  -0.217551  
-0.852565  -0.185484  
-0.843863  -0.183614  
-0.876426  -0.217993  
-0.872227  -0.214433  
-0.884418  -0.198864  
-0.894129  -0.203566  
-0.883505  -0.182544  
-0.899868  -0.205124  
-0.905504  -0.211257  
-0.910626  -0.204855  
-0.899651  -0.209776  
-0.902655  -0.19566  
-0.920143  -0.232223  
-0.909215  -0.22001  
-0.905677  -0.248972  
-0.909164  -0.301052  
-0.901116  -0.295263  
-0.893411  -0.297945  
-0.891239  -0.280615  
-0.891139  -0.272237  
-0.890955  -0.271765  
-0.892733  -0.262162  
-0.884947  -0.257378  
-0.868745  -0.201281  
-0.861558  -0.198022  
-0.867512  -0.176592  
-0.858556  -0.174196  
-0.880169  -0.198038  
-0.873885  -0.199716  
-0.89016  -0.215764  
-0.880016  -0.228974  
-0.876924  -0.247704  
-0.875568  -0.245187  
-0.884  -0.268723  
-0.895455  -0.282417  
-0.898104  -0.269964  
-0.885923  -0.258681  
-0.900472  -0.249113  
-0.899275  -0.241152  
-0.896282  -0.245468  
-0.894787  -0.243075  
-0.927917  -0.269781  
-0.916231  -0.255956  
-0.925833  -0.26648  
-0.916091  -0.235325  
-0.92194  -0.261361  
-0.91563  -0.280275  
-0.917147  -0.285712  
-0.911612  -0.30064  
-0.897691  -0.288013  
-0.879181  -0.27164  
-0.869552  -0.271424  
-0.868668  -0.26879  
-0.847654  -0.267702  
-0.858866  -0.27308  
-0.864924  -0.285735  
-0.865989  -0.294364  
-0.871478  -0.276241  
-0.870477  -0.27356  
-0.887117  -0.305267  
-0.896976  -0.307322  
-0.898195  -0.286165  
-0.901309  -0.293713  
-0.90355  -0.285776  
-0.893032  -0.265559  
-0.867354  -0.243895  
-0.866805  -0.256036  
-0.851665  -0.263128  
-0.84479  -0.262461  
-0.837045  -0.236212  
-0.824893  -0.229931  
-0.83286  -0.229222  
-0.834713  -0.224219  
-0.856657  -0.245511  
-0.867088  -0.248877  
-0.852512  -0.226593  
-0.862106  -0.24158  
-0.85156  -0.228387  
-0.868094  -0.240572  
-0.870826  -0.246866  
-0.87727  -0.258851  
-0.910897  -0.310704  
-0.913841  -0.317935  
-0.90396  -0.339237  
-0.902711  -0.336016  
-0.920368  -0.355169  
-0.934077  -0.369117  
-0.950328  -0.383052  
-0.951695  -0.388362  
-0.943114  -0.366291  
-0.931362  -0.321512  
-0.928922  -0.322584  
-0.893276  -0.255096  
-0.892055  -0.252696  
-0.889093  -0.244427  
-0.892585  -0.25294  
-0.871234  -0.251391  
-0.866708  -0.240767  
-0.855441  -0.205338  
-0.82375  -0.17807  
-0.82332  -0.176782  
-0.818643  -0.186112  
-0.820277  -0.197371  
-0.823151  -0.19589  
-0.838633  -0.207837  
-0.842736  -0.216781  
-0.874298  -0.20929  
-0.873376  -0.207517  
-0.925564  -0.276337  
-0.924047  -0.27375  
-0.972414  -0.299796  
-0.976096  -0.31101  
-0.973077  -0.302032  
-0.972184  -0.301164  
-0.981527  -0.306299  
-0.966438  -0.283797  
-0.958458  -0.266744  
-0.950145  -0.259463  
-0.937443  -0.250169  
-0.92856  -0.243621  
-0.913738  -0.243269  
-0.890567  -0.222114  
-0.896867  -0.22351  
-0.900193  -0.243203  
-0.907423  -0.240558  
-0.906346  -0.237827  
-0.948546  -0.288028  
-0.948537  -0.288  
-0.95945  -0.275917  
-0.962171  -0.283853  
-0.965241  -0.270966  
-0.972344  -0.294321  
-0.970352  -0.291816  
-0.959999  -0.261118  
-0.946374  -0.245926  
-0.925809  -0.231615  
-0.92447  -0.229847  
-0.847236  -0.177804  
-0.85127  -0.190949  
-0.844807  -0.197241  
-0.857377  -0.220675  
-0.862181  -0.231912  
-0.84957  -0.208906  
-0.839789  -0.197563  
-0.839477  -0.196254  
-0.871638  -0.232744  
-0.877702  -0.242284  
-0.906074  -0.262099  
-0.931265  -0.289047  
-0.944261  -0.301696  
-0.922738  -0.272558  
-0.925323  -0.27339  
-0.934368  -0.282256  
-0.95048  -0.328629  
-0.947178  -0.323462  
-0.953407  -0.324503  
-0.92027  -0.324346  
-0.923552  -0.3315  
-0.91227  -0.337989  
-0.910017  -0.332652  
-0.914469  -0.342181  
-0.90123  -0.341899  
-0.889441  -0.327854  
-0.908089  -0.3366  
-0.941241  -0.379828  
-0.931652  -0.37137  
-0.944678  -0.383594  
-0.969819  -0.373461  
-0.967689  -0.368599  
-0.972203  -0.370957  
-0.968105  -0.348091  
-0.967551  -0.347496  
-0.961376  -0.342597  
-0.959834  -0.339917  
-0.909491  -0.296017  
-0.91196  -0.301575  
-0.911137  -0.296965  
-0.902477  -0.302914  
-0.875029  -0.2898  
-0.863757  -0.297738  
-0.862858  -0.293794  
-0.863113  -0.297651  
-0.878974  -0.320318  
-0.876337  -0.315372  
-0.897366  -0.335911  
-0.8966  -0.333645  
-0.919746  -0.343309  
-0.918658  -0.340819  
-0.923166  -0.338824  
-0.932412  -0.321759  
-0.931238  -0.31968  
-0.948381  -0.322818  
-0.946933  -0.320543  
-0.923197  -0.30186  
-0.925596  -0.298473  
-0.908194  -0.28684  
-0.925622  -0.305552  
-0.91063  -0.286419  
-0.905825  -0.284844  
-0.89787  -0.286868  
-0.897125  -0.284987  
-0.902242  -0.311577  
-0.905981  -0.317062  
-0.92462  -0.334187  
-0.92355  -0.331842  
-0.885456  -0.303046  
-0.882649  -0.313071  
-0.881539  -0.316805  
-0.881078  -0.321482  
-0.89204  -0.327858  
-0.888412  -0.320715  
-0.888635  -0.317457  
-0.887371  -0.31035  
-0.890831  -0.317284  
-0.890219  -0.315484  
-0.880397  -0.325022  
-0.890653  -0.327566  
-0.915547  -0.344217  
-0.906092  -0.343553  
-0.905545  -0.346285  
-0.904684  -0.344008  
-0.91295  -0.346771  
-0.902023  -0.334151  
-0.877471  -0.316167  
-0.889172  -0.32544  
-0.880562  -0.326838  
-0.870663  -0.29883  
-0.870256  -0.297151  
-0.89483  -0.308664  
-0.889743  -0.297921  
-0.891218  -0.30126  
-0.903624  -0.312494  
-0.919602  -0.336715  
-0.930982  -0.347593  
-0.962643  -0.3673  
-0.98761  -0.376707  
-1.01171  -0.410428  
-1.01993  -0.415682  
-1.00297  -0.397109  
-0.996989  -0.39714  
-1.00564  -0.402646  
-0.983198  -0.383796  
-0.972537  -0.38248  
-0.930025  -0.343141  
-0.928879  -0.341102  
-0.898093  -0.303804  
-0.877477  -0.285334  
-0.873197  -0.274182  
-0.840626  -0.248573  
-0.84054  -0.24767  
-0.852569  -0.248528  
-0.852159  -0.246709  
-0.852752  -0.24928  
-0.901261  -0.28012  
-0.929878  -0.300733  
-0.967612  -0.345186  
-0.964537  -0.34105  
-0.96539  -0.334602  
-0.988165  -0.344723  
-1.00967  -0.358242  
-0.991103  -0.349995  
-0.989274  -0.347734  
-0.95778  -0.318319  
-0.95957  -0.328423  
-0.942451  -0.324224  
-0.922546  -0.30509  
-0.919442  -0.305396  
-0.922911  -0.309751  
-0.932209  -0.319542  
-0.951726  -0.346385  
-0.961855  -0.353225  
-0.970288  -0.363877  
-1.04342  -0.434116  
-1.0391  -0.428535  
-1.03832  -0.419759  
-1.0712  -0.457256  
-1.082  -0.46517  
-1.05946  -0.455051  
-1.04932  -0.442013  
-1.04502  -0.434683  
-1.01032  -0.384383  
-0.961364  -0.349307  
-0.954274  -0.337521  
-0.958362  -0.340805  
-0.954687  -0.31344  
-0.942641  -0.311218  
-0.955734  -0.307628  
-0.963505  -0.309242  
-0.986268  -0.323188  
-0.96708  -0.297152  
-1.02708  -0.332837  
-1.02472  -0.330939  
-1.01157  -0.324395  
-1.01639  -0.328628  
-1.01413  -0.32677  
-1.00279  -0.300542  
-0.990034  -0.294536  
-0.973117  -0.269014  
-0.952669  -0.258061  
-0.96457  -0.26774  
-0.947786  -0.257687  
-0.975011  -0.276365  
-0.98844  -0.277913  
-0.985397  -0.277278  
-1.00221  -0.297512  
-1.00695  -0.305338  
-1.00642  -0.315704  
-0.978223  -0.319653  
-0.975668  -0.327468  
-0.960841  -0.314722  
-0.924704  -0.302272  
-0.924779  -0.301906  
-0.901551  -0.282374  
-0.873855  -0.273372  
-0.860182  -0.265965  
-0.873081  -0.274296  
-0.881691  -0.285898  
-0.914957  -0.286825  
-0.927025  -0.295421  
-0.983057  -0.306504  
-0.995333  -0.31559  
-0.981529  -0.302537  
-0.989909  -0.304579  
-1.03998  -0.337123  
-1.03722  -0.335271  
-1.043  -0.320466  
-1.05439  -0.32357  
-1.04806  -0.331118  
-1.00552  -0.304644  
-1.00318  -0.303216  
-0.999418  -0.316206  
-1.00678  -0.316933  
-0.991107  -0.313446  
-1.01992  -0.316431  
-1.01759  -0.314986  
-1.04141  -0.34978  
-1.02618  -0.34768  
-1.04677  -0.357612  
-1.05668  -0.364239  
-1.06503  -0.36205  
-1.06881  -0.364388  
-1.0784  -0.371073  
-1.08012  -0.37243  
-1.07217  -0.378655  
-1.07668  -0.377594  
-1.09108  -0.38376  
-1.11021  -0.392833  
-1.11762  -0.398082  
-1.1168  -0.38978  
-1.1398  -0.405255  
-1.12439  -0.390158  
-1.13442  -0.397205  
-1.09093  -0.378756  
-1.09756  -0.383491  
-1.07825  -0.373976  
-1.06087  -0.361773  
-1.05697  -0.35939  
-1.02673  -0.334598  
-1.03566  -0.336931  
-1.0293  -0.332188  
-1.04353  -0.335059  
-1.05436  -0.337869  
-1.11525  -0.36137  
-1.13165  -0.349534  
-1.15997  -0.350048  
-1.16244  -0.349745  
-1.14719  -0.340847  
-1.14764  -0.328134  
-1.1615  -0.321791  
-1.15273  -0.318328  
-1.14254  -0.318974  
-1.10352  -0.29491  
-1.09618  -0.292151  
-1.05086  -0.265573  
-1.02528  -0.276411  
-1.01341  -0.272483  
-1.05159  -0.309481  
-1.0484  -0.307969  
-1.05864  -0.340666  
-1.05516  -0.338724  
-1.11502  -0.376381  
-1.11096  -0.374042  
-1.14666  -0.388257  
-1.13745  -0.378836  
-1.15017  -0.374683  
-1.16126  -0.382157  
-1.16262  -0.369943  
-1.16259  -0.369919  
-1.15056  -0.347661  
-1.15053  -0.347636  
-1.15075  -0.347701  
-1.17326  -0.361151  
-1.16833  -0.367293  
-1.17739  -0.37585  
-1.18819  -0.383433  
-1.2052  -0.408857  
-1.19932  -0.40487  
-1.2368  -0.427585  
-1.23389  -0.42665  
-1.21539  -0.423799  
-1.20156  -0.42079  
-1.16337  -0.407961  
-1.17132  -0.401406  
-1.17491  -0.407452  
-1.14863  -0.39398  
-1.1601  -0.401302  
-1.19913  -0.407638  
-1.19478  -0.410761  
-1.19272  -0.403846  
-1.20045  -0.405025  
-1.21039  -0.391446  
-1.21714  -0.394851  
-1.19407  -0.379904  
-1.18632  -0.375824  
-1.18382  -0.370434  
-1.17856  -0.368212  
-1.1322  -0.349713  
-1.0934  -0.330476  
-1.08907  -0.328712  
-1.12236  -0.334737  
-1.1222  -0.342726  
-1.08556  -0.328435  
-1.09162  -0.329053  
-1.12964  -0.339305  
-1.13368  -0.339296  
-1.13748  -0.328528  
-1.14421  -0.334003  
-1.12809  -0.325184  
-1.14707  -0.33171  
-1.13942  -0.324805  
-1.11024  -0.304878  
-1.11265  -0.300814  
-1.129  -0.293938  
-1.15415  -0.306626  
-1.14618  -0.299728  
-1.21631  -0.330189  
-1.20759  -0.323015  
-1.2123  -0.324056  
-1.2326  -0.325465  
-1.2271  -0.323899  
-1.24716  -0.329627  
-1.23665  -0.321225  
-1.1942  -0.299996  
-1.20426  -0.306895  
-1.13742  -0.252988  
-1.13241  -0.252176  
-1.13583  -0.247246  
-1.1311  -0.24655  
-1.14218  -0.237989  
-1.15135  -0.241122  
-1.21048  -0.248129  
-1.2128  -0.250355  
-1.2251  -0.249631  
-1.2306  -0.250208  
-1.23871  -0.2531  
-1.23227  -0.264143  
-1.21989  -0.262334  
-1.23385  -0.255569  
-1.22478  -0.255002  
-1.17747  -0.235354  
-1.1029  -0.220899  
-1.10077  -0.21646  
-1.09813  -0.211459  
-1.1381  -0.226914  
-1.15343  -0.230895  
-1.20242  -0.23791  
-1.2258  -0.244412  
-1.26805  -0.263573  
-1.267  -0.257788  
-1.27091  -0.25231  
-1.29192  -0.259842  
-1.31199  -0.261855  
-1.31406  -0.258765  
-1.29676  -0.252505  
-1.2586  -0.225146  
-1.24267  -0.219716  
-1.23065  -0.21663  
-1.17812  -0.198812  
-1.17058  -0.194449  
-1.15897  -0.184808  
-1.15319  -0.184908  
-1.1989  -0.19011  
-1.20337  -0.184667  
-1.23905  -0.19085  
-1.23007  -0.186459  
-1.25755  -0.190965  
-1.2773  -0.196835  
-1.29198  -0.200167  
-1.2661  -0.185408  
-1.24971  -0.181309  
-1.21894  -0.161076  
-1.24539  -0.169224  
-1.15817  -0.144012  
-1.16784  -0.15236  
-1.1618  -0.157097  
-1.15391  -0.153273  
-1.18677  -0.162653  
-1.22059  -0.159156  
-1.23111  -0.166917  
-1.29468  -0.178998  
-1.29037  -0.174099  
-1.33481  -0.188447  
-1.32465  -0.184417  
-1.31089  -0.171769  
-1.301  -0.168002  
-1.24615  -0.142552  
-1.27329  -0.150186  
-1.15392  -0.112592  
-1.13929  -0.106167  
-1.07101  -0.0856873  
-1.0641  -0.082931  
-1.06138  -0.081735  
-1.07659  -0.0846855  
-1.13572  -0.088298  
-1.15941  -0.0912641  
-1.189  -0.0927054  
-1.20418  -0.0852141  
-1.19683  -0.0867503  
-1.27725  -0.104992  
-1.29763  -0.105265  
-1.28819  -0.101265  
-1.27908  -0.102253  
-1.22958  -0.094983  
-1.21985  -0.0924648  
-1.21555  -0.0925753  
-1.12656  -0.0890863  
-1.11758  -0.0871727  
-1.1251  -0.0933861  
-1.1301  -0.0896254  
-1.19571  -0.104759  
-1.2011  -0.100396  
-1.21981  -0.104161  
-1.2385  -0.104057  
-1.27392  -0.105541  
-1.26497  -0.107027  
-1.31428  -0.116522  
-1.28421  -0.106446  
-1.30639  -0.107672  
-1.20675  -0.105697  
-1.22146  -0.10843  
-1.11204  -0.0906023  
-1.09997  -0.0908009  
-1.04144  -0.0844508  
-1.0564  -0.0819006  
-1.07943  -0.0832791  
-1.11602  -0.0953162  
-1.11054  -0.0937671  
-1.1874  -0.114127  
-1.1971  -0.121041  
-1.27372  -0.12053  
-1.28672  -0.122762  
-1.33162  -0.13389  
-1.3815  -0.129512  
-1.37075  -0.130881  
-1.32131  -0.129771  
-1.31104  -0.127501  
-1.20909  -0.107335  
-1.1912  -0.10343  
-1.19932  -0.100701  
-1.1392  -0.080704  
-1.12387  -0.0764926  
-1.13681  -0.0726408  
-1.12888  -0.0747811  
-1.15976  -0.0705057  
-1.1693  -0.0740696  
-1.1547  -0.0671652  
-1.14935  -0.0697433  
-1.21006  -0.0715813  
-1.21054  -0.0757049  
-1.1634  -0.0720249  
-1.16336  -0.0720293  
-1.14292  -0.0700444  
-1.10938  -0.0668782  
-1.06714  -0.0569738  
-1.05993  -0.0555961  
-1.09366  -0.0562822  
-1.1023  -0.0487166  
-1.09438  -0.0525679  
-1.08555  -0.0556937  
-1.13512  -0.059445  
-1.14509  -0.063083  
-1.14268  -0.0634983  
-1.13524  -0.0638314  
-1.14517  -0.0673575  
-1.11675  -0.0634527  
-1.10883  -0.0658448  
-1.06389  -0.0717755  
-1.02786  -0.0734042  
-0.996669  -0.0709204  
-0.990196  -0.0697377  
-1.01754  -0.0655206  
-1.02153  -0.0637713  
-1.03906  -0.0682443  
-1.07658  -0.0700149  
-1.0835  -0.0659862  
-1.11317  -0.0755463  
-1.12289  -0.0786089  
-1.14689  -0.0823827  
-1.1277  -0.0837997  
-1.12906  -0.0841595  
-1.11611  -0.0936099  
-1.09554  -0.0942755  
-1.03117  -0.105596  
-1.0417  -0.108132  
-0.95853  -0.119799  
-0.931562  -0.12557  
-0.913734  -0.122125  
-0.913531  -0.122169  
-0.93721  -0.126363  
-0.930724  -0.125216  
-0.981546  -0.124065  
-0.981397  -0.124725  
-0.998363  -0.113459  
-0.985716  -0.106695  
-1.00052  -0.102876  
-1.03036  -0.104212  
-1.04518  -0.105703  
-1.04872  -0.106288  
-1.04011  -0.10893  
-1.03498  -0.114682  
-1.02268  -0.113735  
-0.954608  -0.13037  
-1.00124  -0.139227  
-1.02613  -0.141656  
-1.0289  -0.148904  
-1.0149  -0.149143  
-1.0262  -0.143673  
-1.03529  -0.138001  
-1.03716  -0.137856  
-1.03993  -0.145008  
-1.03351  -0.116599  
-1.00981  -0.12056  
-1.01908  -0.11075  
-0.987374  -0.105669  
-0.948577  -0.0982617  
-0.942323  -0.0975583  
-0.929943  -0.0879969  
-0.923782  -0.0874884  
-0.919253  -0.100624  
-0.930339  -0.102817  
-0.910876  -0.126595  
-0.902313  -0.127579  
-0.980426  -0.129377  
-0.979368  -0.12754  
-1.01114  -0.134537  
-1.00383  -0.133614  
-1.04128  -0.13815  
-1.03373  -0.137095  
-1.04092  -0.143723  
-1.00452  -0.128236  
-1.02836  -0.128617  
-1.03699  -0.122175  
-1.02966  -0.121312  
-1.03513  -0.131675  
-1.04519  -0.133486  
-1.04862  -0.132597  
-1.06061  -0.133048  
-1.06979  -0.134726  
-1.0318  -0.140735  
-1.04211  -0.142447  
-1.02541  -0.142567  
-1.00605  -0.142371  
-0.996993  -0.137083  
-0.978969  -0.137256  
-0.971987  -0.130531  
-0.955861  -0.123179  
-0.947256  -0.12407  
-0.968211  -0.120397  
-0.961718  -0.119734  
-1.02488  -0.113595  
-1.01777  -0.113068  
-1.07011  -0.11564  
-1.06242  -0.115146  
-1.08334  -0.109562  
-1.1141  -0.119986  
-1.10373  -0.123336  
-1.0684  -0.12326  
-1.0212  -0.130746  
-1.0311  -0.125874  
-0.999137  -0.128206  
-0.97163  -0.13509  
-0.970686  -0.130769  
-0.941929  -0.153303  
-0.95272  -0.147997  
-0.995562  -0.150614  
-0.989072  -0.149543  
-1.02543  -0.150977  
-1.03624  -0.152477  
-1.0986  -0.154115  
-1.09103  -0.152936  
-1.08574  -0.154889  
-1.10834  -0.157129  
-1.12299  -0.15277  
-1.05473  -0.144831  
-1.06536  -0.14638  
-1.08125  -0.148829  
-1.05813  -0.148733  
-1.0358  -0.159168  
-1.04684  -0.161026  
-1.04977  -0.166989  
-1.06447  -0.163522  
-1.05827  -0.168383  
-1.04099  -0.167249  
-1.08294  -0.160438  
-1.08933  -0.162143  
-1.06433  -0.165727  
-1.07953  -0.166356  
-1.08747  -0.160097  
-1.09545  -0.154238  
-1.13555  -0.153018  
-1.12756  -0.152016  
-1.16427  -0.14581  
-1.16423  -0.14582  
-1.16081  -0.157776  
-1.15259  -0.156806  
-1.15257  -0.156847  
-1.12621  -0.156327  
-1.1183  -0.15552  
-1.09929  -0.160543  
-1.08621  -0.158787  
-1.06666  -0.157113  
-1.04925  -0.159659  
-1.06604  -0.150666  
-1.07583  -0.151873  
-1.13209  -0.144252  
-1.12102  -0.141484  
-1.15316  -0.138344  
-1.17033  -0.140134  
-1.17594  -0.133874  
-1.16728  -0.133526  
-1.16923  -0.130019  
-1.16925  -0.130024  
-1.16394  -0.140288  
-1.15463  -0.135487  
-1.15824  -0.138959  
-1.14538  -0.138007  
-1.13341  -0.151029  
-1.14243  -0.152162  
-1.14254  -0.159489  
-1.15471  -0.163182  
-1.18852  -0.166395  
-1.16264  -0.164228  
-1.17941  -0.165711  
-1.17123  -0.1573  
-1.16259  -0.156989  
-1.16267  -0.146115  
-1.16514  -0.149136  
-1.14795  -0.150638  
-1.11393  -0.135279  
-1.10456  -0.129816  
-1.1226  -0.126562  
-1.13058  -0.11975  
-1.16359  -0.1128  
-1.15502  -0.113211  
-1.23339  -0.101732  
-1.23803  -0.0964164  
-1.2181  -0.0951394  
-1.24504  -0.0842673  
-1.22811  -0.0819444  
-1.24481  -0.0832221  
-1.24749  -0.0791549  
-1.21433  -0.0617402  
-1.19943  -0.0657534  
-1.18779  -0.0480537  
-1.18768  -0.0511683  
-1.20545  -0.0470513  
-1.19724  -0.0473011  
-1.17974  -0.0445739  
-1.22006  -0.0415956  
-1.2001  -0.0442894  
-1.17162  -0.0444054  
-1.14232  -0.0657401  
-1.15456  -0.0636737  
-1.13546  -0.0586463  
-1.13828  -0.0545869  
-1.10699  -0.0587078  
-1.0364  -0.0600753  
-1.03319  -0.056621  
-1.04886  -0.0467787  
-1.03865  -0.0488245  
-1.06657  -0.0413316  
-1.15084  -0.0084655  
-1.14331  -0.00973399  
-1.1429  -0.00985315  
-1.12793  -0.0100146  
-1.14597  -0.0045537  
-1.14209  0.00261935  
-1.15696  0.000619288  
-1.1398  0.00176392  
-1.09033  -0.00883343  
-1.07179  -0.0134528  
-1.01622  -0.0268063  
-0.978775  -0.0374972  
-0.966808  -0.046837  
-0.961253  -0.0479076  
-0.949967  -0.0605088  
-0.949332  -0.0667054  
-1.02355  -0.0628269  
-1.01259  -0.0630507  
-1.01556  -0.0588871  
-1.05506  -0.0488658  
-1.03951  -0.0494902  
-1.05123  -0.0512357  
-1.06006  -0.0419065  
-1.05775  -0.0346108  
-1.06195  -0.0353663  
-1.04976  -0.0309071  
-1.01004  -0.0291051  
-0.985372  -0.0265562  
-0.968159  -0.0369732  
-0.937004  -0.0534871  
-0.931526  -0.0591201  
-0.931236  -0.0592305  
-0.955132  -0.0636817  
-0.949866  -0.0646514  
-0.961597  -0.0627518  
-0.962505  -0.0653446  
-0.991976  -0.0569869  
-1.01199  -0.0509005  
-1.02076  -0.0462119  
-1.10166  -0.01624  
-1.10054  -0.00219521  
-1.05039  -0.00367457  
-1.04415  -0.00525257  
-1.06991  -0.00104229  
-1.06343  -0.00267396  
-1.04856  -0.00921711  
-1.04526  -0.0175765  
-1.02284  -0.0317327  
-1.02026  -0.034361  
-0.959982  -0.0602613  
-0.960566  -0.0620461  
-0.960317  -0.0621465  
-0.980507  -0.0623958  
-0.955692  -0.0705316  
-0.905049  -0.0762036  
-0.924576  -0.0678983  
-0.900005  -0.0496461  
-0.903625  -0.0445807  
-0.924009  -0.0319246  
-0.915347  -0.0344122  
-0.939343  -0.0290419  
-0.946687  -0.0242451  
-0.954223  -0.0216147  
-0.991007  -0.0113688  
-1.00008  -0.010842  
-0.997912  -0.00469245  
-0.992763  -0.00620582  
-1.04071  -0.00242309  
-1.03514  -0.00391818  
-0.959787  -0.0183417  
-0.955358  -0.0195928  
-0.942029  -0.0144464  
-0.924903  -0.00773778  
-0.920682  -0.006065  
-0.884626  -0.0176187  
-0.875968  -0.0109304  
-0.885423  -0.0140722  
-0.888592  -0.0115975  
-0.874311  -0.0199036  
-0.922611  -0.00429934  
-0.95837  0.00109918  
-0.95808  0.000995905  
-0.951534  -0.00755881  
-0.992714  0.00162793  
-1.00382  0.00993391  
-1.0313  0.012682  
-1.02643  0.0110909  
-1.02218  0.0100355  
-1.00944  0.00820779  
-0.986319  0.00475008  
-0.956791  -0.00693456  
-0.937468  -0.00868193  
-0.917695  -0.00938374  
-0.902858  -0.0129966  
-0.907267  -0.0143607  
-0.924721  -0.0214094  
-0.917114  -0.0310019  
-0.945017  -0.0181587  
-0.9617  -0.0190775  
-0.961569  -0.0191381  
-1.00366  -0.00969078  
-1.006  -0.0118577  
-1.02215  -0.00269064  
-1.01889  -0.000113858  
-0.955257  0.0115374  
-0.973532  0.0115769  
-0.968231  0.0201038  
-0.926581  0.0344028  
-0.920819  0.0433553  
-0.871084  0.0493917  
-0.875902  0.0525482  
-0.842884  0.0559463  
-0.833961  0.0517177  
-0.850663  0.0519559  
-0.852125  0.0532969  
-0.869257  0.0521236  
-0.877408  0.0742509  
-0.877111  0.0723361  
-0.910927  0.0702977  
-0.912735  0.0729386  
-0.908973  0.0788502  
-0.910933  0.0814231  
-0.86736  0.0889674  
-0.866456  0.0871213  
-0.863007  0.0879251  
-0.862896  0.10394  
-0.851472  0.107447  
-0.844052  0.109673  
-0.843659  0.107591  
-0.831675  0.117576  
-0.861478  0.130381  
-0.881732  0.126919  
-0.893453  0.135394  
-0.913285  0.123314  
-0.916537  0.122103  
-0.901506  0.118056  
-0.900723  0.115953  
-0.927942  0.107878  
-0.93428  0.114805  
-0.913635  0.111291  
-0.908804  0.0947959  
-0.908334  0.0931096  
-0.81528  0.0799479  
-0.820345  0.0813985  
-0.797066  0.0823116  
-0.798231  0.0726647  
-0.798994  0.07133  
-0.78036  0.0809111  
-0.781329  0.079459  
-0.778826  0.0715103  
-0.773139  0.0728171  
-0.837412  0.0827258  
-0.849509  0.0882573  
-0.915185  0.0913316  
-0.943662  0.0923086  
-0.960159  0.0973433  
-0.947613  0.0913795  
-1.02977  0.0815575  
-1.03204  0.0847154  
-1.02927  0.0705395  
-1.02538  0.0659391  
-0.993623  0.057349  
-0.947204  0.0424347  
-0.933027  0.0395837  
-0.907684  0.0318621  
-0.915078  0.0299783  
-0.852141  0.0373701  
-0.844602  0.0353306  
-0.839991  0.0323358  
-0.863945  0.0330789  
-0.853264  0.0332055  
-0.882558  0.0379366  
-0.912014  0.0495098  
-0.932855  0.051779  
-0.9165  0.0523591  
-0.928335  0.056381  
-0.916455  0.0607063  
-0.955546  0.0639473  
-0.959677  0.066669  
-0.947147  0.0667464  
-0.930535  0.0802975  
-0.90237  0.0735612  
-0.909569  0.0841461  
-0.873639  0.0903685  
-0.879507  0.0943371  
-0.890792  0.104858  
-0.872262  0.109128  
-0.899822  0.117732  
-0.895543  0.123635  
-0.873348  0.120553  
-0.892689  0.128902  
-0.893524  0.125839  
-0.950405  0.1374  
-0.955399  0.140515  
-0.950424  0.143346  
-0.94504  0.139109  
-0.944789  0.140074  
-0.936683  0.137337  
-0.941857  0.140358  
-0.924269  0.141986  
-0.935324  0.145052  
-0.895864  0.142862  
-0.909546  0.144552  
-0.911229  0.149381  
-0.871858  0.157764  
-0.901978  0.169743  
-0.896475  0.171983  
-0.894429  0.182091  
-0.919857  0.188807  
-0.926883  0.198286  
-0.937055  0.205913  
-0.910321  0.208245  
-0.920006  0.217797  
-0.929139  0.220489  
-0.914964  0.220478  
-0.918321  0.223279  
-0.904281  0.21667  
-0.907092  0.214599  
-0.884935  0.21484  
-0.894889  0.215738  
-0.881364  0.213438  
-0.884063  0.211391  
-0.86696  0.208148  
-0.869997  0.206202  
-0.859621  0.195099  
-0.868423  0.204778  
-0.840476  0.198573  
-0.85964  0.20413  
-0.843417  0.19267  
-0.822716  0.18257  
-0.828183  0.186486  
-0.850394  0.190701  
-0.842718  0.197268  
-0.857501  0.200267  
-0.846439  0.195906  
-0.875406  0.207327  
-0.870993  0.20215  
-0.915275  0.218528  
-0.921978  0.228357  
-0.948547  0.230082  
-0.946977  0.233698  
-0.950826  0.241072  
-0.959773  0.246691  
-0.95601  0.234816  
-0.960796  0.252225  
-0.94643  0.253543  
-0.91632  0.244406  
-0.901215  0.253834  
-0.890171  0.25366  
-0.876938  0.252124  
-0.860441  0.245649  
-0.888671  0.259019  
-0.866639  0.255667  
-0.864384  0.258898  
-0.875534  0.258345  
-0.883006  0.260376  
-0.90442  0.263555  
-0.899057  0.262029  
-0.902782  0.275843  
-0.894615  0.266793  
-0.850682  0.257815  
-0.855956  0.257947  
-0.842854  0.260942  
-0.864645  0.287574  
-0.872927  0.290775  
-0.883426  0.313328  
-0.865516  0.309325  
-0.902391  0.330193  
-0.895628  0.332992  
-0.899861  0.356781  
-0.897438  0.365625  
-0.903621  0.380226  
-0.915172  0.386356  
-0.896949  0.389827  
-0.883375  0.39097  
-0.879796  0.397958  
-0.887835  0.400114  
-0.855697  0.390836  
-0.855658  0.390836  
-0.836292  0.384747  
-0.841713  0.380783  
-0.806845  0.37944  
-0.809616  0.378456  
-0.798181  0.371108  
-0.802507  0.368365  
-0.81266  0.372946  
-0.815902  0.374835  
-0.823069  0.374708  
-0.803571  0.383122  
-0.80123  0.378298  
-0.834642  0.399038  
-0.818473  0.394042  
-0.87038  0.41087  
-0.864863  0.413211  
-0.873744  0.41182  
-0.8492  0.404126  
-0.879562  0.413108  
-0.887103  0.415365  
-0.868788  0.400637  
-0.892997  0.403452  
-0.858516  0.367265  
-0.865779  0.370051  
-0.870423  0.379556  
-0.890994  0.380535  
-0.878044  0.380503  
-0.916654  0.410664  
-0.91889  0.415893  
-0.905844  0.411024  
-0.912428  0.413411  
-0.93489  0.454536  
-0.937102  0.458454  
-0.940522  0.470322  
-0.935784  0.476324  
-0.927607  0.482857  
-0.923125  0.476313  
-0.945066  0.493044  
-0.929847  0.484821  
-0.919601  0.492789  
-0.920035  0.50602  
-0.910341  0.506559  
-0.874368  0.486316  
-0.875823  0.489783  
-0.872809  0.485731  
-0.846209  0.474774  
-0.85707  0.483074  
-0.832812  0.47989  
-0.828308  0.481952  
-0.83071  0.478861  
-0.843673  0.482174  
-0.845228  0.485257  
-0.829684  0.475251  
-0.852519  0.492455  
-0.855574  0.490116  
-0.856783  0.502668  
-0.877483  0.51513  
-0.862504  0.502367  
-0.873981  0.516167  
-0.884759  0.541069  
-0.890446  0.541917  
-0.894099  0.564501  
-0.899676  0.565173  
-0.902669  0.571549  
-0.901681  0.573975  
-0.896395  0.575065  
-0.889261  0.583578  
-0.867691  0.573783  
-0.83998  0.565495  
-0.822143  0.556347  
-0.802096  0.545911  
-0.800112  0.561552  
-0.760574  0.550217  
-0.766518  0.550421  
-0.753785  0.562522  
-0.759459  0.562367  
-0.74952  0.563374  
-0.765744  0.605582  
-0.766934  0.605239  
-0.790682  0.641365  
-0.786219  0.641373  
-0.804207  0.669559  
-0.801789  0.674124  
-0.809627  0.696226  
-0.811237  0.693686  
-0.814174  0.70746  
-0.823561  0.713853  
-0.810345  0.702472  
-0.805763  0.704607  
-0.805258  0.709704  
-0.813757  0.707925  
-0.798741  0.700009  
-0.775019  0.677778  
-0.750139  0.6724  
-0.731963  0.659022  
-0.726117  0.672052  
-0.727228  0.680683  
-0.724775  0.681812  
-0.743057  0.712208  
-0.75124  0.729981  
-0.735725  0.729446  
-0.743829  0.736772  
-0.7371  0.751042  
-0.737403  0.750664  
-0.729584  0.752017  
-0.725306  0.750178  
-0.731986  0.753143  
-0.728865  0.771613  
-0.728518  0.776888  
-0.702498  0.754892  
-0.702764  0.760579  
-0.697701  0.758803  
-0.681982  0.752699  
-0.682467  0.758385  
-0.680237  0.779933  
-0.692479  0.80495  
-0.702914  0.816481  
-0.679781  0.813327  
-0.676917  0.820939  
-0.677883  0.825101  
-0.692107  0.857523  
-0.700528  0.876483  
-0.696177  0.872615  
-0.668876  0.857006  
-0.665188  0.858608  
-0.649377  0.84336  
-0.632627  0.832645  
-0.647166  0.861506  
-0.64614  0.884564  
-0.648287  0.890683  
-0.643518  0.897534  
-0.648091  0.909023  
-0.633117  0.895033  
-0.639654  0.920013  
-0.647094  0.934105  
-0.659889  0.973389  
-0.655915  0.968241  
-0.646122  0.961761  
-0.643973  0.958938  
-0.609032  0.926025  
-0.601816  0.915956  
-0.60762  0.924233  
-0.60207  0.916054  
-0.610677  0.924378  
-0.603676  0.914751  
-0.589321  0.910986  
-0.596845  0.925981  
-0.605754  0.957716  
-0.612528  0.967329  
-0.617056  0.987132  
-0.613211  0.981087  
-0.608046  0.979378  
-0.593932  0.961839  
-0.574378  0.944394  
-0.568634  0.936628  
-0.583363  0.944346  
-0.580968  0.941302  
-0.567009  0.914107  
-0.546082  0.878175  
-0.545735  0.878104  
-0.540815  0.868152  
-0.541121  0.867885  
-0.534586  0.869404  
-0.538798  0.879658  
-0.537197  0.878958  
-0.553545  0.912663  
-0.545415  0.900541  
-0.561028  0.935265  
-0.56135  0.960631  
-0.571076  0.97603  
-0.589795  1.01753  
-0.595919  1.03796  
-0.584845  1.01894  
-0.582338  1.02616  
-0.561921  0.981519  
-0.56108  0.977712  
-0.561049  0.977025  
-0.526426  0.931902  
-0.526065  0.928512  
-0.516512  0.88985  
-0.506983  0.886931  
-0.493561  0.865981  
-0.490026  0.870149  
-0.495212  0.874763  
-0.512598  0.904878  
-0.509696  0.89882  
-0.517918  0.93681  
-0.514822  0.936416  
-0.52905  0.99273  
-0.523797  0.982833  
-0.535917  1.00842  
-0.539354  1.02161  
-0.52783  1.00241  
-0.526577  0.995724  
-0.520796  0.986595  
-0.504477  0.948339  
-0.506963  0.953884  
-0.501883  0.96514  
-0.506129  0.975961  
-0.510562  0.969943  
-0.51435  0.988215  
-0.514232  0.988182  
-0.529171  1.021  
-0.550636  1.07931  
-0.543224  1.06267  
-0.559821  1.1062  
-0.554164  1.12947  
-0.554161  1.11068  
-0.558672  1.12007  
-0.560085  1.11939  
-0.554894  1.13394  
-0.556208  1.13317  
-0.535737  1.11281  
-0.538971  1.10147  
-0.487486  1.02015  
-0.495009  1.02787  
-0.486439  1.01775  
-0.480848  1.00006  
-0.470647  1.00691  
-0.456567  1.00062  
-0.450817  0.996903  
-0.456069  1.02618  
-0.458516  1.02821  
-0.467424  1.06942  
-0.497343  1.13057  
-0.497277  1.13062  
-0.487196  1.12856  
-0.487022  1.1297  
-0.485479  1.11494  
-0.483143  1.11418  
-0.484848  1.1124  
-0.465772  1.09621  
-0.464439  1.08707  
-0.449973  1.04341  
-0.437507  1.03269  
-0.430646  1.02265  
-0.433129  1.02182  
-0.417389  0.981925  
-0.419041  0.998532  
-0.4139  0.989827  
-0.397273  0.961058  
-0.400638  0.963681  
-0.406006  0.980854  
-0.406109  0.971094  
-0.396978  0.957087  
-0.39439  0.949569  
-0.392159  0.940597  
-0.401902  0.983734  
-0.414043  1.00536  
-0.419055  1.01607  
-0.430936  1.04568  
-0.437658  1.07011  
-0.419114  1.02815  
-0.418074  1.03361  
-0.407866  1.04343  
-0.410348  1.04296  
-0.398778  1.02286  
-0.36188  0.95145  
-0.367254  0.962655  
-0.335961  0.910146  
-0.342951  0.897981  
-0.335545  0.897122  
-0.326888  0.860517  
-0.326953  0.903437  
-0.324644  0.910792  
-0.320211  0.959601  
-0.323116  0.957801  
-0.322831  1.02099  
-0.321441  1.01019  
-0.305518  1.0351  
-0.308675  1.03279  
-0.292246  1.03956  
-0.295549  1.03737  
-0.288145  1.01684  
-0.288367  1.02696  
-0.286217  1.03143  
-0.266169  0.974763  
-0.262868  0.973224  
-0.257616  0.975979  
-0.251321  0.983934  
-0.260525  0.982705  
-0.243791  0.996197  
-0.24416  0.983171  
-0.229206  0.993485  
-0.223004  0.981306  
-0.207289  0.989579  
-0.203135  1.0127  
-0.211707  1.03215  
-0.218744  1.03447  
-0.2058  1.02449  
-0.201752  1.01615  
-0.204666  1.03798  
-0.201969  1.04046  
-0.205595  1.04878  
-0.188516  1.04221  
-0.195042  1.05128  
-0.183168  1.05671  
-0.182678  1.04332  
-0.177716  1.0862  
-0.176625  1.10662  
-0.18037  1.1148  
-0.174111  1.12461  
-0.173568  1.10422  
-0.174084  1.12074  
-0.175709  1.12501  
-0.181608  1.12593  
-0.183287  1.1399  
-0.182  1.1565  
-0.169562  1.11501  
-0.152533  1.10684  
-0.149915  1.11574  
-0.13387  1.10469  
-0.134121  1.15241  
-0.132966  1.15647  
-0.132997  1.18727  
-0.117197  1.23895  
-0.114763  1.24698  
-0.10522  1.2318  
-0.105637  1.25014  
-0.105478  1.25069  
-0.0899197  1.2663  
-0.0869713  1.27639  
-0.0594587  1.20217  
-0.0529251  1.16743  
-0.0448858  1.13349  
-0.0211116  1.11417  
-0.0270699  1.10892  
-0.017002  1.10935  
-0.0214686  1.16644  
-0.0181049  1.16253  
-0.0164567  1.19128  
-0.0114675  1.20762  
-0.0218569  1.2231  
-0.0185939  1.21874  
-0.0252014  1.28458  
-0.032917  1.29565  
-0.0199007  1.31371  
-0.0253494  1.29948  
-0.00612921  1.27426  
-0.00996588  1.27063  
-0.0063141  1.26365  
-0.00197517  1.28666  
-0.000166284  1.29344  
0.0187028  1.35461  
0.023407  1.35397  
0.045494  1.37671  
0.0447326  1.37796  
0.0583497  1.38918  
0.0599866  1.38372  
0.0680479  1.41766  
0.104359  1.40688  
0.106354  1.40011  
0.135323  1.3862  
0.133112  1.39435  
0.155013  1.39397  
0.154387  1.40099  
0.173648  1.42083  
0.175833  1.41234  
0.184947  1.45599  
0.186468  1.44872  
0.183115  1.45732  
0.164235  1.48775  
0.164521  1.50586  
0.167027  1.49028  
0.172075  1.49714  
0.162177  1.42769  
0.162802  1.4278  
0.164249  1.42216  
0.178588  1.40104  
0.178422  1.38199  
0.179498  1.37579  
0.204817  1.37969  
0.205569  1.37352  
0.212877  1.35903  
0.214389  1.3523  
0.220559  1.36359  
0.238545  1.38558  
0.258064  1.38181  
0.258166  1.37576  
0.24877  1.37219  
0.25812  1.36675  
0.262124  1.37241  
0.260863  1.36989  
0.255915  1.40504  
0.263456  1.44156  
0.266855  1.44161  
0.263688  1.44972  
0.275266  1.46785  
0.275466  1.47295  
0.291483  1.49286  
0.288082  1.4929  
0.297814  1.47368  
0.307215  1.4517  
0.315347  1.41862  
0.327848  1.40235  
0.346545  1.40375  
0.348044  1.40332  
0.352745  1.40748  
0.356823  1.48083  
0.361208  1.47822  
0.376234  1.51896  
0.380972  1.52552  
0.380219  1.52386  
0.381787  1.53275  
0.382357  1.52149  
0.390541  1.51864  
0.395154  1.52631  
0.412135  1.46058  
0.407202  1.44093  
0.421392  1.40766  
0.429664  1.40778  
0.426703  1.38935  
0.436376  1.39638  
0.437763  1.40439  
0.453209  1.44581  
0.454034  1.45702  
0.468314  1.47716  
0.462811  1.4774  
0.456185  1.52344  
0.460126  1.52912  
0.460526  1.52027  
0.464746  1.52616  
0.466885  1.51821  
0.469402  1.5048  
0.484087  1.48496  
0.484685  1.46376  
0.49566  1.44158  
0.491535  1.41627  
0.524899  1.43435  
0.518603  1.42337  
0.518628  1.42345  
0.488531  1.39796  
0.483423  1.39387  
0.47117  1.39431  
0.475551  1.40211  
0.440143  1.36914  
0.444975  1.37508  
0.430822  1.35029  
0.43334  1.34295  
0.432127  1.3379  
0.440227  1.33464  
0.445627  1.32613  
0.487484  1.36249  
0.485999  1.34263  
0.49286  1.34955  
0.496933  1.34514  
0.496458  1.36482  
0.497863  1.40187  
0.495059  1.39639  
0.473814  1.39826  
0.474946  1.3984  
0.460699  1.42385  
0.437265  1.46514  
0.433837  1.47385  
0.418172  1.46429  
0.422545  1.46917  
0.428472  1.46036  
0.426499  1.45451  
0.42594  1.4559  
0.428694  1.42946  
0.426852  1.42441  
0.412629  1.31545  
0.410824  1.31141  
0.424239  1.29809  
0.431815  1.29096  
0.43542  1.24553  
0.433865  1.24138  
0.435562  1.25179  
0.451325  1.29374  
0.447327  1.28489  
0.469486  1.36811  
0.467032  1.36328  
0.482646  1.41351  
0.486243  1.41917  
0.487957  1.45068  
0.485246  1.44498  
0.471662  1.41957  
0.469926  1.41623  
0.451051  1.35861  
0.448796  1.35397  
0.441175  1.32066  
0.434315  1.29025  
0.417126  1.22849  
0.410623  1.21716  
0.417915  1.22333  
0.416848  1.2386  
0.418621  1.24762  
0.417098  1.29341  
0.415379  1.30382  
0.417911  1.33824  
0.418825  1.32763  
0.416914  1.32163  
0.412248  1.32904  
0.409077  1.30348  
0.417179  1.31172  
0.415481  1.30841  
0.409083  1.27113  
0.409037  1.2768  
0.400366  1.22277  
0.400987  1.22166  
0.392459  1.23611  
0.390802  1.24718  
0.39129  1.25975  
0.394368  1.31834  
0.401361  1.32697  
0.397394  1.34506  
0.394695  1.35681  
0.399833  1.34717  
0.400096  1.34538  
0.398572  1.34045  
0.396945  1.33705  
0.405022  1.28398  
0.403335  1.28757  
0.406163  1.28187  
0.398997  1.18642  
0.400126  1.17865  
0.402105  1.1453  
0.408421  1.16419  
0.405718  1.1653  
0.406551  1.16853  
0.402833  1.17303  
0.412198  1.21322  
0.41892  1.21593  
0.424098  1.24237  
0.421073  1.25865  
0.42589  1.27364  
0.420328  1.26933  
0.417542  1.27511  
0.419275  1.23299  
0.416582  1.23206  
0.419486  1.22632  
0.421908  1.19988  
0.421769  1.20804  
0.409098  1.18774  
0.413297  1.17405  
0.411491  1.19908  
0.412984  1.18965  
0.413982  1.17471  
0.430456  1.19965  
0.43291  1.21679  
0.437901  1.21858  
0.428815  1.21406  
0.447291  1.25678  
0.445669  1.24685  
0.444125  1.24131  
0.436848  1.2279  
0.437225  1.23754  
0.414135  1.20638  
0.414213  1.2147  
0.400836  1.18926  
0.401251  1.18091  
0.383037  1.14695  
0.382938  1.13993  
0.384408  1.12976  
0.374218  1.05582  
0.373247  1.03094  
0.374672  1.02586  
0.390395  1.02676  
0.395278  1.03904  
0.400356  1.07531  
0.401028  1.08156  
0.399368  1.08227  
0.418246  1.13294  
0.418372  1.13515  
0.421276  1.20873  
0.419376  1.21721  
0.421471  1.24295  
0.411875  1.23373  
0.409402  1.24774  
0.406442  1.23787  
0.405781  1.23041  
0.401761  1.2193  
0.388519  1.19465  
0.388268  1.18814  
0.388702  1.17079  
0.392926  1.15666  
0.391377  1.16192  
0.412963  1.15832  
0.413946  1.15267  
0.411025  1.14622  
0.412445  1.1569  
0.416037  1.1728  
0.424737  1.2057  
0.430263  1.21573  
0.4235  1.23851  
0.422448  1.24042  
0.417755  1.23269  
0.405596  1.20279  
0.401076  1.20078  
0.399287  1.1969  
0.391475  1.20017  
0.384787  1.17835  
0.371175  1.15752  
0.363765  1.15098  
0.364109  1.12751  
0.361985  1.14512  
0.362934  1.12898  
0.36054  1.17865  
0.359673  1.19531  
0.364464  1.21545  
0.36519  1.22587  
0.371832  1.26291  
0.370593  1.26233  
0.367375  1.23701  
0.368852  1.23096  
0.352193  1.2113  
0.352727  1.22614  
0.345138  1.14901  
0.344194  1.14991  
0.338925  1.13475  
0.333156  1.09961  
0.32307  1.06603  
0.315037  1.04014  
0.312295  1.04641  
0.309304  1.06809  
0.315949  1.06002  
0.320214  1.12434  
0.31954  1.12583  
0.314824  1.18573  
0.316342  1.18151  
0.31967  1.18528  
0.33149  1.17439  
0.335302  1.19622  
0.344656  1.21663  
0.345428  1.21196  
0.350427  1.17702  
0.34746  1.15535  
0.348362  1.13064  
0.337322  1.10083  
0.341829  1.08542  
0.343724  1.08258  
0.337892  1.07542  
0.331697  1.06384  
0.326056  1.08228  
0.327472  1.09763  
0.321303  1.11782  
0.319111  1.14106  
0.310555  1.15098  
0.309937  1.15263  
0.310403  1.15053  
0.314259  1.16536  
0.310898  1.16245  
0.310283  1.16407  
0.312374  1.13102  
0.321612  1.12739  
0.324222  1.12825  
0.326012  1.1018  
0.329961  1.09527  
0.327306  1.08394  
0.333401  1.09523  
0.335283  1.09214  
0.330977  1.11742  
0.333025  1.13197  
0.327673  1.16602  
0.323047  1.15693  
0.311686  1.13529  
0.296614  1.12353  
0.292414  1.11267  
0.294201  1.12405  
0.281434  1.07933  
0.280932  1.05496  
0.277555  1.04307  
0.261246  1.0182  
0.263806  1.02031  
0.25613  1.00231  
0.253087  0.995305  
0.260472  0.993795  
0.255947  1.04875  
0.24985  1.04223  
0.249318  1.11536  
0.252194  1.11266  
0.256482  1.14265  
0.256455  1.14535  
0.256897  1.13094  
0.259675  1.12816  
0.260321  1.10046  
0.253295  1.08427  
0.249959  1.02719  
0.252864  1.02574  
0.242682  0.988334  
0.245695  0.987338  
0.242824  0.993585  
0.242184  0.980209  
0.236535  1.02075  
0.234091  1.01248  
0.233016  1.03464  
0.218108  1.09966  
0.221678  1.10105  
0.219231  1.10239  
0.209612  1.11292  
0.211522  1.12671  
0.20042  1.14421  
0.203859  1.14159  
0.197877  1.11295  
0.190678  1.08873  
0.190437  1.08825  
0.193736  1.09349  
0.190379  1.06424  
0.189968  1.04443  
0.191396  1.04196  
0.192032  1.04602  
0.191754  1.05504  
0.191189  1.07525  
0.192242  1.0837  
0.190242  1.08167  
0.18887  1.11557  
0.183851  1.11867  
0.182446  1.11112  
0.169742  1.08592  
0.173922  1.08857  
0.169245  1.08435  
0.169355  1.04217  
0.170349  1.04472  
0.166028  1.02262  
0.160249  0.994238  
0.162875  0.958978  
0.159655  0.92586  
0.158369  0.943669  
0.162816  0.942069  
0.162379  1.00046  
0.164525  1.01027  
0.163254  1.02835  
0.153169  1.05136  
0.153754  1.05846  
0.151578  1.10025  
0.153177  1.11431  
0.145968  1.12244  
0.150281  1.10077  
0.145868  1.10487  
0.145894  1.09228  
0.153068  1.0076  
0.147941  1.00702  
0.146688  0.973273  
0.151723  0.973265  
0.155184  0.903842  
0.1588  0.904978  
0.15879  0.884269  
0.163653  0.89277  
0.159393  0.905438  
0.15699  0.931022  
0.158  0.937492  
0.154044  0.991975  
0.149272  0.988182  
0.138237  1.02795  
0.143587  1.03332  
0.140675  1.03752  
0.137722  1.07381  
0.136413  1.07283  
0.135592  1.06283  
0.141989  1.06139  
0.145648  1.03567  
0.148909  1.04055  
0.146763  1.02898  
0.162383  1.00388  
0.160863  1.00486  
0.18466  1.00896  
0.180881  1.02722  
0.183301  1.03748  
0.18276  1.0415  
0.18057  1.03536  
0.185278  1.05492  
0.179081  1.06771  
0.179453  1.05202  
0.182155  1.04447  
0.179854  1.03496  
0.175601  1.05883  
0.17247  0.95767  
0.176019  0.958995  
0.177866  0.912765  
0.17017  0.887527  
0.166592  0.8539  
0.160744  0.802587  
0.164515  0.805966  
0.159146  0.827979  
0.154428  0.815352  
0.152579  0.845562  
0.142154  0.871559  
0.135066  0.906338  
0.120813  0.945026  
0.122763  0.94537  
0.119967  0.951101  
0.105635  0.996159  
0.108668  1.01432  
0.0979971  1.04101  
0.0984162  1.05253  
0.0997132  1.02156  
0.101411  1.02808  
0.0974443  0.983596  
0.0991631  0.990628  
0.105108  0.979501  
0.101372  0.960641  
0.106955  0.927617  
0.111463  0.930175  
0.107624  0.907881  
0.108826  0.903453  
0.108978  0.904031  
0.111053  0.903905  
0.111253  0.909217  
0.11568  0.912118  
0.11005  0.907236  
0.110067  0.907264  
0.112445  0.907121  
0.106559  0.897603  
0.103024  0.888012  
0.100087  0.893474  
0.0972166  0.878839  
0.0923739  0.856505  
0.0886061  0.855325  
0.0868773  0.850898  
0.0828183  0.8506  
0.0796052  0.828951  
0.074212  0.827899  
0.0752887  0.80951  
0.0656787  0.826227  
0.0664162  0.843232  
0.0569033  0.865815  
0.0608652  0.866938  
0.0466426  0.863547  
0.0481871  0.867176  
0.0419689  0.861413  
0.0373038  0.8585  
0.0316505  0.856599  
0.031158  0.851298  
0.0212506  0.816936  
0.0208859  0.81221  
0.0187298  0.776154  
0.0213197  0.786476  
0.014585  0.765139  
0.0118986  0.754596  
0.00892826  0.763544  
0.00871061  0.759631  
0.00026334  0.775807  
-0.00268323  0.776648  
-0.00668797  0.785445  
-0.00973909  0.793598  
-0.0262481  0.849328  
-0.0288674  0.851606  
-0.0331671  0.861352  
-0.0295727  0.865637  
-0.0345369  0.856916  
-0.037463  0.885444  
-0.0395664  0.879658  
-0.0334994  0.861681  
-0.0359777  0.861612  
-0.0292765  0.843253  
-0.0318  0.84345  
-0.0338786  0.809294  
-0.0276988  0.814689  
-0.0272999  0.768264  
-0.0246432  0.746303  
-0.0223966  0.70969  
-0.0163378  0.71401  
-0.0109194  0.719177  
-0.0182602  0.712016  
-0.0211652  0.719613  
-0.0241162  0.728608  
-0.0262445  0.743121  
-0.0349357  0.767771  
-0.0366583  0.765475  
-0.046513  0.826442  
-0.0500438  0.84637  
-0.0532917  0.875429  
-0.0527935  0.870812  
-0.0613464  0.866945  
-0.0576959  0.861791  
-0.057609  0.862169  
-0.0638191  0.861873  
-0.0625996  0.85347  
-0.0587575  0.848583  
-0.0520379  0.812347  
-0.0526939  0.798309  
-0.0562727  0.788772  
-0.0489417  0.792973  
-0.0524121  0.782723  
-0.0479989  0.794494  
-0.0522418  0.809157  
-0.052659  0.803579  
-0.0506333  0.767306  
-0.0505467  0.767676  
-0.0557487  0.745686  
-0.0578741  0.74302  
-0.0583904  0.733545  
-0.0561183  0.723183  
-0.0611444  0.707351  
-0.0571401  0.692047  
-0.0634453  0.679372  
-0.0606345  0.709086  
-0.0600953  0.707099  
-0.06835  0.740486  
-0.0682446  0.765029  
-0.0665182  0.783234  
-0.068414  0.804738  
-0.0641394  0.822233  
-0.0721682  0.873494  
-0.0715787  0.87379  
-0.0720288  0.93249  
-0.0711107  0.931056  
-0.0773294  0.907426  
-0.0757484  0.898854  
-0.0747277  0.92693  
-0.0757477  0.922536  
-0.0748339  0.917073  
-0.0735539  0.836604  
-0.0745947  0.834512  
-0.072038  0.819841  
-0.0705896  0.813856  
-0.0700709  0.805832  
-0.0671731  0.802177  
-0.068361  0.801127  
-0.0679893  0.810592  
-0.0680154  0.806069  
-0.0672842  0.862561  
-0.0659276  0.855819  
-0.0706555  0.890493  
-0.0724454  0.898719  
-0.0761359  0.883263  
-0.0760047  0.925457  
-0.0776852  0.92576  
-0.0782642  0.91817  
-0.0800827  0.937664  
-0.0892201  0.898346  
-0.0892527  0.897498  
-0.0893715  0.885528  
-0.0865989  0.883144  
-0.0867148  0.882985  
-0.0860185  0.871886  
-0.0929149  0.854019  
-0.0913255  0.860321  
-0.0918242  0.877338  
-0.0867279  0.88382  
-0.0896214  0.909835  
-0.0885811  0.926667  
-0.0960944  0.898297  
-0.097451  0.899125  
-0.107851  0.884766  
-0.109069  0.885807  
-0.108941  0.866993  
-0.109383  0.868849  
-0.110486  0.870042  
-0.118403  0.815125  
-0.120324  0.798955  
-0.121414  0.80729  
-0.122381  0.809304  
-0.129759  0.764715  
-0.128023  0.766675  
-0.120483  0.793582  
-0.121445  0.795799  
-0.121412  0.802632  
-0.121953  0.799356  
-0.127682  0.832766  
-0.128594  0.834742  
-0.123668  0.834857  
-0.123286  0.812343  
-0.127327  0.786301  
-0.122746  0.817991  
-0.123061  0.805669  
-0.126495  0.805139  
-0.133032  0.791157  
-0.133552  0.782657  
-0.126822  0.759392  
-0.125478  0.739053  
-0.127736  0.743412  
-0.124543  0.763609  
-0.125427  0.76669  
-0.130465  0.756619  
-0.1297  0.758917  
-0.11911  0.785495  
-0.118605  0.787179  
-0.117721  0.802435  
-0.122779  0.859461  
-0.1214  0.857608  
-0.129632  0.891037  
-0.128066  0.888719  
-0.120975  0.903349  
-0.120373  0.902526  
-0.121941  0.925491  
-0.122289  0.931811  
-0.123139  0.933122  
-0.121671  0.914804  
-0.121016  0.913892  
-0.111099  0.899395  
-0.0995876  0.885796  
-0.0989342  0.884956  
-0.0960475  0.881048  
-0.0941766  0.880947  
-0.0880292  0.871877  
-0.0861305  0.871741  
-0.0806593  0.884052  
-0.0819144  0.885999  
-0.0795799  0.8842  
-0.080873  0.90597  
-0.0780431  0.928839  
-0.076989  0.926472  
-0.0768511  0.926774  
-0.0752132  0.909178  
-0.0765085  0.910951  
-0.0745983  0.91374  
-0.0735977  0.911641  
-0.0727862  0.875067  
-0.0718019  0.873499  
-0.0722181  0.854298  
-0.0693197  0.856269  
-0.0684337  0.855089  
-0.0654697  0.851068  
-0.0650697  0.85369  
-0.0606514  0.910113  
-0.0675448  0.903426  
-0.0665409  0.90105  
-0.0643779  0.918255  
-0.063312  0.920637  
-0.0610596  0.962676  
-0.0667452  0.949461  
-0.0676905  0.937146  
-0.0667386  0.935199  
-0.0755588  0.872295  
-0.0773642  0.855508  
-0.0691704  0.846696  
-0.0681657  0.845936  
-0.0780961  0.79971  
-0.0754961  0.802832  
-0.0737478  0.779936  
-0.0673018  0.795185  
-0.074084  0.788049  
-0.0725539  0.780629  
-0.0639284  0.856654  
-0.0599575  0.872109  
-0.0665802  0.861236  
-0.0719151  0.858852  
-0.0749042  0.858669  
-0.0625522  0.930345  
-0.0701939  0.942562  
-0.0670897  0.962752  
-0.0655897  0.959847  
-0.0688123  0.92588  
-0.0673812  0.928318  
-0.0752363  0.88285  
-0.0691098  0.894195  
-0.0627652  0.886277  
-0.0594919  0.88191  
-0.0686106  0.858493  
-0.0654869  0.80152  
-0.0666182  0.805302  
-0.0605307  0.807428  
-0.0593659  0.80823  
-0.0589366  0.811716  
-0.0596191  0.791951  
-0.0492994  0.831886  
-0.0490141  0.823943  
-0.0554925  0.841032  
-0.048298  0.848433  
-0.0486135  0.89368  
-0.0476358  0.899704  
-0.0467882  0.899196  
-0.0486258  0.857387  
-0.050169  0.871821  
-0.0505982  0.888893  
-0.0535698  0.872945  
-0.0604095  0.846241  
-0.0583698  0.846734  
-0.0526659  0.837532  
-0.0550383  0.777823  
-0.0558721  0.786154  
-0.053166  0.776996  
-0.0451099  0.790209  
-0.0469808  0.778431  
-0.0441321  0.782584  
-0.0459151  0.771649  
-0.0374234  0.80886  
-0.040977  0.773408  
-0.0340167  0.813702  
-0.0354459  0.818122  
-0.0337842  0.847155  
-0.0358294  0.865095  
-0.0357027  0.865399  
-0.0367606  0.849042  
-0.035938  0.849666  
-0.037446  0.85742  
-0.0387962  0.861452  
-0.0398017  0.864631  
-0.039049  0.845906  
-0.0412473  0.841382  
-0.0477159  0.83429  
-0.047813  0.817253  
-0.0439823  0.793614  
-0.0449055  0.78382  
-0.0431925  0.772117  
-0.0458877  0.804981  
-0.0458426  0.785108  
-0.0470731  0.772172  
-0.0451285  0.763226  
-0.0493254  0.752503  
-0.0426171  0.745888  
-0.0406224  0.762069  
-0.0418749  0.767578  
-0.0473644  0.793822  
-0.0469556  0.798644  
-0.0462229  0.802426  
-0.0474205  0.78925  
-0.0456948  0.805792  
-0.0418865  0.86699  
-0.0409011  0.867948  
-0.0490545  0.838864  
-0.0479706  0.840214  
-0.0509637  0.842802  
-0.0517307  0.851374  
-0.0548119  0.809845  
-0.0558169  0.814983  
-0.0572494  0.811538  
-0.0588223  0.795626  
-0.0583251  0.800415  
-0.0570753  0.802499  
-0.0569598  0.802653  
-0.0560538  0.804025  
-0.0552713  0.809557  
-0.0516037  0.80578  
-0.0514755  0.813192  
-0.0521443  0.814814  
-0.0496919  0.833804  
-0.0476412  0.847017  
-0.0451489  0.873639  
-0.0461443  0.877995  
-0.046716  0.883102  
-0.047774  0.887777  
-0.0464161  0.876872  
-0.0484544  0.891808  
-0.0480455  0.903591  
-0.0470667  0.887546  
-0.0466374  0.892833  
-0.0476752  0.897631  
-0.0494115  0.861811  
-0.0493286  0.84334  
-0.0581542  0.835609  
-0.0588465  0.838547  
-0.0575687  0.840717  
-0.0549061  0.860699  
-0.053668  0.862666  
-0.0520629  0.862313  
-0.0517952  0.869538  
-0.0501617  0.869445  
-0.0510153  0.85667  
-0.0490333  0.864344  
-0.0450308  0.912185  
-0.0448931  0.918401  
-0.040505  0.924906  
-0.0390361  0.930488  
-0.0387514  0.913075  
-0.0385457  0.924155  
-0.0383506  0.936962  
-0.0382014  0.936446  
-0.0400293  0.920335  
-0.0378099  0.929914  
-0.0364519  0.901358  
-0.0383479  0.901906  
-0.0392247  0.86351  
-0.0390357  0.850325  
-0.0377959  0.827955  
-0.0398872  0.839473  
-0.0350051  0.864735  
-0.0360847  0.870513  
-0.0370903  0.851534  
-0.0392094  0.855142  
-0.0355136  0.877528  
-0.0365772  0.883274  
-0.0281368  0.896806  
-0.0249564  0.911241  
-0.029123  0.961118  
-0.0302675  0.965971  
-0.0284091  0.949853  
-0.0309216  0.950096  
-0.0235988  0.967716  
-0.0245684  0.989994  
-0.0331122  0.967701  
-0.0329394  0.960558  
-0.0360042  0.943338  
-0.0356388  0.928208  
-0.036165  0.937622  
-0.0325414  0.905385  
-0.0334325  0.885093  
-0.0355972  0.87055  
-0.0329515  0.871071  
-0.0326518  0.871602  
-0.0311594  0.878086  
-0.0317606  0.919886  
-0.0318338  0.902006  
-0.0310696  0.923862  
-0.0299761  0.926332  
-0.0281278  0.943023  
-0.0291685  0.948473  
-0.0337512  0.975772  
-0.033988  0.980544  
-0.0336117  1.0003  
-0.0324362  1.00201  
-0.0312002  1.0294  
-0.02575  1.04131  
-0.0217955  1.06249  
-0.031484  1.0266  
-0.028066  1.03554  
-0.0288649  1.03471  
-0.0277309  1.03614  
-0.0217589  1.00501  
-0.020908  0.988216  
-0.0201647  0.986171  
-0.0197478  0.965981  
-0.0226339  0.943344  
-0.0197315  0.970418  
-0.0209742  0.957821  
-0.0116458  0.976519  
-0.0112056  0.962072  
-0.0122298  0.959311  
-0.0102152  0.983884  
-0.00926431  0.986194  
-0.00966292  1.00077  
-0.0132833  1.02166  
-0.0135462  1.01832  
-0.0113682  1.02065  
-0.012833  0.995654  
-0.0164801  1.01107  
-0.0154145  1.0132  
-0.015098  1.0064  
-0.014754  0.990616  
-0.013036  0.960325  
-0.0140376  0.965864  
-0.0115282  0.95781  
-0.00996699  0.919116  
-0.0156985  0.885015  
-0.017397  0.890479  
-0.0104589  0.860644  
-0.0125506  0.863707  
-0.00878645  0.882226  
-0.00700823  0.906868  
-0.00563105  0.900599  
-0.00681418  0.89393  
-0.00533093  0.914914  
0.00293501  0.920178  
0.00200041  0.930514  
-0.00279867  0.936256  
-0.00271465  0.958293  
0.000616214  1.00501  
0.000429369  1.01317  
0.000650639  0.99132  
-0.00753155  0.968445  
-0.0070384  0.977341  
-0.00520133  1.01134  
-0.00321359  1.01655  
-0.00127265  1.02534  
0.00514949  0.991993  
0.00372334  0.984025  
0.00177869  0.987153  
-0.00928328  0.875033  
-0.00825029  0.866906  
-0.00413115  0.861231  
-0.00438825  0.864444  
-0.00711881  0.822761  
-0.00989827  0.780499  
-0.00854084  0.789744  
-0.00794206  0.767136  
-0.00933667  0.759473  
-0.0123012  0.70305  
-0.0132066  0.712623  
-0.00947476  0.718594  
-0.0083495  0.725249  
-0.00760298  0.743994  
-0.00649479  0.750396  
-0.00642318  0.750544  
-0.00851025  0.727079  
-0.00738427  0.733744  
-0.00804418  0.748346  
-0.000378161  0.787926  
-0.00512653  0.788659  
-0.00769469  0.789593  
-0.00863091  0.783878  
-0.0109899  0.771828  
-0.0140896  0.744875  
-0.0153867  0.736707  
-0.0164023  0.719387  
-0.0211618  0.680507  
-0.019864  0.687866  
-0.0261696  0.669015  
-0.0262448  0.65579  
-0.0285108  0.630695  
-0.030586  0.620783  
-0.0290724  0.633013  
-0.0337039  0.593687  
-0.0355683  0.590599  
-0.0370402  0.584612  
-0.0374725  0.584037  
-0.0416135  0.588832  
-0.0392381  0.601008  
-0.0412074  0.586316  
-0.0461202  0.563716  
-0.0405907  0.589715  
-0.0420597  0.568481  
-0.0454184  0.565461  
-0.0455549  0.577484  
-0.0449916  0.580613  
-0.0518193  0.56949  
-0.0448052  0.580785  
-0.0461645  0.586783  
-0.046459  0.598581  
-0.0441648  0.59788  
-0.035996  0.653333  
-0.0356559  0.654499  
-0.0313599  0.687298  
-0.0330818  0.692525  
-0.0295971  0.695088  
-0.0381448  0.672637  
-0.0300062  0.692749  
-0.0334492  0.682551  
-0.033767  0.692467  
-0.0415854  0.638889  
-0.0398168  0.6474  
-0.0439175  0.587635  
-0.0420767  0.596914  
-0.0506544  0.563878  
-0.0498175  0.554928  
-0.0388198  0.585236  
-0.0381389  0.588008  
-0.0375398  0.54004  
-0.0357296  0.549988  
-0.0420082  0.541439  
-0.0334511  0.552764  
-0.0346855  0.540398  
-0.027258  0.593533  
-0.028173  0.583494  
-0.0180107  0.627646  
-0.0202947  0.598166  
-0.0255654  0.577015  
-0.0211348  0.591761  
-0.0194193  0.601374  
-0.0181103  0.591096  
-0.0133634  0.617615  
-0.0146206  0.623342  
-0.0043087  0.650862  
-0.00865129  0.616763  
-0.00527503  0.634596  
-0.00386934  0.638715  
0.00861298  0.709421  
0.00292716  0.706161  
0.00441824  0.707895  
0.00580238  0.730765  
0.0111047  0.721282  
0.0112633  0.734955  
0.0062366  0.720937  
0.0109966  0.753195  
0.00917743  0.745308  
0.00272456  0.723306  
0.00507341  0.686447  
0.00607577  0.682668  
0.0101625  0.701385  
0.00229965  0.660229  
0.00191488  0.671841  
0.00669744  0.666152  
0.012473  0.696579  
0.0037163  0.651801  
0.00545822  0.651989  
0.0112114  0.654605  
0.0133912  0.666807  
0.0153242  0.683959  
0.01005  0.66042  
0.020776  0.685287  
0.0200478  0.672857  
0.0181127  0.675479  
0.0157248  0.643326  
0.0140682  0.647864  
0.0234984  0.680282  
0.0221871  0.686456  
0.0223602  0.679847  
0.0217903  0.674532  
0.0211125  0.663321  
0.0207453  0.680088  
0.0200805  0.668849  
0.0249522  0.719899  
0.0241975  0.707541  
0.0239025  0.725482  
0.0246301  0.721754  
0.0247526  0.73831  
0.0173744  0.728167  
0.0189332  0.736691  
0.0148975  0.723283  
0.0113435  0.688243  
0.0109403  0.694592  
0.00841979  0.673823  
0.00334942  0.659406  
0.00248812  0.652368  
-0.00531573  0.641385  
-0.00605047  0.643223  
-0.00278965  0.638362  
-0.00322271  0.626933  
-0.0113034  0.607794  
-0.00913311  0.62913  
-0.0187668  0.608454  
-0.0153183  0.632597  
-0.022652  0.620752  
-0.020365  0.631074  
-0.0171312  0.644769  
-0.0165576  0.666485  
-0.025048  0.656436  
-0.025718  0.664394  
-0.0230209  0.675102  
-0.0338036  0.657342  
-0.0263643  0.669264  
-0.0263016  0.669317  
-0.0204265  0.680037  
-0.0248431  0.683518  
-0.0321608  0.672116  
-0.0306197  0.674414  
-0.0278612  0.673474  
-0.02364  0.679938  
-0.0242538  0.678876  
-0.0170851  0.711523  
-0.0146555  0.71699  
-0.012803  0.730867  
-0.0104636  0.739988  
-0.00785229  0.721621  
-0.0043138  0.733004  
-0.0115213  0.692927  
-0.010684  0.683514  
-0.0181001  0.671664  
-0.00838934  0.682841  
-0.00733473  0.683616  
-0.0105086  0.649952  
-0.00916129  0.653639  
-0.0142797  0.622186  
-0.0121286  0.622281  
-0.0162406  0.629378  
-0.0155916  0.615636  
-0.0152519  0.62083  
-0.0137738  0.637779  
-0.0136049  0.629852  
-0.017976  0.616894  
-0.0202578  0.61656  
-0.0205142  0.606011  
-0.0171318  0.61857  
-0.01618  0.629694  
-0.0231657  0.626631  
-0.0182524  0.610616  
-0.0147123  0.613584  
-0.0252848  0.597284  
-0.0244818  0.600441  
-0.0211889  0.592119  
-0.0204468  0.595446  
-0.0184138  0.604529  
-0.0150373  0.614003  
-0.0170492  0.606484  
-0.0156547  0.588893  
-0.0127815  0.600266  
-0.0109981  0.612296  
-0.0119124  0.598838  
-0.00940949  0.600157  
0.00114822  0.637418  
-0.00371173  0.628603  
-0.00329472  0.62509  
-0.00840552  0.605882  
-0.00595176  0.614002  
-0.00507079  0.605694  
-0.013965  0.579961  
-0.0109425  0.591555  
-0.00595253  0.584357  
-0.00318586  0.595135  
-0.0217433  0.54447  
-0.0185386  0.556543  
-0.00683051  0.578025  
-0.00559944  0.591629  
-0.00106974  0.582727  
-0.0107102  0.560186  
-0.0111039  0.55093  
0.00444156  0.593735  
-0.00725479  0.559875  
-0.00769245  0.550656  
-0.000790343  0.571485  
0.00623553  0.570114  
0.0026431  0.571147  
-0.00112797  0.53751  
-0.00228133  0.53592  
-0.000763567  0.537445  
0.00247778  0.549733  
-0.00751547  0.526375  
-0.00461683  0.530092  
-6.47703e-05  0.543568  
0.00502021  0.557769  
0.00585556  0.562486  
0.00668738  0.559154  
0.00815705  0.572827  
0.00837237  0.560457  
0.00773872  0.551569  
-0.00550929  0.51256  
-0.00455757  0.505378  
-5.42173e-05  0.487374  
-0.00771077  0.462593  
-4.3929e-06  0.453603  
-0.00237126  0.447673  
0.0154167  0.492415  
0.0100851  0.467644  
0.00940723  0.479349  
0.0185637  0.496675  
0.0360961  0.552648  
0.0411673  0.566132  
0.0412079  0.566146  
0.0509238  0.605234  
0.0526288  0.598627  
0.0514766  0.614869  
0.0522705  0.606312  
0.0524103  0.606421  
0.0556163  0.617874  
0.0534054  0.613941  
0.0645463  0.633206  
0.0633099  0.624335  
0.0612062  0.619727  
0.0613457  0.623228  
0.0653691  0.619029  
0.0672849  0.621064  
0.0691425  0.629407  
0.0745652  0.637631  
0.0732107  0.628797  
0.0859985  0.653071  
0.0843871  0.643326  
0.0873882  0.62979  
0.0839138  0.621794  
0.0844761  0.607532  
0.0866771  0.611824  
0.0897029  0.619609  
0.0938195  0.590438  
0.0971035  0.602073  
0.0958022  0.589224  
0.101527  0.601302  
0.0908919  0.575553  
0.094888  0.588985  
0.10988  0.60829  
0.113135  0.619691  
0.116509  0.61655  
0.105036  0.594445  
0.110368  0.615035  
0.114141  0.620932  
0.120599  0.645214  
0.113031  0.628088  
0.11381  0.632054  
0.127064  0.639298  
0.12263  0.637043  
0.124879  0.646638  
0.125676  0.636814  
0.136028  0.660856  
0.136825  0.650736  
0.136889  0.650821  
0.131585  0.64119  
0.132387  0.631225  
0.142988  0.655075  
0.146506  0.665866  
0.152335  0.674707  
0.153379  0.675596  
0.150132  0.663999  
0.14543  0.65158  
0.148825  0.661484  
0.141069  0.635288  
0.144336  0.633884  
0.145859  0.635689  
0.137805  0.617075  
0.135053  0.605506  
0.132839  0.596963  
0.121189  0.580108  
0.125572  0.591485  
0.123636  0.592437  
0.133465  0.619588  
0.137806  0.630415  
0.133597  0.632264  
0.120146  0.607594  
0.128014  0.629739  
0.132767  0.650323  
0.133692  0.652542  
0.138255  0.662813  
0.139631  0.66737  
0.13951  0.674583  
0.126668  0.662881  
0.126697  0.662917  
0.130227  0.683923  
0.13084  0.68474  
0.130355  0.691638  
0.113149  0.687228  
0.116356  0.687263  
0.112179  0.686759  
0.11679  0.687466  
0.111194  0.696794  
0.12974  0.729317  
0.116497  0.714037  
0.11761  0.730706  
0.119443  0.730644  
0.123865  0.753273  
0.12876  0.75244  
0.135034  0.759488  
0.129292  0.763362  
0.13391  0.761333  
0.130491  0.741017  
0.122039  0.725792  
0.127534  0.72168  
0.123089  0.71255  
0.124939  0.702935  
0.131957  0.716929  
0.135607  0.702209  
0.134691  0.701539  
0.119202  0.679445  
0.137195  0.699095  
0.149015  0.714453  
0.154103  0.729205  
0.140832  0.713147  
0.141831  0.711366  
0.142142  0.701398  
0.15145  0.715622  
0.133246  0.698046  
0.129499  0.691772  
0.133802  0.703626  
0.127292  0.69149  
0.115842  0.675461  
0.0958152  0.646683  
0.123477  0.685332  
