-0.419664  -0.0468156  0.150593
-0.419664  -0.0468156  0.150593
-0.419664  -0.0464592  0.150527
-0.419664  -0.0464083  0.150498
-0.419664  -0.0458488  0.150564
-0.419664  -0.0454677  0.150956
-0.419664  -0.0454242  0.150979
-0.419664  -0.0444759  0.151159
-0.419664  -0.0443997  0.151142
-0.419664  -0.0435055  0.151517
-0.419664  -0.0430565  0.152162
-0.419664  -0.042999  0.15222
-0.419664  -0.0421462  0.152848
-0.419664  -0.0415778  0.153384
-0.419664  -0.04155  0.153453
-0.419664  -0.0411309  0.154624
-0.419664  -0.0411027  0.154693
-0.419664  -0.0405217  0.155449
-0.419664  -0.0401744  0.156087
-0.419664  -0.0401282  0.156164
-0.419664  -0.039674  0.157235
-0.419664  -0.0396243  0.157287
-0.419664  -0.038806  0.157887
-0.419664  -0.0383145  0.158484
-0.419664  -0.0382675  0.158562
-0.419664  -0.0375267  0.159522
-0.419664  -0.0374793  0.159599
-0.419664  -0.0365828  0.160148
-0.419664  -0.0365113  0.160184
-0.419664  -0.0359329  0.161373
-0.419664  -0.0358819  0.161425
-0.419664  -0.0351566  0.162202
-0.419664  -0.0346437  0.162875
-0.419664  -0.034595  0.162952
-0.419664  -0.0339819  0.164039
-0.419664  -0.0339302  0.16409
-0.419664  -0.0331524  0.164755
-0.419664  -0.0327783  0.165565
-0.419664  -0.032738  0.165636
-0.419664  -0.0321127  0.166644
-0.419664  -0.0320603  0.166696
-0.419664  -0.0313467  0.167535
-0.419664  -0.0310325  0.168258
-0.419664  -0.0310029  0.16835
-0.419664  -0.0303869  0.169164
-0.419664  -0.0303339  0.169216
-0.419664  -0.0298301  0.170232
-0.419664  -0.0294652  0.170894
-0.419664  -0.0294118  0.170945
-0.419664  -0.0287947  0.171624
-0.419664  -0.0287619  0.171691
-0.419664  -0.0284504  0.172786
-0.419664  -0.0281388  0.173341
-0.419664  -0.0281035  0.173384
-0.419664  -0.0276886  0.174115
-0.419664  -0.0276553  0.174181
-0.419664  -0.0274075  0.175187
-0.419664  -0.0271139  0.175655
-0.419664  -0.0270691  0.175703
-0.419664  -0.0267642  0.176529
-0.419664  -0.02674  0.176592
-0.419664  -0.0264183  0.177349
-0.419664  -0.0263824  0.177391
-0.419664  -0.0260875  0.178135
-0.419664  -0.0259673  0.178744
-0.419664  -0.025952  0.178802
-0.419664  -0.0256702  0.17936
-0.419664  -0.0256548  0.179417
-0.419664  -0.0254979  0.180217
-0.419664  -0.0253507  0.18076
-0.419664  -0.0253351  0.180817
-0.419664  -0.0251309  0.181536
-0.419664  -0.0251136  0.181569
-0.419664  -0.0250045  0.182393
-0.419664  -0.024828  0.182825
-0.419664  -0.0248121  0.182882
-0.419664  -0.0246278  0.183639
-0.419664  -0.0246119  0.183696
-0.419664  -0.0244231  0.184405
-0.419664  -0.0244055  0.184437
-0.419664  -0.0241695  0.185043
-0.419664  -0.0240827  0.185528
-0.419664  -0.0240573  0.18559
-0.419664  -0.0238482  0.18618
-0.419664  -0.0238319  0.186236
-0.419664  -0.0236853  0.187043
-0.419664  -0.0235594  0.187567
-0.419664  -0.023543  0.187624
-0.419664  -0.0233457  0.188279
-0.419664  -0.0233185  0.188317
-0.419664  -0.0231632  0.189026
-0.419664  -0.0229983  0.189421
-0.419664  -0.0229724  0.189482
-0.419664  -0.0227633  0.190141
-0.419664  -0.0227452  0.190174
-0.419664  -0.0225078  0.19087
-0.419664  -0.0222919  0.191262
-0.419664  -0.022275  0.191317
-0.419664  -0.0220646  0.191998
-0.419664  -0.0220463  0.19203
-0.419664  -0.0217897  0.192609
-0.419664  -0.021607  0.193103
-0.419664  -0.0215887  0.193135
-0.419664  -0.0213158  0.193815
-0.419664  -0.0212974  0.193847
-0.419664  -0.0209899  0.194447
-0.419664  -0.0209726  0.194502
-0.419664  -0.0206746  0.195118
-0.419664  -0.0204142  0.195501
-0.419664  -0.0203657  0.195524
-0.419664  -0.020036  0.19613
-0.419664  -0.0200185  0.196185
-0.419664  -0.01969  0.196837
-0.419664  -0.0194393  0.197239
-0.419664  -0.0194216  0.197294
-0.419664  -0.0191132  0.197963
-0.419664  -0.0190945  0.197995
-0.419664  -0.0187198  0.198549
-0.419664  -0.0184892  0.198988
-0.419664  -0.0184827  0.199063
-0.419664  -0.0181415  0.199721
-0.419664  -0.0178777  0.200104
-0.419664  -0.0178495  0.200141
-0.419664  -0.0175153  0.20075
-0.419664  -0.017487  0.200787
-0.419664  -0.0170985  0.201302
-0.419664  -0.0170795  0.201333
-0.419664  -0.0167448  0.201944
-0.419664  -0.0164807  0.202352
-0.419664  -0.0164617  0.202383
-0.419664  -0.0161246  0.20297
-0.419664  -0.0159238  0.203448
-0.419664  -0.0158952  0.203485
-0.419664  -0.015588  0.204083
-0.419664  -0.0155594  0.204121
-0.419664  -0.0152627  0.204739
-0.419664  -0.0152555  0.204814
-0.419664  -0.0149382  0.205421
-0.419664  -0.014677  0.20593
-0.419664  -0.0146697  0.206005
-0.419664  -0.0143143  0.206681
-0.419664  -0.0143062  0.206733
-0.419664  -0.0139973  0.207317
-0.419664  -0.0139796  0.207375
-0.419664  -0.013712  0.208012
-0.419664  -0.0135278  0.208464
-0.419664  -0.0135195  0.208516
-0.419664  -0.0132825  0.209187
-0.419664  -0.0132741  0.209239
-0.419664  -0.0130272  0.209938
-0.419664  -0.012853  0.210434
-0.419664  -0.0128349  0.210492
-0.419664  -0.0125866  0.211172
-0.419664  -0.0125782  0.211224
-0.419664  -0.0123198  0.211934
-0.419664  -0.0121537  0.212404
-0.419664  -0.0121354  0.212462
-0.419664  -0.0119046  0.213134
-0.419664  -0.0118863  0.213192
-0.419664  -0.0116649  0.213881
-0.419664  -0.011509  0.214417
-0.419664  -0.0114906  0.214475
-0.419664  -0.0112873  0.215132
-0.419664  -0.0112687  0.21519
-0.419664  -0.0110352  0.215867
-0.419664  -0.0108874  0.216378
-0.419664  -0.0108687  0.216436
-0.419664  -0.0106429  0.217084
-0.419664  -0.0106241  0.217142
-0.419664  -0.01042  0.217876
-0.419664  -0.0104111  0.217928
-0.419664  -0.0102149  0.218629
-0.419664  -0.010054  0.219142
-0.419664  -0.0100559  0.219214
-0.419664  -0.00986765  0.219886
-0.419664  -0.00984816  0.219922
-0.419664  -0.00963874  0.220584
-0.419664  -0.00946568  0.221081
-0.419664  -0.00945607  0.22111
-0.419664  -0.00922506  0.221785
-0.419664  -0.00920538  0.221821
-0.419664  -0.00901321  0.222448
-0.419664  -0.00899347  0.222483
-0.419664  -0.00879979  0.223083
-0.419664  -0.0086441  0.223545
-0.419664  -0.00862462  0.223603
-0.419664  -0.00843039  0.224247
-0.419664  -0.00841049  0.224282
-0.419664  -0.00820506  0.224911
-0.419664  -0.00803734  0.225357
-0.419664  -0.00802781  0.225408
-0.419664  -0.00779987  0.226
-0.419664  -0.00779  0.226029
-0.419664  -0.00759243  0.226628
-0.419664  -0.00742243  0.227025
-0.419664  -0.0074125  0.227054
-0.419664  -0.00721308  0.227603
-0.419664  -0.00719288  0.227639
-0.419664  -0.00698287  0.228217
-0.419664  -0.00682176  0.228601
-0.419664  -0.00680172  0.228659
-0.419664  -0.00657977  0.229194
-0.419664  -0.00656972  0.229223
-0.419664  -0.00633687  0.229765
-0.419664  -0.00616452  0.230178
-0.419664  -0.00614409  0.230213
-0.419664  -0.00587866  0.230719
-0.419664  -0.00586852  0.230748
-0.419664  -0.00563401  0.231284
-0.419664  -0.00543912  0.231638
-0.419664  -0.00542913  0.231689
-0.419664  -0.00517271  0.232211
-0.419664  -0.00516267  0.232262
-0.419664  -0.00491608  0.232776
-0.419664  -0.00473051  0.233124
-0.419664  -0.0046993  0.233138
-0.419664  -0.00445165  0.23363
-0.419664  -0.00444135  0.233659
-0.419664  -0.00414096  0.234152
-0.419664  -0.00394387  0.234506
-0.419664  -0.00393352  0.234535
-0.419664  -0.0036426  0.235048
-0.419664  -0.00363222  0.235077
-0.419664  -0.00335133  0.235606
-0.419664  -0.0031429  0.235982
-0.419664  -0.00313246  0.236011
-0.419664  -0.0028297  0.236547
-0.419664  -0.00280868  0.236583
-0.419664  -0.00253673  0.237105
-0.419664  -0.00230611  0.237445
-0.419664  -0.00229567  0.237496
-0.419664  -0.00197017  0.238089
-0.419664  -0.00193865  0.238104
-0.419664  -0.00165453  0.238653
-0.419664  -0.00161235  0.238675
-0.419664  -0.0012854  0.239268
-0.419664  -0.00126416  0.239326
-0.419664  -0.000936434  0.239919
-0.419664  -0.000714025  0.240367
-0.419664  -0.000682385  0.240404
-0.419664  -0.000342684  0.241003
-0.419664  -0.000331973  0.241054
-0.419664  8.05448e-06  0.241647
-0.419664  0.000221151  0.242066
-0.419664  0.000252925  0.242102
-0.419664  0.0005942  0.242717
-0.419664  0.000625988  0.242731
-0.419664  0.00097838  0.24339
-0.419664  0.000989267  0.24344
-0.419664  0.00132141  0.24409
-0.419664  0.00157921  0.244573
-0.419664  0.00161118  0.24461
-0.419664  0.00194524  0.245266
-0.419664  0.00197726  0.245302
-0.419664  0.00233313  0.245944
-0.419664  0.00234431  0.246016
-0.419664  0.00269027  0.246671
-0.419664  0.00297146  0.247161
-0.419664  0.00299351  0.247219
-0.419664  0.00334131  0.247938
-0.419664  0.00337353  0.247974
-0.419664  0.00374375  0.248665
-0.419664  0.00401559  0.249125
-0.419664  0.00402671  0.249154
-0.419664  0.00440845  0.249823
-0.419664  0.00443076  0.24988
-0.419664  0.00482396  0.250513
-0.419664  0.00511001  0.251072
-0.419664  0.00512145  0.251122
-0.419664  0.00552809  0.251847
-0.419664  0.00555061  0.251905
-0.419664  0.00592619  0.252636
-0.419664  0.0062027  0.253145
-0.419664  0.00621453  0.253216
-0.419664  0.00658062  0.253939
-0.419664  0.00661328  0.253975
-0.419664  0.00698146  0.254726
-0.419664  0.00722641  0.255211
-0.419664  0.00725916  0.255247
-0.419664  0.00765982  0.255906
-0.419664  0.00768273  0.255963
-0.419664  0.00809646  0.256693
-0.419664  0.0083667  0.257221
-0.419664  0.00841112  0.257286
-0.419664  0.00880625  0.258071
-0.419664  0.00882972  0.258149
-0.419664  0.00924701  0.25892
-0.419664  0.0095403  0.259434
-0.419664  0.00956393  0.259512
-0.419664  0.00998264  0.260261
-0.419664  0.0099947  0.26031
-0.419664  0.0104047  0.26108
-0.419664  0.0107023  0.261664
-0.419664  0.0107469  0.261707
-0.419664  0.0111823  0.262533
-0.419664  0.0111945  0.262582
-0.419664  0.01164  0.263345
-0.419664  0.0119846  0.263971
-0.419664  0.0120083  0.264028
-0.419664  0.0124677  0.264819
-0.419664  0.0125016  0.264875
-0.419664  0.0129416  0.2657
-0.419664  0.013298  0.266283
-0.419664  0.0133219  0.26634
-0.419664  0.0138287  0.267131
-0.419664  0.0138527  0.267188
-0.419664  0.0143503  0.268012
-0.419664  0.0143749  0.26809
-0.419664  0.0148527  0.268928
-0.419664  0.0152247  0.269538
-0.419664  0.0152489  0.269595
-0.419664  0.0157501  0.270419
-0.419664  0.0161115  0.270947
-0.419664  0.016157  0.27099
-0.419664  0.0166737  0.27183
-0.419664  0.0167193  0.271873
-0.419664  0.0172374  0.272712
-0.419664  0.0175826  0.273336
-0.419664  0.0176079  0.273413
-0.419664  0.0181296  0.274293
-0.419664  0.0181761  0.274356
-0.419664  0.0186646  0.27518
-0.419664  0.0190449  0.275777
-0.419664  0.0190816  0.275842
-0.419664  0.0196061  0.276679
-0.419664  0.0196522  0.276723
-0.419664  0.0201787  0.277581
-0.419664  0.0205829  0.278164
-0.419664  0.0206087  0.278241
-0.419664  0.0211795  0.278999
-0.419664  0.0212173  0.279084
-0.419664  0.0217499  0.279951
-0.419664  0.0221605  0.280584
-0.419664  0.0221986  0.280669
-0.419664  0.0227464  0.281614
-0.419664  0.022784  0.281679
-0.419664  0.0233199  0.282576
-0.419664  0.0237414  0.283146
-0.419664  0.0237677  0.283223
-0.419664  0.0243244  0.284025
-0.419664  0.0243509  0.284102
-0.419664  0.0249584  0.284957
-0.419664  0.025385  0.285587
-0.419664  0.0254443  0.285639
-0.419664  0.0260317  0.286517
-0.419664  0.0260788  0.28656
-0.419664  0.026667  0.287418
-0.419664  0.027082  0.287979
-0.419664  0.0271089  0.288056
-0.419664  0.0277366  0.288938
-0.419664  0.0277841  0.288981
-0.419664  0.0283691  0.2899
-0.419664  0.0288134  0.290518
-0.419664  0.028861  0.290561
-0.419664  0.0294223  0.291423
-0.419664  0.0294824  0.291474
-0.419664  0.0300407  0.292286
-0.419664  0.0304879  0.292903
-0.419664  0.0305145  0.292959
-0.419664  0.0311889  0.293935
-0.419664  0.0312164  0.294011
-0.419664  0.0318374  0.294834
-0.419664  0.0318642  0.29489
-0.419664  0.032557  0.295762
-0.419664  0.0325847  0.295838
-0.419664  0.0332064  0.296669
-0.419664  0.0336598  0.297306
-0.419664  0.033709  0.297368
-0.419664  0.034316  0.298242
-0.419664  0.0343771  0.298294
-0.419664  0.0349933  0.299126
-0.419664  0.0354428  0.299673
-0.419664  0.0354922  0.299736
-0.419664  0.0360851  0.30055
-0.419664  0.0361474  0.300622
-0.419664  0.0367987  0.301457
-0.419664  0.0372858  0.302018
-0.419664  0.0373143  0.302094
-0.419664  0.0379532  0.302881
-0.419664  0.0380021  0.302924
-0.419664  0.0386414  0.303692
-0.419664  0.03912  0.304283
-0.419664  0.0391699  0.304345
-0.419664  0.0398011  0.305161
-0.419664  0.0398502  0.305204
-0.419664  0.0404976  0.306001
-0.419664  0.0409657  0.306582
-0.419664  0.0409936  0.306638
-0.419664  0.0416765  0.307477
-0.419664  0.0417258  0.30752
-0.419664  0.0424332  0.308384
-0.419664  0.0424835  0.308446
-0.419664  0.0431186  0.309221
-0.419664  0.0431681  0.309264
-0.419664  0.0437962  0.310061
-0.419664  0.0442322  0.310606
-0.419664  0.0442828  0.310668
-0.419664  0.044928  0.311401
-0.419664  0.0449787  0.311463
-0.419664  0.0455844  0.312259
-0.419664  0.0460171  0.312773
-0.419664  0.0460669  0.312816
-0.419664  0.046716  0.313566
-0.419664  0.0467659  0.313609
-0.419664  0.0474362  0.314328
-0.419664  0.0479332  0.314873
-0.419664  0.0479699  0.314907
-0.419664  0.0486237  0.315694
-0.419664  0.0486748  0.315756
-0.419664  0.0492999  0.316468
-0.419664  0.0497373  0.316998
-0.419664  0.0497875  0.317041
-0.419664  0.0504131  0.317733
-0.419664  0.0504633  0.317776
-0.419664  0.0510986  0.318465
-0.419664  0.0515601  0.318999
-0.419664  0.0516105  0.319042
-0.419664  0.0522888  0.319776
-0.419664  0.0523267  0.319828
-0.419664  0.0529701  0.320546
-0.419664  0.0534177  0.321033
-0.419664  0.0534693  0.321095
-0.419664  0.0540947  0.321771
-0.419664  0.0541463  0.321833
-0.419664  0.0548297  0.322511
-0.419664  0.0552864  0.322976
-0.419664  0.0553245  0.323028
-0.419664  0.0560376  0.323742
-0.419664  0.0560895  0.323803
-0.419664  0.0568258  0.324522
-0.419664  0.0568565  0.324596
-0.419664  0.0575089  0.325294
-0.419664  0.0575609  0.325355
-0.419664  0.0582416  0.32607
-0.419664  0.0582799  0.326122
-0.419664  0.058954  0.326787
-0.419664  0.0594147  0.327267
-0.419664  0.059452  0.3273
-0.419664  0.0601071  0.327995
-0.419664  0.0601593  0.328056
-0.419664  0.0608502  0.328746
-0.419664  0.0613251  0.329216
-0.419664  0.0613636  0.329267
-0.419664  0.0620619  0.329917
-0.419664  0.0621132  0.329959
-0.419664  0.0627982  0.330599
-0.419664  0.0633426  0.331102
-0.419664  0.0633951  0.331162
-0.419664  0.06368  0.33147
-0.419664  0.0643301  0.332093
-0.419664  0.064847  0.332629
-0.419664  0.0648984  0.332671
-0.419664  0.0655855  0.333361
-0.419664  0.065623  0.333394
-0.419664  0.0663919  0.334108
-0.419664  0.0664446  0.334169
-0.419664  0.0671567  0.33488
-0.419664  0.0672084  0.334922
-0.419664  0.0678883  0.335543
-0.419664  0.0679271  0.335593
-0.419664  0.0686594  0.336255
-0.419664  0.0687123  0.336315
-0.419664  0.0694159  0.336939
-0.419664  0.069921  0.337444
-0.419664  0.0699728  0.337486
-0.419664  0.0707269  0.338116
-0.419664  0.0712435  0.338576
-0.419664  0.0712824  0.338626
-0.419664  0.0719718  0.339257
-0.419664  0.0720095  0.339289
-0.419664  0.0726711  0.3399
-0.419664  0.0731912  0.340394
-0.419664  0.0732433  0.340436
-0.419664  0.0739293  0.341068
-0.419664  0.0739826  0.341128
-0.419664  0.0747444  0.34186
-0.419664  0.0747965  0.341902
-0.419664  0.0755269  0.342562
-0.419664  0.0760121  0.343039
-0.419664  0.0760655  0.343098
-0.419664  0.0768026  0.343717
-0.419664  0.0768549  0.343759
-0.419664  0.0775745  0.344316
-0.419664  0.0780808  0.344762
-0.419664  0.0781332  0.344804
-0.419664  0.0789109  0.345471
-0.419664  0.0789634  0.345513
-0.419664  0.0796785  0.346216
-0.419664  0.0797321  0.346275
-0.419664  0.0804993  0.347001
-0.419664  0.0805373  0.347033
-0.419664  0.0812935  0.347676
-0.419664  0.081814  0.348095
-0.419664  0.0818521  0.348127
-0.419664  0.082566  0.348775
-0.419664  0.0826187  0.348817
-0.419664  0.0833409  0.34946
-0.419664  0.083893  0.349914
-0.419664  0.083947  0.349973
-0.419664  0.0847024  0.350562
-0.419664  0.0847552  0.350603
-0.419664  0.0855187  0.351186
-0.419664  0.0860438  0.351637
-0.419664  0.0861177  0.351667
-0.419664  0.0868424  0.352306
-0.419664  0.0873681  0.352756
-0.419664  0.0874074  0.352805
-0.419664  0.0881431  0.353386
-0.419664  0.0881973  0.353444
-0.419664  0.0890026  0.354093
-0.419664  0.0895569  0.354528
-0.419664  0.0896111  0.354586
-0.419664  0.0903459  0.355238
-0.419664  0.0908722  0.355669
-0.419664  0.0909116  0.355717
-0.419664  0.0916488  0.356279
-0.419664  0.0921273  0.35663
-0.419664  0.0922015  0.356659
-0.419664  0.0929604  0.357208
-0.419664  0.0930149  0.357266
-0.419664  0.0937778  0.357865
-0.419664  0.0943266  0.358282
-0.419664  0.0943799  0.358323
-0.419664  0.0951634  0.358997
-0.419664  0.0952168  0.359038
-0.419664  0.095944  0.35962
-0.419664  0.0960183  0.359649
-0.419664  0.0967657  0.360202
-0.419664  0.0968203  0.36026
-0.419664  0.0975776  0.360845
-0.419664  0.0981363  0.361275
-0.419664  0.098191  0.361333
-0.419664  0.0989853  0.361915
-0.419664  0.0990389  0.361956
-0.419664  0.0997779  0.362464
-0.419664  0.100314  0.362867
-0.419664  0.100351  0.362882
-0.419664  0.101122  0.363421
-0.419664  0.101196  0.36345
-0.419664  0.101957  0.364042
-0.419664  0.102504  0.364493
-0.419664  0.102559  0.36455
-0.419664  0.103363  0.365123
-0.419664  0.103417  0.365164
-0.419664  0.104221  0.365736
-0.419664  0.104765  0.366121
-0.419664  0.10484  0.36615
-0.419664  0.105635  0.366782
-0.419664  0.105674  0.366828
-0.419664  0.106427  0.367375
-0.419664  0.106482  0.367431
-0.419664  0.107245  0.368009
-0.419664  0.107299  0.36805
-0.419664  0.108142  0.368618
-0.419664  0.108217  0.368647
-0.419664  0.108989  0.369148
-0.419664  0.10952  0.369536
-0.419664  0.109595  0.369565
-0.419664  0.110366  0.370135
-0.419664  0.11042  0.370175
-0.419664  0.111176  0.370734
-0.419664  0.11175  0.371097
-0.419664  0.111804  0.371138
-0.419664  0.112611  0.371688
-0.419664  0.112665  0.371729
-0.419664  0.113439  0.372227
-0.419664  0.113993  0.372601
-0.419664  0.114047  0.372642
-0.419664  0.114824  0.37317
-0.419664  0.114862  0.3732
-0.419664  0.115681  0.373704
-0.419664  0.11631  0.374106
-0.419664  0.116348  0.374136
-0.419664  0.117177  0.374656
-0.419664  0.11723  0.374681
-0.419664  0.118007  0.375191
-0.419664  0.118082  0.37522
-0.419664  0.11886  0.375745
-0.419664  0.119437  0.376136
-0.419664  0.119512  0.376164
-0.419664  0.120269  0.376685
-0.419664  0.120328  0.376702
-0.419664  0.121106  0.377211
-0.419664  0.12168  0.377539
-0.419664  0.121739  0.377557
-0.419664  0.122631  0.378038
-0.419664  0.122685  0.378078
-0.419664  0.123472  0.378541
-0.419664  0.123547  0.378569
-0.419664  0.124347  0.379079
-0.419664  0.124905  0.379395
-0.419664  0.12496  0.379434
-0.419664  0.125793  0.379979
-0.419664  0.125868  0.380007
-0.419664  0.12674  0.380498
-0.419664  0.126795  0.380538
-0.419664  0.127622  0.381058
-0.419664  0.127676  0.381097
-0.419664  0.128496  0.381577
-0.419664  0.129127  0.381957
-0.419664  0.129182  0.381996
-0.419664  0.12999  0.38236
-0.419664  0.130045  0.3824
-0.419664  0.130867  0.382826
-0.419664  0.130922  0.382866
-0.419664  0.131692  0.383282
-0.419664  0.132327  0.383638
-0.419664  0.132381  0.383677
-0.419664  0.133223  0.384157
-0.419664  0.133298  0.384185
-0.419664  0.134118  0.384646
-0.419664  0.134173  0.384685
-0.419664  0.134992  0.385146
-0.419664  0.135592  0.385434
-0.419664  0.135667  0.385462
-0.419664  0.13651  0.385873
-0.419664  0.136564  0.385912
-0.419664  0.137424  0.386334
-0.419664  0.138017  0.386695
-0.419664  0.138072  0.386734
-0.419664  0.138908  0.387188
-0.419664  0.138946  0.387216
-0.419664  0.139761  0.387666
-0.419664  0.14036  0.387953
-0.419664  0.140415  0.387992
-0.419664  0.141217  0.388408
-0.419664  0.141272  0.388447
-0.419664  0.142064  0.388808
-0.419664  0.142703  0.389071
-0.419664  0.142778  0.389098
-0.419664  0.143658  0.389519
-0.419664  0.143716  0.389536
-0.419664  0.144595  0.389941
-0.419664  0.145177  0.390214
-0.419664  0.145252  0.390242
-0.419664  0.146093  0.390618
-0.419664  0.14615  0.390621
-0.419664  0.146971  0.391008
-0.419664  0.147552  0.391281
-0.419664  0.147607  0.391319
-0.419664  0.148449  0.391723
-0.419664  0.148524  0.39175
-0.419664  0.149476  0.392166
-0.419664  0.14955  0.392179
-0.419664  0.150428  0.392581
-0.419664  0.1511  0.392861
-0.419664  0.151174  0.392874
-0.419664  0.152032  0.393287
-0.419664  0.152086  0.393311
-0.419664  0.152985  0.39365
-0.419664  0.153023  0.393677
-0.419664  0.153866  0.394042
-0.419664  0.153904  0.394069
-0.419664  0.154896  0.394409
-0.419664  0.15497  0.394421
-0.419664  0.155867  0.394759
-0.419664  0.156542  0.394965
-0.419664  0.156597  0.395003
-0.419664  0.157457  0.395326
-0.419664  0.157512  0.395365
-0.419664  0.158371  0.395687
-0.419664  0.158987  0.395941
-0.419664  0.159042  0.395979
-0.419664  0.159879  0.396348
-0.419664  0.159954  0.396375
-0.419664  0.160844  0.396726
-0.419664  0.161569  0.396977
-0.419664  0.161624  0.397015
-0.419664  0.162555  0.397307
-0.419664  0.162611  0.397309
-0.419664  0.163483  0.397649
-0.419664  0.163557  0.397662
-0.419664  0.164429  0.398001
-0.419664  0.165081  0.398202
-0.419664  0.165136  0.39824
-0.419664  0.165988  0.39859
-0.419664  0.166063  0.398617
-0.419664  0.16695  0.398939
-0.419664  0.167599  0.399147
-0.419664  0.167674  0.399174
-0.419664  0.168639  0.399478
-0.419664  0.168714  0.399504
-0.419664  0.16964  0.399816
-0.419664  0.169714  0.399842
-0.419664  0.1706  0.40015
-0.419664  0.170674  0.400162
-0.419664  0.1716  0.400474
-0.419664  0.172262  0.400751
-0.419664  0.172336  0.400763
-0.419664  0.173222  0.401083
-0.419664  0.173296  0.40111
-0.419664  0.174351  0.401422
-0.419664  0.174425  0.401435
-0.419664  0.17537  0.401711
-0.419664  0.175424  0.401735
-0.419664  0.17633  0.402008
-0.419664  0.176996  0.402204
-0.419664  0.17707  0.402216
-0.419664  0.178009  0.402532
-0.419664  0.178083  0.402558
-0.419664  0.179023  0.402865
-0.419664  0.179689  0.403074
-0.419664  0.179763  0.403087
-0.419664  0.180705  0.403335
-0.419664  0.180779  0.403362
-0.419664  0.181738  0.403595
-0.419664  0.182365  0.40379
-0.419664  0.182439  0.403816
-0.419664  0.183489  0.404085
-0.419664  0.183562  0.404098
-0.419664  0.184501  0.40439
-0.419664  0.184574  0.404403
-0.419664  0.185513  0.404673
-0.419664  0.186214  0.404832
-0.419664  0.186288  0.404857
-0.419664  0.187282  0.405107
-0.419664  0.187338  0.405108
-0.419664  0.188295  0.405331
-0.419664  0.188975  0.405487
-0.419664  0.189049  0.405513
-0.419664  0.19004  0.405745
-0.419664  0.190114  0.40577
-0.419664  0.191087  0.405978
-0.419664  0.191785  0.406074
-0.419664  0.191858  0.4061
-0.419664  0.19285  0.406265
-0.419664  0.192924  0.406278
-0.419664  0.193895  0.406462
-0.419664  0.194574  0.406609
-0.419664  0.194666  0.406611
-0.419664  0.195654  0.406867
-0.419664  0.195727  0.40688
-0.419664  0.196716  0.407114
-0.419664  0.197448  0.407236
-0.419664  0.197521  0.407249
-0.419664  0.198545  0.407425
-0.419664  0.198618  0.407438
-0.419664  0.199604  0.407637
-0.419664  0.200334  0.407724
-0.419664  0.200407  0.407736
-0.419664  0.201374  0.407933
-0.419664  0.201447  0.407946
-0.419664  0.202522  0.408142
-0.419664  0.203287  0.408264
-0.419664  0.203378  0.408265
-0.419664  0.204415  0.408427
-0.419664  0.204487  0.408452
-0.419664  0.205487  0.408579
-0.419664  0.206214  0.408709
-0.419664  0.206268  0.408711
-0.419664  0.207357  0.408836
-0.419664  0.207412  0.408825
-0.419664  0.208517  0.408964
-0.419664  0.208608  0.408988
-0.419664  0.209677  0.409102
-0.419664  0.210419  0.409187
-0.419664  0.210491  0.409212
-0.419664  0.211522  0.40936
-0.419664  0.211612  0.409362
-0.419664  0.212696  0.409547
-0.419664  0.212769  0.409572
-0.419664  0.213832  0.409676
-0.419664  0.214607  0.409773
-0.419664  0.21468  0.409786
-0.419664  0.215797  0.409924
-0.419664  0.215868  0.409914
-0.419664  0.216948  0.410039
-0.419664  0.21772  0.410077
-0.419664  0.217792  0.41009
-0.419664  0.218904  0.410124
-0.419664  0.218994  0.410125
-0.419664  0.220068  0.410194
-0.419664  0.220839  0.410266
-0.419664  0.22091  0.410257
-0.419664  0.222004  0.410368
-0.419664  0.222076  0.410381
-0.419664  0.223166  0.410448
-0.419664  0.223969  0.410499
-0.419664  0.224058  0.410501
-0.419664  0.22511  0.410568
-0.419664  0.225199  0.41057
-0.419664  0.226286  0.410626
-0.419664  0.227033  0.410675
-0.419664  0.227105  0.410688
-0.419664  0.22828  0.410755
-0.419664  0.228369  0.410757
-0.419664  0.229523  0.410778
-0.419664  0.23034  0.410804
-0.419664  0.230429  0.410806
-0.419664  0.231526  0.410805
-0.419664  0.231597  0.410817
-0.419664  0.232677  0.410815
-0.419664  0.233431  0.410763
-0.419664  0.23352  0.410753
-0.419664  0.234594  0.410753
-0.419664  0.234682  0.410755
-0.419664  0.235792  0.410766
-0.419664  0.236549  0.410781
-0.419664  0.236637  0.410783
-0.419664  0.237762  0.410771
-0.419664  0.237833  0.410784
-0.419664  0.238971  0.410739
-0.419664  0.239779  0.410732
-0.419664  0.239847  0.410723
-0.419664  0.240949  0.410688
-0.419664  0.241755  0.410681
-0.419664  0.241842  0.410683
-0.419664  0.243015  0.410684
-0.419664  0.243102  0.410674
-0.419664  0.244236  0.41064
-0.419664  0.245069  0.410591
-0.419664  0.24514  0.410592
-0.419664  0.246213  0.410525
-0.419664  0.246283  0.410538
-0.419664  0.247388  0.410438
-0.419664  0.24816  0.410344
-0.419664  0.248247  0.410346
-0.419664  0.249419  0.410248
-0.419664  0.249506  0.410238
-0.419664  0.250594  0.410194
-0.419664  0.251411  0.410176
-0.419664  0.251497  0.410178
-0.419664  0.252613  0.410079
-0.419664  0.2527  0.41007
-0.419664  0.253798  0.40997
-0.419664  0.254571  0.409897
-0.419664  0.254656  0.409899
-0.419664  0.255769  0.409777
-0.419664  0.255855  0.409768
-0.419664  0.257017  0.409636
-0.419664  0.257806  0.409563
-0.419664  0.257872  0.409554
-0.419664  0.259  0.409433
-0.419664  0.259065  0.409424
-0.419664  0.260187  0.409281
-0.419664  0.261001  0.409166
-0.419664  0.261085  0.409168
-0.419664  0.262173  0.409048
-0.419664  0.262258  0.409038
-0.419664  0.26336  0.408895
-0.419664  0.264163  0.408823
-0.419664  0.264248  0.408814
-0.419664  0.265479  0.408631
-0.419664  0.265564  0.408621
-0.419664  0.266659  0.408434
-0.419664  0.266759  0.408414
-0.419664  0.267917  0.408207
-0.419664  0.268002  0.408198
-0.419664  0.269219  0.40795
-0.419664  0.269285  0.407929
-0.419664  0.270338  0.407743
-0.419664  0.271121  0.407596
-0.419664  0.271191  0.407597
-0.419664  0.272277  0.407401
-0.419664  0.272376  0.407381
-0.419664  0.273515  0.407134
-0.419664  0.274275  0.406965
-0.419664  0.27434  0.406944
-0.419664  0.27548  0.406708
-0.419664  0.275546  0.406676
-0.419664  0.276679  0.406418
-0.419664  0.276777  0.406399
-0.419664  0.277806  0.406127
-0.419664  0.277889  0.406119
-0.419664  0.278901  0.405859
-0.419664  0.279635  0.405668
-0.419664  0.279719  0.405659
-0.419664  0.280829  0.405327
-0.419664  0.280907  0.405297
-0.419664  0.281935  0.405008
-0.419664  0.282654  0.404788
-0.419664  0.282718  0.404756
-0.419664  0.283747  0.404489
-0.419664  0.283825  0.404459
-0.419664  0.284875  0.404151
-0.419664  0.285598  0.403975
-0.419664  0.285675  0.403945
-0.419664  0.286677  0.40367
-0.419664  0.28676  0.403661
-0.419664  0.287803  0.403343
-0.419664  0.288546  0.403127
-0.419664  0.288622  0.403097
-0.419664  0.289651  0.402824
-0.419664  0.289727  0.402794
-0.419664  0.290682  0.402487
-0.419664  0.291407  0.402228
-0.419664  0.291489  0.40222
-0.419664  0.29244  0.401872
-0.419664  0.292516  0.401843
-0.419664  0.29347  0.401517
-0.419664  0.294137  0.401248
-0.419664  0.294198  0.401229
-0.419664  0.295149  0.400852
-0.419664  0.295211  0.400832
-0.419664  0.296149  0.4005
-0.419664  0.296743  0.40023
-0.419664  0.296804  0.400211
-0.419664  0.297741  0.399815
-0.419664  0.297816  0.399785
-0.419664  0.298715  0.399442
-0.419664  0.299354  0.399198
-0.419664  0.299395  0.399167
-0.419664  0.300316  0.398805
-0.419664  0.300961  0.398519
-0.419664  0.301021  0.3985
-0.419664  0.301885  0.398126
-0.419664  0.301938  0.398086
-0.419664  0.302752  0.397723
-0.419664  0.302812  0.397704
-0.419664  0.303677  0.397301
-0.419664  0.304234  0.397024
-0.419664  0.304276  0.396982
-0.419664  0.305076  0.3966
-0.419664  0.305135  0.396581
-0.419664  0.305928  0.396166
-0.419664  0.306474  0.39587
-0.419664  0.306533  0.395851
-0.419664  0.307275  0.395446
-0.419664  0.307316  0.395404
-0.419664  0.308049  0.395032
-0.419664  0.308648  0.394718
-0.419664  0.308689  0.394677
-0.419664  0.309443  0.394285
-0.419664  0.309482  0.394255
-0.419664  0.310156  0.393872
-0.419664  0.310216  0.393842
-0.419664  0.310926  0.393429
-0.419664  0.310984  0.393411
-0.419664  0.311654  0.393029
-0.419664  0.31213  0.392744
-0.419664  0.312187  0.392726
-0.419664  0.312842  0.392343
-0.419664  0.31288  0.392313
-0.419664  0.313531  0.391943
-0.419664  0.314002  0.391659
-0.419664  0.31404  0.39163
-0.419664  0.314664  0.391269
-0.419664  0.314702  0.391239
-0.419664  0.315265  0.390909
-0.419664  0.315695  0.390656
-0.419664  0.315732  0.390626
-0.419664  0.316332  0.390256
-0.419664  0.316369  0.390226
-0.419664  0.316897  0.389884
-0.419664  0.317349  0.389613
-0.419664  0.317373  0.389593
-0.419664  0.317899  0.389252
-0.419664  0.317943  0.389243
-0.419664  0.318548  0.388865
-0.419664  0.318587  0.388824
-0.419664  0.319151  0.388488
-0.419664  0.319175  0.388468
-0.419664  0.319704  0.388149
-0.419664  0.320062  0.38796
-0.419664  0.320086  0.38794
-0.419664  0.320586  0.387654
-0.419664  0.320629  0.387645
-0.419664  0.321108  0.387348
-0.419664  0.321452  0.387168
-0.419664  0.321476  0.387149
-0.419664  0.321966  0.386906
-0.419664  0.322265  0.386735
-0.419664  0.322308  0.386727
-0.419664  0.322743  0.38649
-0.419664  0.322767  0.386471
-0.419664  0.323222  0.386227
-0.419664  0.323555  0.386028
-0.419664  0.323598  0.38602
-0.419664  0.323999  0.385782
-0.419664  0.324023  0.385763
-0.419664  0.324466  0.385518
-0.419664  0.324477  0.385508
-0.419664  0.324841  0.3853
-0.419664  0.325101  0.385159
-0.419664  0.325124  0.38514
-0.419664  0.325489  0.38492
-0.419664  0.325513  0.384901
-0.419664  0.325886  0.384684
-0.419664  0.326116  0.38453
-0.419664  0.326141  0.384499
-0.419664  0.326462  0.384288
-0.419664  0.326485  0.384269
-0.419664  0.326799  0.384025
-0.419664  0.327016  0.383881
-0.419664  0.32703  0.38386
-0.419664  0.327298  0.383636
-0.419664  0.327312  0.383615
-0.419664  0.327611  0.383393
-0.419664  0.327807  0.383238
-0.419664  0.32783  0.383219
-0.419664  0.328129  0.382998
-0.419664  0.328142  0.382976
-0.419664  0.328415  0.382786
-0.419664  0.328621  0.382622
-0.419664  0.328644  0.382603
-0.419664  0.328916  0.382413
-0.419664  0.328939  0.382394
-0.419664  0.329207  0.382234
-0.419664  0.329218  0.382225
-0.419664  0.329506  0.382058
-0.419664  0.329683  0.381955
-0.419664  0.329714  0.381957
-0.419664  0.330029  0.381804
-0.419664  0.330041  0.381795
-0.419664  0.330344  0.381651
-0.419664  0.330591  0.381555
-0.419664  0.330603  0.381546
-0.419664  0.330923  0.381426
-0.419664  0.330945  0.381407
-0.419664  0.331287  0.381268
-0.419664  0.3315  0.381182
-0.419664  0.331522  0.381164
-0.419664  0.331839  0.381056
-0.419664  0.331859  0.381049
-0.419664  0.332177  0.380912
-0.419664  0.332409  0.380819
-0.419664  0.33242  0.38081
-0.419664  0.332747  0.380675
-0.419664  0.332769  0.380657
-0.419664  0.333053  0.38053
-0.419664  0.333233  0.380425
-0.419664  0.333256  0.380406
-0.419664  0.333552  0.38024
-0.419664  0.333563  0.380231
-0.419664  0.333807  0.380082
-0.419664  0.333829  0.380064
-0.419664  0.334094  0.379896
-0.419664  0.334116  0.379878
-0.419664  0.334344  0.379677
-0.419664  0.334516  0.379522
-0.419664  0.334538  0.379504
-0.419664  0.334754  0.379312
-0.419664  0.334765  0.379303
-0.419664  0.334974  0.37908
-0.419664  0.334985  0.37907
-0.419664  0.335207  0.378808
-0.419664  0.335218  0.378799
-0.419664  0.335396  0.378592
-0.419664  0.335387  0.378572
-0.419664  0.335565  0.378365
-0.419664  0.335587  0.378346
-0.419664  0.335766  0.378128
-0.419664  0.335908  0.377979
-0.419664  0.33593  0.37796
-0.419664  0.336109  0.377742
-0.419664  0.336119  0.377733
-0.419664  0.336326  0.377547
-0.419664  0.336446  0.377416
-0.419664  0.336467  0.377398
-0.419664  0.336673  0.377211
-0.419664  0.336683  0.377202
-0.419664  0.336908  0.377027
-0.419664  0.336918  0.377018
-0.419664  0.33713  0.376864
-0.419664  0.337278  0.376736
-0.419664  0.337291  0.376715
-0.419664  0.337532  0.376564
-0.419664  0.337553  0.376545
-0.419664  0.337774  0.376383
-0.419664  0.337913  0.376252
-0.419664  0.337943  0.376254
-0.419664  0.338153  0.376101
-0.419664  0.338269  0.376001
-0.419664  0.338279  0.375992
-0.419664  0.338509  0.375821
-0.419664  0.338519  0.375811
-0.419664  0.33872  0.375656
-0.419664  0.338741  0.375638
-0.419664  0.338959  0.375476
-0.419664  0.339146  0.375342
-0.419664  0.339167  0.375324
-0.419664  0.339399  0.375112
-0.419664  0.33942  0.375094
-0.419664  0.339671  0.374894
-0.419664  0.339681  0.374885
-0.419664  0.339889  0.374704
-0.419664  0.339899  0.374694
-0.419664  0.340109  0.374502
-0.419664  0.340275  0.374357
-0.419664  0.340285  0.374348
-0.419664  0.340482  0.374176
-0.419664  0.340492  0.374167
-0.419664  0.34069  0.373984
-0.419664  0.340701  0.373975
-0.419664  0.340919  0.373774
-0.419664  0.341073  0.373639
-0.419664  0.341084  0.37363
-0.419664  0.341291  0.373438
-0.419664  0.341304  0.373417
-0.419664  0.341511  0.373226
-0.419664  0.341521  0.373217
-0.419664  0.341697  0.373052
-0.419664  0.341842  0.372915
-0.419664  0.341863  0.372897
-0.419664  0.342051  0.372712
-0.419664  0.342071  0.372694
-0.419664  0.342269  0.3725
-0.419664  0.342404  0.372372
-0.419664  0.342424  0.372354
-0.419664  0.342652  0.372134
-0.419664  0.342662  0.372125
-0.419664  0.342898  0.371925
-0.419664  0.343054  0.371767
-0.419664  0.343064  0.371758
-0.419664  0.343271  0.371557
-0.419664  0.343291  0.371539
-0.419664  0.343516  0.371348
-0.419664  0.343526  0.371339
-0.419664  0.343719  0.371158
-0.419664  0.343731  0.371138
-0.419664  0.343933  0.370977
-0.419664  0.344097  0.37084
-0.419664  0.344107  0.370831
-0.419664  0.34433  0.370641
-0.419664  0.344369  0.370635
-0.419664  0.344593  0.370445
-0.419664  0.344763  0.370311
-0.419664  0.344783  0.370294
-0.419664  0.344995  0.370113
-0.419664  0.345155  0.369988
-0.419664  0.345165  0.36998
-0.419664  0.345395  0.369765
-0.419664  0.345405  0.369756
-0.419664  0.345594  0.369576
-0.419664  0.345614  0.369559
-0.419664  0.345829  0.369394
-0.419664  0.345839  0.369385
-0.419664  0.346028  0.369177
-0.419664  0.346184  0.369036
-0.419664  0.346194  0.369028
-0.419664  0.346402  0.368803
-0.419664  0.346422  0.368785
-0.419664  0.3466  0.368587
-0.419664  0.346716  0.368453
-0.419664  0.346736  0.368435
-0.419664  0.346923  0.368229
-0.419664  0.346914  0.368209
-0.419664  0.347098  0.368014
-0.419664  0.347107  0.368005
-0.419664  0.347262  0.367809
-0.419664  0.347387  0.367667
-0.419664  0.347397  0.367658
-0.419664  0.34757  0.367444
-0.419664  0.34758  0.367435
-0.419664  0.347772  0.367233
-0.419664  0.347889  0.367088
-0.419664  0.347908  0.367071
-0.419664  0.348073  0.366854
-0.419664  0.348064  0.366835
-0.419664  0.348229  0.366618
-0.419664  0.348307  0.366452
-0.419664  0.348317  0.366443
-0.419664  0.348452  0.366225
-0.419664  0.348443  0.366206
-0.419664  0.348597  0.365971
-0.419664  0.348684  0.365796
-0.419664  0.348703  0.365779
-0.419664  0.348837  0.365533
-0.419664  0.348846  0.365524
-0.419664  0.348992  0.365287
-0.419664  0.349079  0.365141
-0.419664  0.349098  0.365124
-0.419664  0.349241  0.364898
-0.419664  0.34924  0.36487
-0.419664  0.349385  0.364661
-0.419664  0.349462  0.364496
-0.419664  0.349481  0.364479
-0.419664  0.349613  0.364263
-0.419664  0.349606  0.364231
-0.419664  0.349747  0.364007
-0.419664  0.349851  0.363844
-0.419664  0.349841  0.363825
-0.419664  0.349966  0.363606
-0.419664  0.349984  0.363589
-0.419664  0.350099  0.363379
-0.419664  0.350206  0.363233
-0.419664  0.350206  0.363205
-0.419664  0.350357  0.362989
-0.419664  0.35035  0.362958
-0.419664  0.350474  0.36274
-0.419664  0.350486  0.362719
-0.419664  0.350602  0.362498
-0.419664  0.350611  0.36249
-0.419664  0.350755  0.362243
-0.419664  0.350764  0.362234
-0.419664  0.350882  0.361974
-0.419664  0.350969  0.361818
-0.419664  0.350978  0.36181
-0.419664  0.351096  0.361577
-0.419664  0.351105  0.361569
-0.419664  0.351214  0.361345
-0.419664  0.351302  0.361178
-0.419664  0.351314  0.361158
-0.419664  0.351441  0.360945
-0.419664  0.351432  0.360926
-0.419664  0.351552  0.36071
-0.419664  0.351631  0.360552
-0.419664  0.35164  0.360543
-0.419664  0.351751  0.360308
-0.419664  0.35176  0.3603
-0.419664  0.351879  0.360057
-0.419664  0.35196  0.359887
-0.419664  0.351969  0.359878
-0.419664  0.352079  0.359644
-0.419664  0.352072  0.359613
-0.419664  0.352172  0.359387
-0.419664  0.352225  0.359215
-0.419664  0.352215  0.359195
-0.419664  0.352299  0.358947
-0.419664  0.352308  0.358938
-0.419664  0.352383  0.358698
-0.419664  0.35243  0.358523
-0.419664  0.352429  0.358495
-0.419664  0.352525  0.358255
-0.419664  0.352515  0.358235
-0.419664  0.352611  0.357995
-0.419664  0.352666  0.357811
-0.419664  0.352678  0.357791
-0.419664  0.352772  0.357523
-0.419664  0.352784  0.357503
-0.419664  0.35287  0.357243
-0.419664  0.352881  0.357223
-0.419664  0.352961  0.35696
-0.419664  0.353028  0.356784
-0.419664  0.35304  0.356764
-0.419664  0.353135  0.356523
-0.419664  0.353127  0.356492
-0.419664  0.353241  0.356263
-0.419664  0.35325  0.356255
-0.419664  0.353358  0.356022
-0.419664  0.353422  0.355858
-0.419664  0.353433  0.355838
-0.419664  0.353538  0.355617
-0.419664  0.353547  0.355609
-0.419664  0.353663  0.355368
-0.419664  0.353735  0.355196
-0.419664  0.353747  0.355176
-0.419664  0.35388  0.354919
-0.419664  0.353889  0.35491
-0.419664  0.354021  0.354653
-0.419664  0.354112  0.354492
-0.419664  0.354121  0.354484
-0.419664  0.354226  0.354225
-0.419664  0.354243  0.354208
-0.419664  0.354384  0.353943
-0.419664  0.354396  0.353923
-0.419664  0.354528  0.353666
-0.419664  0.354599  0.353495
-0.419664  0.354611  0.353475
-0.419664  0.354731  0.353238
-0.419664  0.354814  0.353047
-0.419664  0.354822  0.353039
-0.419664  0.354945  0.352791
-0.419664  0.354943  0.352763
-0.419664  0.35508  0.352511
-0.419664  0.355073  0.35248
-0.419664  0.355218  0.35222
-0.419664  0.355298  0.352001
-0.419664  0.355307  0.351993
-0.419664  0.355417  0.3517
-0.419664  0.355436  0.351671
-0.419664  0.355536  0.351359
-0.419664  0.355547  0.351339
-0.419664  0.355632  0.351058
-0.419664  0.355678  0.350862
-0.419664  0.355679  0.350823
-0.419664  0.355753  0.350524
-0.419664  0.355822  0.350288
-0.419664  0.355831  0.35028
-0.419664  0.355919  0.34991
-0.419664  0.355939  0.349882
-0.419664  0.355999  0.349549
-0.419664  0.356019  0.349521
-0.419664  0.356068  0.349169
-0.419664  0.356061  0.349138
-0.419664  0.356137  0.34879
-0.419664  0.356196  0.348562
-0.419664  0.356186  0.348543
-0.419664  0.356275  0.348202
-0.419664  0.356264  0.348183
-0.419664  0.35635  0.347854
-0.419664  0.356425  0.347611
-0.419664  0.356426  0.347572
-0.419664  0.356531  0.347215
-0.419664  0.356547  0.347199
-0.419664  0.356633  0.346832
-0.419664  0.356641  0.346824
-0.419664  0.356747  0.346495
-0.419664  0.356821  0.346252
-0.419664  0.356819  0.346226
-0.419664  0.356895  0.345906
-0.419664  0.356914  0.345878
-0.419664  0.357022  0.345565
-0.419664  0.357103  0.345315
-0.419664  0.357112  0.345308
-0.419664  0.357238  0.344968
-0.419664  0.357257  0.34494
-0.419664  0.357374  0.344608
-0.419664  0.357471  0.344382
-0.419664  0.357482  0.344362
-0.419664  0.357623  0.344045
-0.419664  0.357642  0.344018
-0.419664  0.357739  0.343714
-0.419664  0.35783  0.343484
-0.419664  0.357846  0.343469
-0.419664  0.35798  0.343149
-0.419664  0.357991  0.343129
-0.419664  0.358141  0.342794
-0.419664  0.358234  0.342552
-0.419664  0.35825  0.342536
-0.419664  0.358386  0.342205
-0.419664  0.358397  0.342185
-0.419664  0.358532  0.341854
-0.419664  0.358624  0.341613
-0.419664  0.35864  0.341597
-0.419664  0.358759  0.341282
-0.419664  0.358756  0.341256
-0.419664  0.35888  0.340946
-0.419664  0.358984  0.340702
-0.419664  0.358995  0.340682
-0.419664  0.359147  0.340324
-0.419664  0.359139  0.340294
-0.419664  0.359275  0.339952
-0.419664  0.359366  0.339712
-0.419664  0.359382  0.339696
-0.419664  0.35952  0.339305
-0.419664  0.359531  0.339285
-0.419664  0.359645  0.338916
-0.419664  0.359722  0.338641
-0.419664  0.35973  0.338633
-0.419664  0.359835  0.338235
-0.419664  0.359851  0.338219
-0.419664  0.359983  0.337824
-0.419664  0.360077  0.33756
-0.419664  0.360077  0.337522
-0.419664  0.360232  0.337112
-0.419664  0.360251  0.337085
-0.419664  0.360381  0.33669
-0.419664  0.360392  0.33667
-0.419664  0.360525  0.336301
-0.419664  0.360619  0.336038
-0.419664  0.360637  0.33601
-0.419664  0.360756  0.335636
-0.419664  0.360774  0.335608
-0.419664  0.360929  0.335217
-0.419664  0.361027  0.334959
-0.419664  0.361026  0.334921
-0.419664  0.361196  0.334516
-0.419664  0.361207  0.334496
-0.419664  0.361381  0.334066
-0.419664  0.361373  0.334036
-0.419664  0.361527  0.333684
-0.419664  0.361519  0.333653
-0.419664  0.361667  0.333258
-0.419664  0.361685  0.333231
-0.419664  0.36184  0.332829
-0.419664  0.36195  0.33254
-0.419664  0.36196  0.33252
-0.419664  0.362117  0.332106
-0.419664  0.362128  0.332086
-0.419664  0.362292  0.331665
-0.419664  0.362414  0.331381
-0.419664  0.362432  0.331354
-0.419664  0.362585  0.330953
-0.419664  0.362613  0.330906
-0.419664  0.362794  0.330459
-0.419664  0.362812  0.330432
-0.419664  0.362986  0.330009
-0.419664  0.363004  0.329982
-0.419664  0.363161  0.329557
-0.419664  0.363293  0.329235
-0.419664  0.36331  0.329208
-0.419664  0.363474  0.328776
-0.419664  0.363492  0.328749
-0.419664  0.363657  0.328267
-0.419664  0.363674  0.32824
-0.419664  0.363858  0.327768
-0.419664  0.363857  0.327731
-0.419664  0.364055  0.327283
-0.419664  0.364172  0.326964
-0.419664  0.364167  0.326921
-0.419664  0.364357  0.32648
-0.419664  0.364374  0.326454
-0.419664  0.364541  0.325998
-0.419664  0.364676  0.325689
-0.419664  0.364675  0.325651
-0.419664  0.364869  0.325187
-0.419664  0.364868  0.325149
-0.419664  0.36507  0.324696
-0.419664  0.365195  0.324357
-0.419664  0.365213  0.32433
-0.419664  0.365419  0.323852
-0.419664  0.365439  0.323812
-0.419664  0.365639  0.323341
-0.419664  0.365784  0.323001
-0.419664  0.365804  0.322961
-0.419664  0.366039  0.322493
-0.419664  0.366041  0.322442
-0.419664  0.366267  0.321981
-0.419664  0.366423  0.321659
-0.419664  0.366422  0.321622
-0.419664  0.366632  0.321156
-0.419664  0.366649  0.321129
-0.419664  0.366854  0.32069
-0.419664  0.366994  0.320363
-0.419664  0.367014  0.320323
-0.419664  0.367251  0.319831
-0.419664  0.367267  0.319804
-0.419664  0.367488  0.319288
-0.419664  0.36763  0.318949
-0.419664  0.367647  0.318922
-0.419664  0.367871  0.318431
-0.419664  0.367887  0.318405
-0.419664  0.368076  0.31793
-0.419664  0.368238  0.317589
-0.419664  0.368239  0.317539
-0.419664  0.368468  0.317041
-0.419664  0.368485  0.317015
-0.419664  0.368684  0.316508
-0.419664  0.368848  0.316154
-0.419664  0.368858  0.316134
-0.419664  0.369091  0.315611
-0.419664  0.369089  0.315574
-0.419664  0.369302  0.315091
-0.419664  0.369479  0.314723
-0.419664  0.369505  0.314677
-0.419664  0.36974  0.314161
-0.419664  0.369763  0.314128
-0.419664  0.370014  0.313603
-0.419664  0.370202  0.313203
-0.419664  0.370202  0.313153
-0.419664  0.370315  0.312949
-0.419664  0.370552  0.312437
-0.419664  0.370732  0.312044
-0.419664  0.370732  0.311994
-0.419664  0.370976  0.311516
-0.419664  0.370992  0.31149
-0.419664  0.371238  0.310978
-0.419664  0.371254  0.310952
-0.419664  0.371501  0.310478
-0.419664  0.371694  0.310109
-0.419664  0.371703  0.310089
-0.419664  0.371937  0.309578
-0.419664  0.371953  0.309552
-0.419664  0.37222  0.309025
-0.419664  0.372396  0.308633
-0.419664  0.372415  0.308593
-0.419664  0.372669  0.308099
-0.419664  0.372687  0.30806
-0.419664  0.372922  0.307556
-0.419664  0.373097  0.307214
-0.419664  0.373115  0.307174
-0.419664  0.373364  0.306624
-0.419664  0.373383  0.306585
-0.419664  0.37364  0.306085
-0.419664  0.373659  0.306045
-0.419664  0.373937  0.305493
-0.419664  0.374097  0.305114
-0.419664  0.374116  0.305074
-0.419664  0.37438  0.304555
-0.419664  0.374399  0.304516
-0.419664  0.374638  0.304022
-0.419664  0.374819  0.30366
-0.419664  0.374819  0.303611
-0.419664  0.375084  0.303078
-0.419664  0.375106  0.303046
-0.419664  0.375359  0.302526
-0.419664  0.375541  0.302131
-0.419664  0.375559  0.302091
-0.419664  0.375819  0.301552
-0.419664  0.375834  0.301526
-0.419664  0.376076  0.301005
-0.419664  0.376296  0.300609
-0.419664  0.376312  0.300583
-0.419664  0.376576  0.300037
-0.419664  0.376594  0.299998
-0.419664  0.376831  0.299512
-0.419664  0.376849  0.299472
-0.419664  0.377107  0.298933
-0.419664  0.37728  0.298565
-0.419664  0.377297  0.298525
-0.419664  0.377539  0.298012
-0.419664  0.377556  0.297972
-0.419664  0.377833  0.297451
-0.419664  0.378032  0.297045
-0.419664  0.378046  0.297019
-0.419664  0.378292  0.2965
-0.419664  0.378306  0.296474
-0.419664  0.37859  0.295934
-0.419664  0.378607  0.295894
-0.419664  0.378854  0.295361
-0.419664  0.378872  0.295322
-0.419664  0.379142  0.294815
-0.419664  0.379326  0.294443
-0.419664  0.379343  0.294403
-0.419664  0.379604  0.293917
-0.419664  0.379621  0.293877
-0.419664  0.379865  0.293367
-0.419664  0.380051  0.293031
-0.419664  0.380069  0.292991
-0.419664  0.380312  0.292481
-0.419664  0.380329  0.292441
-0.419664  0.380607  0.291902
-0.419664  0.380805  0.291491
-0.419664  0.380822  0.291451
-0.419664  0.38108  0.290902
-0.419664  0.381097  0.290862
-0.419664  0.381331  0.290381
-0.419664  0.381349  0.290341
-0.419664  0.381623  0.289802
-0.419664  0.381646  0.289757
-0.419664  0.38191  0.289211
-0.419664  0.381932  0.289165
-0.419664  0.382181  0.288622
-0.419664  0.382353  0.288258
-0.419664  0.38237  0.288218
-0.419664  0.382604  0.287723
-0.419664  0.382618  0.287698
-0.419664  0.382845  0.287209
-0.419664  0.382862  0.28717
-0.419664  0.383102  0.286655
-0.419664  0.383275  0.2863
-0.419664  0.38331  0.28627
-0.419664  0.383541  0.285776
-0.419664  0.383718  0.285393
-0.419664  0.383735  0.285353
-0.419664  0.383985  0.284855
-0.419664  0.384002  0.284816
-0.419664  0.384236  0.284317
-0.419664  0.384253  0.284277
-0.419664  0.384492  0.283773
-0.419664  0.384669  0.283439
-0.419664  0.384691  0.283394
-0.419664  0.384912  0.282907
-0.419664  0.38507  0.282564
-0.419664  0.385081  0.28253
-0.419664  0.385323  0.282038
-0.419664  0.385339  0.281999
-0.419664  0.385561  0.281498
-0.419664  0.385575  0.281473
-0.419664  0.385817  0.28099
-0.419664  0.385971  0.280639
-0.419664  0.385984  0.280613
-0.419664  0.386212  0.280157
-0.419664  0.386378  0.279821
-0.419664  0.386394  0.279781
-0.419664  0.386595  0.279334
-0.419664  0.386611  0.279295
-0.419664  0.38683  0.278794
-0.419664  0.386846  0.278755
-0.419664  0.387085  0.27825
-0.419664  0.387237  0.277875
-0.419664  0.387253  0.277836
-0.419664  0.387459  0.27737
-0.419664  0.387475  0.27733
-0.419664  0.387668  0.276889
-0.419664  0.387826  0.276559
-0.419664  0.387839  0.276534
-0.419664  0.38803  0.276117
-0.419664  0.388038  0.276097
-0.419664  0.388242  0.275632
-0.419664  0.388394  0.275266
-0.419664  0.38841  0.275227
-0.419664  0.388619  0.274772
-0.419664  0.388634  0.274733
-0.419664  0.388822  0.274283
-0.419664  0.388975  0.273967
-0.419664  0.388985  0.273933
-0.419664  0.38918  0.273464
-0.419664  0.389193  0.273439
-0.419664  0.389407  0.272989
-0.419664  0.389546  0.272658
-0.419664  0.389561  0.272619
-0.419664  0.389747  0.272145
-0.419664  0.389762  0.272106
-0.419664  0.389954  0.271637
-0.419664  0.390101  0.271302
-0.419664  0.390114  0.271277
-0.419664  0.390288  0.270838
-0.419664  0.390303  0.270798
-0.419664  0.390471  0.270389
-0.419664  0.390486  0.270349
-0.419664  0.390684  0.269925
-0.419664  0.390806  0.269634
-0.419664  0.390813  0.269614
-0.419664  0.390988  0.26916
-0.419664  0.391001  0.269135
-0.419664  0.391183  0.268662
-0.419664  0.391302  0.268336
-0.419664  0.391314  0.268311
-0.419664  0.391481  0.267852
-0.419664  0.391511  0.267838
-0.419664  0.39168  0.267389
-0.419664  0.3918  0.267073
-0.419664  0.391815  0.267033
-0.419664  0.391982  0.266609
-0.419664  0.391994  0.266584
-0.419664  0.392154  0.266155
-0.419664  0.392304  0.265824
-0.419664  0.392316  0.2658
-0.419664  0.392485  0.265335
-0.419664  0.3925  0.265296
-0.419664  0.39265  0.264876
-0.419664  0.392657  0.264856
-0.419664  0.392832  0.264426
-0.419664  0.392846  0.264387
-0.419664  0.39301  0.263927
-0.419664  0.393017  0.263907
-0.419664  0.393167  0.263497
-0.419664  0.393175  0.263477
-0.419664  0.393322  0.263056
-0.419664  0.393426  0.262754
-0.419664  0.393441  0.262715
-0.419664  0.393583  0.262299
-0.419664  0.393598  0.262259
-0.419664  0.393742  0.261853
-0.419664  0.39382  0.261561
-0.419664  0.39383  0.261526
-0.419664  0.393966  0.26114
-0.419664  0.393974  0.26112
-0.419664  0.394115  0.260703
-0.419664  0.394212  0.260431
-0.419664  0.394222  0.260396
-0.419664  0.394347  0.25998
-0.419664  0.394357  0.259945
-0.419664  0.394493  0.259532
-0.419664  0.39459  0.259234
-0.419664  0.394597  0.259214
-0.419664  0.394733  0.258802
-0.419664  0.394824  0.258534
-0.419664  0.394834  0.258499
-0.419664  0.394961  0.258131
-0.419664  0.394968  0.258112
-0.419664  0.395093  0.257734
-0.419664  0.395179  0.257496
-0.419664  0.395186  0.257476
-0.419664  0.395328  0.257134
-0.419664  0.395338  0.257099
-0.419664  0.395468  0.256727
-0.419664  0.395559  0.256458
-0.419664  0.39557  0.256434
-0.419664  0.395699  0.256051
-0.419664  0.395708  0.256016
-0.419664  0.395816  0.255638
-0.419664  0.395901  0.255374
-0.419664  0.395908  0.255354
-0.419664  0.396038  0.254981
-0.419664  0.396049  0.254957
-0.419664  0.396172  0.254578
-0.419664  0.396259  0.254325
-0.419664  0.396268  0.25429
-0.419664  0.396374  0.253911
-0.419664  0.396381  0.253892
-0.419664  0.396508  0.253508
-0.419664  0.396601  0.253235
-0.419664  0.396608  0.253215
-0.419664  0.396737  0.252853
-0.419664  0.396726  0.252823
-0.419664  0.396848  0.252481
-0.419664  0.39692  0.252213
-0.419664  0.396927  0.252193
-0.419664  0.397048  0.251878
-0.419664  0.397055  0.251858
-0.419664  0.39717  0.251482
-0.419664  0.397263  0.25122
-0.419664  0.397275  0.251196
-0.419664  0.397329  0.251037
-0.419664  0.397446  0.250646
-0.419664  0.397453  0.250626
-0.419664  0.397591  0.25024
-0.419664  0.397687  0.249962
-0.419664  0.397698  0.249938
-0.419664  0.397824  0.249576
-0.419664  0.397834  0.249541
-0.419664  0.39794  0.249185
-0.419664  0.398021  0.248947
-0.419664  0.398028  0.248927
-0.419664  0.398135  0.248582
-0.419664  0.398146  0.248558
-0.419664  0.398263  0.248205
-0.419664  0.398327  0.247969
-0.419664  0.398338  0.247945
-0.419664  0.398462  0.24761
-0.419664  0.398537  0.247349
-0.419664  0.398544  0.24733
-0.419664  0.398674  0.246976
-0.419664  0.398688  0.246936
-0.419664  0.398795  0.246576
-0.419664  0.398882  0.246318
-0.419664  0.398889  0.246298
-0.419664  0.398989  0.245959
-0.419664  0.398996  0.245939
-0.419664  0.399103  0.245579
-0.419664  0.399164  0.245331
-0.419664  0.399175  0.245307
-0.419664  0.39927  0.244972
-0.419664  0.399284  0.244932
-0.419664  0.399397  0.244606
-0.419664  0.39947  0.244346
-0.419664  0.399477  0.244326
-0.419664  0.399589  0.243947
-0.419664  0.399595  0.243927
-0.419664  0.399696  0.243572
-0.419664  0.399705  0.243536
-0.419664  0.399809  0.243165
-0.419664  0.399815  0.243146
-0.419664  0.399916  0.242791
-0.419664  0.399977  0.242554
-0.419664  0.399986  0.242519
-0.419664  0.400082  0.242168
-0.419664  0.400093  0.242144
-0.419664  0.400172  0.241795
-0.419664  0.400243  0.241535
-0.419664  0.400256  0.241495
-0.419664  0.40035  0.241172
-0.419664  0.400363  0.241132
-0.419664  0.400452  0.24076
-0.419664  0.400462  0.240736
-0.419664  0.400535  0.240379
-0.419664  0.400528  0.240345
-0.419664  0.400603  0.239973
-0.419664  0.400669  0.239717
-0.419664  0.400675  0.239697
-0.419664  0.400747  0.23934
-0.419664  0.400754  0.239321
-0.419664  0.400825  0.238964
-0.419664  0.400883  0.238716
-0.419664  0.400893  0.238692
-0.419664  0.400969  0.238332
-0.419664  0.401035  0.238048
-0.419664  0.401041  0.238028
-0.419664  0.401116  0.237668
-0.419664  0.401122  0.237648
-0.419664  0.401177  0.237265
-0.419664  0.401184  0.237245
-0.419664  0.401259  0.236857
-0.419664  0.4013  0.236583
-0.419664  0.401309  0.236547
-0.419664  0.401366  0.236148
-0.419664  0.401421  0.235888
-0.419664  0.401409  0.235858
-0.419664  0.401476  0.235477
-0.419664  0.401486  0.235453
-0.419664  0.401532  0.235078
-0.419664  0.401541  0.235042
-0.419664  0.401613  0.23464
-0.419664  0.40165  0.23437
-0.419664  0.401656  0.23435
-0.419664  0.401734  0.233929
-0.419664  0.40174  0.233909
-0.419664  0.401808  0.233511
-0.419664  0.401817  0.233475
-0.419664  0.40188  0.23308
-0.419664  0.401913  0.232813
-0.419664  0.401919  0.232793
-0.419664  0.40198  0.232415
-0.419664  0.401986  0.232395
-0.419664  0.402047  0.232016
-0.419664  0.402092  0.23175
-0.419664  0.4021  0.231714
-0.419664  0.402159  0.231322
-0.419664  0.402167  0.231286
-0.419664  0.402223  0.230898
-0.419664  0.402255  0.230601
-0.419664  0.402261  0.230582
-0.419664  0.402328  0.230153
-0.419664  0.402336  0.230117
-0.419664  0.402388  0.229744
-0.419664  0.402437  0.229486
-0.419664  0.402443  0.229467
-0.419664  0.402495  0.229094
-0.419664  0.402503  0.229057
-0.419664  0.402551  0.228688
-0.419664  0.402597  0.228404
-0.419664  0.402603  0.228384
-0.419664  0.402681  0.227955
-0.419664  0.402687  0.227935
-0.419664  0.402765  0.227506
-0.419664  0.402752  0.227463
-0.419664  0.402828  0.227049
-0.419664  0.402836  0.227013
-0.419664  0.402898  0.226626
-0.419664  0.402955  0.226371
-0.419664  0.402963  0.226335
-0.419664  0.403004  0.225954
-0.419664  0.40301  0.225934
-0.419664  0.403083  0.225507
-0.419664  0.403086  0.22549
-0.419664  0.403148  0.225115
-0.419664  0.403187  0.22485
-0.419664  0.403195  0.224813
-0.419664  0.403262  0.224405
-0.419664  0.403252  0.224358
-0.419664  0.403315  0.223953
-0.419664  0.403355  0.22367
-0.419664  0.403363  0.223634
-0.419664  0.403423  0.223244
-0.419664  0.403429  0.223224
-0.419664  0.403471  0.222825
-0.419664  0.40351  0.222528
-0.419664  0.403518  0.222491
-0.419664  0.403556  0.222095
-0.419664  0.403562  0.222075
-0.419664  0.403602  0.221661
-0.419664  0.403639  0.22135
-0.419664  0.403647  0.221313
-0.419664  0.403685  0.220886
-0.419664  0.403691  0.220865
-0.419664  0.403731  0.220451
-0.419664  0.403776  0.220116
-0.419664  0.403778  0.220099
-0.419664  0.403815  0.2197
-0.419664  0.403823  0.219663
-0.419664  0.403859  0.21925
-0.419664  0.403861  0.219234
-0.419664  0.403915  0.218844
-0.419664  0.403934  0.218535
-0.419664  0.403939  0.218501
-0.419664  0.403998  0.218091
-0.419664  0.404003  0.218057
-0.419664  0.404041  0.21764
-0.419664  0.404077  0.21734
-0.419664  0.404083  0.217319
-0.419664  0.404144  0.216891
-0.419664  0.404152  0.216854
-0.419664  0.404211  0.216442
-0.419664  0.404215  0.216408
-0.419664  0.404252  0.21602
-0.419664  0.404291  0.215716
-0.419664  0.404295  0.215682
-0.419664  0.404336  0.215259
-0.419664  0.404343  0.215222
-0.419664  0.404384  0.214799
-0.419664  0.404417  0.214514
-0.419664  0.404423  0.214494
-0.419664  0.404457  0.21409
-0.419664  0.404447  0.214043
-0.419664  0.404497  0.213666
-0.419664  0.404512  0.213371
-0.419664  0.404519  0.213334
-0.419664  0.404555  0.212943
-0.419664  0.404557  0.212926
-0.419664  0.404599  0.212498
-0.419664  0.404637  0.212192
-0.419664  0.404645  0.212154
-0.419664  0.404681  0.211746
-0.419664  0.404685  0.211712
-0.419664  0.404725  0.2113
-0.419664  0.404757  0.211013
-0.419664  0.404765  0.210975
-0.419664  0.404802  0.21058
-0.419664  0.404808  0.21056
-0.419664  0.404829  0.210137
-0.419664  0.404866  0.209861
-0.419664  0.404873  0.209824
-0.419664  0.404896  0.209415
-0.419664  0.404901  0.209395
-0.419664  0.404928  0.208951
-0.419664  0.404946  0.208665
-0.419664  0.404953  0.208627
-0.419664  0.404991  0.208245
-0.419664  0.404997  0.208224
-0.419664  0.405015  0.207818
-0.419664  0.405051  0.207541
-0.419664  0.405053  0.207523
-0.419664  0.405073  0.207099
-0.419664  0.405078  0.207078
-0.419664  0.405112  0.206698
-0.419664  0.405131  0.206393
-0.419664  0.405133  0.206376
-0.419664  0.405174  0.205958
-0.419664  0.405181  0.20592
-0.419664  0.405196  0.205497
-0.419664  0.405212  0.205195
-0.419664  0.405217  0.205175
-0.419664  0.405248  0.204779
-0.419664  0.405255  0.204741
-0.419664  0.40527  0.20435
-0.419664  0.40528  0.204067
-0.419664  0.405287  0.204029
-0.419664  0.405303  0.20362
-0.419664  0.405309  0.2036
-0.419664  0.405325  0.20319
-0.419664  0.405338  0.202904
-0.419664  0.405341  0.202869
-0.419664  0.405362  0.202439
-0.419664  0.405365  0.202404
-0.419664  0.405381  0.201993
-0.419664  0.405411  0.201717
-0.419664  0.405398  0.201687
-0.419664  0.405428  0.201289
-0.419664  0.405433  0.201268
-0.419664  0.405457  0.20089
-0.419664  0.405467  0.200589
-0.419664  0.405472  0.200568
-0.419664  0.405493  0.200193
-0.419664  0.405498  0.200172
-0.419664  0.405506  0.199766
-0.419664  0.405535  0.199456
-0.419664  0.405536  0.199438
-0.419664  0.405563  0.199024
-0.419664  0.40555  0.198993
-0.419664  0.405575  0.198564
-0.419664  0.405596  0.198309
-0.419664  0.405599  0.198273
-0.419664  0.405616  0.197914
-0.419664  0.405621  0.197893
-0.419664  0.40562  0.197509
-0.419664  0.405638  0.197272
-0.419664  0.405643  0.197251
-0.419664  0.405657  0.196927
-0.419664  0.405641  0.196899
-0.419664  0.405677  0.196531
-0.419664  0.405676  0.196268
-0.419664  0.405683  0.19623
-0.419664  0.405703  0.195833
-0.419664  0.405704  0.195815
-0.419664  0.405722  0.195437
-0.419664  0.405743  0.195162
-0.419664  0.40575  0.195124
-0.419664  0.405764  0.194747
-0.419664  0.405769  0.194727
-0.419664  0.405788  0.194329
-0.419664  0.405811  0.194069
-0.419664  0.405814  0.194033
-0.419664  0.405834  0.193651
-0.419664  0.405818  0.193623
-0.419664  0.405841  0.193204
-0.419664  0.405863  0.19291
-0.419664  0.405866  0.192874
-0.419664  0.405888  0.192473
-0.419664  0.405891  0.192437
-0.419664  0.405912  0.192035
-0.419664  0.405932  0.191759
-0.419664  0.405933  0.191741
-0.419664  0.405969  0.191384
-0.419664  0.405971  0.191348
-0.419664  0.405992  0.190945
-0.419664  0.406028  0.19073
-0.419664  0.406015  0.1907
-0.419664  0.406053  0.190306
-0.419664  0.406056  0.19027
-0.419664  0.406096  0.18984
-0.419664  0.406103  0.189801
-0.419664  0.406127  0.189342
-0.419664  0.406129  0.189306
-0.419664  0.406169  0.188875
-0.419664  0.406193  0.188577
-0.419664  0.406199  0.188538
-0.419664  0.406237  0.188124
-0.419664  0.406243  0.188085
-0.419664  0.406279  0.18769
-0.419664  0.406304  0.187407
-0.419664  0.40631  0.187367
-0.419664  0.40635  0.186951
-0.419664  0.406337  0.18692
-0.419664  0.406383  0.186464
-0.419664  0.406386  0.186427
-0.419664  0.406412  0.185998
-0.419664  0.406437  0.185695
-0.419664  0.406443  0.185656
-0.419664  0.406479  0.185241
-0.419664  0.406502  0.184922
-0.419664  0.406507  0.184901
-0.419664  0.406512  0.1847
-0.419664  0.406548  0.184284
-0.419664  0.406551  0.183973
-0.419664  0.406557  0.183934
-0.419664  0.406595  0.18348
-0.419664  0.406583  0.183431
-0.419664  0.406608  0.182946
-0.419664  0.406613  0.182907
-0.419664  0.406632  0.182461
-0.419664  0.406652  0.182159
-0.419664  0.406658  0.18212
-0.419664  0.406671  0.181694
-0.419664  0.406672  0.181366
-0.419664  0.406677  0.181327
-0.419664  0.406689  0.180919
-0.419664  0.406691  0.180882
-0.419664  0.406708  0.180434
-0.419664  0.40671  0.180087
-0.419664  0.406715  0.180047
-0.419664  0.406729  0.179602
-0.419664  0.406734  0.179562
-0.419664  0.406766  0.179107
-0.419664  0.406754  0.179057
-0.419664  0.406785  0.178656
-0.419664  0.406786  0.178637
-0.419664  0.406822  0.178195
-0.419664  0.406838  0.177947
-0.419664  0.406842  0.177926
-0.419664  0.406856  0.177495
-0.419664  0.40686  0.177474
-0.419664  0.406895  0.17705
-0.419664  0.406914  0.176726
-0.419664  0.4069  0.176696
-0.419664  0.406932  0.176255
-0.419664  0.40695  0.175949
-0.419664  0.406952  0.175912
-0.419664  0.406986  0.175487
-0.419664  0.406988  0.175449
-0.419664  0.407004  0.174995
-0.419664  0.407038  0.174718
-0.419664  0.407023  0.17467
-0.419664  0.407055  0.174244
-0.419664  0.407059  0.174223
-0.419664  0.407093  0.173778
-0.419664  0.407109  0.173472
-0.419664  0.40711  0.173453
-0.419664  0.407137  0.173066
-0.419664  0.407141  0.173045
-0.419664  0.407169  0.172639
-0.419664  0.407183  0.17237
-0.419664  0.407184  0.172351
-0.419664  0.407211  0.171944
-0.419664  0.407215  0.171923
-0.419664  0.40726  0.171507
-0.419664  0.407272  0.171202
-0.419664  0.407276  0.17118
-0.419664  0.407304  0.170735
-0.419664  0.407309  0.170695
-0.419664  0.407337  0.170249
-0.419664  0.407354  0.169903
-0.419664  0.407355  0.169884
-0.419664  0.407355  0.169696
-0.419664  0.40738  0.169288
-0.419664  0.40739  0.169
-0.419664  0.407394  0.168979
-0.419664  0.407418  0.168534
-0.419664  0.407405  0.168484
-0.419664  0.407422  0.168117
-0.419664  0.407423  0.168098
-0.419664  0.407441  0.167693
-0.419664  0.407448  0.167387
-0.419664  0.407452  0.167366
-0.419664  0.407485  0.166952
-0.419664  0.407469  0.166923
-0.419664  0.407503  0.166527
-0.419664  0.407507  0.166242
-0.419664  0.407511  0.166201
-0.419664  0.407521  0.165818
-0.419664  0.407525  0.165796
-0.419664  0.407538  0.165411
-0.419664  0.407541  0.165125
-0.419664  0.407544  0.165104
-0.419664  0.407557  0.164717
-0.419664  0.407558  0.164678
-0.419664  0.40757  0.164292
-0.419664  0.407594  0.163994
-0.419664  0.407577  0.163965
-0.419664  0.407603  0.163589
-0.419664  0.407605  0.16355
-0.419664  0.407612  0.163184
-0.419664  0.407613  0.162916
-0.419664  0.407615  0.162878
-0.419664  0.407639  0.16252
-0.419664  0.407643  0.162499
-0.419664  0.407648  0.162115
-0.419664  0.407649  0.161827
-0.419664  0.407653  0.161805
-0.419664  0.407678  0.161428
-0.419664  0.407679  0.161389
-0.419664  0.40769  0.16098
-0.419664  0.407691  0.160941
-0.419664  0.407715  0.160563
-0.419664  0.40772  0.160522
-0.419664  0.407726  0.160154
-0.419664  0.40774  0.159896
-0.419664  0.40774  0.159876
-0.419664  0.407763  0.159517
-0.419664  0.407764  0.159478
-0.419664  0.407786  0.159157
-0.419664  0.4078  0.158899
-0.419664  0.407804  0.158858
-0.419664  0.407822  0.158539
-0.419664  0.407826  0.158517
-0.419664  0.407844  0.158178
-0.419664  0.407858  0.157919
-0.419664  0.407861  0.157898
-0.419664  0.40788  0.157539
-0.419664  0.407881  0.157519
-0.419664  0.407899  0.157159
-0.419664  0.407911  0.15692
-0.419664  0.407912  0.15688
-0.419664  0.40793  0.15656
-0.419664  0.40793  0.15654
-0.419664  0.407965  0.156209
-0.419664  0.407977  0.155969
-0.419664  0.407977  0.155949
-0.419664  0.407994  0.155608
-0.419664  0.407995  0.155588
-0.419664  0.408011  0.155267
-0.419664  0.408022  0.155046
-0.419664  0.408023  0.155026
-0.419664  0.40804  0.154684
-0.419664  0.40804  0.154665
-0.419664  0.408053  0.154324
-0.419664  0.408064  0.154083
-0.419664  0.408065  0.154063
-0.419664  0.40808  0.153761
-0.419664  0.40808  0.153741
-0.419664  0.408093  0.15344
-0.419664  0.408103  0.153218
-0.419664  0.408103  0.153198
-0.419664  0.408132  0.152906
-0.419664  0.408133  0.152886
-0.419664  0.408145  0.152564
-0.419664  0.408155  0.152342
-0.419664  0.408155  0.152322
-0.419664  0.408167  0.152
-0.419664  0.408167  0.15198
-0.419664  0.408178  0.151678
-0.419664  0.408188  0.151455
-0.419664  0.408188  0.151435
-0.419664  0.408199  0.151132
-0.419664  0.4082  0.151112
-0.419664  0.408213  0.150827
-0.419664  0.408219  0.150626
-0.419664  0.408219  0.150626
-0.419664  0.408232  0.150381
-0.419664  0.408232  0.150361
-0.419664  0.408242  0.150097
-0.419664  0.40825  0.149914
-0.419664  0.40825  0.149894
-0.419664  0.40826  0.14965
-0.419664  0.40826  0.14963
-0.419664  0.408269  0.149366
-0.419664  0.408275  0.149164
-0.419664  0.408275  0.149144
-0.419664  0.408281  0.148902
-0.419664  0.408281  0.148881
-0.419664  0.40829  0.148617
-0.419664  0.408296  0.148415
-0.419664  0.408296  0.148395
-0.419664  0.408302  0.148112
-0.419664  0.408302  0.148091
-0.419664  0.408308  0.147828
-0.419664  0.408308  0.147808
-0.419664  0.408313  0.147565
-0.419664  0.408318  0.147402
-0.419664  0.408318  0.147382
-0.419664  0.408306  0.147149
-0.419664  0.408306  0.147129
-0.419664  0.408311  0.146926
-0.419664  0.408312  0.146765
-0.419664  0.408312  0.146744
-0.419664  0.408317  0.146541
-0.419664  0.408317  0.146521
-0.419664  0.408318  0.146319
-0.419664  0.408337  0.146167
-0.419664  0.408337  0.146167
-0.419664  0.408339  0.145924
-0.419664  0.408339  0.145904
-0.419664  0.408323  0.145692
-0.419664  0.408324  0.145551
-0.419664  0.408324  0.145531
-0.419664  0.408325  0.145308
-0.419664  0.408326  0.145166
-0.419664  0.408326  0.145146
-0.419664  0.40831  0.144914
-0.419664  0.40831  0.144893
-0.419664  0.408308  0.144672
-0.419664  0.408308  0.144652
-0.419664  0.408291  0.144439
-0.419664  0.408292  0.144277
-0.419664  0.408292  0.144257
-0.419664  0.408293  0.144054
-0.419664  0.408293  0.144054
-0.419664  0.408273  0.143843
-0.419664  0.408256  0.143691
-0.419664  0.408256  0.143691
-0.419664  0.408239  0.143478
-0.419664  0.408236  0.143337
-0.419664  0.408236  0.143317
-0.419664  0.408237  0.143256
-0.419664  0.40822  0.143043
-0.419664  0.408217  0.142902
-0.419664  0.408217  0.142881
-0.419664  0.408197  0.14267
-0.419664  0.408197  0.142507
-0.419664  0.408197  0.142507
-0.419664  0.408194  0.142304
-0.419664  0.408194  0.142284
-0.419664  0.408176  0.14207
-0.419664  0.408176  0.141907
-0.419664  0.408176  0.141907
-0.419664  0.408156  0.141674
-0.419664  0.408156  0.141654
-0.419664  0.408138  0.141399
-0.419664  0.408138  0.141379
-0.419664  0.40812  0.141165
-0.419664  0.4081  0.140993
-0.419664  0.408082  0.140963
-0.419664  0.408065  0.140749
-0.419664  0.408064  0.140728
-0.419664  0.408026  0.140506
-0.419664  0.408008  0.140333
-0.419664  0.408008  0.140333
-0.419664  0.40797  0.140089
-0.419664  0.40797  0.140069
-0.419664  0.407931  0.139846
-0.419664  0.40791  0.139674
-0.419664  0.40791  0.139654
-0.419664  0.407874  0.139409
-0.419664  0.407874  0.139388
-0.419664  0.407835  0.139124
-0.419664  0.407814  0.138952
-0.419664  0.407797  0.138921
-0.419664  0.407778  0.138686
-0.419664  0.407778  0.138665
-0.419664  0.407738  0.13838
-0.419664  0.407717  0.138166
-0.419664  0.407717  0.138146
-0.419664  0.407698  0.138012
-0.419664  0.407679  0.137715
-0.419664  0.407675  0.137531
-0.419664  0.407674  0.13751
-0.419664  0.407655  0.137191
-0.419664  0.407655  0.137191
-0.419664  0.407632  0.136915
-0.419664  0.407632  0.136894
-0.419664  0.407629  0.136625
-0.419664  0.407628  0.13646
-0.419664  0.407627  0.136439
-0.419664  0.407625  0.136191
-0.419664  0.407622  0.136172
-0.419664  0.407619  0.135924
-0.419664  0.407634  0.135727
-0.419664  0.407634  0.135727
-0.419664  0.407632  0.135478
-0.419664  0.407631  0.135457
-0.419664  0.407646  0.135239
-0.419664  0.407644  0.135052
-0.419664  0.407643  0.135032
-0.419664  0.40764  0.134783
-0.419664  0.40764  0.134762
-0.419664  0.407654  0.134502
-0.419664  0.407652  0.134336
-0.419664  0.407651  0.134315
-0.419664  0.407665  0.134054
-0.419664  0.407665  0.134034
-0.419664  0.407679  0.133794
-0.419664  0.407693  0.133637
-0.419664  0.407693  0.133616
-0.419664  0.407707  0.133376
-0.419664  0.407721  0.133198
-0.419664  0.407721  0.133198
-0.419664  0.407738  0.132956
-0.419664  0.407737  0.132935
-0.419664  0.407751  0.132695
-0.419664  0.40775  0.132674
-0.419664  0.407763  0.132433
-0.419664  0.407777  0.132255
-0.419664  0.407777  0.132234
-0.419664  0.407793  0.131971
-0.419664  0.407792  0.13195
-0.419664  0.407805  0.131709
-0.419664  0.407805  0.131688
-0.419664  0.407803  0.131415
-0.419664  0.407802  0.131394
-0.419664  0.407815  0.131152
-0.419664  0.407828  0.130974
-0.419664  0.407828  0.130953
-0.419664  0.407843  0.13071
-0.419664  0.407843  0.130689
-0.419664  0.407838  0.130458
-0.419664  0.407838  0.130437
-0.419664  0.407853  0.130215
-0.419664  0.407868  0.130077
-0.419664  0.407867  0.130056
-0.419664  0.407883  0.129855
-0.419664  0.407883  0.129834
-0.419664  0.407895  0.129634
-0.419664  0.407892  0.129486
-0.419664  0.407892  0.129465
-0.419664  0.407907  0.129243
-0.419664  0.407906  0.129222
-0.419664  0.407922  0.129041
-0.419664  0.407936  0.128882
-0.419664  0.407936  0.128882
-0.419664  0.407951  0.12868
-0.419664  0.407951  0.12868
-0.419664  0.407966  0.128477
-0.419664  0.407966  0.128329
-0.419664  0.407982  0.128317
-0.419664  0.407983  0.128104
-0.419664  0.407983  0.128083
-0.419664  0.407998  0.127901
-0.419664  0.408015  0.127762
-0.419664  0.408017  0.12774
-0.419664  0.408019  0.127547
-0.419664  0.408019  0.127547
-0.419664  0.408037  0.127364
-0.419664  0.40804  0.127256
-0.419664  0.40804  0.127235
-0.419664  0.408062  0.127072
-0.419664  0.408061  0.127051
-0.419664  0.408066  0.126878
-0.419664  0.408068  0.126748
-0.419664  0.408068  0.126748
-0.419664  0.408073  0.126575
-0.419664  0.408073  0.126575
-0.419664  0.408094  0.126391
-0.419664  0.408096  0.126261
-0.419664  0.408096  0.126261
-0.419664  0.408117  0.126055
-0.419664  0.408117  0.126055
-0.419664  0.408123  0.12586
-0.419664  0.408143  0.12574
-0.419664  0.408143  0.12574
-0.419664  0.40815  0.125544
-0.419664  0.408149  0.125523
-0.419664  0.408173  0.125337
-0.419664  0.408173  0.125337
-0.419664  0.408179  0.125141
-0.419664  0.408183  0.124989
-0.419664  0.408183  0.124989
-0.419664  0.408209  0.12478
-0.419664  0.408209  0.12478
-0.419664  0.408218  0.124582
-0.419664  0.408223  0.12443
-0.419664  0.408222  0.124409
-0.419664  0.408228  0.124213
-0.419664  0.408231  0.124212
-0.419664  0.408254  0.124025
-0.419664  0.408259  0.123873
-0.419664  0.408259  0.123873
-0.419664  0.408267  0.123675
-0.419664  0.408267  0.123654
-0.419664  0.408293  0.123466
-0.419664  0.408297  0.123335
-0.419664  0.408314  0.123323
-0.419664  0.408323  0.123147
-0.419664  0.408323  0.123147
-0.419664  0.408349  0.122959
-0.419664  0.408353  0.122827
-0.419664  0.408356  0.122805
-0.419664  0.408381  0.122617
-0.419664  0.408381  0.122595
-0.419664  0.408393  0.122418
-0.419664  0.408414  0.122296
-0.419664  0.408417  0.122273
-0.419664  0.408443  0.122106
-0.419664  0.408466  0.121962
-0.419664  0.408466  0.121962
-0.419664  0.408492  0.121774
-0.419664  0.408494  0.121751
-0.419664  0.408515  0.121543
-0.419664  0.40854  0.12142
-0.419664  0.408539  0.121398
-0.419664  0.40858  0.121198
-0.419664  0.40858  0.121198
-0.419664  0.408622  0.120998
-0.419664  0.408629  0.120865
-0.419664  0.408645  0.120853
-0.419664  0.40867  0.120665
-0.419664  0.408673  0.120663
-0.419664  0.408697  0.120475
-0.419664  0.408718  0.120353
-0.419664  0.408738  0.12034
-0.419664  0.408761  0.12013
-0.419664  0.408764  0.120128
-0.419664  0.408788  0.119918
-0.419664  0.408788  0.119918
-0.419664  0.408827  0.11974
-0.419664  0.408826  0.119719
-0.419664  0.408846  0.11951
-0.419664  0.408846  0.11951
-0.419664  0.408883  0.119289
-0.419664  0.4089  0.119146
-0.419664  0.4089  0.119146
-0.419664  0.408935  0.118969
-0.419664  0.408934  0.118947
-0.419664  0.408952  0.118761
-0.419664  0.408966  0.118619
-0.419664  0.408969  0.118618
-0.419664  0.408983  0.118411
-0.419664  0.408982  0.118389
-0.419664  0.408998  0.118159
-0.419664  0.409011  0.118017
-0.419664  0.40901  0.117996
-0.419664  0.409044  0.117797
-0.419664  0.409043  0.117775
-0.419664  0.409075  0.117599
-0.419664  0.409086  0.117414
-0.419664  0.409086  0.117414
-0.419664  0.409116  0.117194
-0.419664  0.409116  0.117194
-0.419664  0.409144  0.116997
-0.419664  0.409147  0.116996
-0.419664  0.409175  0.11682
-0.419664  0.409177  0.116798
-0.419664  0.409189  0.116634
-0.419664  0.409188  0.116612
-0.419664  0.409221  0.116457
-0.419664  0.409236  0.116358
-0.419664  0.409236  0.116358
-0.419664  0.409247  0.116172
-0.419664  0.409246  0.116151
-0.419664  0.409258  0.115987
-0.419664  0.409272  0.115866
-0.419664  0.409272  0.115866
-0.419664  0.409285  0.115723
-0.419664  0.409285  0.115723
-0.419664  0.409298  0.115536
-0.419664  0.409297  0.115515
-0.419664  0.409309  0.11535
-0.419664  0.409322  0.115208
-0.419664  0.409322  0.115208
-0.419664  0.409333  0.115043
-0.419664  0.409332  0.115022
-0.419664  0.409347  0.114856
-0.419664  0.409342  0.114704
-0.419664  0.409342  0.114704
-0.419664  0.409356  0.114538
-0.419664  0.409355  0.114517
-0.419664  0.409352  0.114341
-0.419664  0.409351  0.11432
-0.419664  0.409367  0.114176
-0.419664  0.409367  0.114065
-0.419664  0.409383  0.114053
-0.419664  0.409381  0.113899
-0.419664  0.40938  0.113878
-0.419664  0.409392  0.113735
-0.419664  0.409404  0.113592
-0.419664  0.409407  0.11359
-0.419664  0.409418  0.113426
-0.419664  0.409418  0.113426
-0.419664  0.409428  0.113239
-0.419664  0.409428  0.113239
-0.419664  0.409456  0.113084
-0.419664  0.409452  0.112952
-0.419664  0.409469  0.112962
-0.419664  0.409479  0.112775
-0.419664  0.409478  0.112753
-0.419664  0.40949  0.11261
-0.419664  0.409506  0.112598
-0.419664  0.409518  0.112454
-0.419664  0.409532  0.112354
-0.419664  0.409531  0.112332
-0.419664  0.409542  0.112189
-0.419664  0.409557  0.112089
-0.419664  0.409555  0.112067
-0.419664  0.409584  0.111933
-0.419664  0.409583  0.111911
-0.419664  0.409596  0.111745
-0.419664  0.409596  0.111745
-0.419664  0.409623  0.111567
-0.419664  0.409633  0.111446
-0.419664  0.409633  0.111446
-0.419664  0.40966  0.11129
-0.419664  0.409663  0.111289
-0.419664  0.409691  0.111154
-0.419664  0.409701  0.111033
-0.419664  0.409704  0.111032
-0.419664  0.409731  0.110876
-0.419664  0.409749  0.110886
-0.419664  0.409776  0.110729
-0.419664  0.409791  0.110651
-0.419664  0.40979  0.110629
-0.419664  0.409822  0.110515
-0.419664  0.409836  0.110415
-0.419664  0.409835  0.110393
-0.419664  0.409863  0.110258
-0.419664  0.409863  0.110258
-0.419664  0.409891  0.110124
-0.419664  0.409891  0.110124
-0.419664  0.409919  0.109989
-0.419664  0.409934  0.10991
-0.419664  0.409933  0.109888
-0.419664  0.409941  0.109745
-0.419664  0.409955  0.109644
-0.419664  0.409953  0.109623
-0.419664  0.409981  0.109488
-0.419664  0.40998  0.109466
-0.419664  0.410009  0.109353
-0.419664  0.410009  0.109353
-0.419664  0.410018  0.109231
-0.419664  0.410032  0.10913
-0.419664  0.410032  0.10913
-0.419664  0.410056  0.108974
-0.419664  0.410057  0.108952
-0.419664  0.410065  0.108808
-0.419664  0.410074  0.108686
-0.419664  0.410074  0.108686
-0.419664  0.410066  0.10851
-0.419664  0.410082  0.108498
-0.419664  0.410088  0.108332
-0.419664  0.410095  0.108188
-0.419664  0.410095  0.108188
-0.419664  0.410101  0.108022
-0.419664  0.4101  0.108
-0.419664  0.410106  0.107834
-0.419664  0.410132  0.107722
-0.419664  0.410132  0.107722
-0.419664  0.410152  0.107521
-0.419664  0.410152  0.107521
-0.419664  0.410161  0.107354
-0.419664  0.410161  0.107354
-0.419664  0.410184  0.107198
-0.419664  0.410192  0.107075
-0.419664  0.41021  0.107085
-0.419664  0.410212  0.10692
-0.419664  0.410228  0.106907
-0.419664  0.410251  0.106751
-0.419664  0.410251  0.106751
-0.419664  0.410274  0.106594
-0.419664  0.410283  0.106493
-0.419664  0.410282  0.106471
-0.419664  0.410305  0.106314
-0.419664  0.410305  0.106314
-0.419664  0.410332  0.106178
-0.419664  0.410341  0.106078
-0.419664  0.410341  0.106078
-0.419664  0.410365  0.105943
-0.419664  0.410365  0.105943
-0.419664  0.410389  0.105808
-0.419664  0.410397  0.105685
-0.419664  0.410397  0.105685
-0.419664  0.41042  0.105528
-0.419664  0.410418  0.105506
-0.419664  0.410442  0.105371
-0.419664  0.41044  0.105349
-0.419664  0.410444  0.105205
-0.419664  0.410452  0.105082
-0.419664  0.410469  0.105091
-0.419664  0.410477  0.104923
-0.419664  0.410477  0.104923
-0.419664  0.4105  0.104788
-0.419664  0.410499  0.104766
-0.419664  0.410507  0.104643
-0.419664  0.410507  0.104643
-0.419664  0.410513  0.104498
-0.419664  0.410513  0.104498
-0.419664  0.410538  0.104384
-0.419664  0.410532  0.104296
-0.419664  0.410549  0.104305
-0.419664  0.410556  0.104182
-0.419664  0.410556  0.104182
-0.419664  0.410566  0.104081
-0.419664  0.410575  0.10398
-0.419664  0.410575  0.10398
-0.419664  0.410584  0.103879
-0.419664  0.410583  0.103857
-0.419664  0.410592  0.103756
-0.419664  0.41059  0.103734
-0.419664  0.410617  0.103642
-0.419664  0.410613  0.103553
-0.419664  0.410613  0.103553
-0.419664  0.410627  0.103518
-0.419664  0.410636  0.103417
-0.419664  0.410629  0.103328
-0.419664  0.410628  0.103306
-0.419664  0.410638  0.103182
-0.419664  0.410638  0.103182
-0.419664  0.410647  0.103081
-0.419664  0.410645  0.103058
-0.419664  0.410642  0.102969
-0.419664  0.410652  0.10289
-0.419664  0.410652  0.10289
-0.419664  0.410661  0.102788
-0.419664  0.410661  0.102788
-0.419664  0.410673  0.102686
-0.419664  0.410668  0.10262
-0.419664  0.410668  0.10262
-0.419664  0.410694  0.102528
-0.419664  0.410692  0.102506
-0.419664  0.410701  0.102404
-0.419664  0.410712  0.102325
-0.419664  0.410712  0.102325
-0.419664  0.410721  0.102223
-0.419664  0.410719  0.102201
-0.419664  0.410745  0.102109
-0.419664  0.410755  0.10203
-0.419664  0.410755  0.10203
-0.419664  0.410762  0.101906
-0.419664  0.41078  0.101916
-0.419664  0.410788  0.101814
-0.419664  0.410799  0.101735
-0.419664  0.410797  0.101713
-0.419664  0.410823  0.101621
-0.419664  0.410823  0.101621
-0.419664  0.41083  0.101497
-0.419664  0.410842  0.10144
-0.419664  0.41084  0.101418
-0.419664  0.410849  0.101316
-0.419664  0.410866  0.101326
-0.419664  0.410873  0.101202
-0.419664  0.410885  0.101144
-0.419664  0.410883  0.101122
-0.419664  0.410891  0.10102
-0.419664  0.410891  0.10102
-0.419664  0.410915  0.100906
-0.419664  0.410927  0.100849
-0.419664  0.410925  0.100827
-0.419664  0.410934  0.100725
-0.419664  0.410932  0.100702
-0.419664  0.41094  0.100601
-0.419664  0.410951  0.100521
-0.419664  0.410951  0.100521
-0.419664  0.410957  0.100397
-0.419664  0.410957  0.100397
-0.419664  0.410951  0.100284
-0.419664  0.410949  0.100262
-0.419664  0.410958  0.10016
-0.419664  0.410966  0.100058
-0.419664  0.410966  0.100058
-0.419664  0.410953  0.0999019
-0.419664  0.410953  0.0999019
-0.419664  0.410959  0.0997775
-0.419664  0.410962  0.0997767
-0.419664  0.410969  0.0996523
-0.419664  0.410979  0.0995725
-0.419664  0.410979  0.0995725
-0.419664  0.410988  0.0994473
-0.419664  0.410986  0.0994249
-0.419664  0.410992  0.0993004
-0.419664  0.410986  0.0991878
-0.419664  0.410986  0.0991878
-0.419664  0.41099  0.0990408
-0.419664  0.41099  0.0990408
-0.419664  0.410994  0.0988939
-0.419664  0.411003  0.0987684
-0.419664  0.411003  0.0987684
-0.419664  0.411005  0.098599
-0.419664  0.411005  0.098599
-0.419664  0.41101  0.0984518
-0.419664  0.41102  0.0983487
-0.419664  0.41102  0.0983487
-0.419664  0.411024  0.0982015
-0.419664  0.411022  0.0981791
-0.419664  0.411028  0.0980542
-0.419664  0.411039  0.097951
-0.419664  0.411037  0.0979286
-0.419664  0.411041  0.0977812
-0.419664  0.411041  0.0977812
-0.419664  0.411044  0.0976339
-0.419664  0.411035  0.0975217
-0.419664  0.411035  0.0975217
-0.419664  0.411039  0.0973742
-0.419664  0.411046  0.0972716
-0.419664  0.411044  0.0972492
-0.419664  0.411065  0.0971113
-0.419664  0.411065  0.0971113
-0.419664  0.411069  0.0969637
-0.419664  0.411067  0.0969412
-0.419664  0.411087  0.0968032
-0.419664  0.411093  0.096678
-0.419664  0.411091  0.0966555
-0.419664  0.411109  0.0964949
-0.419664  0.411109  0.0964949
-0.419664  0.411133  0.096356
-0.419664  0.411133  0.096356
-0.419664  0.411155  0.0962403
-0.419664  0.41118  0.0961471
-0.419664  0.41118  0.0961471
-0.419664  0.411198  0.0959864
-0.419664  0.411198  0.0959864
-0.419664  0.411234  0.0958352
-0.419664  0.411234  0.0958352
-0.419664  0.411257  0.0956961
-0.419664  0.411264  0.0955931
-0.419664  0.411279  0.0955802
-0.419664  0.411299  0.0954417
-0.419664  0.411299  0.0954417
-0.419664  0.411318  0.0952807
-0.419664  0.411342  0.0951873
-0.419664  0.41134  0.0951647
-0.419664  0.41136  0.0950261
-0.419664  0.411358  0.0950036
-0.419664  0.411376  0.0948424
-0.419664  0.411376  0.0948424
-0.419664  0.411393  0.0946811
-0.419664  0.411415  0.0945649
-0.419664  0.411413  0.0945423
-0.419664  0.411433  0.0944035
-0.419664  0.411448  0.0943906
-0.419664  0.411466  0.0942292
-0.419664  0.411473  0.0941258
-0.419664  0.411471  0.0941032
-0.419664  0.41149  0.0939643
-0.419664  0.411488  0.0939417
-0.419664  0.411505  0.0937801
-0.419664  0.411529  0.0936863
-0.419664  0.411527  0.0936636
-0.419664  0.411527  0.0934922
-0.419664  0.411549  0.0933758
-0.419664  0.411547  0.0933531
-0.419664  0.411564  0.0931913
-0.419664  0.411562  0.0931686
-0.419664  0.411596  0.0930164
-0.419664  0.411594  0.0929937
-0.419664  0.411611  0.0928318
-0.419664  0.411632  0.0927151
-0.419664  0.41163  0.0926924
-0.419664  0.41166  0.0924946
-0.419664  0.41166  0.0924946
-0.419664  0.411689  0.0922968
-0.419664  0.411689  0.0922968
-0.419664  0.411719  0.0920988
-0.419664  0.41174  0.0919819
-0.419664  0.411738  0.0919592
-0.419664  0.411784  0.0917708
-0.419664  0.411782  0.0917481
-0.419664  0.411814  0.0915726
-0.419664  0.411829  0.0915595
-0.419664  0.411862  0.0914067
-0.419664  0.411883  0.0912896
-0.419664  0.411883  0.0912896
-0.419664  0.411926  0.0911016
-0.419664  0.411924  0.0910788
-0.419664  0.411955  0.0909031
-0.419664  0.411976  0.0907858
-0.419664  0.411991  0.0907728
-0.419664  0.412022  0.0905969
-0.419664  0.41202  0.0905741
-0.419664  0.41206  0.0903629
-0.419664  0.412076  0.0901999
-0.419664  0.412093  0.0902096
-0.419664  0.412139  0.0900203
-0.419664  0.412136  0.0899975
-0.419664  0.41218  0.0897853
-0.419664  0.412192  0.0896228
-0.419664  0.41221  0.0896325
-0.419664  0.41225  0.0893973
-0.419664  0.412248  0.0893744
-0.419664  0.412286  0.0891162
-0.419664  0.412286  0.0891162
-0.419664  0.412308  0.088871
-0.419664  0.412326  0.0888807
-0.419664  0.412351  0.0886582
-0.419664  0.412383  0.0885043
-0.419664  0.412383  0.0885043
-0.419664  0.412408  0.0882816
-0.419664  0.412408  0.0882816
-0.419664  0.412452  0.0880914
-0.419664  0.41247  0.0879505
-0.419664  0.412484  0.0879373
-0.419664  0.412511  0.0877372
-0.419664  0.412511  0.0877372
-0.419664  0.412558  0.0875698
-0.419664  0.412575  0.0874286
-0.419664  0.412573  0.0874057
-0.419664  0.412616  0.0872151
-0.419664  0.412614  0.0871922
-0.419664  0.412626  0.087005
-0.419664  0.412623  0.086982
-0.419664  0.412637  0.0868177
-0.419664  0.412659  0.0867223
-0.419664  0.412657  0.0866993
-0.419664  0.412654  0.0865252
-0.419664  0.412651  0.0865022
-0.419664  0.412668  0.0863607
-0.419664  0.41267  0.0862324
-0.419664  0.41267  0.0862324
-0.419664  0.412669  0.0860811
-0.419664  0.412666  0.0860581
-0.419664  0.412665  0.0859067
-0.419664  0.41267  0.0858014
-0.419664  0.41267  0.0858014
-0.419664  0.412671  0.085673
-0.419664  0.412669  0.0856499
-0.419664  0.412656  0.0855348
-0.419664  0.412673  0.0855445
-0.419664  0.41266  0.0854293
-0.419664  0.41266  0.0854293
-0.419664  0.412647  0.0853141
-0.419664  0.412645  0.0852674
-0.419664  0.412642  0.0852443
-0.419664  0.412634  0.0851752
-0.419664  0.412634  0.0851752
-0.419664  0.412626  0.085106
-0.419664  0.412621  0.0850599
-0.419664  0.412621  0.0850599
-0.419664  0.412616  0.0849902
-0.419664  0.412616  0.0849902
-0.419664  0.412611  0.084944
-0.419664  0.412608  0.084921
-0.419664  0.412608  0.084921
-0.419664  0.412605  0.0848742
-0.419664  0.412605  0.0848742
-0.419664  0.4126  0.0848281
-0.419664  0.412598  0.0848051
-0.419664  0.412598  0.0848051
-0.419664  0.412592  0.0847589
-0.419664  0.412592  0.0847589
-0.419664  0.41257  0.084703
-0.419664  0.412567  0.08468
-0.419664  0.412567  0.08468
-0.419664  0.412579  0.0846436
-0.419664  0.412579  0.0846436
-0.419664  0.412579  0.0846199
-0.419664  0.412577  0.0845968
-0.419664  0.412577  0.0845968
-0.419664  0.412574  0.0845501
-0.419664  0.412574  0.0845501
-0.419664  0.412574  0.0845264
-0.419664  0.412572  0.0845033
-0.419664  0.412572  0.0845033
-0.419664  0.412569  0.0844566
-0.419664  0.412569  0.0844566
-0.419664  0.412566  0.0844335
-0.419664  0.412566  0.0844098
-0.419664  0.412566  0.0844098
-0.419664  0.412561  0.0843636
-0.419664  0.412561  0.0843636
-0.419664  0.412559  0.0843169
-0.419664  0.412573  0.0843035
-0.419664  0.412573  0.0843035
-0.419664  0.412573  0.0843035
-0.419664  0.412571  0.0842567
-0.419664  0.412568  0.0842337
-0.419664  0.412568  0.0842337
-0.419664  0.412548  0.0842008
-0.419664  0.412548  0.0842008
-0.419664  0.412543  0.0841547
-0.419664  0.41254  0.0841316
-0.419664  0.41254  0.0841316
-0.419664  0.412535  0.0840854
-0.419664  0.412552  0.0840951
-0.419664  0.412547  0.0840489
-0.419664  0.412547  0.0840489
-0.419664  0.412544  0.0840022
-0.419664  0.412541  0.0839791
-0.419664  0.412539  0.083956
-0.419664  0.412551  0.0839195
-0.419664  0.412551  0.0839195
-0.419664  0.412545  0.0838733
-0.419664  0.412542  0.0838502
-0.419664  0.412542  0.0838502
-0.419664  0.412534  0.0837809
-0.419664  0.412534  0.0837809
-0.419664  0.412546  0.0837444
-0.419664  0.412544  0.0837213
-0.419664  0.412541  0.0836982
-0.419664  0.412535  0.083652
-0.419664  0.412535  0.083652
-0.419664  0.41253  0.0836058
-0.419664  0.412545  0.0835924
-0.419664  0.412545  0.0835924
-0.419664  0.412542  0.0835693
-0.419664  0.412539  0.0835462
-0.419664  0.412554  0.0835328
-0.419664  0.412554  0.0835091
-0.419664  0.412554  0.0835091
-0.419664  0.412551  0.083486
-0.419664  0.412551  0.083486
-0.419664  0.412551  0.0834622
-0.419664  0.412548  0.0834391
-0.419664  0.412548  0.0834391
-0.419664  0.412548  0.0834154
-0.419664  0.412548  0.0834154
-0.419664  0.412549  0.0833917
-0.419664  0.412546  0.0833686
-0.419664  0.412546  0.0833686
-0.419664  0.412543  0.0833218
-0.419664  0.412546  0.0833212
-0.419664  0.412543  0.083298
-0.419664  0.412541  0.0832749
-0.419664  0.412541  0.0832749
-0.419664  0.412538  0.0832281
-0.419664  0.412538  0.0832281
-0.419664  0.412535  0.083205
-0.419664  0.412532  0.0831581
-0.419664  0.412532  0.0831581
-0.419664  0.412527  0.0831119
-0.419664  0.412527  0.0831119
-0.419664  0.412522  0.0830656
-0.419664  0.412516  0.0830193
-0.419664  0.412516  0.0830193
-0.419664  0.412513  0.0829725
-0.419664  0.412511  0.0829494
-0.419664  0.412505  0.0829031
-0.419664  0.4125  0.0828568
-0.419664  0.412497  0.0828337
-0.419664  0.412489  0.0827642
-0.419664  0.412489  0.0827642
-0.419664  0.412481  0.0826948
-0.419664  0.412475  0.0826485
-0.419664  0.412472  0.0826254
-0.419664  0.412464  0.0825559
-0.419664  0.412464  0.0825559
-0.419664  0.412459  0.0824859
-0.419664  0.41245  0.0824164
-0.419664  0.41245  0.0824164
-0.419664  0.412459  0.0823567
-0.419664  0.412459  0.0823567
-0.419664  0.412454  0.0822866
-0.419664  0.412454  0.0822866
-0.419664  0.412445  0.0822171
-0.419664  0.41244  0.0821708
-0.419664  0.412437  0.0821476
-0.419664  0.412434  0.0821007
-0.419664  0.412434  0.0821007
-0.419664  0.412443  0.0820409
-0.419664  0.412438  0.0819946
-0.419664  0.412438  0.0819946
