0.0928656  -0.264201  
0.0928039  -0.263737  
0.0925169  -0.261004  
0.0927397  -0.25981  
0.0925347  -0.256878  
0.0924945  -0.256577  
0.0924158  -0.256742  
0.0921515  -0.252831  
0.0921316  -0.252684  
0.0921923  -0.248969  
0.0921726  -0.248824  
0.063378  0.276585  
0.0657915  0.293572  
0.0724291  0.218671  
0.0720484  0.217547  
0.0568062  0.182115  
0.0562941  0.180609  
0.0569609  0.112227  
0.0572172  0.112928  
0.0564261  0.0584925  
0.0562375  0.0593302  
0.0435905  0.0247241  
0.0405589  0.00207621  
0.0426261  0.0211947  
0.0426076  0.0224921  
0.0391119  0.0748203  
0.0437701  0.0567968  
0.0445997  0.0209181  
0.0446278  0.0277836  
0.0445869  0.0289286  
0.0382172  0.0526792  
0.0445996  0.0209168  
0.0445534  0.0222087  
0.0371007  0.0233673  
0.0362341  0.0297239  
0.0362341  0.0297239  
0.0398081  -0.0103032  
0.0423383  0.0243227  
0.0423421  0.0255878  
0.0453151  0.0449875  
0.0452114  0.0468863  
0.045445  0.0430495  
0.0515026  0.0852847  
0.0516952  0.0866568  
0.0548559  0.10728  
0.05469  0.107515  
0.0499181  0.100205  
0.0497031  0.100824  
0.0500402  0.0998923  
0.0445422  0.112717  
0.0445024  0.112865  
0.034029  0.0816002  
0.0342051  0.082689  
0.0418736  0.090597  
0.0418637  0.0910292  
0.0415151  0.108444  
0.0415053  0.108871  
0.0445895  0.129603  
0.0445772  0.129631  
0.0445353  0.12959  
0.0476094  0.150747  
0.0474712  0.150171  
0.0395135  0.141006  
0.0396029  0.140796  
0.0364713  0.119958  
0.0295972  0.111808  
0.0286034  0.110556  
0.0291911  0.111296  
0.0357461  0.0881117  
0.0351246  0.0837884  
0.0351246  0.0837884  
0.0353046  0.0849039  
0.0481078  0.100172  
0.0480238  0.100498  
0.0580085  0.0784479  
0.0576115  0.0795964  
0.0615338  0.0986984  
0.0616855  0.0813259  
0.0614377  0.08188  
0.0570421  0.0750529  
0.0566652  0.0763009  
0.057081  0.0751478  
0.0567041  0.0763957  
0.0575325  0.0502519  
0.0577545  0.0494765  
0.0542391  0.0532218  
0.0638851  0.0492408  
0.0636125  0.0501908  
0.0690105  0.0379945  
0.068676  0.039083  
0.0740911  0.0433082  
0.0733518  0.0454909  
0.0792836  0.03193  
0.078422  0.0344027  
0.0834361  0.0231737  
0.0741919  0.0268833  
0.073474  0.0294757  
0.0689031  0.0232648  
0.0686488  0.0246859  
0.0712785  0.00612048  
0.0640117  0.0273988  
0.0709905  0.00778877  
0.0660045  -0.00175623  
0.069994  0.0279222  
0.0696646  0.0291018  
0.0773016  0.028996  
0.0762183  0.0295516  
0.0792254  -0.000332533  
0.0783531  -0.00308022  
0.0715609  0.0233332  
0.0865769  0.00675341  
0.0815357  0.0185048  
0.0861222  0.00849737  
0.0851653  0.0116577  
0.0868964  0.00922906  
0.0815324  0.00238644  
0.0867126  -0.00868916  
0.086711  -0.00869847  
0.0876578  0.0181752  
0.0949533  0.0013098  
0.0905928  -0.00330044  
0.0903818  -0.00474539  
0.0912556  -0.00450935  
0.0908398  -0.00265629  
0.0953957  0.0125348  
0.0986385  0.00527364  
0.0961478  0.0114877  
0.0987702  0.00559963  
0.101981  0.0270306  
0.101979  0.0270187  
0.101262  0.0282845  
0.089293  0.0113177  
0.0887322  0.0127792  
0.0894455  0.0117028  
0.0863694  -0.00936303  
0.0858461  -0.00764485  
0.0829648  -0.0280269  
0.0779593  -0.0168205  
0.0799225  -0.0488332  
0.0809909  -0.0529088  
0.0805319  -0.050622  
0.0884898  -0.022749  
0.0879473  -0.0208527  
0.0917609  -0.00122362  
0.0906148  0.00201521  
0.0920935  0.000529941  
0.0928304  -0.0004831  
0.095676  0.0188811  
0.0952481  0.0208109  
0.0946306  0.0221927  
0.0870882  0.0111018  
0.0867832  0.0131519  
0.0925972  0.0165355  
0.0920075  0.0179933  
0.0928168  0.0170881  
0.091652  0.0199671  
0.0918801  0.020544  
0.0924518  0.0191038  
0.0915536  0.022518  
0.0971099  0.00993348  
0.0964885  0.0114548  
0.0988445  0.0457653  
0.0975813  0.0479319  
0.100169  0.0434794  
0.0923945  0.0183304  
0.0918796  0.0196527  
0.0902394  0.0508457  
0.0891811  0.0529444  
0.0924379  0.0191972  
0.0918789  0.0206528  
0.0842504  0.00949279  
0.0840649  0.0117683  
0.0870944  0.00703904  
0.0843433  0.0124704  
0.0890161  0.0187505  
0.102455  0.0332965  
0.102082  0.0353436  
0.100261  0.0114522  
0.0996089  0.0130456  
0.0998475  0.0409653  
0.102387  0.0360754  
0.0983277  0.0468345  
0.102705  0.036848  
0.0944771  0.0399768  
0.0939088  0.0412443  
0.0896705  0.0335077  
0.0894904  0.0356676  
0.0812734  0.0259673  
0.0812734  0.0259673  
0.0784298  0.00582731  
0.0780723  0.00751398  
0.0759093  -0.0162666  
0.070796  -0.00487904  
0.0630877  -0.0316794  
0.0629239  -0.0294898  
0.0617449  -0.0137506  
0.06312  -0.0129918  
0.0591705  -0.0319428  
0.0585256  -0.0165468  
0.0567465  0.0139476  
0.0567465  0.0139476  
0.0519695  0.0261478  
0.0519563  0.0276524  
0.0567743  0.0290508  
0.0554782  0.0493442  
0.0522728  0.0284383  
0.0558301  0.0488215  
0.0557259  0.0512756  
0.0525685  0.04741  
0.0525598  0.0486619  
0.0481136  0.0496974  
0.0406239  0.0401086  
0.047772  0.0591992  
0.0480506  0.0608447  
0.0430995  0.0521207  
0.0432138  0.0533432  
0.0383679  0.0649925  
0.0381903  0.06391  
0.0416364  0.0854581  
0.0417737  0.0862795  
0.0390363  0.0678364  
0.0392017  0.0688423  
0.0334054  0.0759755  
0.0337743  0.0772068  
0.0337743  0.0772068  
0.0335315  0.0762647  
0.0341129  0.078361  
0.0255915  0.0677296  
0.0260082  0.0689462  
0.0256708  0.0679108  
0.0263357  0.0699615  
0.0302374  0.0734477  
0.0296211  0.0625184  
0.0305606  0.0745137  
0.0276342  0.0548662  
0.0279443  0.0560511  
0.0270811  0.0712304  
0.027402  0.0722307  
0.0240856  0.0328204  
0.0244431  0.0342889  
0.0179566  0.0306194  
0.01577  0.023054  
0.00204182  0.00511742  
0.00263802  0.00684237  
-0.00626934  -0.0268117  
-0.00891006  -0.0237211  
-0.0172639  -0.0335884  
-0.0207457  -0.0484126  
-0.0220683  -0.0399846  
-0.0350368  -0.0557873  
-0.0339475  -0.053213  
-0.0289761  -0.0414742  
-0.037038  -0.0918372  
-0.0301312  -0.0675722  
-0.0281043  -0.0622113  
-0.0352592  -0.0562922  
-0.0332223  -0.0515259  
-0.0317009  -0.0658016  
-0.0459751  -0.0849637  
-0.0435981  -0.0792644  
-0.0497795  -0.0710778  
-0.0486847  -0.0687923  
-0.0452026  -0.0651544  
-0.0461571  -0.0805386  
-0.0548645  -0.0779687  
-0.0569751  -0.0879194  
-0.0601038  -0.0673148  
-0.0603211  -0.0995263  
-0.059154  -0.0970593  
-0.0552508  -0.0789478  
-0.0603428  -0.108088  
-0.0685413  -0.0956229  
-0.0665894  -0.130545  
-0.0651395  -0.110536  
-0.0678726  -0.121248  
-0.0749846  -0.155446  
-0.0736449  -0.152384  
-0.0772798  -0.175563  
-0.077002  -0.160577  
-0.0818194  -0.179991  
-0.081777  -0.192304  
-0.0869247  -0.205664  
-0.0849235  -0.235221  
-0.0936773  -0.248363  
-0.0933105  -0.295763  
-0.0947283  -0.310794  
-0.105071  -0.365021  
-0.103187  -0.358808  
-0.113432  -0.393784  
-0.111454  -0.387238  
-0.122359  -0.416998  
-0.125017  -0.44369  
-0.133332  -0.453307  
-0.12763  -0.453027  
-0.13413  -0.495215  
-0.136965  -0.476191  
-0.136779  -0.50499  
-0.140623  -0.499336  
-0.139166  -0.53406  
-0.154425  -0.558665  
-0.147475  -0.543611  
-0.161886  -0.585822  
-0.159342  -0.576956  
-0.161756  -0.597814  
-0.162353  -0.609595  
-0.17407  -0.643417  
-0.174939  -0.665435  
-0.184598  -0.680142  
-0.194089  -0.697937  
-0.194473  -0.718528  
-0.197935  -0.750349  
-0.21272  -0.796998  
-0.209622  -0.785701  
-0.21827  -0.8023  
-0.221243  -0.8218  
-0.22155  -0.818836  
-0.221413  -0.827438  
-0.236764  -0.803292  
-0.236667  -0.819737  
-0.23403  -0.823727  
-0.240683  -0.835929  
-0.2454  -0.826491  
-0.251874  -0.858716  
-0.256402  -0.85649  
-0.265216  -0.863658  
-0.266007  -0.849987  
-0.272845  -0.874084  
-0.269587  -0.859466  
-0.273558  -0.857511  
-0.283729  -0.861985  
-0.281843  -0.880592  
-0.278192  -0.82399  
-0.282388  -0.822387  
-0.279679  -0.804074  
-0.278769  -0.814186  
-0.284468  -0.804388  
-0.285868  -0.782487  
-0.283212  -0.761231  
-0.287133  -0.758877  
-0.287303  -0.758772  
-0.290743  -0.714981  
-0.290506  -0.711326  
-0.295241  -0.702895  
-0.297406  -0.689035  
-0.299011  -0.697442  
-0.309267  -0.665237  
-0.308524  -0.650038  
-0.306835  -0.628463  
-0.303418  -0.599659  
-0.303291  -0.592244  
-0.302356  -0.547717  
-0.307257  -0.574405  
-0.307011  -0.567501  
-0.317631  -0.531516  
-0.316294  -0.544466  
-0.326652  -0.518879  
-0.330728  -0.501416  
-0.350772  -0.522535  
-0.351191  -0.527172  
-0.357548  -0.536769  
-0.391002  -0.580974  
-0.387757  -0.583291  
-0.410113  -0.611864  
-0.411832  -0.603346  
-0.432787  -0.664099  
-0.429323  -0.653948  
-0.441609  -0.686932  
-0.460237  -0.729955  
-0.461574  -0.721225  
-0.472804  -0.729174  
-0.471581  -0.737167  
-0.488463  -0.703774  
-0.490182  -0.702798  
-0.508816  -0.656584  
-0.510296  -0.656133  
-0.509384  -0.657338  
-0.518161  -0.614722  
-0.519552  -0.614741  
-0.530448  -0.541975  
-0.526875  -0.536397  
-0.539065  -0.517465  
-0.539658  -0.514305  
-0.558326  -0.503023  
-0.560165  -0.505676  
-0.568463  -0.480615  
-0.569541  -0.479545  
-0.586461  -0.475744  
-0.587052  -0.477312  
-0.616532  -0.537376  
-0.616751  -0.538086  
-0.61934  -0.571902  
-0.62949  -0.528054  
-0.629553  -0.528784  
-0.640334  -0.580255  
-0.64536  -0.570653  
-0.646167  -0.570825  
-0.649565  -0.524918  
-0.654992  -0.557686  
-0.646066  -0.525382  
-0.649815  -0.545863  
-0.653913  -0.538194  
-0.666397  -0.537904  
-0.669853  -0.551967  
-0.672334  -0.618783  
-0.672403  -0.618951  
-0.681777  -0.64621  
-0.685895  -0.640504  
-0.691763  -0.664682  
-0.702073  -0.683552  
-0.710964  -0.681139  
-0.70626  -0.675023  
-0.697411  -0.61117  
-0.69669  -0.611038  
-0.702667  -0.625075  
-0.701888  -0.624865  
-0.697151  -0.621856  
-0.695871  -0.62567  
-0.685543  -0.675984  
-0.683903  -0.674829  
-0.6813  -0.688561  
-0.698881  -0.80483  
-0.697631  -0.801466  
-0.69489  -0.897713  
-0.694235  -0.894255  
-0.702281  -0.937993  
-0.701538  -0.934041  
-0.702076  -0.954171  
-0.696999  -0.884068  
-0.696643  -0.882629  
-0.688041  -0.87269  
-0.681547  -0.832965  
-0.676614  -0.803599  
-0.675815  -0.799156  
-0.66715  -0.748932  
-0.653693  -0.747211  
-0.653557  -0.745535  
-0.654506  -0.726268  
-0.654363  -0.724798  
-0.659643  -0.779252  
-0.66775  -0.822636  
-0.667466  -0.820025  
-0.672907  -0.860939  
-0.673354  -0.864357  
-0.681378  -0.873654  
-0.680931  -0.870266  
-0.679781  -0.826189  
-0.679256  -0.816094  
-0.693994  -0.851941  
-0.693405  -0.848754  
-0.684697  -0.795172  
-0.684737  -0.79522  
-0.679674  -0.797929  
-0.679236  -0.795141  
-0.678121  -0.817613  
-0.678161  -0.817658  
-0.671131  -0.888976  
-0.664948  -0.887394  
-0.644371  -0.912566  
-0.647818  -0.921624  
-0.649499  -0.909205  
-0.654705  -0.915976  
-0.630183  -0.898367  
-0.630221  -0.898401  
-0.626316  -0.878942  
-0.612433  -0.857237  
-0.612018  -0.847923  
-0.613249  -0.826292  
-0.61359  -0.823022  
-0.615214  -0.769112  
-0.613761  -0.783495  
-0.604505  -0.798487  
-0.607221  -0.799454  
-0.630998  -0.844326  
-0.630106  -0.837986  
-0.640234  -0.848912  
-0.644432  -0.864354  
-0.639472  -0.842611  
-0.62499  -0.844702  
-0.624136  -0.838071  
-0.595631  -0.81006  
-0.590817  -0.815285  
-0.562367  -0.724005  
-0.54927  -0.722955  
-0.549262  -0.713879  
-0.531709  -0.68453  
-0.532935  -0.682756  
-0.498959  -0.623862  
-0.500681  -0.622631  
-0.486835  -0.643465  
-0.488592  -0.634044  
-0.504386  -0.713904  
-0.504433  -0.705201  
-0.528369  -0.781168  
-0.52573  -0.782852  
-0.520594  -0.776058  
-0.525405  -0.812734  
-0.526909  -0.835861  
-0.54685  -0.849259  
-0.543602  -0.825806  
-0.538323  -0.79074  
-0.539203  -0.772845  
-0.519546  -0.738508  
-0.520723  -0.715077  
-0.506732  -0.688664  
-0.508276  -0.686206  
-0.50404  -0.667076  
-0.476637  -0.607404  
-0.473234  -0.614152  
-0.476589  -0.65332  
-0.471291  -0.661494  
-0.468616  -0.691034  
-0.465259  -0.689127  
-0.466176  -0.689648  
-0.489306  -0.75653  
-0.484271  -0.745709  
-0.482175  -0.745178  
-0.487439  -0.760627  
-0.489141  -0.757018  
-0.488276  -0.752319  
-0.496627  -0.731367  
-0.498207  -0.728078  
-0.493059  -0.701348  
-0.496298  -0.699909  
-0.496375  -0.71118  
-0.501783  -0.725443  
-0.512926  -0.689965  
-0.512571  -0.706334  
-0.517558  -0.729987  
-0.536343  -0.756009  
-0.542704  -0.767132  
-0.575235  -0.848648  
-0.578137  -0.857619  
-0.612057  -0.928382  
-0.609046  -0.943608  
-0.603964  -0.965854  
-0.604279  -0.953501  
-0.596349  -0.981328  
-0.573215  -0.92824  
-0.571668  -0.917022  
-0.561407  -0.897172  
-0.546322  -0.864552  
-0.544982  -0.854314  
-0.521984  -0.821569  
-0.505886  -0.786389  
-0.505095  -0.766932  
-0.506262  -0.762981  
-0.497048  -0.754177  
-0.506518  -0.779346  
-0.517451  -0.804499  
-0.5228  -0.817047  
-0.543512  -0.859152  
-0.531615  -0.832069  
-0.553219  -0.868779  
-0.544782  -0.840646  
-0.552136  -0.842271  
-0.55713  -0.833959  
-0.556901  -0.799437  
-0.551333  -0.800524  
-0.548015  -0.740352  
-0.547421  -0.760047  
-0.53465  -0.721504  
-0.54039  -0.729087  
-0.540562  -0.729015  
-0.54517  -0.74531  
-0.544858  -0.758736  
-0.54354  -0.786741  
-0.564025  -0.822514  
-0.570841  -0.848892  
-0.576121  -0.867116  
-0.591319  -0.872438  
-0.603327  -0.911219  
-0.599928  -0.90876  
-0.597303  -0.881867  
-0.598949  -0.893226  
-0.5982  -0.885522  
-0.601608  -0.863581  
-0.591127  -0.843196  
-0.596267  -0.837  
-0.589007  -0.835828  
-0.588515  -0.824983  
-0.592601  -0.83163  
-0.614848  -0.872464  
-0.613877  -0.859213  
-0.630997  -0.908707  
-0.660477  -0.927138  
-0.654821  -0.93454  
-0.666301  -0.960315  
-0.666934  -0.962437  
-0.673399  -0.94113  
-0.670473  -0.956598  
-0.665003  -0.949537  
-0.645754  -0.888697  
-0.645812  -0.888733  
-0.632494  -0.832653  
-0.630215  -0.827359  
-0.621832  -0.804118  
-0.62136  -0.808867  
-0.61019  -0.807222  
-0.610009  -0.793185  
-0.616248  -0.828495  
-0.615834  -0.822423  
-0.632371  -0.869695  
-0.631693  -0.863002  
-0.632997  -0.883714  
-0.628631  -0.860215  
-0.637235  -0.82747  
-0.634447  -0.817653  
-0.635549  -0.806141  
-0.652756  -0.756253  
-0.651762  -0.750831  
-0.655229  -0.715366  
-0.648412  -0.676424  
-0.651066  -0.654785  
-0.639864  -0.642151  
-0.649966  -0.667571  
-0.657948  -0.711463  
-0.65528  -0.734843  
-0.662876  -0.74884  
-0.663689  -0.754299  
-0.673853  -0.808054  
-0.675369  -0.826873  
-0.666272  -0.826664  
-0.665987  -0.814535  
-0.659464  -0.814846  
-0.672471  -0.834113  
-0.676489  -0.833998  
-0.664778  -0.785335  
-0.666283  -0.782254  
-0.660393  -0.770128  
-0.65469  -0.748515  
-0.650335  -0.753141  
-0.655905  -0.77597  
-0.658561  -0.769803  
-0.675737  -0.793918  
-0.672555  -0.823659  
-0.670737  -0.827757  
-0.671936  -0.844534  
-0.673321  -0.868204  
-0.647996  -0.859862  
-0.651229  -0.869931  
-0.641759  -0.892038  
-0.637861  -0.877254  
-0.618983  -0.877187  
-0.612567  -0.860975  
-0.5939  -0.820956  
-0.59206  -0.838646  
-0.587427  -0.819062  
-0.586802  -0.810424  
-0.59282  -0.88041  
-0.591985  -0.871908  
-0.5926  -0.928678  
-0.591738  -0.916539  
-0.596813  -0.920331  
-0.593443  -0.938448  
-0.610418  -0.958452  
-0.588637  -0.967347  
-0.589476  -0.953961  
-0.587422  -0.982834  
-0.574214  -0.944215  
-0.575611  -0.919536  
-0.580422  -0.917019  
-0.56531  -0.879134  
-0.568287  -0.891338  
-0.554389  -0.878744  
-0.553478  -0.869243  
-0.559543  -0.876281  
-0.585244  -0.949072  
-0.583951  -0.938669  
-0.588666  -0.995147  
-0.585126  -0.997154  
-0.580343  -1.05668  
-0.577014  -1.05737  
-0.579429  -1.06309  
-0.575078  -1.09338  
-0.568609  -1.08817  
-0.557227  -1.08784  
-0.554414  -1.08838  
-0.539386  -1.07291  
-0.540915  -1.07863  
-0.532761  -1.08985  
-0.54278  -1.11421  
-0.544814  -1.11664  
-0.563685  -1.19026  
-0.562664  -1.17672  
-0.57191  -1.21224  
-0.565057  -1.20516  
-0.569767  -1.24838  
-0.567646  -1.25825  
-0.558394  -1.26154  
-0.556387  -1.24671  
-0.540489  -1.2284  
-0.529789  -1.20482  
-0.522899  -1.1981  
-0.500542  -1.16032  
-0.474677  -1.08255  
-0.460923  -1.07123  
-0.45492  -1.06484  
-0.460862  -1.05967  
-0.454277  -1.03929  
-0.47052  -1.07855  
-0.470241  -1.06694  
-0.474018  -1.08374  
-0.471679  -1.07828  
-0.471808  -1.07097  
-0.485149  -1.11846  
-0.496244  -1.12963  
-0.483075  -1.05704  
-0.481607  -1.06792  
-0.464531  -1.00053  
-0.458304  -0.994481  
-0.461473  -0.980261  
-0.454794  -0.938909  
-0.455024  -0.938389  
-0.442679  -0.918932  
-0.454628  -0.927565  
-0.454273  -0.929348  
-0.462914  -0.9369  
-0.475663  -0.950626  
-0.475752  -0.994725  
-0.497238  -1.03992  
-0.495533  -1.02744  
-0.508064  -1.05068  
-0.507482  -1.05225  
-0.501712  -1.04797  
-0.504567  -1.03314  
-0.502806  -1.04302  
-0.513482  -1.08208  
-0.516825  -1.09416  
-0.520148  -1.09088  
-0.523769  -1.0944  
-0.526463  -1.0889  
-0.528541  -1.07391  
-0.527416  -1.06026  
-0.53661  -1.07898  
-0.535382  -1.06522  
-0.5323  -1.04599  
-0.533718  -1.04853  
-0.531938  -1.02793  
-0.52871  -1.01303  
-0.529243  -1.021  
-0.533859  -1.01529  
-0.546333  -1.05306  
-0.548095  -1.05762  
-0.553919  -1.05046  
-0.559434  -1.05771  
-0.557947  -1.04415  
-0.572615  -1.05768  
-0.575394  -1.06141  
-0.58598  -1.0125  
-0.578454  -1.00614  
-0.584744  -0.957153  
-0.590924  -0.95656  
-0.587893  -0.944501  
-0.595299  -0.899538  
-0.603454  -0.912453  
-0.628132  -0.960948  
-0.617793  -0.946593  
-0.616543  -0.949256  
-0.620015  -0.953205  
-0.624611  -0.964495  
-0.630657  -1.00134  
-0.638352  -0.999685  
-0.62638  -0.98316  
-0.644332  -1.00345  
-0.642454  -0.991912  
-0.640432  -0.986474  
-0.643721  -0.986486  
-0.639406  -0.973914  
-0.646811  -0.984898  
-0.645145  -0.970223  
-0.649417  -0.967462  
-0.642318  -0.932607  
-0.64976  -0.943936  
-0.644076  -0.935988  
-0.642982  -0.922035  
-0.651844  -0.936631  
-0.667317  -0.913424  
-0.668483  -0.916792  
-0.691518  -0.905929  
-0.68754  -0.892488  
-0.701098  -0.909687  
-0.720507  -0.950283  
-0.726498  -0.960029  
-0.74275  -0.987761  
-0.744072  -0.980821  
-0.746873  -1.04201  
-0.741237  -1.03585  
-0.732142  -0.998435  
-0.726921  -0.988625  
-0.722436  -0.967676  
-0.728578  -0.978176  
-0.7144  -0.930568  
-0.708602  -0.918466  
-0.710342  -0.92077  
-0.729154  -0.976085  
-0.730899  -0.972156  
-0.734241  -0.953695  
-0.752726  -0.98923  
-0.752704  -0.99167  
-0.768135  -1.05924  
-0.77304  -1.06809  
-0.802094  -1.08021  
-0.802738  -1.07219  
-0.804343  -1.0693  
-0.797752  -1.0277  
-0.802515  -1.03785  
-0.797106  -1.00278  
-0.796455  -1.00552  
-0.771125  -0.909124  
-0.772123  -0.903335  
-0.779769  -0.870778  
-0.778037  -0.876836  
-0.766067  -0.893936  
-0.756834  -0.859027  
-0.752709  -0.845927  
-0.775396  -0.889881  
-0.774955  -0.893878  
-0.782001  -0.949787  
-0.781483  -0.953023  
-0.807249  -1.01979  
-0.811813  -1.02977  
-0.812841  -0.97793  
-0.82068  -0.977172  
-0.839809  -0.970497  
-0.841755  -0.962516  
-0.844829  -0.949656  
-0.839393  -0.916809  
-0.843379  -0.914444  
-0.840399  -0.877389  
-0.840785  -0.882914  
-0.845344  -0.893876  
-0.842583  -0.936553  
-0.841286  -0.945653  
-0.824697  -0.938125  
-0.823833  -0.933427  
-0.838645  -0.960165  
-0.827774  -0.970797  
-0.829174  -0.968505  
-0.82282  -0.953946  
-0.822956  -0.953611  
-0.803616  -0.929581  
-0.808082  -0.938312  
-0.821117  -0.936883  
-0.815581  -0.922064  
-0.822058  -0.952206  
-0.81448  -0.935145  
-0.813474  -0.935861  
-0.808019  -0.920841  
-0.805638  -0.964221  
-0.806779  -0.975474  
-0.81741  -0.985107  
-0.812885  -0.965211  
-0.810128  -1.019  
-0.810807  -1.00635  
-0.814414  -1.04495  
-0.809762  -1.02804  
-0.805052  -1.04447  
-0.805319  -1.03566  
-0.787558  -0.971057  
-0.792701  -0.97957  
-0.777757  -0.944307  
-0.769554  -0.946163  
-0.77958  -0.922335  
-0.782232  -0.9416  
-0.800492  -0.958572  
-0.811502  -0.983696  
-0.834392  -1.04458  
-0.842621  -1.05938  
-0.858465  -1.12644  
-0.8566  -1.12485  
-0.850811  -1.11503  
-0.851163  -1.18558  
-0.850851  -1.17488  
-0.851986  -1.16461  
-0.835324  -1.15372  
-0.825214  -1.12564  
-0.802372  -1.09432  
-0.795831  -1.09895  
-0.77336  -1.05869  
-0.768532  -1.04284  
-0.766651  -1.03025  
-0.770187  -1.03464  
-0.758083  -1.04031  
-0.750641  -1.01474  
-0.738904  -1.00686  
-0.771716  -1.05753  
-0.768951  -1.066  
-0.786447  -1.12589  
-0.781058  -1.12199  
-0.807374  -1.19197  
-0.812004  -1.1975  
-0.813755  -1.25885  
-0.818355  -1.25189  
-0.809181  -1.22894  
-0.783716  -1.21164  
-0.788634  -1.2168  
-0.771079  -1.16928  
-0.775173  -1.17205  
-0.758419  -1.12148  
-0.74057  -1.07305  
-0.734283  -1.06443  
-0.748228  -1.09159  
-0.754871  -1.09736  
-0.754848  -1.10894  
-0.760362  -1.11462  
-0.742938  -1.11827  
-0.745071  -1.10448  
-0.733173  -1.11576  
-0.737517  -1.11299  
-0.726875  -1.09522  
-0.726427  -1.10103  
-0.698937  -1.03827  
-0.685722  -1.0346  
-0.693139  -1.04009  
-0.693166  -1.04001  
-0.698415  -1.05517  
-0.686698  -1.01659  
-0.681371  -0.999082  
-0.691635  -1.00456  
-0.685016  -1.00716  
-0.684975  -1.01877  
-0.686442  -1.00968  
-0.705585  -1.03009  
-0.705873  -1.04386  
-0.691068  -1.02712  
-0.69642  -1.02523  
-0.695383  -1.04713  
-0.712063  -1.10849  
-0.701999  -1.09864  
-0.705081  -1.10759  
-0.704563  -1.10397  
-0.685771  -1.1059  
-0.687182  -1.09564  
-0.66232  -1.07078  
-0.669282  -1.07581  
-0.641564  -1.05998  
-0.63395  -1.04621  
-0.648547  -1.04394  
-0.638282  -1.03357  
-0.642026  -1.05443  
-0.639002  -1.05918  
-0.644746  -1.05683  
-0.622963  -1.03321  
-0.620399  -1.03068  
-0.622861  -1.0488  
-0.616455  -1.03592  
-0.616125  -1.02659  
-0.604307  -1.03088  
-0.602923  -1.02082  
-0.614352  -1.03345  
-0.61586  -1.04984  
-0.613725  -1.03841  
-0.631505  -1.08553  
-0.648016  -1.09594  
-0.652397  -1.10207  
-0.654584  -1.10533  
-0.663133  -1.12733  
-0.655433  -1.10795  
-0.649497  -1.09738  
-0.641794  -1.08806  
-0.633736  -1.08283  
-0.620912  -1.04857  
-0.627034  -1.03909  
-0.614237  -1.04372  
-0.613613  -1.03084  
-0.61667  -1.03693  
-0.62574  -1.0272  
-0.620035  -1.01241  
-0.648139  -1.05497  
-0.654517  -1.06552  
-0.653756  -1.0605  
-0.676446  -1.08802  
-0.682908  -1.0982  
-0.698408  -1.11218  
-0.704998  -1.1442  
-0.705336  -1.13936  
-0.741217  -1.21061  
-0.740299  -1.2162  
-0.73858  -1.20118  
-0.736112  -1.20034  
-0.737302  -1.19971  
-0.718419  -1.17968  
-0.726094  -1.19808  
-0.70749  -1.15624  
-0.706263  -1.15022  
-0.700147  -1.13873  
-0.708225  -1.14543  
-0.707477  -1.13116  
-0.710525  -1.15587  
-0.704823  -1.13853  
-0.709928  -1.15779  
-0.717718  -1.1651  
-0.705005  -1.15768  
-0.709401  -1.16088  
-0.702855  -1.15561  
-0.702035  -1.14809  
-0.698948  -1.14618  
-0.699842  -1.15819  
-0.709152  -1.15868  
-0.707448  -1.15836  
-0.715607  -1.17749  
-0.708386  -1.16602  
-0.707649  -1.15456  
-0.700835  -1.1548  
-0.708076  -1.15071  
-0.702456  -1.14414  
-0.68295  -1.10787  
-0.676382  -1.08074  
-0.677908  -1.1111  
-0.673309  -1.10304  
-0.692707  -1.11915  
-0.67988  -1.10452  
-0.687375  -1.094  
-0.703466  -1.11975  
-0.702942  -1.12539  
-0.709045  -1.12709  
-0.716812  -1.1382  
-0.720418  -1.13899  
-0.721213  -1.12815  
-0.71414  -1.11596  
-0.718974  -1.11107  
-0.696218  -1.09095  
-0.696762  -1.08642  
-0.704776  -1.09466  
-0.703215  -1.09178  
-0.697252  -1.08462  
-0.694329  -1.07555  
-0.688276  -1.06834  
-0.670567  -1.05172  
-0.670231  -1.05775  
-0.651048  -1.01459  
-0.647408  -1.01479  
-0.66368  -1.02852  
-0.657566  -1.0217  
-0.666662  -1.02344  
-0.650376  -0.992987  
-0.640992  -0.972044  
-0.665865  -1.00913  
-0.658944  -0.98904  
-0.658439  -0.995124  
-0.670307  -0.999333  
-0.667799  -1.00216  
-0.664036  -0.994165  
-0.662208  -0.987985  
-0.675607  -1.01842  
-0.674879  -1.02394  
-0.695067  -1.05712  
-0.681799  -1.04036  
-0.704395  -1.05182  
-0.705211  -1.04143  
-0.725625  -1.07583  
-0.7297  -1.06582  
-0.725861  -1.06379  
-0.75142  -1.07979  
-0.749988  -1.07385  
-0.752347  -1.08008  
-0.746975  -1.04506  
-0.769955  -1.06273  
-0.760498  -1.05264  
-0.765732  -1.05423  
-0.77053  -1.04611  
-0.747958  -1.01985  
-0.759371  -1.03397  
-0.733845  -0.99082  
-0.731391  -0.985288  
-0.725643  -0.975573  
-0.71353  -0.960603  
-0.715963  -0.945385  
-0.697584  -0.926397  
-0.696502  -0.931534  
-0.687384  -0.91317  
-0.692141  -0.914484  
-0.696438  -0.912447  
-0.718129  -0.926256  
-0.743328  -0.963088  
-0.740218  -0.966635  
-0.761722  -0.974188  
-0.752632  -0.966213  
-0.762434  -0.951708  
-0.768352  -0.955057  
-0.778114  -0.96371  
-0.809926  -0.981687  
-0.800289  -0.973606  
-0.804816  -0.991423  
-0.802763  -0.980768  
-0.806143  -0.965675  
-0.790642  -0.945732  
-0.792093  -0.948073  
-0.775337  -0.920433  
-0.780129  -0.922467  
-0.785918  -0.936944  
-0.789112  -0.931574  
-0.789434  -0.898822  
-0.785803  -0.903125  
-0.822701  -0.935997  
-0.827474  -0.933715  
-0.849012  -0.963812  
-0.84506  -0.955198  
-0.867324  -0.977317  
-0.86287  -0.980634  
-0.877413  -0.989965  
-0.878985  -0.981176  
-0.882351  -0.98375  
-0.867131  -0.950971  
-0.871196  -0.952808  
-0.840112  -0.899095  
-0.836039  -0.903235  
-0.843371  -0.882882  
-0.847777  -0.885537  
-0.849838  -0.856079  
-0.854009  -0.861641  
-0.859087  -0.860233  
-0.859492  -0.851645  
-0.863474  -0.84797  
-0.87253  -0.870258  
-0.898699  -0.888269  
-0.897202  -0.876205  
-0.907848  -0.887088  
-0.911562  -0.889692  
-0.914322  -0.901546  
-0.942765  -0.942124  
-0.925663  -0.926404  
-0.914967  -0.919172  
-0.897576  -0.901246  
-0.921829  -0.921345  
-0.91462  -0.916201  
-0.895411  -0.896271  
-0.899247  -0.898592  
-0.906942  -0.897838  
-0.910621  -0.900061  
-0.939816  -0.901485  
-0.93017  -0.899005  
-0.962761  -0.923985  
-0.969944  -0.939266  
-0.942597  -0.897033  
-0.945783  -0.899057  
-0.945832  -0.906863  
-0.934203  -0.891993  
-0.93436  -0.891758  
-0.882013  -0.83954  
-0.878597  -0.847668  
-0.84431  -0.816909  
-0.831723  -0.80582  
-0.826368  -0.809981  
-0.83084  -0.812716  
-0.844504  -0.839304  
-0.837024  -0.840361  
-0.838813  -0.829151  
-0.816722  -0.809648  
-0.842624  -0.827342  
-0.866799  -0.864164  
-0.856239  -0.84674  
-0.838134  -0.84422  
-0.843383  -0.845055  
-0.845407  -0.852419  
-0.84944  -0.854216  
-0.833808  -0.861098  
-0.837957  -0.862733  
-0.849661  -0.885017  
-0.842219  -0.878778  
-0.842039  -0.867726  
-0.859675  -0.861045  
-0.853792  -0.863525  
-0.858365  -0.854513  
-0.860305  -0.847977  
-0.848724  -0.840992  
-0.895435  -0.865612  
-0.893135  -0.857204  
-0.878726  -0.872402  
-0.895917  -0.878098  
-0.912232  -0.91853  
-0.92799  -0.930092  
-0.907068  -0.919349  
-0.909302  -0.919069  
-0.916143  -0.94694  
-0.918047  -0.947898  
-0.908385  -0.933308  
-0.898159  -0.931859  
-0.895838  -0.922611  
-0.862238  -0.88471  
-0.852604  -0.879055  
-0.86341  -0.878341  
-0.866996  -0.879244  
-0.839911  -0.850545  
-0.843648  -0.851638  
-0.836081  -0.829166  
-0.826458  -0.819237  
-0.83759  -0.817977  
-0.811496  -0.806445  
-0.835702  -0.823466  
-0.845507  -0.824194  
-0.843335  -0.821668  
-0.883738  -0.864596  
-0.87848  -0.854173  
-0.918981  -0.905203  
-0.907695  -0.896943  
-0.900257  -0.895392  
-0.911034  -0.911102  
-0.910408  -0.900764  
-0.921872  -0.900025  
-0.911032  -0.891615  
-0.855346  -0.837034  
-0.855748  -0.829636  
-0.838578  -0.809948  
-0.85423  -0.819901  
-0.838925  -0.798773  
-0.846493  -0.798531  
-0.888337  -0.822129  
-0.915191  -0.856514  
-0.911695  -0.848241  
-0.92438  -0.856061  
-0.926853  -0.857568  
-0.913727  -0.849945  
-0.959406  -0.882568  
-0.968628  -0.881216  
-0.945865  -0.866424  
-0.921501  -0.843919  
-0.918521  -0.844286  
-0.93038  -0.835615  
-0.943339  -0.843062  
-0.950103  -0.841849  
-0.964499  -0.857587  
-0.987906  -0.873314  
-0.989154  -0.872028  
-1.00014  -0.873042  
-1.02058  -0.896438  
-1.0136  -0.892649  
-1.00285  -0.877752  
-1.02157  -0.87847  
-1.00317  -0.856009  
-0.998861  -0.84796  
-0.988013  -0.844117  
-1.01421  -0.85114  
-1.01046  -0.851555  
-1.04862  -0.877364  
-1.06894  -0.876939  
-1.07466  -0.871637  
-1.07993  -0.879226  
-1.08456  -0.885606  
-1.07192  -0.885019  
-1.0682  -0.877884  
-1.06357  -0.881904  
-1.05905  -0.874196  
-0.981002  -0.841044  
-0.969318  -0.841198  
-0.970725  -0.849049  
-0.986538  -0.851866  
-1.01496  -0.867039  
-1.02321  -0.869659  
-1.0141  -0.849978  
-1.01031  -0.850217  
-1.01564  -0.861795  
-0.99943  -0.854286  
-1.01054  -0.84583  
-1.00569  -0.837598  
-1.00595  -0.829056  
-0.950572  -0.796026  
-0.947912  -0.796523  
-0.931501  -0.789494  
-0.989278  -0.826229  
-0.98469  -0.818232  
-1.01965  -0.826076  
-1.03255  -0.833308  
-1.05503  -0.842449  
-1.05409  -0.841388  
-1.04011  -0.813141  
-1.03448  -0.805419  
-1.0353  -0.803673  
-1.02118  -0.79424  
-0.964671  -0.774087  
-0.946392  -0.767325  
-0.905897  -0.759221  
-0.901575  -0.752181  
-0.901102  -0.767524  
-0.888724  -0.76324  
-0.869248  -0.754024  
-0.872363  -0.754056  
-0.905278  -0.775179  
-0.916044  -0.77928  
-0.912886  -0.772424  
-0.922133  -0.772352  
-0.925937  -0.781362  
-0.928122  -0.776937  
-0.906479  -0.768959  
-0.906479  -0.768247  
-0.901732  -0.781537  
-0.91771  -0.794656  
-0.913497  -0.794996  
-0.897763  -0.800082  
-0.907251  -0.799687  
-0.928277  -0.813697  
-0.922949  -0.812306  
-0.917433  -0.802183  
-0.909568  -0.786964  
-0.919097  -0.791389  
-0.904328  -0.783524  
-0.890588  -0.774279  
-0.865876  -0.764445  
-0.902201  -0.785773  
-0.891789  -0.790186  
-0.903558  -0.790716  
-0.898142  -0.783329  
-0.912239  -0.803653  
-0.924909  -0.808903  
-0.894705  -0.812736  
-0.90435  -0.81191  
-0.898571  -0.816657  
-0.894055  -0.809029  
-0.880426  -0.809821  
-0.889419  -0.794721  
-0.886085  -0.797822  
-0.943519  -0.822848  
-0.96502  -0.826713  
-0.996832  -0.849314  
-0.990891  -0.844135  
-1.0134  -0.853219  
-0.98818  -0.837718  
-1.02797  -0.847432  
-1.03326  -0.84315  
-0.956328  -0.806779  
-0.9652  -0.805884  
-0.913527  -0.772358  
-0.897648  -0.763654  
-0.883775  -0.72041  
-0.879198  -0.721555  
-0.887166  -0.713664  
-0.891409  -0.712775  
-0.927437  -0.724142  
-0.894757  -0.713985  
-0.953528  -0.731729  
-0.961692  -0.737879  
-0.996007  -0.749454  
-1.0188  -0.762662  
-1.0271  -0.76221  
-1.03394  -0.79419  
-1.02131  -0.787401  
-1.0333  -0.794204  
-1.02434  -0.792939  
-1.00225  -0.777027  
-0.991106  -0.770819  
-0.977832  -0.764612  
-0.926599  -0.746746  
-0.920837  -0.746725  
-0.901334  -0.732205  
-0.883196  -0.727011  
-0.919369  -0.732397  
-0.932429  -0.738167  
-0.970362  -0.743918  
-0.965533  -0.745004  
-1.01277  -0.772515  
-1.00719  -0.773241  
-1.05194  -0.789919  
-1.04036  -0.78508  
-1.01888  -0.778312  
-1.01656  -0.773594  
-1.00732  -0.77668  
-0.989669  -0.764957  
-0.96255  -0.760177  
-0.972328  -0.759912  
-0.97889  -0.765644  
-0.975062  -0.764966  
-0.974871  -0.761752  
-0.971359  -0.760941  
-1.01978  -0.782758  
-1.02883  -0.782103  
-1.02991  -0.782244  
-1.05792  -0.791446  
-1.04334  -0.787739  
-1.07268  -0.797054  
-1.07013  -0.797996  
-1.0712  -0.789824  
-1.06574  -0.785489  
-1.05749  -0.788973  
-1.04215  -0.787444  
-1.01866  -0.784998  
-1.04258  -0.790133  
-1.05609  -0.797708  
-1.06584  -0.812593  
-1.07438  -0.811509  
-1.09691  -0.821801  
-1.09735  -0.828893  
-1.1198  -0.847777  
-1.11296  -0.840246  
-1.14039  -0.847627  
-1.14844  -0.846291  
-1.1814  -0.84871  
-1.16301  -0.845231  
-1.14727  -0.811291  
-1.14302  -0.814156  
-1.0797  -0.78014  
-1.07747  -0.775135  
-1.09265  -0.771451  
-1.07055  -0.753358  
-1.07324  -0.751055  
-1.06387  -0.744739  
-1.0728  -0.744407  
-1.0665  -0.750866  
-1.06868  -0.751515  
-1.11441  -0.762965  
-1.11519  -0.763256  
-1.10337  -0.758867  
-1.1225  -0.759439  
-1.12072  -0.755076  
-1.13229  -0.758709  
-1.06342  -0.726342  
-1.0661  -0.721635  
-1.07766  -0.716406  
-1.05034  -0.69965  
-1.08397  -0.691878  
-1.03978  -0.670214  
-1.0581  -0.668984  
-1.07763  -0.665298  
-1.09764  -0.670378  
-1.10272  -0.656701  
-1.11084  -0.657218  
-1.13833  -0.660449  
-1.1386  -0.66315  
-1.13244  -0.652927  
-1.14007  -0.657491  
-1.12699  -0.652784  
-1.14619  -0.647119  
-1.15785  -0.648481  
-1.14544  -0.640311  
-1.12163  -0.632426  
-1.11624  -0.62562  
-1.08859  -0.61384  
-1.05839  -0.609438  
-1.0396  -0.588825  
-1.04677  -0.585486  
-1.01985  -0.575506  
-1.0289  -0.576787  
-1.0051  -0.576028  
-1.00797  -0.570633  
-1.04957  -0.575816  
-1.05769  -0.576937  
-1.09641  -0.574228  
-1.11787  -0.58062  
-1.18485  -0.578609  
-1.17143  -0.58569  
-1.23253  -0.582642  
-1.22754  -0.582668  
-1.22981  -0.578602  
-1.22813  -0.582372  
-1.21865  -0.578647  
-1.20031  -0.580849  
-1.19047  -0.584354  
-1.19688  -0.576011  
-1.19836  -0.577474  
-1.19009  -0.564306  
-1.17461  -0.560234  
-1.15384  -0.546028  
-1.15364  -0.545777  
-1.17015  -0.53459  
-1.16119  -0.534482  
-1.17625  -0.51905  
-1.1833  -0.520816  
-1.16945  -0.516381  
-1.16348  -0.510469  
-1.16949  -0.508005  
-1.17971  -0.499546  
-1.18679  -0.50155  
-1.21122  -0.485967  
-1.2233  -0.485971  
-1.25366  -0.482016  
-1.25998  -0.48426  
-1.25137  -0.477556  
-1.24059  -0.470842  
-1.24025  -0.473856  
-1.21442  -0.46965  
-1.22118  -0.472012  
-1.18603  -0.472291  
-1.19148  -0.47588  
-1.17246  -0.473584  
-1.16448  -0.478462  
-1.17371  -0.477253  
-1.16937  -0.48216  
-1.12683  -0.478462  
-1.16165  -0.491999  
-1.14338  -0.494168  
-1.13905  -0.489862  
-1.16458  -0.49173  
-1.18689  -0.487555  
-1.21412  -0.487685  
-1.17578  -0.483461  
-1.21073  -0.489887  
-1.23631  -0.48987  
-1.22759  -0.490225  
-1.26653  -0.482423  
-1.27347  -0.484656  
-1.28157  -0.479797  
-1.28768  -0.481972  
-1.27443  -0.478824  
-1.24876  -0.479072  
-1.21697  -0.469431  
-1.18329  -0.465991  
-1.14462  -0.461637  
-1.15989  -0.454726  
-1.1457  -0.461754  
-1.14713  -0.448052  
-1.12274  -0.448896  
-1.15827  -0.449775  
-1.14985  -0.447857  
-1.14719  -0.448588  
-1.17327  -0.44814  
-1.19722  -0.448286  
-1.16017  -0.44419  
-1.16038  -0.446403  
-1.15309  -0.441785  
-1.11682  -0.447122  
-1.14421  -0.442957  
-1.15118  -0.441296  
-1.16957  -0.434478  
-1.17665  -0.437026  
-1.15353  -0.433433  
-1.14438  -0.439162  
-1.16077  -0.439033  
-1.12789  -0.429202  
-1.12585  -0.433398  
-1.06777  -0.413786  
-1.05925  -0.41989  
-1.09318  -0.412112  
-1.08793  -0.416135  
-1.08376  -0.41577  
-1.04581  -0.428276  
-1.04125  -0.423021  
-1.04914  -0.421439  
-1.04116  -0.417177  
-1.06033  -0.424688  
-1.06821  -0.423084  
-1.01609  -0.417023  
-1.01654  -0.414526  
-1.03886  -0.419263  
-1.05932  -0.414616  
-1.05084  -0.413664  
-1.06699  -0.405294  
-1.05893  -0.404551  
-1.12515  -0.404684  
-1.11582  -0.403884  
-1.09266  -0.401515  
-1.09985  -0.400186  
-1.07476  -0.401239  
-1.03677  -0.396  
-1.00541  -0.389157  
-1.0218  -0.392604  
-1.04931  -0.402218  
-1.05731  -0.400885  
-1.04843  -0.403949  
-1.07479  -0.404261  
-1.06627  -0.399404  
-1.05441  -0.395018  
-1.05533  -0.391721  
-1.07587  -0.39117  
-1.06751  -0.386523  
-1.06053  -0.385339  
-1.01576  -0.368532  
-1.00852  -0.368177  
-1.03048  -0.346779  
-1.03097  -0.346059  
-1.04737  -0.343804  
-1.04609  -0.34039  
-1.04134  -0.340887  
-1.04937  -0.34429  
-1.03421  -0.34603  
-0.989017  -0.359085  
-0.981217  -0.358978  
-0.973685  -0.355822  
-0.958002  -0.358745  
-0.916254  -0.360593  
-0.912704  -0.361502  
-0.929498  -0.36464  
-0.94373  -0.371771  
-0.97388  -0.366372  
-0.982315  -0.369444  
-1.02444  -0.364907  
-1.04043  -0.36702  
-1.04105  -0.359928  
-1.05761  -0.37185  
-1.0656  -0.370814  
-1.0942  -0.357591  
-1.1069  -0.359813  
-1.10761  -0.352962  
-1.1216  -0.35534  
-1.11774  -0.356923  
-1.14355  -0.359007  
-1.11937  -0.363002  
-1.13057  -0.363328  
-1.14838  -0.361029  
-1.11787  -0.358155  
-1.13881  -0.355591  
-1.08479  -0.357414  
-1.09283  -0.356595  
-1.04701  -0.35514  
-1.05471  -0.353471  
-1.09232  -0.357405  
-1.10053  -0.356557  
-1.10391  -0.367166  
-1.09438  -0.369  
-1.10608  -0.376474  
-1.10744  -0.376723  
-1.07464  -0.369205  
-1.10237  -0.373813  
-1.09885  -0.374896  
-1.07424  -0.351441  
-1.06552  -0.351732  
-1.03912  -0.340414  
-1.03974  -0.333536  
-1.01169  -0.332626  
-1.0113  -0.32534  
-1.01445  -0.325154  
-1.03166  -0.326167  
-1.03271  -0.314917  
-1.04464  -0.314028  
-1.13885  -0.308208  
-1.13271  -0.315953  
-1.08648  -0.307136  
-1.09466  -0.306824  
-1.10418  -0.304391  
-1.11196  -0.304102  
-1.09349  -0.303122  
-1.08508  -0.307533  
-1.07323  -0.30662  
-1.08802  -0.305933  
-1.07246  -0.303737  
-1.01576  -0.29329  
-1.02361  -0.293115  
-1.05177  -0.264007  
-1.0493  -0.260586  
-0.996408  -0.249827  
-1.00269  -0.243744  
-1.03095  -0.23222  
-1.03094  -0.231139  
-1.05321  -0.230936  
-1.11063  -0.23552  
-1.14255  -0.22551  
-1.15273  -0.224523  
-1.12593  -0.241549  
-1.12532  -0.238199  
-1.19705  -0.249602  
-1.18732  -0.258135  
-1.14538  -0.254748  
-1.15229  -0.255005  
-1.1245  -0.251482  
-1.10763  -0.244004  
-1.06936  -0.256813  
-1.06988  -0.256838  
-1.10719  -0.237973  
-1.11764  -0.242279  
-1.13693  -0.232785  
-1.12758  -0.231151  
-1.14095  -0.241037  
-1.16949  -0.236383  
-1.10866  -0.248472  
-1.10327  -0.247221  
-1.10746  -0.246326  
-1.1125  -0.248504  
-1.09739  -0.261634  
-1.07841  -0.261185  
-1.04903  -0.268224  
-1.06218  -0.271562  
-1.05826  -0.259494  
-1.0572  -0.258177  
-1.073  -0.256983  
-1.11571  -0.246953  
-1.12247  -0.247322  
-1.07258  -0.241035  
-1.09928  -0.225218  
-1.12256  -0.220076  
-1.13931  -0.214298  
-1.15815  -0.212364  
-1.15886  -0.211897  
-1.15516  -0.2075  
-1.16493  -0.207433  
-1.13895  -0.205053  
-1.1457  -0.203855  
-1.14653  -0.203923  
-1.13694  -0.203083  
-1.10406  -0.206536  
-1.09167  -0.204921  
-1.06383  -0.204385  
-1.05551  -0.203544  
-1.0398  -0.201871  
-1.06195  -0.198554  
-1.05353  -0.197825  
-1.00962  -0.188292  
-1.01788  -0.189347  
-1.0423  -0.176713  
-1.02871  -0.178996  
-1.03721  -0.164496  
-1.04608  -0.162967  
-1.03933  -0.160293  
-1.02906  -0.164779  
-1.02984  -0.169671  
-1.06186  -0.165227  
-1.05317  -0.170156  
-1.07202  -0.168994  
-1.03732  -0.178575  
-1.03738  -0.183677  
-0.999442  -0.187947  
-0.999111  -0.192506  
-0.959959  -0.189991  
-0.9606  -0.191001  
-0.933434  -0.186463  
-0.959759  -0.179397  
-0.91873  -0.181235  
-0.873919  -0.171692  
-0.88286  -0.17304  
-0.914305  -0.156239  
-0.971705  -0.152394  
-0.984539  -0.150412  
-1.01655  -0.153153  
-1.01656  -0.153174  
-1.01408  -0.159683  
-1.04696  -0.162388  
-1.05354  -0.163722  
-1.03812  -0.183759  
-1.04484  -0.184874  
-0.996904  -0.221421  
-0.996744  -0.221791  
-0.961251  -0.229703  
-0.953747  -0.229271  
-0.971969  -0.233303  
-0.97216  -0.234115  
-0.975007  -0.2371  
-0.991037  -0.234194  
-0.985959  -0.229069  
-1.02845  -0.219646  
-1.03025  -0.219313  
-1.01803  -0.205626  
-1.0248  -0.207492  
-0.986009  -0.212061  
-0.978298  -0.211826  
-0.919163  -0.199595  
-0.904011  -0.201282  
-0.855098  -0.2047  
-0.8617  -0.210359  
-0.83345  -0.203697  
-0.814996  -0.219914  
-0.831495  -0.214704  
-0.85262  -0.215112  
-0.831933  -0.21977  
-0.903251  -0.203083  
-0.891395  -0.20727  
-0.909532  -0.195841  
-0.910903  -0.198176  
-0.932479  -0.189261  
-0.928255  -0.169759  
-0.92212  -0.170723  
-0.898827  -0.160873  
-0.894158  -0.161314  
-0.935613  -0.150753  
-0.92824  -0.151762  
-0.908013  -0.15583  
-0.912336  -0.153675  
-0.898906  -0.15762  
-0.885356  -0.159233  
-0.870256  -0.173703  
-0.899009  -0.15746  
-0.907995  -0.159007  
-0.86853  -0.166132  
-0.857041  -0.174346  
-0.841291  -0.172681  
-0.818381  -0.163005  
-0.813408  -0.163363  
-0.804369  -0.16002  
-0.799567  -0.160371  
-0.826503  -0.149273  
-0.832418  -0.150214  
-0.841604  -0.152663  
-0.836026  -0.153126  
-0.833148  -0.145049  
-0.844683  -0.141214  
-0.857336  -0.148387  
-0.851573  -0.148949  
-0.838788  -0.14333  
-0.793452  -0.161951  
-0.783576  -0.162821  
-0.753726  -0.175121  
-0.764775  -0.176385  
-0.777974  -0.185741  
-0.788453  -0.186897  
-0.809244  -0.182152  
-0.844151  -0.184012  
-0.838862  -0.184382  
-0.837238  -0.199264  
-0.892672  -0.18761  
-0.88394  -0.194085  
-0.904919  -0.192827  
-0.909185  -0.195593  
-0.902728  -0.195838  
-0.850199  -0.203169  
-0.85473  -0.204058  
-0.875928  -0.18978  
-0.852049  -0.202928  
-0.856412  -0.209802  
-0.866828  -0.210498  
-0.885829  -0.202959  
-0.852172  -0.219142  
-0.846698  -0.218937  
-0.834066  -0.224564  
-0.840678  -0.222384  
-0.830622  -0.221807  
-0.830903  -0.219278  
-0.834756  -0.214391  
-0.834803  -0.214394  
-0.848541  -0.208706  
-0.824369  -0.211673  
-0.895164  -0.201205  
-0.911144  -0.202037  
-0.933063  -0.189697  
-0.917101  -0.18889  
-0.951751  -0.178171  
-0.969602  -0.178859  
-0.969831  -0.178866  
-0.928091  -0.179518  
-0.914978  -0.186614  
-0.906733  -0.193182  
-0.890885  -0.200372  
-0.819367  -0.204318  
-0.817797  -0.199482  
-0.876894  -0.189628  
-0.872295  -0.197332  
-0.882125  -0.192998  
-0.90532  -0.192493  
-0.912266  -0.188804  
-0.973921  -0.178783  
-0.967096  -0.179292  
-1.01348  -0.163161  
-0.995395  -0.165735  
-0.977793  -0.16782  
-0.981951  -0.169586  
-0.993025  -0.166079  
-0.958701  -0.15113  
-0.960711  -0.153584  
-0.960907  -0.142919  
-0.969613  -0.14452  
-0.976811  -0.143525  
-0.988037  -0.138484  
-1.00214  -0.131909  
-1.0467  -0.12901  
-1.05044  -0.126859  
-1.05815  -0.122706  
-1.07193  -0.115499  
-1.06256  -0.117964  
-1.03384  -0.124523  
-1.0199  -0.12014  
-0.986223  -0.13199  
-0.994962  -0.121041  
-0.972657  -0.128403  
-0.996448  -0.133217  
-0.972363  -0.135009  
-1.0096  -0.122521  
-1.01705  -0.119767  
-1.01617  -0.125548  
-1.03209  -0.115596  
-1.04369  -0.108765  
-1.07329  -0.0932982  
-1.08347  -0.0889663  
-1.0278  -0.0856226  
-1.03713  -0.085723  
-1.02445  -0.0848437  
-1.02374  -0.0939455  
-0.996766  -0.104345  
-0.971552  -0.11339  
-0.994641  -0.108938  
-1.00739  -0.105558  
-1.02083  -0.0948801  
-1.02085  -0.0948938  
-1.02251  -0.102358  
-1.03618  -0.0866098  
-1.04551  -0.0819088  
-1.0615  -0.0824687  
-1.05679  -0.0570813  
-1.05831  -0.0452046  
-1.07619  -0.0333115  
-1.07532  -0.0242411  
-1.08763  -0.0217685  
-1.11878  -0.0202081  
-1.11149  -0.0223046  
-1.18137  0.00579779  
-1.21352  0.0078776  
-1.18412  0.00391162  
-1.17108  0.00391347  
-1.15453  0.00154106  
-1.16817  -0.00241944  
-1.14584  -0.011855  
-1.09938  -0.0192962  
-1.06544  -0.0206375  
-1.06923  -0.0153567  
-1.0477  -0.0230667  
-1.03362  -0.0300477  
-1.03763  -0.0247258  
-1.03484  -0.0321848  
-1.04001  -0.029072  
-1.03766  -0.0194  
-1.0363  -0.0239223  
-1.04028  -0.0185783  
-1.0102  -0.0141428  
-1.01833  -0.00751327  
-1.00852  0.00250836  
-0.973918  0.00143295  
-0.963746  0.013857  
-0.971784  0.0271022  
-0.977068  0.0425753  
-1.00008  0.0381801  
-0.996627  0.0453831  
-0.992643  0.0398673  
-1.01991  0.0503258  
-1.01882  0.0449063  
-0.994447  0.0405771  
-0.9799  0.036166  
-0.989285  0.0190718  
-0.981364  0.0187316  
-0.973878  0.0243001  
-0.982958  0.0354273  
-0.981153  0.0375895  
-0.938684  0.0477172  
-0.950523  0.0502401  
-0.95418  0.0550615  
-0.948603  0.0576065  
-1.04319  0.103815  
-1.06671  0.11334  
-1.07535  0.115117  
-1.07528  0.129605  
-1.06749  0.13066  
-1.08648  0.14913  
-1.10867  0.158312  
-1.12651  0.169871  
-1.05052  0.163727  
-1.07309  0.164998  
-1.04214  0.16557  
-0.944727  0.130595  
-0.935874  0.136114  
-0.928929  0.132002  
-0.921767  0.129715  
-0.874956  0.107577  
-0.874749  0.109176  
-0.861034  0.0962203  
-0.892414  0.100736  
-0.935467  0.118496  
-0.932974  0.107465  
-0.965883  0.119294  
-0.988289  0.130579  
-0.986173  0.117699  
-0.999979  0.125414  
-0.987273  0.135061  
-0.986318  0.136677  
-0.978351  0.151713  
-0.938191  0.141395  
-0.937922  0.142938  
-0.850842  0.138756  
-0.852919  0.142077  
-0.83988  0.14316  
-0.81572  0.135155  
-0.822006  0.1378  
-0.824256  0.130518  
-0.875884  0.136317  
-0.876946  0.128939  
-0.859536  0.120962  
-0.880314  0.118543  
-0.881362  0.120516  
-0.93936  0.116559  
-0.957697  0.118346  
-0.927705  0.11335  
-0.92724  0.11333  
-0.907701  0.102156  
-0.908575  0.104435  
-0.925837  0.115005  
-0.922814  0.111931  
-0.928393  0.126393  
-0.929388  0.12841  
-0.967057  0.138776  
-0.96929  0.146526  
-1.0016  0.145159  
-1.0179  0.150913  
-1.01769  0.150831  
-1.00572  0.142818  
-1.00596  0.144981  
-0.963765  0.138473  
-0.981525  0.141051  
-0.945835  0.127328  
-0.947175  0.129714  
-0.886006  0.128335  
-0.859349  0.129266  
-0.853448  0.124287  
-0.840214  0.123986  
-0.785768  0.131277  
-0.789432  0.133709  
-0.776133  0.127487  
-0.787209  0.129373  
-0.790904  0.131851  
-0.86681  0.145067  
-0.890448  0.147932  
-0.930387  0.157452  
-0.935678  0.158117  
-0.981095  0.163961  
-0.983914  0.168112  
-1.03632  0.176413  
-1.03714  0.178394  
-1.01047  0.180195  
-1.0117  0.182168  
-0.982348  0.176361  
-0.953811  0.187991  
-0.921228  0.180052  
-0.934047  0.185649  
-0.838645  0.182024  
-0.842295  0.184098  
-0.82317  0.187243  
-0.807492  0.18225  
-0.814468  0.18876  
-0.805803  0.184598  
-0.815313  0.197818  
-0.825737  0.204157  
-0.809134  0.204842  
-0.835048  0.22379  
-0.843985  0.227351  
-0.834126  0.222344  
-0.835049  0.229814  
-0.85293  0.237175  
-0.843772  0.241636  
-0.828426  0.24542  
-0.827348  0.243315  
-0.809157  0.239572  
-0.815038  0.243155  
-0.775382  0.232296  
-0.780908  0.234151  
-0.77281  0.22954  
-0.789503  0.235207  
-0.773918  0.235647  
-0.781843  0.232669  
-0.783499  0.229102  
-0.759411  0.225167  
-0.763229  0.224416  
-0.770393  0.21845  
-0.792141  0.217294  
-0.819762  0.225061  
-0.834553  0.230279  
-0.821925  0.230059  
-0.831631  0.231018  
-0.832457  0.227201  
-0.81726  0.224122  
-0.825264  0.234319  
-0.835959  0.234747  
-0.840569  0.248873  
-0.866069  0.258561  
-0.806904  0.243812  
-0.815214  0.250896  
-0.818176  0.254531  
-0.790177  0.24082  
-0.784013  0.25166  
-0.794523  0.259322  
-0.781563  0.252838  
-0.778898  0.254702  
-0.779499  0.252542  
-0.760538  0.246516  
-0.758602  0.251416  
-0.757468  0.249875  
-0.769228  0.257989  
-0.749567  0.245116  
-0.779615  0.258836  
-0.7721  0.255732  
-0.770159  0.25707  
-0.792342  0.265302  
-0.81501  0.278351  
-0.822934  0.287272  
-0.836992  0.300656  
-0.855762  0.31134  
-0.854146  0.312866  
-0.868063  0.328886  
-0.872519  0.333247  
-0.834906  0.342588  
-0.832251  0.333605  
-0.850163  0.344475  
-0.778365  0.326566  
-0.785663  0.328132  
-0.755646  0.317361  
-0.744619  0.314734  
-0.751003  0.316705  
-0.759631  0.318654  
-0.759095  0.321119  
-0.73954  0.317526  
-0.754596  0.332974  
-0.744512  0.331259  
-0.748525  0.33688  
-0.783139  0.369828  
-0.788405  0.366806  
-0.798614  0.379192  
-0.81413  0.391892  
-0.813503  0.398497  
-0.866988  0.43702  
-0.859292  0.438856  
-0.855807  0.44582  
-0.884585  0.459894  
-0.88138  0.466689  
-0.895138  0.474939  
-0.879727  0.47022  
-0.865528  0.474165  
-0.852163  0.477352  
-0.847055  0.48312  
-0.847523  0.481523  
-0.823282  0.47418  
-0.827915  0.478234  
-0.853847  0.480266  
-0.8547  0.480514  
-0.860034  0.491279  
-0.868886  0.492043  
-0.86928  0.492317  
-0.88005  0.498188  
-0.925703  0.508357  
-0.923884  0.515415  
-0.933373  0.519222  
-0.942125  0.521222  
-0.94271  0.521413  
-0.92955  0.514417  
-0.937843  0.523306  
-0.95168  0.52281  
-0.952372  0.524654  
-0.933716  0.52044  
-0.922941  0.515597  
-0.937132  0.52644  
-0.937917  0.538763  
-0.93373  0.532514  
-0.962241  0.543854  
-0.943361  0.53775  
-0.935766  0.538783  
-0.931449  0.532449  
-0.949182  0.557041  
-0.950645  0.557482  
-0.95585  0.567027  
-0.965625  0.576627  
-0.955181  0.560366  
-0.952849  0.567933  
-0.971728  0.57653  
-0.951731  0.570076  
-0.945006  0.570821  
-0.961066  0.555743  
-0.95436  0.556734  
-0.953826  0.557149  
-0.94383  0.55282  
-0.94613  0.549537  
-0.939734  0.550687  
-0.951925  0.549687  
-0.954119  0.566046  
-0.961399  0.566744  
-1.00854  0.587944  
-1.02612  0.599876  
-1.01057  0.601719  
-1.03421  0.616323  
-1.04515  0.623666  
-1.05151  0.623824  
-1.07527  0.632363  
-1.06267  0.638243  
-1.07941  0.623235  
-1.07933  0.623207  
-1.03319  0.592673  
-1.02844  0.586047  
-1.03169  0.571721  
-1.04423  0.559901  
-1.03268  0.555264  
-1.04234  0.539993  
-1.04881  0.541479  
-1.03021  0.528674  
-1.05668  0.548821  
-1.03241  0.536429  
-1.06264  0.557255  
-1.05617  0.558771  
-1.08272  0.586142  
-1.09188  0.590589  
-1.07442  0.587456  
-1.08378  0.598807  
-1.07331  0.599891  
-1.07907  0.600767  
-1.06531  0.597275  
-1.06432  0.59951  
-1.03352  0.593507  
-0.992023  0.571347  
-0.981067  0.565576  
-0.951085  0.541169  
-0.9527  0.544925  
-0.948145  0.55015  
-0.919017  0.544461  
-0.914453  0.546425  
-0.918052  0.556081  
-0.905514  0.556996  
-0.908607  0.564518  
-0.915924  0.566077  
-0.905409  0.580878  
-0.912694  0.582272  
-0.90426  0.580325  
-0.87461  0.573926  
-0.896508  0.581489  
-0.8901  0.561635  
-0.892441  0.56982  
-0.891395  0.569295  
-0.889116  0.575455  
-0.87378  0.571901  
-0.869544  0.57403  
-0.823853  0.546987  
-0.820239  0.549474  
-0.783457  0.536085  
-0.772389  0.534147  
-0.757372  0.53752  
-0.76531  0.539344  
-0.754115  0.539989  
-0.759093  0.55541  
-0.743326  0.546771  
-0.760591  0.570788  
-0.74357  0.566561  
-0.760926  0.591314  
-0.747852  0.584712  
-0.750218  0.591622  
-0.754668  0.594619  
-0.76118  0.611884  
-0.739821  0.60668  
-0.756753  0.618955  
-0.754314  0.614136  
-0.74262  0.600536  
-0.75492  0.614495  
-0.744391  0.6055  
-0.740277  0.59345  
-0.727226  0.594272  
-0.726947  0.573581  
-0.723108  0.577982  
-0.734651  0.582496  
-0.753693  0.582485  
-0.731122  0.567007  
-0.736077  0.571087  
-0.723066  0.568304  
-0.751721  0.585648  
-0.758555  0.597014  
-0.7478  0.583527  
-0.753997  0.584238  
-0.746429  0.579391  
-0.752234  0.561167  
-0.759936  0.57589  
-0.762458  0.565479  
-0.780792  0.579105  
-0.787556  0.551366  
-0.77494  0.545017  
-0.783003  0.525796  
-0.779011  0.517392  
-0.758935  0.497364  
-0.769926  0.503541  
-0.758121  0.479807  
-0.751221  0.481899  
-0.745193  0.471053  
-0.753771  0.468705  
-0.732489  0.459129  
-0.749817  0.466134  
-0.744215  0.455374  
-0.769107  0.486166  
-0.760237  0.479091  
-0.779108  0.501449  
-0.787962  0.502926  
-0.781605  0.505613  
-0.766191  0.504328  
-0.770269  0.504806  
-0.752381  0.509537  
-0.756368  0.509712  
-0.755166  0.50431  
-0.751551  0.507512  
-0.738417  0.509772  
-0.731113  0.508885  
-0.70919  0.497675  
-0.706245  0.500797  
-0.712227  0.493216  
-0.693912  0.469394  
-0.686057  0.461915  
-0.682512  0.454214  
-0.690482  0.464863  
-0.679299  0.458825  
-0.715137  0.480069  
-0.715954  0.490121  
-0.746511  0.501809  
-0.750157  0.493899  
-0.758738  0.514869  
-0.762305  0.514266  
-0.750269  0.518393  
-0.750988  0.526936  
-0.749719  0.516753  
-0.740114  0.534465  
-0.74355  0.533243  
-0.718228  0.524103  
-0.726617  0.534315  
-0.723443  0.563103  
-0.716213  0.554919  
-0.718832  0.550801  
-0.71511  0.562078  
-0.715016  0.562023  
-0.686363  0.532942  
-0.67862  0.536823  
-0.671407  0.540922  
-0.649108  0.50273  
-0.637321  0.495278  
-0.627705  0.471621  
-0.639469  0.500741  
-0.64345  0.499277  
-0.618799  0.497953  
-0.622626  0.496245  
-0.608775  0.518665  
-0.61554  0.526121  
-0.613063  0.556893  
-0.624487  0.570497  
-0.621862  0.59914  
-0.623296  0.627677  
-0.604559  0.626361  
-0.592361  0.619004  
-0.590831  0.631191  
-0.574428  0.613635  
-0.566064  0.588412  
-0.547641  0.587684  
-0.550096  0.585296  
-0.535407  0.55797  
-0.526399  0.564849  
-0.530678  0.561373  
-0.520721  0.560821  
-0.524962  0.557033  
-0.538795  0.618002  
-0.534374  0.61888  
-0.525112  0.64227  
-0.529339  0.63659  
-0.522483  0.651938  
-0.526472  0.659067  
-0.513594  0.655642  
-0.499168  0.63768  
-0.49728  0.637577  
-0.484307  0.603292  
-0.47592  0.592298  
-0.43529  0.537701  
-0.433575  0.515025  
-0.411813  0.489077  
-0.40992  0.491865  
-0.405941  0.49306  
-0.39781  0.520958  
-0.405773  0.524945  
-0.403418  0.563735  
-0.40028  0.567725  
-0.404167  0.605555  
-0.40474  0.60902  
-0.421069  0.699168  
-0.423758  0.71073  
-0.43225  0.739255  
-0.417223  0.712495  
-0.411047  0.719411  
-0.389774  0.691018  
-0.388931  0.689655  
-0.374347  0.655863  
-0.372803  0.652648  
-0.345053  0.636158  
-0.342547  0.639239  
-0.342641  0.643445  
-0.344032  0.664139  
-0.332162  0.657447  
-0.32948  0.658917  
-0.327262  0.663209  
-0.319898  0.701562  
-0.32351  0.715595  
-0.311141  0.686022  
-0.320575  0.711968  
-0.314903  0.693527  
-0.292725  0.655098  
-0.292747  0.653279  
-0.287269  0.656487  
-0.287342  0.654566  
-0.286943  0.671715  
-0.290641  0.678303  
-0.294068  0.687191  
-0.290508  0.666022  
-0.293887  0.677238  
-0.285946  0.700763  
-0.285959  0.698134  
-0.274644  0.683739  
-0.271822  0.669196  
-0.273832  0.672663  
-0.270838  0.674018  
-0.271133  0.669222  
-0.263828  0.648173  
-0.256635  0.643991  
-0.261203  0.660481  
-0.260941  0.658989  
-0.269418  0.659679  
-0.27096  0.674604  
-0.274758  0.688513  
-0.280618  0.679192  
-0.27982  0.670832  
-0.281835  0.67451  
-0.277152  0.682357  
-0.274174  0.667803  
-0.273453  0.64908  
-0.269738  0.627808  
-0.267304  0.596271  
-0.267375  0.594244  
-0.250974  0.524685  
-0.254442  0.535584  
-0.24472  0.498349  
-0.247816  0.511779  
-0.251243  0.522698  
-0.254081  0.523005  
-0.251308  0.541024  
-0.257105  0.52743  
-0.257762  0.529803  
-0.265595  0.570468  
-0.276428  0.609066  
-0.290745  0.641938  
-0.294794  0.657389  
-0.303501  0.649376  
-0.311914  0.680636  
-0.318853  0.710061  
-0.317527  0.711119  
-0.327411  0.706051  
-0.32671  0.702734  
-0.334707  0.695218  
-0.333005  0.688302  
-0.330865  0.693776  
-0.325619  0.660457  
-0.326923  0.667522  
-0.319247  0.594619  
-0.317681  0.588714  
-0.316016  0.585563  
-0.3068  0.571369  
-0.306179  0.568591  
-0.301265  0.545626  
-0.300067  0.532961  
-0.305066  0.567731  
-0.30441  0.564638  
-0.30667  0.560201  
-0.305922  0.595829  
-0.324441  0.662843  
-0.325284  0.668527  
-0.326406  0.651172  
-0.330392  0.71637  
-0.328508  0.706487  
-0.322067  0.731502  
-0.321222  0.726259  
-0.304045  0.655339  
-0.3034  0.650774  
-0.297296  0.637989  
-0.294362  0.615652  
-0.27218  0.562222  
-0.267975  0.577915  
-0.26446  0.531501  
-0.264412  0.531574  
-0.265756  0.544069  
-0.286053  0.597228  
-0.286557  0.601682  
-0.291567  0.636207  
-0.293483  0.646413  
-0.301779  0.683943  
-0.309425  0.717849  
-0.310986  0.69048  
-0.312342  0.701961  
-0.307931  0.719645  
-0.306414  0.708976  
-0.292463  0.682966  
-0.283122  0.67852  
-0.277604  0.66928  
-0.264032  0.640787  
-0.25711  0.633673  
-0.247999  0.603511  
-0.232852  0.60541  
-0.232585  0.607525  
-0.218217  0.657896  
-0.218691  0.647459  
-0.220716  0.685164  
-0.218525  0.670424  
-0.199899  0.687869  
-0.200477  0.682297  
-0.20137  0.681896  
-0.195407  0.681605  
-0.197485  0.676581  
-0.193382  0.679705  
-0.176568  0.638967  
-0.178966  0.660394  
-0.176727  0.646126  
-0.159583  0.661639  
-0.154622  0.666693  
-0.143249  0.669394  
-0.144527  0.663782  
-0.138831  0.713685  
-0.139163  0.704156  
-0.136506  0.698684  
-0.130885  0.706612  
-0.133289  0.722889  
-0.122419  0.72796  
-0.118291  0.732067  
-0.128084  0.731764  
-0.125106  0.729919  
-0.118791  0.730047  
-0.120741  0.749621  
-0.12049  0.716488  
-0.116319  0.743393  
-0.114699  0.754121  
-0.117738  0.77084  
-0.114831  0.785007  
-0.117838  0.786081  
-0.112717  0.78547  
-0.11561  0.806877  
-0.105059  0.810718  
-0.102825  0.795827  
-0.0887669  0.777112  
-0.0866211  0.796045  
-0.0764173  0.764208  
-0.0706899  0.753731  
-0.0665462  0.780075  
-0.0579158  0.7877  
-0.0561008  0.806613  
-0.0495033  0.815093  
-0.0497687  0.809024  
-0.0440142  0.79589  
-0.041907  0.769724  
-0.047582  0.795219  
-0.0426038  0.784159  
-0.0395202  0.791459  
-0.0331258  0.800239  
-0.0323628  0.793103  
-0.035585  0.794293  
-0.0235434  0.816796  
-0.0260727  0.80649  
-0.0267189  0.833045  
-0.0266337  0.883278  
-0.0272321  0.887781  
-0.0169177  0.920758  
-0.0160148  0.903973  
-0.0118737  0.908144  
-0.00150133  0.869792  
-0.00596884  0.876427  
0.0107896  0.835684  
0.0139822  0.851097  
0.0236755  0.833006  
0.0247273  0.823751  
0.0357758  0.86403  
0.0311854  0.837098  
0.0307298  0.875941  
0.0302501  0.879579  
0.028713  0.895798  
0.0271244  0.957204  
0.0282362  0.974764  
0.01816  0.979394  
0.0188008  1.01323  
0.00917468  0.975563  
0.0129083  0.960688  
-0.000379262  0.932629  
-0.000597633  0.926796  
-0.00207197  0.923024  
-0.00228607  0.863191  
0.000821198  0.866412  
0.00250356  0.817452  
0.00554577  0.817332  
0.014212  0.803449  
0.0171289  0.807404  
0.0255473  0.850557  
0.0283012  0.860659  
0.0361763  0.906211  
0.0442319  0.948776  
0.0465781  0.952344  
0.0519119  0.947666  
0.0506473  0.940875  
0.0546721  0.940825  
0.071723  0.969158  
0.0674398  0.962481  
0.0716178  0.966177  
0.092818  0.901678  
0.0966284  0.906974  
0.103786  0.913428  
0.099259  0.895913  
0.0963811  0.88784  
0.113867  0.88658  
0.114299  0.903104  
0.110837  0.883542  
0.113521  0.885687  
0.113792  0.947998  
0.109221  0.938578  
0.0947476  0.914145  
0.0911919  0.923868  
0.0938146  0.911136  
0.102621  0.875467  
0.107515  0.852914  
0.109145  0.856908  
0.106504  0.829293  
0.108109  0.833119  
0.127644  0.782598  
0.129244  0.787146  
0.137016  0.814342  
0.138509  0.818517  
0.144151  0.805095  
0.145515  0.809239  
0.139644  0.819183  
0.147737  0.847784  
0.149133  0.851629  
0.147387  0.889042  
0.151498  0.907447  
0.161646  0.936121  
0.162805  0.936913  
0.158505  0.942233  
0.159773  0.944919  
0.154662  0.936755  
0.154657  0.935785  
0.14826  0.897291  
0.151589  0.890395  
0.146865  0.851836  
0.145438  0.848023  
0.139  0.836529  
0.133803  0.837729  
0.126767  0.849809  
0.126413  0.851693  
0.129852  0.845095  
0.128479  0.860523  
0.12398  0.886823  
0.122472  0.910457  
0.123952  0.918583  
0.128109  0.944992  
0.129763  0.948121  
0.138268  0.932285  
0.138111  0.920158  
0.147533  0.921529  
0.151515  0.913133  
0.152859  0.916675  
0.151997  0.902493  
0.164958  0.882032  
0.16608  0.885781  
0.178797  0.854294  
0.179767  0.858401  
0.184949  0.86471  
0.185844  0.868703  
0.18378  0.843659  
0.184782  0.848315  
0.173  0.827259  
0.174144  0.83211  
0.167676  0.820085  
0.161743  0.851611  
0.163036  0.856134  
0.153742  0.873442  
0.149999  0.863942  
0.146165  0.825166  
0.15195  0.823152  
0.149052  0.840742  
0.165269  0.81871  
0.181611  0.828714  
0.177099  0.820991  
0.187206  0.79449  
0.190095  0.768615  
0.198911  0.739967  
0.208793  0.741655  
0.220273  0.752725  
0.238756  0.766519  
0.244228  0.734296  
0.247247  0.770866  
0.245834  0.76792  
0.25783  0.76509  
0.25784  0.770095  
0.258635  0.75912  
0.258087  0.776057  
0.254189  0.799179  
0.254413  0.804603  
0.256619  0.804275  
0.250828  0.802652  
0.2229  0.783067  
0.22346  0.79576  
0.212587  0.778936  
0.21043  0.778853  
0.211913  0.778595  
0.209823  0.750927  
0.213476  0.756795  
0.203167  0.701941  
0.197351  0.696273  
0.191529  0.682813  
0.189586  0.682583  
0.198545  0.685825  
0.201033  0.686218  
0.208497  0.681892  
0.208407  0.688263  
0.208473  0.688502  
0.210813  0.721633  
0.224482  0.747696  
0.224991  0.756525  
0.231938  0.746131  
0.232466  0.752884  
0.23244  0.754094  
0.228727  0.751718  
0.232853  0.774835  
0.23345  0.757774  
0.230442  0.764467  
0.231779  0.731493  
0.222505  0.708087  
0.226043  0.687503  
0.229802  0.687131  
0.22718  0.662183  
0.239424  0.629394  
0.239885  0.637681  
0.245059  0.619088  
0.241978  0.609242  
0.239658  0.602278  
0.242961  0.608071  
0.24978  0.620897  
0.252557  0.61481  
0.252879  0.623401  
0.254287  0.599205  
0.259843  0.626196  
0.268091  0.641689  
0.261177  0.636061  
0.254309  0.640808  
0.255017  0.632308  
0.250109  0.603812  
0.245986  0.602235  
0.248508  0.603855  
0.24228  0.608121  
0.238877  0.597696  
0.235541  0.580255  
0.229282  0.576404  
0.233329  0.573855  
0.234858  0.575017  
0.231252  0.574647  
0.24318  0.575163  
0.247007  0.587071  
0.242955  0.575593  
0.248541  0.57069  
0.248849  0.558837  
0.25691  0.583651  
0.258883  0.571277  
0.26627  0.587886  
0.278474  0.577063  
0.285251  0.571348  
0.288379  0.582391  
0.294548  0.564978  
0.305396  0.60107  
0.30837  0.594976  
0.30609  0.582573  
0.308564  0.602542  
0.314572  0.598392  
0.316834  0.598139  
0.316866  0.598257  
0.329063  0.597964  
0.331157  0.604448  
0.329997  0.620996  
0.331277  0.622061  
0.340263  0.582682  
0.342495  0.586307  
0.348368  0.555181  
0.35053  0.559244  
0.361162  0.542486  
0.363169  0.546767  
0.356639  0.516798  
0.38025  0.518817  
0.377276  0.49838  
0.381702  0.490687  
0.378503  0.516274  
0.380162  0.520641  
0.382911  0.487332  
0.38706  0.469466  
0.376601  0.447418  
0.372778  0.447455  
0.36999  0.440709  
0.363266  0.459486  
0.365316  0.455746  
0.364434  0.435792  
0.366538  0.424418  
0.37139  0.448912  
0.365386  0.456175  
0.371173  0.466691  
0.376711  0.49793  
0.384277  0.516467  
0.41561  0.560853  
0.417027  0.549911  
0.424407  0.529953  
0.425662  0.534872  
0.434219  0.539256  
0.435479  0.526558  
0.439307  0.48969  
0.437485  0.501313  
0.443502  0.493713  
0.444653  0.481651  
0.440624  0.462865  
0.409602  0.384713  
0.407885  0.373319  
0.416644  0.396542  
0.41802  0.403459  
0.404066  0.377644  
0.398142  0.372864  
0.404526  0.385698  
0.404001  0.367969  
0.405398  0.374715  
0.417937  0.40941  
0.419695  0.420136  
0.445637  0.48209  
0.443942  0.476469  
0.440384  0.462643  
0.439822  0.463474  
0.443565  0.475197  
0.469756  0.541781  
0.471357  0.534895  
0.456807  0.525385  
0.458519  0.536362  
0.460669  0.52247  
0.445488  0.485436  
0.436891  0.452869  
0.442676  0.47605  
0.436672  0.454575  
0.437179  0.455712  
0.416778  0.363073  
0.415242  0.37676  
0.419725  0.360006  
0.421065  0.367811  
0.423647  0.354923  
0.427376  0.360502  
0.427749  0.368657  
0.439947  0.37048  
0.434916  0.345914  
0.443205  0.363338  
0.450913  0.376581  
0.461556  0.394991  
0.4625  0.437899  
0.469873  0.431303  
0.470867  0.440903  
0.47687  0.428017  
0.468299  0.397838  
0.469044  0.405327  
0.463623  0.406678  
0.467934  0.418802  
0.466578  0.438978  
0.46283  0.395971  
0.463657  0.403674  
0.465329  0.411772  
0.466131  0.419338  
0.467883  0.478199  
0.468385  0.489432  
0.508153  0.58925  
0.508784  0.582333  
0.511475  0.59968  
0.516608  0.589429  
0.517112  0.588467  
0.540742  0.620613  
0.540581  0.613295  
0.537089  0.602563  
0.539638  0.538529  
0.54347  0.541967  
0.526431  0.465624  
0.521831  0.43214  
0.515894  0.420999  
0.520729  0.387325  
0.513467  0.384373  
0.498812  0.352372  
0.488339  0.322924  
0.492784  0.339996  
0.494213  0.365354  
0.48829  0.361794  
0.487791  0.391562  
0.490264  0.390611  
0.491741  0.393517  
0.489379  0.389801  
0.486175  0.408965  
0.486765  0.399332  
0.49915  0.417721  
0.496867  0.398752  
0.497783  0.397707  
0.497732  0.3739  
0.498172  0.382675  
0.490869  0.361418  
0.485029  0.342588  
0.497064  0.388551  
0.497787  0.400236  
0.494036  0.386247  
0.478994  0.357284  
0.479945  0.369718  
0.464447  0.362909  
0.468295  0.366269  
0.465925  0.365693  
0.461547  0.374723  
0.461738  0.358153  
0.462626  0.367436  
0.449801  0.336974  
0.445023  0.343656  
0.434105  0.328284  
0.435382  0.319691  
0.431219  0.315953  
0.432711  0.326865  
0.432667  0.3452  
0.429763  0.35131  
0.431335  0.362465  
0.4233  0.341046  
0.424854  0.334971  
0.419122  0.340082  
0.419037  0.346759  
0.41446  0.329207  
0.413078  0.337412  
0.409278  0.340373  
0.405601  0.347548  
0.408704  0.348426  
0.400756  0.321626  
0.401951  0.331106  
0.39724  0.315585  
0.40674  0.37145  
0.409311  0.385528  
0.420525  0.423445  
0.421917  0.432214  
0.414966  0.418337  
0.416449  0.427328  
0.41534  0.41758  
0.421734  0.434371  
0.421786  0.416  
0.425733  0.422396  
0.432603  0.41651  
0.430028  0.398124  
0.430825  0.410764  
0.426629  0.372951  
0.430763  0.373696  
0.43313  0.353234  
0.42806  0.331907  
0.430389  0.337954  
0.431708  0.348165  
0.427756  0.366044  
0.42241  0.344988  
0.422428  0.345083  
0.422816  0.329727  
0.418853  0.319879  
0.421419  0.319353  
0.428826  0.314549  
0.428909  0.315802  
0.445722  0.33934  
0.447397  0.342805  
0.457369  0.330644  
0.461986  0.319753  
0.456383  0.318227  
0.466246  0.344662  
0.472724  0.360927  
0.481117  0.386073  
0.482518  0.387152  
0.480453  0.376058  
0.477582  0.348616  
0.477314  0.360754  
0.458175  0.337645  
0.45909  0.348058  
0.444792  0.313601  
0.44634  0.30866  
0.43777  0.236612  
0.439246  0.251127  
0.431412  0.219223  
0.426246  0.189679  
0.425826  0.192657  
0.421399  0.186009  
0.422108  0.201834  
0.427811  0.163679  
0.429113  0.176497  
0.424112  0.175965  
0.426277  0.180761  
0.429456  0.172933  
0.427965  0.195788  
0.421996  0.18206  
0.427397  0.216487  
0.431176  0.233388  
0.426169  0.2335  
0.43016  0.225845  
0.432638  0.231115  
0.421186  0.211916  
0.416126  0.193883  
0.410503  0.173319  
0.40709  0.16865  
0.4037  0.184182  
0.390977  0.160178  
0.392695  0.173368  
0.389698  0.159016  
0.391406  0.172102  
0.397534  0.170686  
0.392796  0.174868  
0.396969  0.230721  
0.398965  0.246126  
0.399346  0.245721  
0.397357  0.233815  
0.411175  0.260872  
0.411475  0.241796  
0.412842  0.255971  
0.418232  0.275886  
0.414144  0.25674  
0.418168  0.2788  
0.4147  0.260981  
0.427556  0.256995  
0.427019  0.264107  
0.433588  0.286272  
0.432691  0.298278  
0.438362  0.314351  
0.435308  0.31475  
0.434983  0.291152  
0.43617  0.303131  
0.427659  0.288908  
0.430991  0.29603  
0.410511  0.283292  
0.417224  0.295282  
0.401519  0.258473  
0.398303  0.252799  
0.391696  0.241053  
0.382822  0.259202  
0.384846  0.252805  
0.382535  0.237189  
0.377226  0.233297  
0.374594  0.228471  
0.374628  0.228613  
0.388589  0.257502  
0.38373  0.25847  
0.387178  0.312826  
0.38322  0.319983  
0.383257  0.320142  
0.384687  0.325507  
0.389803  0.312715  
0.382826  0.317326  
0.380275  0.311386  
0.388937  0.308168  
0.389191  0.296399  
0.390007  0.303348  
0.395383  0.288731  
0.396953  0.266128  
0.404102  0.289519  
0.405629  0.301878  
0.402359  0.307901  
0.401565  0.28495  
0.406548  0.275046  
0.403185  0.292405  
0.404323  0.323828  
0.393756  0.382414  
0.392136  0.380363  
0.37885  0.370826  
0.381173  0.385926  
0.387487  0.368645  
0.3827  0.368983  
0.384334  0.417176  
0.37993  0.397784  
0.390257  0.42086  
0.38581  0.401273  
0.395213  0.412206  
0.402926  0.403107  
0.400005  0.4163  
0.409598  0.41868  
0.403128  0.407325  
0.404636  0.409677  
0.406842  0.404845  
0.408209  0.409345  
0.409836  0.418837  
0.40549  0.37848  
0.402407  0.367164  
0.401772  0.338671  
0.403726  0.331904  
0.395895  0.289942  
0.393368  0.297432  
0.394858  0.261565  
0.390526  0.244508  
0.390574  0.244656  
0.387137  0.200852  
0.382399  0.203929  
0.376891  0.215404  
0.378547  0.213566  
0.367034  0.19412  
0.368703  0.211739  
0.35705  0.192135  
0.355213  0.190595  
0.352819  0.201801  
0.347338  0.190166  
0.349676  0.20767  
0.343089  0.21982  
0.345245  0.233929  
0.338744  0.194829  
0.340965  0.209439  
0.341296  0.235206  
0.337176  0.238152  
0.342443  0.236409  
0.338256  0.26648  
0.340465  0.280268  
0.344083  0.280222  
0.339878  0.28272  
0.328547  0.267213  
0.331889  0.263151  
0.341754  0.268688  
0.341082  0.267263  
0.340317  0.253854  
0.333973  0.225953  
0.338147  0.221753  
0.334662  0.205641  
0.330646  0.231157  
0.327045  0.219894  
0.323104  0.22326  
0.323131  0.205998  
0.325458  0.220329  
0.325694  0.210624  
0.316086  0.218559  
0.312276  0.221977  
0.294622  0.204138  
0.292579  0.214701  
0.292595  0.214822  
0.272479  0.184678  
0.276046  0.180189  
0.26572  0.176825  
0.254084  0.154737  
0.241087  0.157589  
0.244432  0.172675  
0.23769  0.142377  
0.241282  0.159951  
0.243927  0.16047  
0.236084  0.134308  
0.242894  0.159197  
0.239393  0.143326  
0.228922  0.159858  
0.229401  0.139999  
0.233027  0.155963  
0.223701  0.118704  
0.226236  0.121281  
0.220699  0.119006  
0.217321  0.124984  
0.216931  0.106353  
0.21846  0.108168  
0.216692  0.102748  
0.222502  0.0878238  
0.220273  0.0736447  
0.226176  0.0665721  
0.22619  0.0666896  
0.223912  0.0528203  
0.219602  0.0720332  
0.220028  0.0602665  
0.219609  0.0650341  
0.215903  0.0795585  
0.215443  0.0678968  
0.213706  0.0895631  
0.208937  0.081259  
0.215314  0.0924604  
0.209193  0.115675  
0.210762  0.117786  
0.207324  0.144165  
0.204542  0.133912  
0.195822  0.13249  
0.200207  0.129249  
0.199929  0.133366  
0.197548  0.138659  
0.191569  0.120131  
0.182324  0.118464  
0.186396  0.134986  
0.178204  0.101894  
0.175415  0.11128  
0.172883  0.108621  
0.170476  0.118345  
0.159805  0.153297  
0.157858  0.15864  
0.150763  0.16365  
0.145905  0.174702  
0.135443  0.19249  
0.135448  0.192529  
0.128788  0.184002  
0.125692  0.19408  
0.125712  0.194211  
0.117295  0.186358  
0.115887  0.191404  
0.115129  0.165923  
0.109428  0.162654  
0.106256  0.175438  
0.1032  0.171193  
0.107943  0.186401  
0.103593  0.153151  
0.108518  0.170575  
0.0998373  0.153337  
0.108643  0.159536  
0.0996907  0.174426  
0.105084  0.187566  
0.100144  0.189538  
0.104726  0.188758  
0.0947549  0.184658  
0.0928225  0.175461  
0.092529  0.195252  
0.0830627  0.184958  
0.0873963  0.206234  
0.0845878  0.215198  
0.0803323  0.221327  
0.0795858  0.206075  
0.0631886  0.201833  
0.071211  0.220498  
0.05295  0.220963  
0.0482315  0.228818  
0.0493265  0.244499  
0.0387028  0.254902  
0.0384209  0.240676  
0.02876  0.249561  
0.028611  0.23442  
0.0190986  0.244386  
0.0156688  0.257276  
0.00317813  0.210719  
0.00332336  0.198514  
0.000584677  0.196437  
-0.00323809  0.197169  
-0.00644943  0.210763  
-0.0130057  0.194519  
-0.0126423  0.179959  
-0.0243992  0.223647  
-0.0229176  0.212396  
-0.0272913  0.211088  
-0.0264634  0.214071  
-0.0293918  0.228351  
-0.0304414  0.239281  
-0.0351539  0.243211  
-0.0359418  0.240977  
-0.0379432  0.231263  
-0.0392028  0.244676  
-0.0381127  0.252753  
-0.0399122  0.26311  
-0.0401864  0.264957  
-0.0384316  0.273495  
-0.0367453  0.265332  
-0.0367975  0.285871  
-0.0367658  0.306785  
-0.0364684  0.292343  
-0.0302549  0.299829  
-0.0297511  0.284208  
-0.0269312  0.276174  
-0.028668  0.302069  
-0.0282687  0.306395  
-0.0240007  0.288949  
-0.023767  0.275047  
-0.0162342  0.300989  
-0.0157147  0.309751  
-0.0138736  0.324483  
-0.0137683  0.36592  
-0.0135092  0.34958  
-0.0104478  0.383283  
-0.010238  0.38695  
-0.0103943  0.385891  
-0.0099749  0.393145  
-0.0101173  0.392265  
-0.00993294  0.375874  
-0.01681  0.357319  
-0.016351  0.347528  
-0.0130921  0.342385  
-0.00690066  0.34839  
-0.00672161  0.352635  
-0.00351637  0.323055  
-0.00337788  0.314578  
-0.00356205  0.285257  
-0.00673442  0.29848  
-0.00690989  0.253072  
-0.00672431  0.258568  
-0.00607924  0.263123  
-0.00673549  0.241712  
-0.0100369  0.248022  
-0.0132895  0.213489  
-0.0130231  0.219486  
-0.0117857  0.218044  
-0.0150854  0.231483  
-0.0148097  0.236984  
-0.0147777  0.29223  
-0.0143235  0.283104  
-0.0144343  0.30045  
-0.0171313  0.310198  
-0.0161574  0.308776  
-0.0158397  0.313872  
-0.0145532  0.333452  
-0.0158394  0.353339  
-0.0124074  0.368678  
-0.0124498  0.388459  
-0.00893747  0.367068  
-0.00882931  0.351175  
-0.00738015  0.365761  
-0.00575267  0.360496  
-0.00568947  0.360779  
-0.00814939  0.330794  
-0.00792412  0.335592  
-0.00502647  0.30983  
-0.00483558  0.314919  
-0.0024799  0.266476  
-0.00233499  0.287154  
-0.00798153  0.264625  
-0.00567155  0.253599  
-0.00471151  0.26371  
-0.00567239  0.233543  
-0.00520006  0.279115  
-0.00518779  0.27917  
-0.00473142  0.32474  
-0.00471872  0.324796  
-0.0112074  0.317149  
-0.010907  0.322733  
-0.0109843  0.302525  
-0.00433368  0.332958  
-0.00392394  0.343608  
-0.0060376  0.339888  
0.000150851  0.354063  
-0.000883444  0.348769  
0.000293407  0.357567  
-0.00058242  0.357529  
0.00656168  0.376209  
0.00636683  0.3934  
0.00642114  0.372386  
0.00675207  0.389613  
0.00647879  0.392081  
0.0096118  0.35309  
0.00966547  0.358462  
0.0195926  0.33357  
0.0192579  0.326696  
0.0194668  0.321536  
0.0191936  0.309138  
0.0192803  0.276448  
0.0191664  0.289234  
0.0190006  0.271202  
0.0193742  0.286051  
0.0193203  0.29237  
0.0232723  0.347747  
0.0231747  0.353354  
0.0171011  0.354702  
0.0168722  0.345207  
0.0135863  0.362764  
0.0141171  0.399742  
0.0139708  0.385226  
0.0181292  0.446938  
0.0179102  0.430607  
0.0112945  0.416304  
0.00809092  0.426689  
0.008271  0.410619  
0.0047888  0.413832  
0.004935  0.418828  
0.00550283  0.437724  
0.0118253  0.444524  
0.0118751  0.449098  
0.0089885  0.451749  
-0.00429284  0.422597  
-0.00407318  0.429124  
-0.00389979  0.445389  
-0.00391618  0.429759  
-0.00458274  0.433396  
-0.00427987  0.438406  
-0.0100717  0.423696  
-0.0100225  0.408552  
-0.0126589  0.434286  
-0.0122791  0.441113  
-0.0105686  0.434334  
-0.0102092  0.44131  
-0.0104218  0.436959  
-0.0132495  0.447183  
-0.0127579  0.470979  
-0.0134669  0.445385  
-0.0160013  0.512955  
-0.019116  0.501387  
-0.0182997  0.522533  
-0.0189117  0.504863  
-0.0185352  0.526134  
-0.0195175  0.533631  
-0.021716  0.552532  
-0.0215092  0.535232  
-0.024901  0.522934  
-0.0278305  0.549339  
-0.0352599  0.477802  
-0.0317108  0.493586  
-0.0324534  0.43087  
-0.0353538  0.46029  
-0.0340793  0.414291  
-0.0333955  0.422633  
-0.0390299  0.405019  
-0.0387369  0.426154  
-0.0357153  0.440104  
-0.0350136  0.445519  
-0.028801  0.455491  
-0.0275825  0.465904  
-0.0275286  0.466087  
-0.0256662  0.448931  
-0.02471  0.459151  
-0.0255104  0.452394  
-0.0245574  0.46262  
-0.0130791  0.455105  
-0.011524  0.447574  
-0.0117733  0.42643  
-0.00820621  0.442501  
-0.0103048  0.431533  
-0.00842074  0.440145  
0.00199119  0.471096  
0.0019826  0.455238  
0.00224034  0.456963  
0.00197689  0.435784  
-0.00130777  0.421626  
-0.00129529  0.421676  
-0.00144346  0.416177  
-0.00144482  0.403563  
0.00185566  0.398465  
0.00567526  0.383614  
-0.00460933  0.375423  
-0.000717845  0.355866  
-0.00151302  0.36707  
0.00533935  0.39412  
0.00556093  0.400605  
0.00336312  0.41909  
0.0027512  0.430743  
0.003514  0.422607  
0.00262072  0.412966  
0.00302717  0.437676  
0.00636267  0.44778  
0.00311237  0.453323  
-0.00529335  0.458166  
-0.00495849  0.46371  
-0.0048805  0.479083  
-0.0048139  0.46703  
-0.00499371  0.462069  
-0.00467006  0.470249  
-0.00436749  0.505884  
-0.00579602  0.500468  
-0.00758882  0.493705  
-0.00529963  0.509022  
-0.00543179  0.490678  
-0.00541878  0.490729  
-0.00254187  0.44574  
-0.00254187  0.44574  
-0.00942356  0.428121  
-0.0090133  0.437064  
-0.0160263  0.383077  
-0.0160141  0.383124  
-0.0159686  0.385796  
-0.0142149  0.392739  
-0.0137607  0.399334  
-0.0138234  0.416149  
-0.0133718  0.422511  
-0.016559  0.444571  
-0.0160739  0.45064  
-0.0103771  0.438383  
-0.0118131  0.433787  
-0.00848963  0.466428  
-0.00808741  0.475179  
-0.00862833  0.447793  
-0.00781119  0.463152  
-0.00471832  0.458927  
-0.00468304  0.474502  
-0.00715847  0.494276  
-0.0074196  0.488856  
-0.00691126  0.482398  
-0.00777524  0.485602  
-0.00853711  0.490696  
-0.00765839  0.488639  
-0.00952906  0.461836  
-0.0136532  0.43673  
-0.0131868  0.443237  
-0.0154884  0.407676  
-0.0190389  0.395778  
-0.0132364  0.379692  
-0.0127968  0.389227  
-0.0162362  0.350897  
-0.0157139  0.358863  
-0.0203926  0.360617  
-0.0200967  0.347771  
-0.021431  0.377289  
-0.0220257  0.37513  
-0.0282039  0.409973  
-0.0246797  0.426278  
-0.037933  0.403806  
-0.03819  0.384861  
-0.0443577  0.417074  
-0.044347  0.417112  
-0.0450842  0.4349  
-0.0468087  0.432827  
-0.0502474  0.41936  
-0.0562695  0.421342  
-0.0535654  0.403491  
-0.0576936  0.403952  
-0.0598845  0.416577  
-0.060606  0.433504  
-0.0662614  0.407857  
-0.067027  0.422046  
-0.0661493  0.410614  
-0.071213  0.412879  
-0.0700041  0.43212  
-0.0766516  0.399081  
-0.0766413  0.399115  
-0.0766169  0.401747  
-0.0806222  0.351007  
-0.0834794  0.347125  
-0.0745579  0.344382  
-0.0770269  0.339929  
-0.0749029  0.32875  
-0.0736532  0.337496  
-0.0806714  0.318574  
-0.0725289  0.327396  
-0.0723766  0.325814  
-0.0774369  0.316427  
-0.0788156  0.318648  
-0.0699975  0.340413  
-0.0678832  0.336305  
-0.0773283  0.363742  
-0.0714404  0.373353  
-0.0726879  0.369633  
-0.0672756  0.378863  
-0.067013  0.37524  
-0.0634678  0.392006  
-0.0598892  0.411308  
-0.0590247  0.397597  
-0.0557463  0.397356  
-0.0524116  0.389864  
-0.0418831  0.383232  
-0.0410906  0.393471  
-0.0294073  0.400237  
-0.031254  0.423294  
-0.0356206  0.412737  
-0.035065  0.399254  
-0.0225198  0.41658  
-0.0244958  0.437305  
-0.0191906  0.414264  
-0.0186266  0.422274  
-0.0187146  0.401174  
-0.0182148  0.411939  
-0.0161348  0.369074  
-0.0153182  0.367629  
-0.012295  0.362885  
-0.00908611  0.392322  
-0.00887909  0.382177  
-0.00619838  0.381848  
-0.0123454  0.360574  
-0.0120378  0.348074  
-0.0122764  0.363848  
-0.011823  0.372576  
-0.0117888  0.372674  
-0.0149617  0.415258  
-0.0172895  0.415369  
-0.0172452  0.415526  
-0.0234565  0.407798  
-0.0229982  0.395141  
-0.0219243  0.424295  
-0.0213619  0.43253  
-0.0277736  0.399804  
-0.0316076  0.383907  
-0.0307826  0.408378  
-0.0339831  0.413648  
-0.0289085  0.415754  
-0.0283001  0.423798  
-0.0382465  0.449333  
-0.034349  0.455875  
-0.0376093  0.4603  
-0.0471633  0.458436  
-0.043945  0.447799  
-0.0476408  0.483674  
-0.0438322  0.500662  
-0.0438963  0.493204  
-0.0535367  0.456935  
-0.0526928  0.464424  
-0.0446444  0.42607  
-0.0497092  0.423574  
-0.0512889  0.370363  
-0.0535237  0.38379  
-0.0509981  0.360149  
-0.0502314  0.372809  
-0.0559276  0.319724  
-0.0627892  0.288086  
-0.0627237  0.310273  
-0.0607346  0.330211  
-0.0640969  0.359874  
-0.0743239  0.344663  
-0.0782691  0.334745  
-0.085204  0.332014  
-0.0813225  0.315232  
-0.08821  0.318974  
-0.0901621  0.356129  
-0.0917052  0.371496  
-0.101319  0.365526  
-0.0999075  0.33562  
-0.10598  0.32037  
-0.102929  0.359579  
-0.101484  0.350858  
-0.098943  0.373045  
-0.0966526  0.413359  
-0.102198  0.442086  
-0.0954855  0.464118  
-0.0941135  0.452035  
-0.0942159  0.422784  
-0.0960086  0.415458  
-0.097153  0.424094  
-0.0996295  0.40723  
-0.0972449  0.427735  
-0.0959666  0.401443  
-0.0946381  0.410654  
-0.0958811  0.419994  
-0.106964  0.377336  
-0.106478  0.364837  
-0.107027  0.3809  
-0.109802  0.368829  
-0.122688  0.379793  
-0.124311  0.394607  
-0.12821  0.422439  
-0.126274  0.410102  
-0.133009  0.39621  
-0.131199  0.387233  
-0.134662  0.414605  
-0.134647  0.395842  
-0.150357  0.378869  
-0.15145  0.372303  
-0.153143  0.404446  
-0.150915  0.403931  
-0.152746  0.375125  
-0.160039  0.357409  
-0.164851  0.407387  
-0.164037  0.409875  
-0.165199  0.430653  
-0.174012  0.429161  
-0.172059  0.448204  
-0.168402  0.470984  
-0.176966  0.467141  
-0.177342  0.447543  
-0.175169  0.456441  
-0.180935  0.476489  
-0.177641  0.46276  
-0.186873  0.420322  
-0.186278  0.393822  
-0.189297  0.408251  
-0.187472  0.411502  
-0.196503  0.383973  
-0.192876  0.38751  
-0.197019  0.380411  
-0.196362  0.340157  
-0.194435  0.345013  
-0.20084  0.323947  
-0.197803  0.343533  
-0.195271  0.354473  
-0.202222  0.359432  
-0.20145  0.345937  
-0.202478  0.358968  
-0.19964  0.348159  
-0.201384  0.348496  
-0.20112  0.329552  
-0.201837  0.344497  
-0.194844  0.370917  
-0.198613  0.369924  
-0.198015  0.378411  
-0.198435  0.369961  
-0.195385  0.396323  
-0.201429  0.355707  
-0.198133  0.409888  
-0.19576  0.419619  
-0.197334  0.424461  
-0.196448  0.437892  
-0.202818  0.448895  
-0.19927  0.424022  
-0.202061  0.407211  
-0.20263  0.431572  
-0.202444  0.431615  
-0.203055  0.419069  
-0.206055  0.404912  
-0.201831  0.384301  
-0.202791  0.402172  
-0.197848  0.364916  
-0.201049  0.343044  
-0.194934  0.384179  
-0.198984  0.377999  
-0.196031  0.379013  
-0.195055  0.364223  
-0.198025  0.344133  
-0.193397  0.335949  
-0.196451  0.306506  
-0.19302  0.317511  
-0.193551  0.325778  
-0.199673  0.341604  
-0.197357  0.35537  
-0.195599  0.329719  
-0.196029  0.324726  
-0.193095  0.335056  
-0.193581  0.329714  
-0.205494  0.31483  
-0.205825  0.309762  
-0.209621  0.339231  
-0.215919  0.323017  
-0.215859  0.323006  
-0.215655  0.330335  
-0.221886  0.31422  
-0.222659  0.365596  
-0.223205  0.381891  
-0.232988  0.397407  
-0.232851  0.40074  
-0.229898  0.423036  
-0.226806  0.413839  
-0.224479  0.428141  
-0.227036  0.435705  
-0.2267  0.415974  
-0.226511  0.416008  
-0.229895  0.411892  
-0.229406  0.407305  
-0.222667  0.396295  
-0.229393  0.403481  
-0.227424  0.422626  
-0.232658  0.416791  
-0.232581  0.416813  
-0.235341  0.399838  
-0.229685  0.436116  
-0.239115  0.441384  
-0.2358  0.427373  
-0.235836  0.437716  
-0.242068  0.442249  
-0.242149  0.451572  
-0.239649  0.478475  
-0.236536  0.467619  
-0.238846  0.438378  
-0.239174  0.454073  
-0.235144  0.413705  
-0.232258  0.424705  
-0.222066  0.395137  
-0.219344  0.406397  
-0.213839  0.396546  
-0.212743  0.403904  
-0.199884  0.404907  
-0.20063  0.429804  
-0.196737  0.43087  
-0.197473  0.419736  
-0.194903  0.439366  
-0.196731  0.438884  
-0.191467  0.46278  
-0.199927  0.447392  
-0.199963  0.416076  
-0.196949  0.441215  
-0.194528  0.452236  
-0.196167  0.406375  
-0.196927  0.416638  
-0.183596  0.411871  
-0.181766  0.425276  
-0.174218  0.395457  
-0.174093  0.410658  
-0.167322  0.399489  
-0.15923  0.42221  
-0.155547  0.397578  
-0.155535  0.397609  
-0.1562  0.422548  
-0.157085  0.416878  
-0.163519  0.427977  
-0.163646  0.430692  
-0.167103  0.409218  
-0.169757  0.422363  
-0.174816  0.438755  
-0.178294  0.42213  
-0.183348  0.43189  
-0.180852  0.422002  
-0.19258  0.449565  
-0.196851  0.421114  
-0.203675  0.426829  
-0.206957  0.407781  
-0.201048  0.478079  
-0.205184  0.476661  
-0.206865  0.470337  
-0.205548  0.499118  
-0.208787  0.513598  
-0.213033  0.528522  
-0.209156  0.501516  
-0.215703  0.520956  
-0.212598  0.509286  
-0.209287  0.512408  
-0.212746  0.51197  
-0.217718  0.459589  
-0.215333  0.464805  
-0.217385  0.470563  
-0.230644  0.451203  
-0.22812  0.461653  
-0.229842  0.446371  
-0.239057  0.440393  
-0.236217  0.4519  
-0.239131  0.437312  
-0.246587  0.491489  
-0.249564  0.487814  
-0.249108  0.49677  
-0.245701  0.454346  
-0.254572  0.428314  
-0.250998  0.417977  
-0.254188  0.422942  
-0.253817  0.443054  
-0.253221  0.433966  
-0.24617  0.476587  
-0.248894  0.471066  
-0.257832  0.43903  
-0.257101  0.429493  
-0.260773  0.456222  
-0.263489  0.500837  
-0.266459  0.541959  
-0.269247  0.55893  
-0.271905  0.558273  
-0.273408  0.577776  
-0.268267  0.59336  
-0.274269  0.624821  
-0.276471  0.617988  
-0.274138  0.619521  
-0.267514  0.615735  
-0.266675  0.604275  
-0.260314  0.584192  
-0.257303  0.596405  
-0.254173  0.597462  
-0.260287  0.60134  
-0.262262  0.548431  
-0.264608  0.541475  
-0.262617  0.55588  
-0.270705  0.536315  
-0.27066  0.551847  
-0.277961  0.575724  
-0.279915  0.56818  
-0.280202  0.580115  
-0.285627  0.554257  
-0.28726  0.592326  
-0.285924  0.609992  
-0.287393  0.615136  
-0.295034  0.580983  
-0.291501  0.591277  
-0.29383  0.604583  
-0.294139  0.611576  
-0.29288  0.628125  
-0.289273  0.660377  
-0.294404  0.641545  
-0.301558  0.645778  
-0.301018  0.660315  
-0.307592  0.6553  
-0.306754  0.671302  
-0.309822  0.638975  
-0.308794  0.631349  
-0.305667  0.611373  
-0.310669  0.592875  
-0.303974  0.570666  
-0.304315  0.565977  
-0.307014  0.548169  
-0.307928  0.530402  
-0.306142  0.526731  
-0.303329  0.527776  
-0.308719  0.532616  
-0.306904  0.529634  
-0.305209  0.549907  
-0.306751  0.571699  
-0.311076  0.559041  
-0.306993  0.577739  
-0.311987  0.581705  
-0.30188  0.617231  
-0.300915  0.609836  
-0.299873  0.629813  
-0.297215  0.627114  
-0.296643  0.624956  
-0.295706  0.641468  
-0.295721  0.6636  
-0.295751  0.670914  
-0.29486  0.662975  
-0.301416  0.679773  
-0.300205  0.673331  
-0.306771  0.69015  
-0.305485  0.683595  
-0.312086  0.679605  
-0.307987  0.667001  
-0.315363  0.701699  
-0.317662  0.714367  
-0.320148  0.74448  
-0.325006  0.724225  
-0.318829  0.757851  
-0.322324  0.751785  
-0.321085  0.742898  
-0.315472  0.721058  
-0.316313  0.710596  
-0.308656  0.690402  
-0.307581  0.682292  
-0.302111  0.635391  
-0.298166  0.623454  
-0.288432  0.609772  
-0.289251  0.571083  
-0.280466  0.542327  
-0.278982  0.552187  
-0.275687  0.54563  
-0.269827  0.561399  
-0.269632  0.542245  
-0.263467  0.538797  
-0.269112  0.520794  
-0.254281  0.560366  
-0.25275  0.557197  
-0.246689  0.552348  
-0.248932  0.547783  
-0.246983  0.556174  
-0.239681  0.591708  
-0.236542  0.580483  
-0.221265  0.60099  
-0.220977  0.595833  
-0.214535  0.614036  
-0.214585  0.607027  
-0.210948  0.618186  
-0.21104  0.611055  
-0.202402  0.616162  
-0.2012  0.627056  
-0.194836  0.619825  
-0.192392  0.623692  
-0.189458  0.619325  
-0.179019  0.64279  
-0.176939  0.646154  
-0.176941  0.644561  
-0.170382  0.666056  
-0.168304  0.655021  
-0.16696  0.684788  
-0.164686  0.694332  
-0.161263  0.712963  
-0.161893  0.705487  
-0.161582  0.717305  
-0.15956  0.720946  
-0.160717  0.704548  
-0.157427  0.739601  
-0.161562  0.715056  
-0.160936  0.700506  
-0.158185  0.712707  
-0.163505  0.709002  
-0.161021  0.719214  
-0.157398  0.726826  
-0.15688  0.725147  
-0.159763  0.699479  
-0.160073  0.713438  
-0.159111  0.700242  
-0.159833  0.692189  
-0.153056  0.724992  
-0.152752  0.731323  
-0.152667  0.729095  
-0.148844  0.735646  
-0.141122  0.734232  
-0.146233  0.724872  
-0.134924  0.76635  
-0.135945  0.757525  
-0.132396  0.755289  
-0.13368  0.749065  
-0.136867  0.730686  
-0.135642  0.718079  
-0.128612  0.753247  
-0.135423  0.734544  
-0.1348  0.757276  
-0.135795  0.793299  
-0.1392  0.755844  
-0.139569  0.770011  
-0.141094  0.761953  
-0.137435  0.778329  
-0.13674  0.801373  
-0.136444  0.780239  
-0.137411  0.771459  
-0.136077  0.761424  
-0.140163  0.7173  
-0.133604  0.708254  
-0.138534  0.6991  
-0.139592  0.717354  
-0.135011  0.72048  
-0.13529  0.714225  
-0.135354  0.72912  
-0.139419  0.721185  
-0.13891  0.747277  
-0.143673  0.773935  
-0.143747  0.787861  
-0.14492  0.83393  
-0.154507  0.830397  
-0.155018  0.821138  
-0.154908  0.834516  
-0.159247  0.817076  
-0.165221  0.831873  
-0.172127  0.827646  
-0.175089  0.822319  
-0.171447  0.823917  
-0.17636  0.831825  
-0.182207  0.832956  
-0.177736  0.832949  
-0.174564  0.855716  
-0.175017  0.846806  
-0.172091  0.878276  
-0.172571  0.869119  
-0.172802  0.87179  
-0.172219  0.884662  
-0.166646  0.899492  
-0.170067  0.895891  
-0.172125  0.8598  
-0.17689  0.848397  
-0.1842  0.809892  
-0.179157  0.830251  
-0.19868  0.78956  
-0.198865  0.780723  
-0.190957  0.794263  
-0.19836  0.751045  
-0.207678  0.736242  
-0.204831  0.729616  
-0.205961  0.756654  
-0.205775  0.74259  
-0.204589  0.749032  
-0.201554  0.781494  
-0.200279  0.795729  
-0.202519  0.786087  
-0.198839  0.787756  
-0.201208  0.79141  
-0.202527  0.803383  
-0.201509  0.810946  
-0.199469  0.814177  
-0.200641  0.838583  
-0.198066  0.834819  
-0.196531  0.835564  
-0.201178  0.842949  
-0.197392  0.843356  
-0.198959  0.846197  
-0.18505  0.897678  
-0.184229  0.885594  
-0.174174  0.907124  
-0.171252  0.918466  
-0.159242  0.939106  
-0.161677  0.942741  
-0.160835  0.915778  
-0.155556  0.915131  
-0.151762  0.929607  
-0.145365  0.909807  
-0.150621  0.883365  
-0.144656  0.860944  
-0.141163  0.870691  
-0.126886  0.89342  
-0.12287  0.8937  
-0.123096  0.880139  
-0.119717  0.837815  
-0.117519  0.83864  
-0.116119  0.850118  
-0.112724  0.83511  
-0.115321  0.83821  
-0.100723  0.896747  
-0.111076  0.86242  
-0.110717  0.83559  
-0.109288  0.822283  
-0.115154  0.822978  
-0.101925  0.857173  
-0.10296  0.870497  
-0.112531  0.83331  
-0.11544  0.816972  
-0.113047  0.818491  
-0.110219  0.799561  
-0.11214  0.7783  
-0.107533  0.783113  
-0.10368  0.794155  
-0.105125  0.799035  
-0.105039  0.799082  
-0.110533  0.774636  
-0.107966  0.782848  
-0.0973206  0.814457  
-0.0972877  0.814471  
-0.104846  0.774699  
-0.103156  0.764422  
-0.0990835  0.780688  
-0.0972496  0.749226  
-0.10389  0.729504  
-0.104078  0.720871  
-0.102753  0.747933  
-0.101595  0.730156  
-0.105705  0.731897  
-0.116435  0.698981  
-0.10855  0.731522  
-0.104002  0.763702  
-0.108936  0.753118  
-0.103862  0.776355  
-0.105113  0.796871  
-0.0930546  0.819719  
-0.0968506  0.812165  
-0.0950904  0.826267  
-0.0833348  0.852948  
-0.0778109  0.876819  
-0.070356  0.900769  
-0.0755199  0.853022  
-0.0805221  0.856506  
-0.0569763  0.924289  
-0.062821  0.910021  
-0.0583056  0.911634  
-0.0708072  0.886532  
-0.0713487  0.883454  
-0.0620712  0.893188  
-0.0742445  0.866213  
-0.0920118  0.796416  
-0.087005  0.796005  
-0.0845777  0.822439  
-0.0919481  0.771618  
-0.109145  0.724466  
-0.110202  0.724075  
-0.11582  0.720708  
-0.115789  0.720715  
-0.121914  0.705408  
-0.139257  0.65452  
-0.135121  0.665326  
-0.12593  0.714428  
-0.12797  0.722671  
-0.132007  0.704004  
-0.126777  0.772394  
-0.112559  0.796207  
-0.102835  0.837373  
-0.11766  0.796373  
-0.113246  0.813328  
-0.108229  0.833892  
-0.0960863  0.894162  
-0.0957854  0.880888  
-0.0979589  0.881924  
-0.0737583  0.922753  
-0.0732758  0.909646  
-0.0687532  0.899418  
-0.074266  0.884798  
-0.0632921  0.880917  
-0.046545  0.901299  
-0.0327177  0.939169  
-0.0440768  0.85247  
-0.032531  0.865136  
-0.0388336  0.851391  
-0.0104553  0.898703  
-0.0295176  0.823328  
-0.0306868  0.805986  
-0.0342288  0.784278  
-0.0149191  0.826714  
-0.00187785  0.846658  
-0.0359363  0.737835  
-0.0280059  0.74735  
-0.000749802  0.826467  
0.00440548  0.842755  
0.00700632  0.823971  
-0.0277201  0.73155  
-0.0156794  0.745389  
-0.00187731  0.78051  
0.012048  0.802521  
0.00527209  0.76839  
0.00631016  0.778938  
0.00520188  0.772671  
0.0278845  0.810787  
0.0270259  0.799182  
0.0296394  0.81727  
0.032592  0.830335  
0.0509643  0.864093  
0.047654  0.854075  
0.0315043  0.816474  
0.0257535  0.80846  
0.0340935  0.826658  
0.0217243  0.796049  
0.00172854  0.744124  
-0.00463211  0.72604  
-0.00153802  0.730709  
0.0159515  0.777576  
-0.0013717  0.728549  
-0.00877099  0.712723  
-0.00215807  0.732454  
-0.00919298  0.720773  
0.00326384  0.746802  
-0.0343271  0.672383  
-0.036537  0.674188  
0.00581768  0.77967  
0.00829104  0.788329  
-0.0446173  0.680969  
-0.0374588  0.693363  
0.0121409  0.790448  
0.0187542  0.801431  
-0.0028717  0.748505  
-0.0258797  0.699995  
-0.0221849  0.688507  
0.0274846  0.791526  
0.0309373  0.792877  
-0.00763117  0.704551  
-0.0200784  0.679116  
0.0383945  0.796778  
0.0452809  0.807299  
0.0506563  0.814742  
-0.010654  0.692614  
-0.0225948  0.669085  
0.0707253  0.833748  
0.0624874  0.818909  
-0.0131336  0.681791  
-0.0128739  0.664034  
0.0493541  0.779222  
0.0639329  0.794444  
0.0268027  0.725909  
-0.0166096  0.652335  
0.0517277  0.763694  
0.0592983  0.774086  
0.0248519  0.711893  
0.0249008  0.711948  
0.0614756  0.764414  
0.0712379  0.773865  
0.0791622  0.768674  
0.0730058  0.763078  
0.05719  0.724503  
0.0937602  0.795933  
0.132614  0.84186  
0.0895883  0.785689  
0.0453477  0.720918  
0.0731152  0.765734  
0.0810518  0.775075  
0.0648421  0.757815  
0.073009  0.767038  
0.0335236  0.713626  
0.0421939  0.723158  
0.0888561  0.792536  
0.0184972  0.681754  
0.0245678  0.692002  
0.0407384  0.701769  
0.0495462  0.710955  
0.0440097  0.697353  
0.00100272  0.635511  
-0.0171167  0.621456  
-0.0105329  0.631816  
0.0158919  0.673585  
-0.0146737  0.637112  
-0.0670854  0.575809  
-0.0161267  0.649614  
-0.00953169  0.658967  
-0.0570259  0.594686  
-0.0661772  0.59012  
-0.0549942  0.6064  
-0.0481437  0.615358  
-0.0287482  0.636108  
-0.0570689  0.604426  
-0.050618  0.612575  
-0.00277002  0.644235  
0.0130939  0.659853  
-0.00735916  0.635556  
-0.0251718  0.613998  
0.0332365  0.671628  
0.0086543  0.647745  
0.0327502  0.660464  
0.00791467  0.641063  
-0.0327341  0.59678  
-0.0225954  0.604174  
-0.015528  0.622796  
-0.0736516  0.560463  
-0.0978116  0.536008  
-0.118154  0.516683  
-0.0474769  0.585719  
-0.0681442  0.568315  
-0.115707  0.534717  
-0.12337  0.530674  
-0.0942041  0.554684  
-0.0739275  0.571692  
-0.128446  0.52273  
-0.139069  0.511581  
-0.133158  0.523526  
-0.051763  0.607068  
-0.0265353  0.63113  
-0.105242  0.565504  
-0.117036  0.553423  
-0.116107  0.566598  
-0.00983305  0.65678  
-0.00706584  0.658043  
-0.0661618  0.608495  
-0.0610116  0.613299  
-0.0150647  0.635944  
-0.0109425  0.640026  
-0.0753232  0.573251  
-0.111467  0.550309  
-0.122602  0.537484  
