-0.419723  -0.0468154  0.150592
-0.419723  -0.0468154  0.150592
-0.419728  -0.0467691  0.150592
-0.419728  -0.0467691  0.150592
-0.419723  -0.0468154  0.150592
-0.419723  -0.0468154  0.150592
-0.419723  -0.0468154  0.150592
-0.419728  -0.0467691  0.150592
-0.419728  -0.0467691  0.150592
-0.419726  -0.0467718  0.150587
-0.419726  -0.0467718  0.150587
-0.419723  -0.0467342  0.150572
-0.419723  -0.0467342  0.150572
-0.419723  -0.0467342  0.150572
-0.419722  -0.046668  0.150556
-0.419722  -0.046668  0.150556
-0.41972  -0.0465893  0.150541
-0.41972  -0.0465893  0.150541
-0.41972  -0.0465893  0.150541
-0.419718  -0.0464996  0.150531
-0.419718  -0.0464996  0.150531
-0.419715  -0.0464031  0.150526
-0.419715  -0.0464031  0.150526
-0.419715  -0.0464031  0.150526
-0.419713  -0.0463073  0.150528
-0.419713  -0.0463073  0.150528
-0.41971  -0.0462121  0.150536
-0.41971  -0.0462121  0.150536
-0.41971  -0.0462121  0.150536
-0.419708  -0.0461199  0.150552
-0.419708  -0.0461199  0.150552
-0.419706  -0.0460277  0.150572
-0.419706  -0.0460277  0.150572
-0.419706  -0.0460277  0.150572
-0.419703  -0.0459345  0.150599
-0.419703  -0.0459345  0.150599
-0.419703  -0.0459345  0.150599
-0.419701  -0.0458365  0.150631
-0.419701  -0.0458365  0.150631
-0.419698  -0.0457306  0.15067
-0.419698  -0.0457306  0.15067
-0.419698  -0.0457306  0.15067
-0.419695  -0.0456165  0.150713
-0.419695  -0.0456165  0.150713
-0.419692  -0.0454942  0.150762
-0.419692  -0.0454942  0.150762
-0.419689  -0.0453648  0.150819
-0.419689  -0.0453648  0.150819
-0.419689  -0.0453648  0.150819
-0.419686  -0.0452311  0.150883
-0.419686  -0.0452311  0.150883
-0.419682  -0.0450951  0.150954
-0.419682  -0.0450951  0.150954
-0.419682  -0.0450951  0.150954
-0.419679  -0.0449593  0.151033
-0.419679  -0.0449593  0.151033
-0.419676  -0.0448238  0.151121
-0.419676  -0.0448238  0.151121
-0.419676  -0.0448238  0.151121
-0.419672  -0.0446885  0.151217
-0.419672  -0.0446885  0.151217
-0.419669  -0.0445526  0.151321
-0.419669  -0.0445526  0.151321
-0.419669  -0.0445526  0.151321
-0.419665  -0.044414  0.151432
-0.419665  -0.044414  0.151432
-0.419662  -0.0442728  0.151548
-0.419662  -0.0442728  0.151548
-0.419662  -0.0442728  0.151548
-0.419658  -0.0441288  0.15167
-0.419658  -0.0441288  0.15167
-0.419655  -0.043982  0.151799
-0.419655  -0.043982  0.151799
-0.419655  -0.043982  0.151799
-0.419651  -0.0438349  0.151934
-0.419651  -0.0438349  0.151934
-0.419647  -0.0436876  0.152076
-0.419647  -0.0436876  0.152076
-0.419647  -0.0436876  0.152076
-0.419643  -0.043541  0.152223
-0.419643  -0.043541  0.152223
-0.41964  -0.0433951  0.152378
-0.41964  -0.0433951  0.152378
-0.41964  -0.0433951  0.152378
-0.419636  -0.0432496  0.152537
-0.419636  -0.0432496  0.152537
-0.419632  -0.0431038  0.152704
-0.419632  -0.0431038  0.152704
-0.419632  -0.0431038  0.152704
-0.419629  -0.0429576  0.152875
-0.419629  -0.0429576  0.152875
-0.419625  -0.0428094  0.153052
-0.419625  -0.0428094  0.153052
-0.419625  -0.0428094  0.153052
-0.419621  -0.0426595  0.153234
-0.419621  -0.0426595  0.153234
-0.419617  -0.0425077  0.153422
-0.419617  -0.0425077  0.153422
-0.419617  -0.0425077  0.153422
-0.419613  -0.0423549  0.153616
-0.419613  -0.0423549  0.153616
-0.419609  -0.0422004  0.153818
-0.419609  -0.0422004  0.153818
-0.419609  -0.0422004  0.153818
-0.419605  -0.0420449  0.154027
-0.419605  -0.0420449  0.154027
-0.419601  -0.0418876  0.154244
-0.419601  -0.0418876  0.154244
-0.419601  -0.0418876  0.154244
-0.419597  -0.0417288  0.154468
-0.419597  -0.0417288  0.154468
-0.419593  -0.0415671  0.154702
-0.419593  -0.0415671  0.154702
-0.419593  -0.0415671  0.154702
-0.419589  -0.0414026  0.154944
-0.419589  -0.0414026  0.154944
-0.419584  -0.0412339  0.155195
-0.419584  -0.0412339  0.155195
-0.419584  -0.0412339  0.155195
-0.41958  -0.041062  0.155455
-0.41958  -0.041062  0.155455
-0.419575  -0.0408861  0.155726
-0.419575  -0.0408861  0.155726
-0.419575  -0.0408861  0.155726
-0.41957  -0.0407068  0.156005
-0.41957  -0.0407068  0.156005
-0.419565  -0.040523  0.156296
-0.419565  -0.040523  0.156296
-0.419565  -0.040523  0.156296
-0.41956  -0.040336  0.156595
-0.41956  -0.040336  0.156595
-0.419555  -0.0401448  0.156906
-0.419555  -0.0401448  0.156906
-0.419555  -0.0401448  0.156906
-0.41955  -0.0399505  0.157225
-0.41955  -0.0399505  0.157225
-0.419545  -0.0397515  0.157555
-0.419545  -0.0397515  0.157555
-0.419545  -0.0397515  0.157555
-0.419539  -0.0395488  0.157894
-0.419539  -0.0395488  0.157894
-0.419534  -0.0393416  0.158243
-0.419534  -0.0393416  0.158243
-0.419534  -0.0393416  0.158243
-0.419528  -0.0391312  0.158601
-0.419528  -0.0391312  0.158601
-0.419522  -0.0389168  0.158969
-0.419522  -0.0389168  0.158969
-0.419522  -0.0389168  0.158969
-0.419516  -0.0386996  0.159345
-0.419516  -0.0386996  0.159345
-0.41951  -0.0384792  0.159731
-0.41951  -0.0384792  0.159731
-0.41951  -0.0384792  0.159731
-0.419504  -0.0382566  0.160124
-0.419504  -0.0382566  0.160124
-0.419504  -0.0382566  0.160124
-0.419498  -0.0380316  0.160525
-0.419492  -0.0378043  0.160934
-0.419492  -0.0378043  0.160934
-0.419492  -0.0378043  0.160934
-0.419492  -0.0378043  0.160934
-0.419486  -0.0375749  0.161352
-0.419486  -0.0375749  0.161352
-0.419479  -0.0373436  0.161776
-0.419479  -0.0373436  0.161776
-0.419479  -0.0373436  0.161776
-0.419473  -0.0371108  0.162206
-0.419473  -0.0371108  0.162206
-0.419466  -0.0368756  0.162643
-0.419466  -0.0368756  0.162643
-0.41946  -0.036639  0.163087
-0.41946  -0.036639  0.163087
-0.41946  -0.036639  0.163087
-0.419453  -0.0364014  0.163535
-0.419453  -0.0364014  0.163535
-0.419447  -0.0361623  0.16399
-0.419447  -0.0361623  0.16399
-0.419447  -0.0361623  0.16399
-0.41944  -0.0359222  0.164448
-0.41944  -0.0359222  0.164448
-0.419434  -0.0356811  0.164911
-0.419434  -0.0356811  0.164911
-0.419427  -0.0354388  0.165379
-0.419427  -0.0354388  0.165379
-0.419427  -0.0354388  0.165379
-0.41942  -0.0351954  0.165851
-0.41942  -0.0351954  0.165851
-0.419414  -0.0349509  0.166327
-0.419414  -0.0349509  0.166327
-0.419414  -0.0349509  0.166327
-0.419407  -0.0347058  0.166806
-0.419407  -0.0347058  0.166806
-0.4194  -0.0344591  0.167291
-0.4194  -0.0344591  0.167291
-0.4194  -0.0344591  0.167291
-0.4194  -0.0344591  0.167291
-0.419393  -0.0342117  0.167777
-0.419393  -0.0342117  0.167777
-0.419387  -0.0339629  0.168269
-0.419387  -0.0339629  0.168269
-0.419387  -0.0339629  0.168269
-0.41938  -0.0337134  0.168763
-0.41938  -0.0337134  0.168763
-0.419373  -0.0334628  0.16926
-0.419373  -0.0334628  0.16926
-0.419366  -0.0332113  0.169761
-0.419366  -0.0332113  0.169761
-0.419366  -0.0332113  0.169761
-0.41936  -0.0329583  0.170264
-0.41936  -0.0329583  0.170264
-0.419353  -0.0327045  0.170769
-0.419353  -0.0327045  0.170769
-0.419353  -0.0327045  0.170769
-0.419346  -0.0324497  0.171277
-0.419346  -0.0324497  0.171277
-0.419339  -0.032194  0.171785
-0.419339  -0.032194  0.171785
-0.419339  -0.032194  0.171785
-0.419332  -0.0319373  0.172296
-0.419332  -0.0319373  0.172296
-0.419326  -0.03168  0.172807
-0.419326  -0.03168  0.172807
-0.419326  -0.03168  0.172807
-0.419319  -0.0314214  0.17332
-0.419319  -0.0314214  0.17332
-0.419312  -0.0311618  0.173834
-0.419312  -0.0311618  0.173834
-0.419312  -0.0311618  0.173834
-0.419305  -0.0309007  0.17435
-0.419305  -0.0309007  0.17435
-0.419299  -0.0306386  0.174867
-0.419299  -0.0306386  0.174867
-0.419299  -0.0306386  0.174867
-0.419292  -0.030375  0.175386
-0.419292  -0.030375  0.175386
-0.419285  -0.0301105  0.175906
-0.419285  -0.0301105  0.175906
-0.419285  -0.0301105  0.175906
-0.419279  -0.0298449  0.176428
-0.419279  -0.0298449  0.176428
-0.419272  -0.0295781  0.176951
-0.419272  -0.0295781  0.176951
-0.419272  -0.0295781  0.176951
-0.419265  -0.0293098  0.177477
-0.419265  -0.0293098  0.177477
-0.419265  -0.0293098  0.177477
-0.419259  -0.0290408  0.178004
-0.419259  -0.0290408  0.178004
-0.419252  -0.0287698  0.178534
-0.419252  -0.0287698  0.178534
-0.419252  -0.0287698  0.178534
-0.419246  -0.0284978  0.179066
-0.419246  -0.0284978  0.179066
-0.419239  -0.0282238  0.179599
-0.419239  -0.0282238  0.179599
-0.419239  -0.0282238  0.179599
-0.419233  -0.0279487  0.180134
-0.419233  -0.0279487  0.180134
-0.419226  -0.027672  0.180672
-0.419226  -0.027672  0.180672
-0.419226  -0.027672  0.180672
-0.41922  -0.0273944  0.181211
-0.41922  -0.0273944  0.181211
-0.419213  -0.0271148  0.181752
-0.419213  -0.0271148  0.181752
-0.419213  -0.0271148  0.181752
-0.419207  -0.0268339  0.182295
-0.419207  -0.0268339  0.182295
-0.4192  -0.0265511  0.18284
-0.4192  -0.0265511  0.18284
-0.4192  -0.0265511  0.18284
-0.419194  -0.0262668  0.183387
-0.419194  -0.0262668  0.183387
-0.419187  -0.02598  0.183936
-0.419187  -0.02598  0.183936
-0.419181  -0.0256915  0.184487
-0.419181  -0.0256915  0.184487
-0.419181  -0.0256915  0.184487
-0.419175  -0.025401  0.18504
-0.419175  -0.025401  0.18504
-0.419168  -0.0251084  0.185595
-0.419168  -0.0251084  0.185595
-0.419168  -0.0251084  0.185595
-0.419162  -0.0248138  0.186152
-0.419162  -0.0248138  0.186152
-0.419156  -0.0245171  0.186712
-0.419156  -0.0245171  0.186712
-0.419156  -0.0245171  0.186712
-0.41915  -0.0242183  0.187273
-0.41915  -0.0242183  0.187273
-0.419143  -0.0239171  0.187837
-0.419143  -0.0239171  0.187837
-0.419143  -0.0239171  0.187837
-0.419137  -0.0236132  0.188402
-0.419137  -0.0236132  0.188402
-0.419131  -0.0233066  0.18897
-0.419131  -0.0233066  0.18897
-0.419131  -0.0233066  0.18897
-0.419125  -0.0229974  0.189541
-0.419125  -0.0229974  0.189541
-0.419119  -0.0226859  0.190113
-0.419119  -0.0226859  0.190113
-0.419119  -0.0226859  0.190113
-0.419113  -0.0223722  0.190687
-0.419113  -0.0223722  0.190687
-0.419107  -0.0220548  0.191265
-0.419107  -0.0220548  0.191265
-0.419107  -0.0220548  0.191265
-0.419101  -0.0217348  0.191844
-0.419101  -0.0217348  0.191844
-0.419095  -0.0214112  0.192425
-0.419095  -0.0214112  0.192425
-0.419095  -0.0214112  0.192425
-0.419089  -0.0210852  0.193008
-0.419089  -0.0210852  0.193008
-0.419083  -0.0207554  0.193594
-0.419083  -0.0207554  0.193594
-0.419083  -0.0207554  0.193594
-0.419077  -0.0204238  0.194181
-0.419077  -0.0204238  0.194181
-0.419072  -0.0200887  0.194772
-0.419072  -0.0200887  0.194772
-0.419072  -0.0200887  0.194772
-0.419066  -0.0197514  0.195364
-0.419066  -0.0197514  0.195364
-0.41906  -0.0194106  0.195959
-0.41906  -0.0194106  0.195959
-0.41906  -0.0194106  0.195959
-0.419055  -0.0190673  0.196554
-0.419055  -0.0190673  0.196554
-0.419049  -0.0187208  0.197153
-0.419049  -0.0187208  0.197153
-0.419049  -0.0187208  0.197153
-0.419044  -0.0183719  0.197752
-0.419044  -0.0183719  0.197752
-0.419038  -0.0180195  0.198354
-0.419038  -0.0180195  0.198354
-0.419038  -0.0180195  0.198354
-0.419033  -0.0176649  0.198958
-0.419033  -0.0176649  0.198958
-0.419033  -0.0176649  0.198958
-0.419028  -0.0173083  0.199563
-0.419028  -0.0173083  0.199563
-0.419023  -0.0169482  0.200171
-0.419023  -0.0169482  0.200171
-0.419023  -0.0169482  0.200171
-0.419018  -0.0165859  0.200781
-0.419018  -0.0165859  0.200781
-0.419013  -0.0162204  0.201393
-0.419013  -0.0162204  0.201393
-0.419013  -0.0162204  0.201393
-0.419008  -0.0158527  0.202006
-0.419008  -0.0158527  0.202006
-0.419003  -0.0154821  0.202622
-0.419003  -0.0154821  0.202622
-0.419003  -0.0154821  0.202622
-0.418999  -0.0151098  0.203239
-0.418999  -0.0151098  0.203239
-0.418994  -0.0147348  0.203858
-0.418994  -0.0147348  0.203858
-0.418994  -0.0147348  0.203858
-0.41899  -0.014358  0.204477
-0.41899  -0.014358  0.204477
-0.418986  -0.0139785  0.205099
-0.418986  -0.0139785  0.205099
-0.418986  -0.0139785  0.205099
-0.418982  -0.013597  0.205722
-0.418982  -0.013597  0.205722
-0.418978  -0.0132136  0.206345
-0.418978  -0.0132136  0.206345
-0.418978  -0.0132136  0.206345
-0.418974  -0.0128283  0.206969
-0.418974  -0.0128283  0.206969
-0.41897  -0.0124408  0.207595
-0.41897  -0.0124408  0.207595
-0.41897  -0.0124408  0.207595
-0.418966  -0.0120512  0.208221
-0.418966  -0.0120512  0.208221
-0.418963  -0.0116598  0.208848
-0.418963  -0.0116598  0.208848
-0.418963  -0.0116598  0.208848
-0.41896  -0.0112667  0.209475
-0.41896  -0.0112667  0.209475
-0.418957  -0.0108718  0.210103
-0.418957  -0.0108718  0.210103
-0.418954  -0.0104751  0.210731
-0.418954  -0.0104751  0.210731
-0.418954  -0.0104751  0.210731
-0.418951  -0.0100767  0.211361
-0.418951  -0.0100767  0.211361
-0.418951  -0.0100767  0.211361
-0.418948  -0.0096766  0.21199
-0.418946  -0.0092745  0.21262
-0.418946  -0.0092745  0.21262
-0.418946  -0.0092745  0.21262
-0.418943  -0.00887089  0.213251
-0.418943  -0.00887089  0.213251
-0.418943  -0.00887089  0.213251
-0.418941  -0.00846528  0.213882
-0.418941  -0.00846528  0.213882
-0.418941  -0.00846528  0.213882
-0.418939  -0.00805786  0.214513
-0.418939  -0.00805786  0.214513
-0.418938  -0.0076487  0.215145
-0.418938  -0.0076487  0.215145
-0.418938  -0.0076487  0.215145
-0.418936  -0.00723765  0.215776
-0.418936  -0.00723765  0.215776
-0.418935  -0.00682499  0.216408
-0.418935  -0.00682499  0.216408
-0.418933  -0.00641079  0.21704
-0.418933  -0.00641079  0.21704
-0.418933  -0.00641079  0.21704
-0.418932  -0.00599412  0.217672
-0.418932  -0.00599412  0.217672
-0.418931  -0.0055754  0.218304
-0.418931  -0.0055754  0.218304
-0.418931  -0.0055754  0.218304
-0.418931  -0.0051553  0.218935
-0.418931  -0.0051553  0.218935
-0.41893  -0.00473325  0.219568
-0.41893  -0.00473325  0.219568
-0.41893  -0.00473325  0.219568
-0.41893  -0.00430955  0.220201
-0.41893  -0.00430955  0.220201
-0.41893  -0.00388339  0.220834
-0.41893  -0.00388339  0.220834
-0.41893  -0.00388339  0.220834
-0.41893  -0.00345559  0.221467
-0.41893  -0.00345559  0.221467
-0.41893  -0.00302573  0.222101
-0.41893  -0.00302573  0.222101
-0.41893  -0.00302573  0.222101
-0.41893  -0.00259421  0.222735
-0.41893  -0.00259421  0.222735
-0.418931  -0.00216025  0.223369
-0.418931  -0.00216025  0.223369
-0.418931  -0.00216025  0.223369
-0.418932  -0.00172502  0.224003
-0.418932  -0.00172502  0.224003
-0.418933  -0.00128661  0.224637
-0.418933  -0.00128661  0.224637
-0.418933  -0.00128661  0.224637
-0.418934  -0.000846619  0.225271
-0.418934  -0.000846619  0.225271
-0.418936  -0.000403805  0.225906
-0.418936  -0.000403805  0.225906
-0.418936  -0.000403805  0.225906
-0.418937  4.01957e-05  0.22654
-0.418937  4.01957e-05  0.22654
-0.418939  0.000487369  0.227175
-0.418939  0.000487369  0.227175
-0.418939  0.000487369  0.227175
-0.418941  0.000936463  0.227809
-0.418941  0.000936463  0.227809
-0.418944  0.0013883  0.228444
-0.418944  0.0013883  0.228444
-0.418944  0.0013883  0.228444
-0.418946  0.00184179  0.229078
-0.418946  0.00184179  0.229078
-0.418949  0.00229836  0.229713
-0.418949  0.00229836  0.229713
-0.418949  0.00229836  0.229713
-0.418952  0.00275711  0.230348
-0.418952  0.00275711  0.230348
-0.418955  0.00321929  0.230983
-0.418955  0.00321929  0.230983
-0.418955  0.00321929  0.230983
-0.418959  0.00368307  0.231618
-0.418959  0.00368307  0.231618
-0.418959  0.00368307  0.231618
-0.418962  0.00414969  0.232252
-0.418962  0.00414969  0.232252
-0.418966  0.00461888  0.232887
-0.418966  0.00461888  0.232887
-0.418966  0.00461888  0.232887
-0.41897  0.00509066  0.233523
-0.41897  0.00509066  0.233523
-0.418974  0.00556487  0.234158
-0.418974  0.00556487  0.234158
-0.418974  0.00556487  0.234158
-0.418979  0.00604142  0.234795
-0.418979  0.00604142  0.234795
-0.418984  0.0065204  0.235431
-0.418984  0.0065204  0.235431
-0.418984  0.0065204  0.235431
-0.418989  0.00700199  0.236067
-0.418989  0.00700199  0.236067
-0.418994  0.00748644  0.236704
-0.418994  0.00748644  0.236704
-0.418994  0.00748644  0.236704
-0.418999  0.00797372  0.237341
-0.418999  0.00797372  0.237341
-0.419005  0.0084637  0.237978
-0.419005  0.0084637  0.237978
-0.419005  0.0084637  0.237978
-0.419011  0.00895633  0.238616
-0.419011  0.00895633  0.238616
-0.419017  0.0094517  0.239254
-0.419017  0.0094517  0.239254
-0.419017  0.0094517  0.239254
-0.419023  0.00994988  0.239893
-0.419023  0.00994988  0.239893
-0.41903  0.0104507  0.240532
-0.41903  0.0104507  0.240532
-0.419037  0.0109538  0.24117
-0.419037  0.0109538  0.24117
-0.419037  0.0109538  0.24117
-0.419044  0.0114604  0.24181
-0.419044  0.0114604  0.24181
-0.419051  0.0119695  0.24245
-0.419051  0.0119695  0.24245
-0.419051  0.0119695  0.24245
-0.419059  0.0124827  0.24309
-0.419059  0.0124827  0.24309
-0.419067  0.012998  0.243731
-0.419067  0.012998  0.243731
-0.419067  0.012998  0.243731
-0.419075  0.0135169  0.244371
-0.419075  0.0135169  0.244371
-0.419083  0.0140378  0.245011
-0.419083  0.0140378  0.245011
-0.419083  0.0140378  0.245011
-0.419092  0.0145613  0.245651
-0.419092  0.0145613  0.245651
-0.419092  0.0145613  0.245651
-0.419101  0.0150882  0.246292
-0.419101  0.0150882  0.246292
-0.41911  0.0156175  0.246933
-0.41911  0.0156175  0.246933
-0.419119  0.0161493  0.247573
-0.419119  0.0161493  0.247573
-0.419119  0.0161493  0.247573
-0.419129  0.0166849  0.248215
-0.419129  0.0166849  0.248215
-0.419138  0.0172241  0.248856
-0.419138  0.0172241  0.248856
-0.419138  0.0172241  0.248856
-0.419148  0.0177657  0.249497
-0.419148  0.0177657  0.249497
-0.419159  0.0183105  0.250138
-0.419159  0.0183105  0.250138
-0.419159  0.0183105  0.250138
-0.419169  0.0188575  0.250779
-0.419169  0.0188575  0.250779
-0.41918  0.019408  0.251421
-0.41918  0.019408  0.251421
-0.41918  0.019408  0.251421
-0.419191  0.0199618  0.252062
-0.419191  0.0199618  0.252062
-0.419202  0.0205177  0.252703
-0.419202  0.0205177  0.252703
-0.419202  0.0205177  0.252703
-0.419214  0.0210776  0.253344
-0.419214  0.0210776  0.253344
-0.419226  0.0216398  0.253985
-0.419226  0.0216398  0.253985
-0.419226  0.0216398  0.253985
-0.419238  0.0222057  0.254627
-0.419238  0.0222057  0.254627
-0.41925  0.0227737  0.255268
-0.41925  0.0227737  0.255268
-0.41925  0.0227737  0.255268
-0.419262  0.023345  0.255908
-0.419262  0.023345  0.255908
-0.419275  0.0239198  0.25655
-0.419275  0.0239198  0.25655
-0.419275  0.0239198  0.25655
-0.419288  0.0244973  0.257191
-0.419288  0.0244973  0.257191
-0.419301  0.0250783  0.257832
-0.419301  0.0250783  0.257832
-0.419301  0.0250783  0.257832
-0.419315  0.0256622  0.258472
-0.419315  0.0256622  0.258472
-0.419329  0.0262497  0.259113
-0.419329  0.0262497  0.259113
-0.419329  0.0262497  0.259113
-0.419343  0.0268399  0.259753
-0.419343  0.0268399  0.259753
-0.419357  0.0274333  0.260394
-0.419357  0.0274333  0.260394
-0.419357  0.0274333  0.260394
-0.419371  0.0280294  0.261034
-0.419371  0.0280294  0.261034
-0.419386  0.0286289  0.261674
-0.419386  0.0286289  0.261674
-0.419386  0.0286289  0.261674
-0.419401  0.0292309  0.262314
-0.419401  0.0292309  0.262314
-0.419416  0.0298362  0.262953
-0.419416  0.0298362  0.262953
-0.419416  0.0298362  0.262953
-0.419431  0.0304443  0.263592
-0.419431  0.0304443  0.263592
-0.419447  0.0310561  0.264231
-0.419447  0.0310561  0.264231
-0.419447  0.0310561  0.264231
-0.419462  0.0316706  0.264869
-0.419462  0.0316706  0.264869
-0.419478  0.0322888  0.265507
-0.419478  0.0322888  0.265507
-0.419478  0.0322888  0.265507
-0.419494  0.0329093  0.266143
-0.419494  0.0329093  0.266143
-0.419511  0.0335332  0.26678
-0.419511  0.0335332  0.26678
-0.419511  0.0335332  0.26678
-0.419527  0.0341594  0.267415
-0.419527  0.0341594  0.267415
-0.419544  0.0347895  0.26805
-0.419544  0.0347895  0.26805
-0.419544  0.0347895  0.26805
-0.419561  0.0354215  0.268684
-0.419561  0.0354215  0.268684
-0.419578  0.0360576  0.269318
-0.419578  0.0360576  0.269318
-0.419578  0.0360576  0.269318
-0.419595  0.0366957  0.269951
-0.419595  0.0366957  0.269951
-0.419613  0.0373379  0.270585
-0.419613  0.0373379  0.270585
-0.419613  0.0373379  0.270585
-0.419631  0.0379815  0.271217
-0.419631  0.0379815  0.271217
-0.419649  0.0386295  0.271849
-0.419649  0.0386295  0.271849
-0.419649  0.0386295  0.271849
-0.419667  0.0392792  0.27248
-0.419667  0.0392792  0.27248
-0.419685  0.0399336  0.273109
-0.419685  0.0399336  0.273109
-0.419685  0.0399336  0.273109
-0.419703  0.0405895  0.273737
-0.419703  0.0405895  0.273737
-0.419722  0.0412498  0.274366
-0.419722  0.0412498  0.274366
-0.419722  0.0412498  0.274366
-0.41974  0.0419114  0.274993
-0.41974  0.0419114  0.274993
-0.419759  0.0425771  0.27562
-0.419759  0.0425771  0.27562
-0.419759  0.0425771  0.27562
-0.419778  0.0432444  0.276245
-0.419778  0.0432444  0.276245
-0.419778  0.0432444  0.276245
-0.419797  0.0439155  0.27687
-0.419797  0.0439155  0.27687
-0.419817  0.04459  0.277493
-0.419817  0.04459  0.277493
-0.419817  0.04459  0.277493
-0.419836  0.0452673  0.278116
-0.419836  0.0452673  0.278116
-0.419855  0.0459471  0.278738
-0.419855  0.0459471  0.278738
-0.419855  0.0459471  0.278738
-0.419875  0.0466296  0.279358
-0.419875  0.0466296  0.279358
-0.419895  0.0473151  0.279977
-0.419895  0.0473151  0.279977
-0.419895  0.0473151  0.279977
-0.419915  0.0480039  0.280594
-0.419935  0.0486958  0.281211
-0.419935  0.0486958  0.281211
-0.419935  0.0486958  0.281211
-0.419955  0.0493902  0.281825
-0.419955  0.0493902  0.281825
-0.419955  0.0493902  0.281825
-0.419975  0.0500876  0.282439
-0.419975  0.0500876  0.282439
-0.419995  0.050787  0.283051
-0.419995  0.050787  0.283051
-0.419995  0.050787  0.283051
-0.420015  0.0514896  0.283663
-0.420015  0.0514896  0.283663
-0.420035  0.0521956  0.284273
-0.420035  0.0521956  0.284273
-0.420035  0.0521956  0.284273
-0.420056  0.052904  0.284882
-0.420056  0.052904  0.284882
-0.420076  0.0536157  0.28549
-0.420076  0.0536157  0.28549
-0.420076  0.0536157  0.28549
-0.420097  0.0543288  0.286096
-0.420097  0.0543288  0.286096
-0.420117  0.0550456  0.286701
-0.420117  0.0550456  0.286701
-0.420117  0.0550456  0.286701
-0.420138  0.0557644  0.287304
-0.420138  0.0557644  0.287304
-0.420138  0.0557644  0.287304
-0.420159  0.0564851  0.287906
-0.420159  0.0564851  0.287906
-0.420179  0.0572096  0.288507
-0.420179  0.0572096  0.288507
-0.4202  0.057936  0.289106
-0.4202  0.057936  0.289106
-0.4202  0.057936  0.289106
-0.42022  0.0586649  0.289703
-0.42022  0.0586649  0.289703
-0.420241  0.0593967  0.290299
-0.420241  0.0593967  0.290299
-0.420241  0.0593967  0.290299
-0.420262  0.0601306  0.290893
-0.420262  0.0601306  0.290893
-0.420282  0.0608663  0.291486
-0.420282  0.0608663  0.291486
-0.420282  0.0608663  0.291486
-0.420303  0.0616056  0.292076
-0.420303  0.0616056  0.292076
-0.420324  0.0623465  0.292664
-0.420324  0.0623465  0.292664
-0.420324  0.0623465  0.292664
-0.420344  0.0630909  0.293251
-0.420344  0.0630909  0.293251
-0.420365  0.0638368  0.293836
-0.420365  0.0638368  0.293836
-0.420365  0.0638368  0.293836
-0.420385  0.0645859  0.294419
-0.420385  0.0645859  0.294419
-0.420406  0.0653368  0.295
-0.420406  0.0653368  0.295
-0.420406  0.0653368  0.295
-0.420426  0.066091  0.29558
-0.420426  0.066091  0.29558
-0.420446  0.0668467  0.296158
-0.420446  0.0668467  0.296158
-0.420446  0.0668467  0.296158
-0.420466  0.0676059  0.296735
-0.420466  0.0676059  0.296735
-0.420487  0.0683665  0.29731
-0.420487  0.0683665  0.29731
-0.420487  0.0683665  0.29731
-0.420507  0.0691304  0.297883
-0.420507  0.0691304  0.297883
-0.420527  0.069896  0.298453
-0.420527  0.069896  0.298453
-0.420527  0.069896  0.298453
-0.420546  0.0706638  0.299022
-0.420546  0.0706638  0.299022
-0.420566  0.0714354  0.299588
-0.420566  0.0714354  0.299588
-0.420566  0.0714354  0.299588
-0.420586  0.0722089  0.300153
-0.420586  0.0722089  0.300153
-0.420586  0.0722089  0.300153
-0.420606  0.0729854  0.300715
-0.420606  0.0729854  0.300715
-0.420625  0.0737639  0.301276
-0.420625  0.0737639  0.301276
-0.420625  0.0737639  0.301276
-0.420644  0.0745449  0.301834
-0.420644  0.0745449  0.301834
-0.420663  0.0753283  0.30239
-0.420663  0.0753283  0.30239
-0.420663  0.0753283  0.30239
-0.420682  0.0761132  0.302944
-0.420682  0.0761132  0.302944
-0.420701  0.0769013  0.303497
-0.420701  0.0769013  0.303497
-0.420701  0.0769013  0.303497
-0.42072  0.0776908  0.304047
-0.42072  0.0776908  0.304047
-0.420739  0.0784837  0.304594
-0.420739  0.0784837  0.304594
-0.420739  0.0784837  0.304594
-0.420757  0.0792781  0.30514
-0.420757  0.0792781  0.30514
-0.420775  0.0800755  0.305683
-0.420775  0.0800755  0.305683
-0.420775  0.0800755  0.305683
-0.420793  0.0808743  0.306225
-0.420793  0.0808743  0.306225
-0.420811  0.0816765  0.306764
-0.420811  0.0816765  0.306764
-0.420811  0.0816765  0.306764
-0.420829  0.0824802  0.307302
-0.420829  0.0824802  0.307302
-0.420846  0.0832871  0.307836
-0.420846  0.0832871  0.307836
-0.420863  0.0840951  0.308369
-0.420863  0.0840951  0.308369
-0.420863  0.0840951  0.308369
-0.42088  0.0849063  0.308899
-0.42088  0.0849063  0.308899
-0.420897  0.0857185  0.309427
-0.420897  0.0857185  0.309427
-0.420914  0.086534  0.309953
-0.420914  0.086534  0.309953
-0.420914  0.086534  0.309953
-0.42093  0.087351  0.310476
-0.42093  0.087351  0.310476
-0.42093  0.087351  0.310476
-0.420946  0.0881704  0.310997
-0.420946  0.0881704  0.310997
-0.420962  0.0889916  0.311516
-0.420962  0.0889916  0.311516
-0.420962  0.0889916  0.311516
-0.420978  0.0898151  0.312032
-0.420978  0.0898151  0.312032
-0.420993  0.0906412  0.312547
-0.420993  0.0906412  0.312547
-0.420993  0.0906412  0.312547
-0.421008  0.0914679  0.313058
-0.421008  0.0914679  0.313058
-0.421023  0.0922982  0.313568
-0.421023  0.0922982  0.313568
-0.421023  0.0922982  0.313568
-0.421038  0.0931301  0.314074
-0.421038  0.0931301  0.314074
-0.421052  0.0939646  0.314578
-0.421052  0.0939646  0.314578
-0.421052  0.0939646  0.314578
-0.421066  0.0948005  0.315079
-0.421066  0.0948005  0.315079
-0.42108  0.0956393  0.315578
-0.42108  0.0956393  0.315578
-0.42108  0.0956393  0.315578
-0.421093  0.0964797  0.316074
-0.421093  0.0964797  0.316074
-0.421107  0.0973226  0.316567
-0.421107  0.0973226  0.316567
-0.421107  0.0973226  0.316567
-0.421119  0.0981667  0.317058
-0.421119  0.0981667  0.317058
-0.421132  0.0990132  0.317546
-0.421132  0.0990132  0.317546
-0.421132  0.0990132  0.317546
-0.421144  0.0998603  0.318032
-0.421144  0.0998603  0.318032
-0.421144  0.0998603  0.318032
-0.421156  0.100711  0.318514
-0.421156  0.100711  0.318514
-0.421168  0.101563  0.318994
-0.421168  0.101563  0.318994
-0.421168  0.101563  0.318994
-0.421179  0.102418  0.319472
-0.421179  0.102418  0.319472
-0.42119  0.103274  0.319946
-0.42119  0.103274  0.319946
-0.42119  0.103274  0.319946
-0.421201  0.104132  0.320418
-0.421201  0.104132  0.320418
-0.421211  0.104992  0.320886
-0.421211  0.104992  0.320886
-0.421211  0.104992  0.320886
-0.421221  0.105854  0.321351
-0.421221  0.105854  0.321351
-0.42123  0.106718  0.321814
-0.42123  0.106718  0.321814
-0.42123  0.106718  0.321814
-0.421239  0.107583  0.322274
-0.421239  0.107583  0.322274
-0.421248  0.108451  0.322731
-0.421248  0.108451  0.322731
-0.421257  0.10932  0.323186
-0.421257  0.10932  0.323186
-0.421265  0.110191  0.323637
-0.421265  0.110191  0.323637
-0.421265  0.110191  0.323637
-0.421273  0.111064  0.324086
-0.421273  0.111064  0.324086
-0.42128  0.111939  0.324532
-0.42128  0.111939  0.324532
-0.42128  0.111939  0.324532
-0.421287  0.112815  0.324976
-0.421287  0.112815  0.324976
-0.421294  0.113694  0.325416
-0.421294  0.113694  0.325416
-0.421294  0.113694  0.325416
-0.4213  0.114574  0.325854
-0.4213  0.114574  0.325854
-0.4213  0.114574  0.325854
-0.421306  0.115456  0.326289
-0.421306  0.115456  0.326289
-0.421306  0.115456  0.326289
-0.421312  0.116338  0.326721
-0.421312  0.116338  0.326721
-0.421317  0.117223  0.32715
-0.421317  0.117223  0.32715
-0.421317  0.117223  0.32715
-0.421321  0.118109  0.327575
-0.421321  0.118109  0.327575
-0.421326  0.118997  0.327998
-0.421326  0.118997  0.327998
-0.421326  0.118997  0.327998
-0.42133  0.119887  0.328417
-0.42133  0.119887  0.328417
-0.421333  0.120779  0.328834
-0.421333  0.120779  0.328834
-0.421336  0.121671  0.329247
-0.421336  0.121671  0.329247
-0.421336  0.121671  0.329247
-0.421339  0.122565  0.329656
-0.421339  0.122565  0.329656
-0.421341  0.12346  0.330063
-0.421341  0.12346  0.330063
-0.421341  0.12346  0.330063
-0.421343  0.124356  0.330466
-0.421343  0.124356  0.330466
-0.421344  0.125254  0.330866
-0.421344  0.125254  0.330866
-0.421344  0.125254  0.330866
-0.421346  0.126153  0.331262
-0.421346  0.126153  0.331262
-0.421346  0.127053  0.331655
-0.421346  0.127053  0.331655
-0.421346  0.127053  0.331655
-0.421346  0.127956  0.332045
-0.421346  0.127956  0.332045
-0.421346  0.128859  0.332432
-0.421346  0.128859  0.332432
-0.421346  0.128859  0.332432
-0.421345  0.129763  0.332815
-0.421345  0.129763  0.332815
-0.421344  0.130669  0.333195
-0.421344  0.130669  0.333195
-0.421344  0.130669  0.333195
-0.421343  0.131576  0.333572
-0.421343  0.131576  0.333572
-0.421341  0.132484  0.333946
-0.421341  0.132484  0.333946
-0.421341  0.132484  0.333946
-0.421339  0.133394  0.334317
-0.421339  0.133394  0.334317
-0.421336  0.134306  0.334684
-0.421336  0.134306  0.334684
-0.421336  0.134306  0.334684
-0.421333  0.135218  0.335048
-0.421333  0.135218  0.335048
-0.421329  0.136132  0.335409
-0.421329  0.136132  0.335409
-0.421329  0.136132  0.335409
-0.421325  0.137047  0.335767
-0.421325  0.137047  0.335767
-0.42132  0.137963  0.33612
-0.42132  0.137963  0.33612
-0.42132  0.137963  0.33612
-0.421315  0.13888  0.33647
-0.421315  0.13888  0.33647
-0.421315  0.13888  0.33647
-0.42131  0.139799  0.336817
-0.42131  0.139799  0.336817
-0.421304  0.140719  0.33716
-0.421304  0.140719  0.33716
-0.421298  0.141639  0.3375
-0.421298  0.141639  0.3375
-0.421298  0.141639  0.3375
-0.421291  0.142562  0.337836
-0.421291  0.142562  0.337836
-0.421284  0.143485  0.338168
-0.421284  0.143485  0.338168
-0.421284  0.143485  0.338168
-0.421276  0.14441  0.338497
-0.421276  0.14441  0.338497
-0.421268  0.145335  0.338822
-0.421268  0.145335  0.338822
-0.421268  0.145335  0.338822
-0.42126  0.146262  0.339143
-0.42126  0.146262  0.339143
-0.421251  0.147188  0.33946
-0.421251  0.147188  0.33946
-0.421251  0.147188  0.33946
-0.421242  0.148117  0.339774
-0.421242  0.148117  0.339774
-0.421232  0.149045  0.340084
-0.421232  0.149045  0.340084
-0.421232  0.149045  0.340084
-0.421222  0.149975  0.34039
-0.421222  0.149975  0.34039
-0.421211  0.150906  0.340692
-0.421211  0.150906  0.340692
-0.421211  0.150906  0.340692
-0.4212  0.151838  0.340991
-0.4212  0.151838  0.340991
-0.421188  0.15277  0.341286
-0.421188  0.15277  0.341286
-0.421188  0.15277  0.341286
-0.421176  0.153703  0.341578
-0.421176  0.153703  0.341578
-0.421164  0.154638  0.341866
-0.421164  0.154638  0.341866
-0.421164  0.154638  0.341866
-0.421151  0.155573  0.34215
-0.421151  0.155573  0.34215
-0.421138  0.156508  0.342431
-0.421138  0.156508  0.342431
-0.421138  0.156508  0.342431
-0.421124  0.157445  0.342707
-0.421124  0.157445  0.342707
-0.42111  0.15838  0.342979
-0.42111  0.15838  0.342979
-0.42111  0.15838  0.342979
-0.421095  0.159317  0.343247
-0.421095  0.159317  0.343247
-0.42108  0.160252  0.343511
-0.42108  0.160252  0.343511
-0.42108  0.160252  0.343511
-0.421065  0.161189  0.343771
-0.421065  0.161189  0.343771
-0.421049  0.162125  0.344026
-0.421049  0.162125  0.344026
-0.421049  0.162125  0.344026
-0.421033  0.163061  0.344278
-0.421033  0.163061  0.344278
-0.421016  0.163996  0.344525
-0.421016  0.163996  0.344525
-0.421016  0.163996  0.344525
-0.420999  0.164932  0.344769
-0.420999  0.164932  0.344769
-0.420982  0.165866  0.345009
-0.420982  0.165866  0.345009
-0.420982  0.165866  0.345009
-0.420964  0.166801  0.345244
-0.420964  0.166801  0.345244
-0.420946  0.167735  0.345477
-0.420946  0.167735  0.345477
-0.420946  0.167735  0.345477
-0.420927  0.168669  0.345705
-0.420927  0.168669  0.345705
-0.420908  0.169602  0.34593
-0.420908  0.169602  0.34593
-0.420908  0.169602  0.34593
-0.420889  0.170535  0.346152
-0.420889  0.170535  0.346152
-0.420869  0.171466  0.34637
-0.420869  0.171466  0.34637
-0.420869  0.171466  0.34637
-0.420849  0.172397  0.346584
-0.420849  0.172397  0.346584
-0.420849  0.172397  0.346584
-0.420828  0.173325  0.346795
-0.420828  0.173325  0.346795
-0.420808  0.174253  0.347002
-0.420808  0.174253  0.347002
-0.420786  0.17518  0.347206
-0.420786  0.17518  0.347206
-0.420786  0.17518  0.347206
-0.420765  0.176105  0.347406
-0.420765  0.176105  0.347406
-0.420743  0.177029  0.347603
-0.420743  0.177029  0.347603
-0.420743  0.177029  0.347603
-0.420721  0.177951  0.347797
-0.420721  0.177951  0.347797
-0.420698  0.178871  0.347987
-0.420698  0.178871  0.347987
-0.420698  0.178871  0.347987
-0.420675  0.179789  0.348173
-0.420675  0.179789  0.348173
-0.420652  0.180705  0.348357
-0.420652  0.180705  0.348357
-0.420652  0.180705  0.348357
-0.420628  0.181619  0.348537
-0.420628  0.181619  0.348537
-0.420605  0.182531  0.348713
-0.420605  0.182531  0.348713
-0.420605  0.182531  0.348713
-0.42058  0.18344  0.348887
-0.42058  0.18344  0.348887
-0.420556  0.184346  0.349057
-0.420556  0.184346  0.349057
-0.420556  0.184346  0.349057
-0.420531  0.18525  0.349224
-0.420531  0.18525  0.349224
-0.420531  0.18525  0.349224
-0.420506  0.186152  0.349388
-0.420506  0.186152  0.349388
-0.420481  0.18705  0.349549
-0.420481  0.18705  0.349549
-0.420481  0.18705  0.349549
-0.420456  0.187947  0.349708
-0.420456  0.187947  0.349708
-0.42043  0.18884  0.349864
-0.42043  0.18884  0.349864
-0.42043  0.18884  0.349864
-0.420404  0.18973  0.350018
-0.420404  0.18973  0.350018
-0.420378  0.190618  0.350168
-0.420378  0.190618  0.350168
-0.420378  0.190618  0.350168
-0.420351  0.191502  0.350317
-0.420351  0.191502  0.350317
-0.420324  0.192384  0.350463
-0.420324  0.192384  0.350463
-0.420324  0.192384  0.350463
-0.420297  0.193263  0.350607
-0.420297  0.193263  0.350607
-0.42027  0.194139  0.350748
-0.42027  0.194139  0.350748
-0.42027  0.194139  0.350748
-0.420243  0.195011  0.350887
-0.420243  0.195011  0.350887
-0.420215  0.195881  0.351023
-0.420215  0.195881  0.351023
-0.420188  0.196747  0.351156
-0.420188  0.196747  0.351156
-0.420188  0.196747  0.351156
-0.42016  0.197611  0.351288
-0.42016  0.197611  0.351288
-0.420132  0.19847  0.351416
-0.420132  0.19847  0.351416
-0.420132  0.19847  0.351416
-0.420103  0.199326  0.351542
-0.420103  0.199326  0.351542
-0.420075  0.200178  0.351665
-0.420075  0.200178  0.351665
-0.420075  0.200178  0.351665
-0.420046  0.201027  0.351786
-0.420046  0.201027  0.351786
-0.420018  0.201872  0.351904
-0.420018  0.201872  0.351904
-0.420018  0.201872  0.351904
-0.419989  0.202713  0.352019
-0.419989  0.202713  0.352019
-0.41996  0.203551  0.352132
-0.41996  0.203551  0.352132
-0.41996  0.203551  0.352132
-0.419931  0.204385  0.352242
-0.419931  0.204385  0.352242
-0.419902  0.205216  0.35235
-0.419902  0.205216  0.35235
-0.419902  0.205216  0.35235
-0.419873  0.206042  0.352456
-0.419873  0.206042  0.352456
-0.419843  0.206866  0.352559
-0.419843  0.206866  0.352559
-0.419843  0.206866  0.352559
-0.419814  0.207686  0.352662
-0.419814  0.207686  0.352662
-0.419784  0.208503  0.352762
-0.419784  0.208503  0.352762
-0.419784  0.208503  0.352762
-0.419754  0.209316  0.35286
-0.419754  0.209316  0.35286
-0.419725  0.210127  0.352956
-0.419725  0.210127  0.352956
-0.419725  0.210127  0.352956
-0.419695  0.210934  0.353051
-0.419665  0.211738  0.353144
-0.419665  0.211738  0.353144
-0.419665  0.211738  0.353144
-0.419665  0.211738  0.353144
-0.419635  0.212539  0.353236
-0.419635  0.212539  0.353236
-0.419604  0.213336  0.353325
-0.419604  0.213336  0.353325
-0.419604  0.213336  0.353325
-0.419574  0.21413  0.353412
-0.419574  0.21413  0.353412
-0.419544  0.214921  0.353497
-0.419544  0.214921  0.353497
-0.419544  0.214921  0.353497
-0.419514  0.215709  0.35358
-0.419514  0.215709  0.35358
-0.419483  0.216493  0.35366
-0.419483  0.216493  0.35366
-0.419483  0.216493  0.35366
-0.419453  0.217275  0.353738
-0.419453  0.217275  0.353738
-0.419422  0.218052  0.353814
-0.419422  0.218052  0.353814
-0.419422  0.218052  0.353814
-0.419392  0.218827  0.353887
-0.419392  0.218827  0.353887
-0.419361  0.219598  0.353958
-0.419361  0.219598  0.353958
-0.419361  0.219598  0.353958
-0.419331  0.220365  0.354027
-0.419331  0.220365  0.354027
-0.4193  0.22113  0.354093
-0.4193  0.22113  0.354093
-0.4193  0.22113  0.354093
-0.41927  0.221891  0.354158
-0.41927  0.221891  0.354158
-0.419239  0.222649  0.35422
-0.419239  0.222649  0.35422
-0.419239  0.222649  0.35422
-0.419209  0.223405  0.35428
-0.419209  0.223405  0.35428
-0.419178  0.224156  0.354339
-0.419178  0.224156  0.354339
-0.419178  0.224156  0.354339
-0.419147  0.224906  0.354395
-0.419147  0.224906  0.354395
-0.419117  0.225652  0.354449
-0.419117  0.225652  0.354449
-0.419117  0.225652  0.354449
-0.419086  0.226395  0.354501
-0.419086  0.226395  0.354501
-0.419056  0.227135  0.354551
-0.419056  0.227135  0.354551
-0.419056  0.227135  0.354551
-0.419025  0.227873  0.354599
-0.419025  0.227873  0.354599
-0.418994  0.228608  0.354645
-0.418994  0.228608  0.354645
-0.418994  0.228608  0.354645
-0.418964  0.22934  0.354688
-0.418964  0.22934  0.354688
-0.418933  0.230069  0.354729
-0.418933  0.230069  0.354729
-0.418933  0.230069  0.354729
-0.418903  0.230795  0.354768
-0.418903  0.230795  0.354768
-0.418872  0.231519  0.354804
-0.418872  0.231519  0.354804
-0.418872  0.231519  0.354804
-0.418842  0.232239  0.354838
-0.418842  0.232239  0.354838
-0.418811  0.232957  0.354869
-0.418811  0.232957  0.354869
-0.418811  0.232957  0.354869
-0.418781  0.233672  0.354898
-0.418781  0.233672  0.354898
-0.41875  0.234384  0.354923
-0.41875  0.234384  0.354923
-0.41875  0.234384  0.354923
-0.41872  0.235093  0.354947
-0.41872  0.235093  0.354947
-0.41869  0.235799  0.354968
-0.41869  0.235799  0.354968
-0.41869  0.235799  0.354968
-0.41866  0.236502  0.354986
-0.41866  0.236502  0.354986
-0.41866  0.236502  0.354986
-0.41863  0.237202  0.355002
-0.41863  0.237202  0.355002
-0.4186  0.237899  0.355015
-0.4186  0.237899  0.355015
-0.4186  0.237899  0.355015
-0.41857  0.238593  0.355026
-0.41857  0.238593  0.355026
-0.41854  0.239285  0.355034
-0.41854  0.239285  0.355034
-0.41851  0.239974  0.35504
-0.41851  0.239974  0.35504
-0.41851  0.239974  0.35504
-0.41848  0.24066  0.355044
-0.41848  0.24066  0.355044
-0.41848  0.24066  0.355044
-0.418451  0.241343  0.355045
-0.418451  0.241343  0.355045
-0.418421  0.242023  0.355045
-0.418421  0.242023  0.355045
-0.418421  0.242023  0.355045
-0.418392  0.242701  0.355041
-0.418392  0.242701  0.355041
-0.418362  0.243376  0.355036
-0.418362  0.243376  0.355036
-0.418362  0.243376  0.355036
-0.418333  0.244048  0.355029
-0.418333  0.244048  0.355029
-0.418304  0.244717  0.355019
-0.418304  0.244717  0.355019
-0.418274  0.245383  0.355007
-0.418274  0.245383  0.355007
-0.418274  0.245383  0.355007
-0.418245  0.246046  0.354992
-0.418245  0.246046  0.354992
-0.418245  0.246046  0.354992
-0.418217  0.246706  0.354976
-0.418217  0.246706  0.354976
-0.418188  0.247364  0.354957
-0.418188  0.247364  0.354957
-0.418159  0.248018  0.354935
-0.418159  0.248018  0.354935
-0.418159  0.248018  0.354935
-0.418131  0.24867  0.354911
-0.418131  0.24867  0.354911
-0.418131  0.24867  0.354911
-0.418102  0.249318  0.354884
-0.418102  0.249318  0.354884
-0.418074  0.249964  0.354855
-0.418074  0.249964  0.354855
-0.418074  0.249964  0.354855
-0.418046  0.250607  0.354824
-0.418046  0.250607  0.354824
-0.418018  0.251247  0.35479
-0.418018  0.251247  0.35479
-0.418018  0.251247  0.35479
-0.41799  0.251883  0.354754
-0.41799  0.251883  0.354754
-0.417962  0.252517  0.354715
-0.417962  0.252517  0.354715
-0.417962  0.252517  0.354715
-0.417935  0.253148  0.354675
-0.417935  0.253148  0.354675
-0.417907  0.253776  0.354632
-0.417907  0.253776  0.354632
-0.41788  0.254401  0.354587
-0.41788  0.254401  0.354587
-0.417853  0.255024  0.354539
-0.417853  0.255024  0.354539
-0.417853  0.255024  0.354539
-0.417853  0.255024  0.354539
-0.417826  0.255643  0.35449
-0.417826  0.255643  0.35449
-0.417799  0.25626  0.354438
-0.417799  0.25626  0.354438
-0.417799  0.25626  0.354438
-0.417772  0.256873  0.354384
-0.417772  0.256873  0.354384
-0.417746  0.257484  0.354329
-0.417746  0.257484  0.354329
-0.417719  0.258092  0.354271
-0.417719  0.258092  0.354271
-0.417719  0.258092  0.354271
-0.417693  0.258697  0.35421
-0.417693  0.258697  0.35421
-0.417667  0.259299  0.354148
-0.417667  0.259299  0.354148
-0.417667  0.259299  0.354148
-0.417641  0.259898  0.354084
-0.417641  0.259898  0.354084
-0.417616  0.260495  0.354017
-0.417616  0.260495  0.354017
-0.417616  0.260495  0.354017
-0.41759  0.261089  0.353947
-0.41759  0.261089  0.353947
-0.417565  0.26168  0.353876
-0.417565  0.26168  0.353876
-0.417565  0.26168  0.353876
-0.417539  0.262269  0.353801
-0.417539  0.262269  0.353801
-0.417514  0.262856  0.353725
-0.417514  0.262856  0.353725
-0.417514  0.262856  0.353725
-0.417489  0.26344  0.353646
-0.417489  0.26344  0.353646
-0.417464  0.264021  0.353566
-0.417464  0.264021  0.353566
-0.417464  0.264021  0.353566
-0.41744  0.2646  0.353483
-0.41744  0.2646  0.353483
-0.417415  0.265176  0.353397
-0.417415  0.265176  0.353397
-0.417415  0.265176  0.353397
-0.417391  0.26575  0.35331
-0.417391  0.26575  0.35331
-0.417367  0.266322  0.35322
-0.417367  0.266322  0.35322
-0.417367  0.266322  0.35322
-0.417343  0.266891  0.353127
-0.417343  0.266891  0.353127
-0.417319  0.267457  0.353032
-0.417319  0.267457  0.353032
-0.417319  0.267457  0.353032
-0.417296  0.268021  0.352935
-0.417296  0.268021  0.352935
-0.417272  0.268583  0.352836
-0.417272  0.268583  0.352836
-0.417272  0.268583  0.352836
-0.417249  0.269142  0.352734
-0.417249  0.269142  0.352734
-0.417226  0.2697  0.35263
-0.417226  0.2697  0.35263
-0.417226  0.2697  0.35263
-0.417203  0.270255  0.352523
-0.417203  0.270255  0.352523
-0.417203  0.270255  0.352523
-0.41718  0.270808  0.352413
-0.41718  0.270808  0.352413
-0.417157  0.271359  0.352301
-0.417157  0.271359  0.352301
-0.417157  0.271359  0.352301
-0.417135  0.271907  0.352187
-0.417135  0.271907  0.352187
-0.417112  0.272453  0.35207
-0.417112  0.272453  0.35207
-0.417112  0.272453  0.35207
-0.41709  0.272997  0.35195
-0.417068  0.273539  0.351828
-0.417068  0.273539  0.351828
-0.417068  0.273539  0.351828
-0.417046  0.274078  0.351703
-0.417046  0.274078  0.351703
-0.417046  0.274078  0.351703
-0.417025  0.274616  0.351575
-0.417025  0.274616  0.351575
-0.417003  0.275151  0.351445
-0.417003  0.275151  0.351445
-0.417003  0.275151  0.351445
-0.416982  0.275683  0.351312
-0.416982  0.275683  0.351312
-0.416961  0.276214  0.351175
-0.416961  0.276214  0.351175
-0.416961  0.276214  0.351175
-0.41694  0.276742  0.351036
-0.41694  0.276742  0.351036
-0.41694  0.276742  0.351036
-0.41692  0.277268  0.350894
-0.41692  0.277268  0.350894
-0.416899  0.277793  0.350749
-0.416899  0.277793  0.350749
-0.416899  0.277793  0.350749
-0.416879  0.278316  0.350601
-0.416879  0.278316  0.350601
-0.416858  0.278837  0.35045
-0.416858  0.278837  0.35045
-0.416838  0.279356  0.350297
-0.416838  0.279356  0.350297
-0.416838  0.279356  0.350297
-0.416818  0.279873  0.35014
-0.416818  0.279873  0.35014
-0.416799  0.280389  0.349981
-0.416799  0.280389  0.349981
-0.416799  0.280389  0.349981
-0.416779  0.280903  0.349819
-0.416779  0.280903  0.349819
-0.416759  0.281415  0.349655
-0.416759  0.281415  0.349655
-0.416759  0.281415  0.349655
-0.41674  0.281926  0.349487
-0.41674  0.281926  0.349487
-0.416721  0.282435  0.349316
-0.416721  0.282435  0.349316
-0.416721  0.282435  0.349316
-0.416702  0.282942  0.349142
-0.416702  0.282942  0.349142
-0.416683  0.283448  0.348966
-0.416683  0.283448  0.348966
-0.416683  0.283448  0.348966
-0.416664  0.283952  0.348786
-0.416664  0.283952  0.348786
-0.416646  0.284455  0.348603
-0.416646  0.284455  0.348603
-0.416646  0.284455  0.348603
-0.416627  0.284956  0.348416
-0.416627  0.284956  0.348416
-0.416609  0.285455  0.348227
-0.416609  0.285455  0.348227
-0.416609  0.285455  0.348227
-0.416591  0.285953  0.348034
-0.416591  0.285953  0.348034
-0.416573  0.286449  0.347838
-0.416573  0.286449  0.347838
-0.416573  0.286449  0.347838
-0.416555  0.286944  0.347638
-0.416555  0.286944  0.347638
-0.416537  0.287438  0.347434
-0.416537  0.287438  0.347434
-0.416537  0.287438  0.347434
-0.41652  0.28793  0.347227
-0.41652  0.28793  0.347227
-0.41652  0.28793  0.347227
-0.416502  0.288421  0.347017
-0.416502  0.288421  0.347017
-0.416485  0.28891  0.346802
-0.416485  0.28891  0.346802
-0.416468  0.289398  0.346585
-0.416468  0.289398  0.346585
-0.416468  0.289398  0.346585
-0.416451  0.289885  0.346365
-0.416451  0.289885  0.346365
-0.416434  0.29037  0.34614
-0.416434  0.29037  0.34614
-0.416434  0.29037  0.34614
-0.416417  0.290854  0.345913
-0.416417  0.290854  0.345913
-0.416417  0.290854  0.345913
-0.416401  0.291337  0.345682
-0.416401  0.291337  0.345682
-0.416384  0.291819  0.345449
-0.416384  0.291819  0.345449
-0.416368  0.292299  0.345213
-0.416368  0.292299  0.345213
-0.416368  0.292299  0.345213
-0.416352  0.292778  0.344973
-0.416352  0.292778  0.344973
-0.416336  0.293256  0.34473
-0.416336  0.293256  0.34473
-0.416336  0.293256  0.34473
-0.41632  0.293732  0.344484
-0.41632  0.293732  0.344484
-0.416304  0.294208  0.344236
-0.416304  0.294208  0.344236
-0.416304  0.294208  0.344236
-0.416288  0.294681  0.343984
-0.416288  0.294681  0.343984
-0.416273  0.295154  0.343729
-0.416273  0.295154  0.343729
-0.416273  0.295154  0.343729
-0.416257  0.295626  0.343472
-0.416257  0.295626  0.343472
-0.416242  0.296097  0.343211
-0.416242  0.296097  0.343211
-0.416242  0.296097  0.343211
-0.416226  0.296567  0.342948
-0.416226  0.296567  0.342948
-0.416211  0.297035  0.342682
-0.416211  0.297035  0.342682
-0.416211  0.297035  0.342682
-0.416196  0.297502  0.342413
-0.416196  0.297502  0.342413
-0.416181  0.297968  0.342141
-0.416181  0.297968  0.342141
-0.416181  0.297968  0.342141
-0.416166  0.298433  0.341866
-0.416166  0.298433  0.341866
-0.416151  0.298896  0.341588
-0.416151  0.298896  0.341588
-0.416151  0.298896  0.341588
-0.416137  0.299359  0.341308
-0.416137  0.299359  0.341308
-0.416122  0.299821  0.341025
-0.416122  0.299821  0.341025
-0.416122  0.299821  0.341025
-0.416108  0.300282  0.340738
-0.416108  0.300282  0.340738
-0.416093  0.300741  0.34045
-0.416093  0.300741  0.34045
-0.416093  0.300741  0.34045
-0.416079  0.3012  0.340158
-0.416079  0.3012  0.340158
-0.416065  0.301658  0.339864
-0.416065  0.301658  0.339864
-0.416065  0.301658  0.339864
-0.416051  0.302114  0.339568
-0.416051  0.302114  0.339568
-0.416037  0.302569  0.339269
-0.416037  0.302569  0.339269
-0.416037  0.302569  0.339269
-0.416023  0.303024  0.338967
-0.416023  0.303024  0.338967
-0.416009  0.303478  0.338663
-0.416009  0.303478  0.338663
-0.416009  0.303478  0.338663
-0.415995  0.30393  0.338356
-0.415995  0.30393  0.338356
-0.415981  0.304382  0.338047
-0.415981  0.304382  0.338047
-0.415981  0.304382  0.338047
-0.415967  0.304832  0.337736
-0.415967  0.304832  0.337736
-0.415954  0.305282  0.337423
-0.415954  0.305282  0.337423
-0.415954  0.305282  0.337423
-0.41594  0.30573  0.337107
-0.41594  0.30573  0.337107
-0.415927  0.306178  0.336789
-0.415927  0.306178  0.336789
-0.415927  0.306178  0.336789
-0.415914  0.306625  0.33647
-0.415914  0.306625  0.33647
-0.415914  0.306625  0.33647
-0.4159  0.30707  0.336148
-0.415887  0.307515  0.335823
-0.415887  0.307515  0.335823
-0.415887  0.307515  0.335823
-0.415874  0.307958  0.335496
-0.415874  0.307958  0.335496
-0.415874  0.307958  0.335496
-0.415861  0.308401  0.335168
-0.415861  0.308401  0.335168
-0.415848  0.308842  0.334837
-0.415848  0.308842  0.334837
-0.415848  0.308842  0.334837
-0.415835  0.309283  0.334504
-0.415835  0.309283  0.334504
-0.415822  0.309723  0.33417
-0.415822  0.309723  0.33417
-0.415822  0.309723  0.33417
-0.415809  0.310162  0.333833
-0.415809  0.310162  0.333833
-0.415796  0.310599  0.333495
-0.415796  0.310599  0.333495
-0.415796  0.310599  0.333495
-0.415784  0.311036  0.333154
-0.415784  0.311036  0.333154
-0.415771  0.311472  0.332811
-0.415771  0.311472  0.332811
-0.415771  0.311472  0.332811
-0.415759  0.311906  0.332466
-0.415759  0.311906  0.332466
-0.415759  0.311906  0.332466
-0.415746  0.31234  0.332119
-0.415746  0.31234  0.332119
-0.415734  0.312772  0.33177
-0.415734  0.312772  0.33177
-0.415734  0.312772  0.33177
-0.415722  0.313203  0.331418
-0.415722  0.313203  0.331418
-0.415709  0.313634  0.331065
-0.415709  0.313634  0.331065
-0.415709  0.313634  0.331065
-0.415697  0.314062  0.330709
-0.415697  0.314062  0.330709
-0.415685  0.31449  0.330352
-0.415685  0.31449  0.330352
-0.415673  0.314917  0.329992
-0.415673  0.314917  0.329992
-0.415673  0.314917  0.329992
-0.415661  0.315343  0.329631
-0.415661  0.315343  0.329631
-0.415649  0.315768  0.329269
-0.415649  0.315768  0.329269
-0.415649  0.315768  0.329269
-0.415638  0.316191  0.328904
-0.415638  0.316191  0.328904
-0.415626  0.316615  0.328538
-0.415626  0.316615  0.328538
-0.415626  0.316615  0.328538
-0.415614  0.317037  0.32817
-0.415614  0.317037  0.32817
-0.415602  0.317458  0.327801
-0.415602  0.317458  0.327801
-0.415602  0.317458  0.327801
-0.415591  0.317878  0.32743
-0.415591  0.317878  0.32743
-0.415579  0.318298  0.327058
-0.415579  0.318298  0.327058
-0.415579  0.318298  0.327058
-0.415568  0.318716  0.326684
-0.415568  0.318716  0.326684
-0.415556  0.319134  0.326309
-0.415556  0.319134  0.326309
-0.415556  0.319134  0.326309
-0.415545  0.31955  0.325933
-0.415545  0.31955  0.325933
-0.415533  0.319966  0.325553
-0.415533  0.319966  0.325553
-0.415533  0.319966  0.325553
-0.415522  0.320381  0.325173
-0.415522  0.320381  0.325173
-0.415511  0.320796  0.32479
-0.415511  0.320796  0.32479
-0.415511  0.320796  0.32479
-0.415499  0.321209  0.324405
-0.415499  0.321209  0.324405
-0.415488  0.321622  0.324018
-0.415488  0.321622  0.324018
-0.415488  0.321622  0.324018
-0.415477  0.322034  0.32363
-0.415477  0.322034  0.32363
-0.415466  0.322446  0.323239
-0.415466  0.322446  0.323239
-0.415466  0.322446  0.323239
-0.415454  0.322857  0.322847
-0.415454  0.322857  0.322847
-0.415443  0.323267  0.322452
-0.415443  0.323267  0.322452
-0.415443  0.323267  0.322452
-0.415432  0.323676  0.322056
-0.415432  0.323676  0.322056
-0.415421  0.324084  0.321659
-0.415421  0.324084  0.321659
-0.415421  0.324084  0.321659
-0.41541  0.324492  0.32126
-0.41541  0.324492  0.32126
-0.41541  0.324492  0.32126
-0.415399  0.324898  0.32086
-0.415399  0.324898  0.32086
-0.415388  0.325304  0.320459
-0.415388  0.325304  0.320459
-0.415388  0.325304  0.320459
-0.415377  0.325709  0.320055
-0.415377  0.325709  0.320055
-0.415366  0.326114  0.31965
-0.415366  0.326114  0.31965
-0.415366  0.326114  0.31965
-0.415355  0.326517  0.319244
-0.415344  0.326921  0.318837
-0.415344  0.326921  0.318837
-0.415344  0.326921  0.318837
-0.415333  0.327323  0.318428
-0.415333  0.327323  0.318428
-0.415333  0.327323  0.318428
-0.415322  0.327726  0.318017
-0.415322  0.327726  0.318017
-0.415311  0.328127  0.317606
-0.415311  0.328127  0.317606
-0.415311  0.328127  0.317606
-0.4153  0.328528  0.317194
-0.4153  0.328528  0.317194
-0.415289  0.328928  0.31678
-0.415289  0.328928  0.31678
-0.415289  0.328928  0.31678
-0.415278  0.329327  0.316366
-0.415278  0.329327  0.316366
-0.415267  0.329726  0.31595
-0.415267  0.329726  0.31595
-0.415267  0.329726  0.31595
-0.415256  0.330123  0.315533
-0.415256  0.330123  0.315533
-0.415246  0.33052  0.315114
-0.415246  0.33052  0.315114
-0.415246  0.33052  0.315114
-0.415235  0.330916  0.314694
-0.415235  0.330916  0.314694
-0.415224  0.331311  0.314273
-0.415224  0.331311  0.314273
-0.415224  0.331311  0.314273
-0.415213  0.331705  0.313851
-0.415213  0.331705  0.313851
-0.415203  0.332098  0.313428
-0.415203  0.332098  0.313428
-0.415203  0.332098  0.313428
-0.415192  0.33249  0.313003
-0.415192  0.33249  0.313003
-0.415181  0.332881  0.312577
-0.415181  0.332881  0.312577
-0.415181  0.332881  0.312577
-0.415171  0.333272  0.31215
-0.415171  0.333272  0.31215
-0.41516  0.333661  0.311721
-0.41516  0.333661  0.311721
-0.41516  0.333661  0.311721
-0.41515  0.334049  0.311291
-0.41515  0.334049  0.311291
-0.415139  0.334436  0.31086
-0.415139  0.334436  0.31086
-0.415139  0.334436  0.31086
-0.415129  0.334823  0.310428
-0.415129  0.334823  0.310428
-0.415119  0.335208  0.309995
-0.415119  0.335208  0.309995
-0.415119  0.335208  0.309995
-0.415108  0.335592  0.309561
-0.415108  0.335592  0.309561
-0.415098  0.335975  0.309127
-0.415098  0.335975  0.309127
-0.415098  0.335975  0.309127
-0.415088  0.336357  0.30869
-0.415088  0.336357  0.30869
-0.415088  0.336357  0.30869
-0.415078  0.336738  0.308253
-0.415078  0.336738  0.308253
-0.415068  0.337117  0.307815
-0.415068  0.337117  0.307815
-0.415057  0.337496  0.307376
-0.415057  0.337496  0.307376
-0.415057  0.337496  0.307376
-0.415047  0.337874  0.306935
-0.415047  0.337874  0.306935
-0.415037  0.338251  0.306493
-0.415037  0.338251  0.306493
-0.415037  0.338251  0.306493
-0.415027  0.338628  0.306051
-0.415027  0.338628  0.306051
-0.415017  0.339003  0.305608
-0.415017  0.339003  0.305608
-0.415017  0.339003  0.305608
-0.415008  0.339376  0.305165
-0.415008  0.339376  0.305165
-0.414998  0.339749  0.30472
-0.414998  0.339749  0.30472
-0.414998  0.339749  0.30472
-0.414988  0.340121  0.304274
-0.414988  0.340121  0.304274
-0.414988  0.340121  0.304274
-0.414978  0.340492  0.303828
-0.414978  0.340492  0.303828
-0.414968  0.340862  0.303381
-0.414968  0.340862  0.303381
-0.414959  0.341231  0.302933
-0.414959  0.341231  0.302933
-0.414959  0.341231  0.302933
-0.414949  0.341599  0.302483
-0.414949  0.341599  0.302483
-0.41494  0.341965  0.302034
-0.41494  0.341965  0.302034
-0.41494  0.341965  0.302034
-0.41493  0.342331  0.301583
-0.41493  0.342331  0.301583
-0.41493  0.342331  0.301583
-0.414921  0.342695  0.301131
-0.414921  0.342695  0.301131
-0.414911  0.343058  0.300679
-0.414911  0.343058  0.300679
-0.414902  0.34342  0.300225
-0.414902  0.34342  0.300225
-0.414902  0.34342  0.300225
-0.414893  0.343781  0.299769
-0.414893  0.343781  0.299769
-0.414883  0.344141  0.299313
-0.414883  0.344141  0.299313
-0.414883  0.344141  0.299313
-0.414874  0.344499  0.298856
-0.414874  0.344499  0.298856
-0.414865  0.344856  0.298398
-0.414865  0.344856  0.298398
-0.414865  0.344856  0.298398
-0.414856  0.345212  0.297938
-0.414856  0.345212  0.297938
-0.414847  0.345566  0.297478
-0.414847  0.345566  0.297478
-0.414847  0.345566  0.297478
-0.414839  0.345919  0.297016
-0.414839  0.345919  0.297016
-0.41483  0.34627  0.296553
-0.41483  0.34627  0.296553
-0.41483  0.34627  0.296553
-0.414821  0.34662  0.296089
-0.414821  0.34662  0.296089
-0.414821  0.34662  0.296089
-0.414813  0.346968  0.295624
-0.414813  0.346968  0.295624
-0.414804  0.347315  0.295158
-0.414804  0.347315  0.295158
-0.414796  0.347661  0.29469
-0.414796  0.347661  0.29469
-0.414796  0.347661  0.29469
-0.414788  0.348006  0.294221
-0.414788  0.348006  0.294221
-0.414788  0.348006  0.294221
-0.41478  0.348349  0.293752
-0.41478  0.348349  0.293752
-0.414771  0.348691  0.293281
-0.414771  0.348691  0.293281
-0.414771  0.348691  0.293281
-0.414763  0.349031  0.292809
-0.414763  0.349031  0.292809
-0.414756  0.349371  0.292336
-0.414756  0.349371  0.292336
-0.414756  0.349371  0.292336
-0.414748  0.349708  0.291862
-0.414748  0.349708  0.291862
-0.41474  0.350045  0.291386
-0.41474  0.350045  0.291386
-0.41474  0.350045  0.291386
-0.414732  0.35038  0.29091
-0.414732  0.35038  0.29091
-0.414725  0.350714  0.290432
-0.414725  0.350714  0.290432
-0.414725  0.350714  0.290432
-0.414717  0.351047  0.289954
-0.414717  0.351047  0.289954
-0.414709  0.351378  0.289475
-0.414709  0.351378  0.289475
-0.414709  0.351378  0.289475
-0.414702  0.351707  0.288995
-0.414702  0.351707  0.288995
-0.414695  0.352036  0.288514
-0.414695  0.352036  0.288514
-0.414688  0.352363  0.288033
-0.414688  0.352363  0.288033
-0.41468  0.352689  0.287551
-0.41468  0.352689  0.287551
-0.41468  0.352689  0.287551
-0.414673  0.353013  0.287069
-0.414673  0.353013  0.287069
-0.414673  0.353013  0.287069
-0.414666  0.353335  0.286586
-0.414666  0.353335  0.286586
-0.414659  0.353657  0.286103
-0.414659  0.353657  0.286103
-0.414659  0.353657  0.286103
-0.414653  0.353977  0.285619
-0.414653  0.353977  0.285619
-0.414646  0.354295  0.285135
-0.414646  0.354295  0.285135
-0.414646  0.354295  0.285135
-0.414639  0.354612  0.284651
-0.414639  0.354612  0.284651
-0.414639  0.354612  0.284651
-0.414633  0.354928  0.284166
-0.414633  0.354928  0.284166
-0.414626  0.355242  0.283681
-0.414626  0.355242  0.283681
-0.414626  0.355242  0.283681
-0.41462  0.355554  0.283196
-0.41462  0.355554  0.283196
-0.414614  0.355865  0.282711
-0.414614  0.355865  0.282711
-0.414614  0.355865  0.282711
-0.414607  0.356175  0.282225
-0.414607  0.356175  0.282225
-0.414601  0.356483  0.28174
-0.414601  0.356483  0.28174
-0.414595  0.35679  0.281254
-0.414595  0.35679  0.281254
-0.414595  0.35679  0.281254
-0.414589  0.357095  0.280769
-0.414589  0.357095  0.280769
-0.414584  0.357398  0.280284
-0.414584  0.357398  0.280284
-0.414584  0.357398  0.280284
-0.414578  0.3577  0.279799
-0.414578  0.3577  0.279799
-0.414572  0.358001  0.279314
-0.414572  0.358001  0.279314
-0.414572  0.358001  0.279314
-0.414567  0.3583  0.278828
-0.414567  0.3583  0.278828
-0.414561  0.358597  0.278343
-0.414561  0.358597  0.278343
-0.414561  0.358597  0.278343
-0.414556  0.358893  0.277859
-0.414556  0.358893  0.277859
-0.414551  0.359188  0.277374
-0.414551  0.359188  0.277374
-0.414551  0.359188  0.277374
-0.414546  0.359481  0.276889
-0.414546  0.359481  0.276889
-0.41454  0.359772  0.276404
-0.41454  0.359772  0.276404
-0.41454  0.359772  0.276404
-0.414536  0.360062  0.27592
-0.414536  0.360062  0.27592
-0.414531  0.360351  0.275436
-0.414531  0.360351  0.275436
-0.414531  0.360351  0.275436
-0.414526  0.360638  0.274953
-0.414526  0.360638  0.274953
-0.414521  0.360924  0.27447
-0.414521  0.360924  0.27447
-0.414521  0.360924  0.27447
-0.414516  0.361208  0.273987
-0.414516  0.361208  0.273987
-0.414512  0.361491  0.273505
-0.414512  0.361491  0.273505
-0.414512  0.361491  0.273505
-0.414507  0.361772  0.273022
-0.414507  0.361772  0.273022
-0.414503  0.362053  0.27254
-0.414503  0.362053  0.27254
-0.414503  0.362053  0.27254
-0.414499  0.362331  0.272059
-0.414499  0.362331  0.272059
-0.414495  0.362608  0.271577
-0.414495  0.362608  0.271577
-0.414495  0.362608  0.271577
-0.414491  0.362884  0.271097
-0.414491  0.362884  0.271097
-0.414487  0.363158  0.270616
-0.414487  0.363158  0.270616
-0.414487  0.363158  0.270616
-0.414483  0.363431  0.270136
-0.414483  0.363431  0.270136
-0.414479  0.363702  0.269656
-0.414479  0.363702  0.269656
-0.414479  0.363702  0.269656
-0.414475  0.363972  0.269177
-0.414475  0.363972  0.269177
-0.414471  0.364241  0.268697
-0.414471  0.364241  0.268697
-0.414471  0.364241  0.268697
-0.414468  0.364508  0.268217
-0.414468  0.364508  0.268217
-0.414468  0.364508  0.268217
-0.414464  0.364774  0.267738
-0.414464  0.364774  0.267738
-0.414461  0.365038  0.267259
-0.414461  0.365038  0.267259
-0.414458  0.365301  0.266779
-0.414458  0.365301  0.266779
-0.414458  0.365301  0.266779
-0.414454  0.365563  0.266301
-0.414454  0.365563  0.266301
-0.414451  0.365823  0.265822
-0.414451  0.365823  0.265822
-0.414451  0.365823  0.265822
-0.414448  0.366081  0.265344
-0.414448  0.366081  0.265344
-0.414445  0.366339  0.264864
-0.414445  0.366339  0.264864
-0.414445  0.366339  0.264864
-0.414442  0.366594  0.264385
-0.414442  0.366594  0.264385
-0.414442  0.366594  0.264385
-0.41444  0.366848  0.263906
-0.41444  0.366848  0.263906
-0.414437  0.367101  0.263427
-0.414437  0.367101  0.263427
-0.414435  0.367352  0.262947
-0.414435  0.367352  0.262947
-0.414435  0.367352  0.262947
-0.414432  0.367601  0.262467
-0.414432  0.367601  0.262467
-0.414432  0.367601  0.262467
-0.41443  0.36785  0.261987
-0.41443  0.36785  0.261987
-0.414428  0.368096  0.261506
-0.414428  0.368096  0.261506
-0.414425  0.368342  0.261024
-0.414425  0.368342  0.261024
-0.414425  0.368342  0.261024
-0.414423  0.368586  0.260543
-0.414423  0.368586  0.260543
-0.414421  0.368828  0.260062
-0.414421  0.368828  0.260062
-0.414421  0.368828  0.260062
-0.414419  0.369069  0.259581
-0.414419  0.369069  0.259581
-0.414418  0.369309  0.2591
-0.414418  0.369309  0.2591
-0.414418  0.369309  0.2591
-0.414416  0.369548  0.258618
-0.414416  0.369548  0.258618
-0.414414  0.369786  0.258135
-0.414414  0.369786  0.258135
-0.414414  0.369786  0.258135
-0.414412  0.370022  0.257652
-0.414412  0.370022  0.257652
-0.414411  0.370258  0.257169
-0.414411  0.370258  0.257169
-0.414409  0.370492  0.256686
-0.414409  0.370492  0.256686
-0.414409  0.370492  0.256686
-0.414408  0.370725  0.256203
-0.414408  0.370725  0.256203
-0.414408  0.370725  0.256203
-0.414406  0.370956  0.25572
-0.414406  0.370956  0.25572
-0.414405  0.371187  0.255236
-0.414405  0.371187  0.255236
-0.414405  0.371187  0.255236
-0.414403  0.371416  0.254752
-0.414403  0.371416  0.254752
-0.414402  0.371645  0.254269
-0.414402  0.371645  0.254269
-0.414402  0.371645  0.254269
-0.414401  0.371872  0.253785
-0.414401  0.371872  0.253785
-0.4144  0.372098  0.2533
-0.4144  0.372098  0.2533
-0.4144  0.372098  0.2533
-0.414398  0.372323  0.252816
-0.414398  0.372323  0.252816
-0.414397  0.372547  0.252331
-0.414397  0.372547  0.252331
-0.414397  0.372547  0.252331
-0.414396  0.372769  0.251846
-0.414396  0.372769  0.251846
-0.414395  0.372991  0.25136
-0.414395  0.372991  0.25136
-0.414395  0.372991  0.25136
-0.414394  0.373211  0.250875
-0.414394  0.373211  0.250875
-0.414393  0.37343  0.250389
-0.414393  0.37343  0.250389
-0.414393  0.37343  0.250389
-0.414392  0.373647  0.249903
-0.414392  0.373647  0.249903
-0.414392  0.373863  0.249416
-0.414392  0.373863  0.249416
-0.414392  0.373863  0.249416
-0.414391  0.374078  0.248929
-0.414391  0.374078  0.248929
-0.41439  0.374292  0.248442
-0.41439  0.374292  0.248442
-0.41439  0.374292  0.248442
-0.41439  0.374504  0.247955
-0.41439  0.374504  0.247955
-0.41439  0.374715  0.247466
-0.41439  0.374715  0.247466
-0.41439  0.374715  0.247466
-0.414389  0.374925  0.246978
-0.414389  0.374925  0.246978
-0.414389  0.375134  0.24649
-0.414389  0.375134  0.24649
-0.414389  0.375134  0.24649
-0.414389  0.375341  0.246002
-0.414389  0.375341  0.246002
-0.414388  0.375547  0.245514
-0.414388  0.375547  0.245514
-0.414388  0.375547  0.245514
-0.414388  0.375752  0.245026
-0.414388  0.375752  0.245026
-0.414388  0.375956  0.244538
-0.414388  0.375956  0.244538
-0.414388  0.375956  0.244538
-0.414388  0.376159  0.24405
-0.414388  0.376159  0.24405
-0.414388  0.376361  0.243561
-0.414388  0.376361  0.243561
-0.414388  0.376361  0.243561
-0.414388  0.376561  0.243073
-0.414388  0.376561  0.243073
-0.414388  0.376761  0.242584
-0.414388  0.376761  0.242584
-0.414388  0.376761  0.242584
-0.414388  0.376959  0.242095
-0.414388  0.376959  0.242095
-0.414388  0.377156  0.241607
-0.414388  0.377156  0.241607
-0.414388  0.377156  0.241607
-0.414388  0.377352  0.241118
-0.414388  0.377352  0.241118
-0.414389  0.377546  0.240629
-0.414389  0.377546  0.240629
-0.414389  0.377546  0.240629
-0.414389  0.37774  0.240141
-0.414389  0.37774  0.240141
-0.41439  0.377932  0.239653
-0.41439  0.377932  0.239653
-0.41439  0.377932  0.239653
-0.41439  0.378123  0.239166
-0.41439  0.378123  0.239166
-0.41439  0.378313  0.238678
-0.41439  0.378313  0.238678
-0.41439  0.378313  0.238678
-0.414391  0.378502  0.23819
-0.414391  0.378502  0.23819
-0.414392  0.378689  0.237702
-0.414392  0.378689  0.237702
-0.414392  0.378689  0.237702
-0.414392  0.378876  0.237213
-0.414392  0.378876  0.237213
-0.414393  0.379061  0.236725
-0.414393  0.379061  0.236725
-0.414393  0.379061  0.236725
-0.414394  0.379246  0.236236
-0.414394  0.379246  0.236236
-0.414395  0.379429  0.235748
-0.414395  0.379429  0.235748
-0.414395  0.379429  0.235748
-0.414395  0.379611  0.23526
-0.414395  0.379611  0.23526
-0.414396  0.379792  0.234772
-0.414396  0.379792  0.234772
-0.414396  0.379792  0.234772
-0.414397  0.379972  0.234283
-0.414397  0.379972  0.234283
-0.414398  0.380151  0.233794
-0.414398  0.380151  0.233794
-0.414398  0.380151  0.233794
-0.414399  0.380329  0.233306
-0.414399  0.380329  0.233306
-0.4144  0.380506  0.232817
-0.4144  0.380506  0.232817
-0.4144  0.380506  0.232817
-0.414401  0.380681  0.232328
-0.414401  0.380681  0.232328
-0.414403  0.380856  0.231839
-0.414403  0.380856  0.231839
-0.414403  0.380856  0.231839
-0.414404  0.381029  0.23135
-0.414404  0.381029  0.23135
-0.414405  0.381201  0.23086
-0.414405  0.381201  0.23086
-0.414405  0.381201  0.23086
-0.414406  0.381373  0.23037
-0.414406  0.381373  0.23037
-0.414408  0.381543  0.22988
-0.414408  0.381543  0.22988
-0.414408  0.381543  0.22988
-0.414409  0.381712  0.229391
-0.414409  0.381712  0.229391
-0.414409  0.381712  0.229391
-0.41441  0.38188  0.228901
-0.41441  0.38188  0.228901
-0.414412  0.382047  0.228411
-0.414412  0.382047  0.228411
-0.414412  0.382047  0.228411
-0.414413  0.382212  0.227921
-0.414413  0.382212  0.227921
-0.414415  0.382377  0.22743
-0.414415  0.382377  0.22743
-0.414415  0.382377  0.22743
-0.414416  0.382541  0.22694
-0.414416  0.382541  0.22694
-0.414418  0.382704  0.226449
-0.414418  0.382704  0.226449
-0.414419  0.382865  0.225958
-0.414419  0.382865  0.225958
-0.414419  0.382865  0.225958
-0.414421  0.383026  0.225467
-0.414421  0.383026  0.225467
-0.414423  0.383186  0.224976
-0.414423  0.383186  0.224976
-0.414423  0.383186  0.224976
-0.414424  0.383345  0.224485
-0.414424  0.383345  0.224485
-0.414426  0.383502  0.223994
-0.414426  0.383502  0.223994
-0.414426  0.383502  0.223994
-0.414428  0.383659  0.223502
-0.414428  0.383659  0.223502
-0.414429  0.383815  0.22301
-0.414429  0.383815  0.22301
-0.414429  0.383815  0.22301
-0.414431  0.38397  0.222518
-0.414431  0.38397  0.222518
-0.414433  0.384124  0.222025
-0.414433  0.384124  0.222025
-0.414433  0.384124  0.222025
-0.414435  0.384277  0.221533
-0.414435  0.384277  0.221533
-0.414436  0.384429  0.22104
-0.414436  0.384429  0.22104
-0.414436  0.384429  0.22104
-0.414438  0.38458  0.220546
-0.414438  0.38458  0.220546
-0.41444  0.384731  0.220052
-0.41444  0.384731  0.220052
-0.41444  0.384731  0.220052
-0.414442  0.38488  0.219558
-0.414442  0.38488  0.219558
-0.414442  0.38488  0.219558
-0.414444  0.385029  0.219064
-0.414444  0.385029  0.219064
-0.414445  0.385177  0.218569
-0.414445  0.385177  0.218569
-0.414445  0.385177  0.218569
-0.414447  0.385323  0.218073
-0.414447  0.385323  0.218073
-0.414449  0.385469  0.217577
-0.414449  0.385469  0.217577
-0.414449  0.385469  0.217577
-0.414451  0.385614  0.217081
-0.414451  0.385614  0.217081
-0.414453  0.385758  0.216584
-0.414453  0.385758  0.216584
-0.414453  0.385758  0.216584
-0.414455  0.385901  0.216088
-0.414455  0.385901  0.216088
-0.414456  0.386044  0.215591
-0.414456  0.386044  0.215591
-0.414456  0.386044  0.215591
-0.414458  0.386185  0.215094
-0.414458  0.386185  0.215094
-0.41446  0.386326  0.214597
-0.41446  0.386326  0.214597
-0.41446  0.386326  0.214597
-0.414462  0.386466  0.214098
-0.414462  0.386466  0.214098
-0.414464  0.386605  0.2136
-0.414464  0.386605  0.2136
-0.414464  0.386605  0.2136
-0.414466  0.386744  0.213102
-0.414466  0.386744  0.213102
-0.414467  0.386881  0.212604
-0.414467  0.386881  0.212604
-0.414467  0.386881  0.212604
-0.414469  0.387018  0.212106
-0.414469  0.387018  0.212106
-0.414471  0.387154  0.211607
-0.414471  0.387154  0.211607
-0.414471  0.387154  0.211607
-0.414473  0.387289  0.211109
-0.414473  0.387289  0.211109
-0.414475  0.387423  0.21061
-0.414475  0.387423  0.21061
-0.414477  0.387557  0.210112
-0.414477  0.387557  0.210112
-0.414477  0.387557  0.210112
-0.414478  0.387689  0.209613
-0.414478  0.387689  0.209613
-0.41448  0.387821  0.209116
-0.41448  0.387821  0.209116
-0.41448  0.387821  0.209116
-0.414482  0.387952  0.208618
-0.414482  0.387952  0.208618
-0.414482  0.387952  0.208618
-0.414484  0.388082  0.208121
-0.414484  0.388082  0.208121
-0.414486  0.388212  0.207624
-0.414486  0.388212  0.207624
-0.414486  0.388212  0.207624
-0.414488  0.38834  0.207127
-0.414488  0.38834  0.207127
-0.41449  0.388468  0.206631
-0.41449  0.388468  0.206631
-0.414492  0.388595  0.206135
-0.414492  0.388595  0.206135
-0.414493  0.388721  0.205639
-0.414493  0.388721  0.205639
-0.414493  0.388721  0.205639
-0.414495  0.388846  0.205145
-0.414495  0.388846  0.205145
-0.414495  0.388846  0.205145
-0.414497  0.388971  0.204651
-0.414497  0.388971  0.204651
-0.414499  0.389095  0.204157
-0.414499  0.389095  0.204157
-0.414499  0.389095  0.204157
-0.414501  0.389218  0.203665
-0.414501  0.389218  0.203665
-0.414503  0.38934  0.203173
-0.414503  0.38934  0.203173
-0.414503  0.38934  0.203173
-0.414505  0.389462  0.202681
-0.414505  0.389462  0.202681
-0.414507  0.389583  0.20219
-0.414507  0.389583  0.20219
-0.414507  0.389583  0.20219
-0.414509  0.389703  0.2017
-0.414509  0.389703  0.2017
-0.414511  0.389822  0.20121
-0.414511  0.389822  0.20121
-0.414511  0.389822  0.20121
-0.414513  0.389941  0.200722
-0.414513  0.389941  0.200722
-0.414515  0.390058  0.200234
-0.414515  0.390058  0.200234
-0.414515  0.390058  0.200234
-0.414518  0.390176  0.199747
-0.414518  0.390176  0.199747
-0.41452  0.390292  0.199261
-0.41452  0.390292  0.199261
-0.41452  0.390292  0.199261
-0.414522  0.390407  0.198776
-0.414522  0.390407  0.198776
-0.414524  0.390522  0.198292
-0.414524  0.390522  0.198292
-0.414524  0.390522  0.198292
-0.414526  0.390637  0.197809
-0.414526  0.390637  0.197809
-0.414528  0.39075  0.197326
-0.414528  0.39075  0.197326
-0.414528  0.39075  0.197326
-0.41453  0.390863  0.196845
-0.41453  0.390863  0.196845
-0.41453  0.390863  0.196845
-0.414533  0.390976  0.196364
-0.414533  0.390976  0.196364
-0.414535  0.391087  0.195885
-0.414535  0.391087  0.195885
-0.414537  0.391199  0.195407
-0.414537  0.391199  0.195407
-0.414537  0.391199  0.195407
-0.414539  0.391309  0.19493
-0.414539  0.391309  0.19493
-0.414541  0.391419  0.194455
-0.414541  0.391419  0.194455
-0.414541  0.391419  0.194455
-0.414544  0.391528  0.19398
-0.414544  0.391528  0.19398
-0.414544  0.391528  0.19398
-0.414546  0.391637  0.193507
-0.414546  0.391637  0.193507
-0.414548  0.391745  0.193034
-0.414548  0.391745  0.193034
-0.414548  0.391745  0.193034
-0.41455  0.391852  0.192562
-0.41455  0.391852  0.192562
-0.414553  0.391959  0.192092
-0.414553  0.391959  0.192092
-0.414553  0.391959  0.192092
-0.414555  0.392065  0.191623
-0.414555  0.392065  0.191623
-0.414557  0.39217  0.191155
-0.414557  0.39217  0.191155
-0.414557  0.39217  0.191155
-0.41456  0.392275  0.190688
-0.41456  0.392275  0.190688
-0.414562  0.392379  0.190222
-0.414562  0.392379  0.190222
-0.414565  0.392483  0.189758
-0.414565  0.392483  0.189758
-0.414565  0.392483  0.189758
-0.414567  0.392586  0.189294
-0.414567  0.392586  0.189294
-0.414569  0.392688  0.188831
-0.414569  0.392688  0.188831
-0.414569  0.392688  0.188831
-0.414572  0.39279  0.188368
-0.414572  0.39279  0.188368
-0.414572  0.39279  0.188368
-0.414574  0.392891  0.187908
-0.414574  0.392891  0.187908
-0.414577  0.392992  0.187447
-0.414577  0.392992  0.187447
-0.414579  0.393092  0.186988
-0.414579  0.393092  0.186988
-0.414579  0.393092  0.186988
-0.414582  0.393192  0.186531
-0.414582  0.393192  0.186531
-0.414584  0.393291  0.186074
-0.414584  0.393291  0.186074
-0.414586  0.39339  0.185619
-0.414586  0.39339  0.185619
-0.414586  0.39339  0.185619
-0.414589  0.393488  0.185165
-0.414589  0.393488  0.185165
-0.414589  0.393488  0.185165
-0.414591  0.393586  0.184712
-0.414591  0.393586  0.184712
-0.414594  0.393683  0.184261
-0.414594  0.393683  0.184261
-0.414594  0.393683  0.184261
-0.414596  0.39378  0.18381
-0.414596  0.39378  0.18381
-0.414599  0.393876  0.183361
-0.414599  0.393876  0.183361
-0.414599  0.393876  0.183361
-0.414601  0.393972  0.182913
-0.414601  0.393972  0.182913
-0.414604  0.394068  0.182465
-0.414604  0.394068  0.182465
-0.414604  0.394068  0.182465
-0.414606  0.394162  0.18202
-0.414606  0.394162  0.18202
-0.414609  0.394257  0.181575
-0.414609  0.394257  0.181575
-0.414609  0.394257  0.181575
-0.414611  0.394351  0.181132
-0.414611  0.394351  0.181132
-0.414614  0.394444  0.18069
-0.414614  0.394444  0.18069
-0.414614  0.394444  0.18069
-0.414616  0.394538  0.18025
-0.414616  0.394538  0.18025
-0.414616  0.394538  0.18025
-0.414619  0.39463  0.179811
-0.414619  0.39463  0.179811
-0.414621  0.394722  0.179374
-0.414621  0.394722  0.179374
-0.414624  0.394814  0.178938
-0.414624  0.394814  0.178938
-0.414624  0.394814  0.178938
-0.414627  0.394905  0.178503
-0.414627  0.394905  0.178503
-0.414629  0.394995  0.178069
-0.414629  0.394995  0.178069
-0.414629  0.394995  0.178069
-0.414632  0.395085  0.177637
-0.414632  0.395085  0.177637
-0.414635  0.395175  0.177206
-0.414635  0.395175  0.177206
-0.414635  0.395175  0.177206
-0.414637  0.395264  0.176776
-0.414637  0.395264  0.176776
-0.41464  0.395352  0.176347
-0.41464  0.395352  0.176347
-0.41464  0.395352  0.176347
-0.414643  0.39544  0.175919
-0.414643  0.39544  0.175919
-0.414646  0.395528  0.175491
-0.414646  0.395528  0.175491
-0.414646  0.395528  0.175491
-0.414648  0.395614  0.175066
-0.414648  0.395614  0.175066
-0.414651  0.395701  0.174641
-0.414651  0.395701  0.174641
-0.414651  0.395701  0.174641
-0.414654  0.395787  0.174218
-0.414654  0.395787  0.174218
-0.414657  0.395873  0.173796
-0.414657  0.395873  0.173796
-0.414657  0.395873  0.173796
-0.41466  0.395958  0.173375
-0.41466  0.395958  0.173375
-0.414663  0.396042  0.172956
-0.414663  0.396042  0.172956
-0.414663  0.396042  0.172956
-0.414666  0.396127  0.172538
-0.414666  0.396127  0.172538
-0.414669  0.39621  0.172121
-0.414669  0.39621  0.172121
-0.414669  0.39621  0.172121
-0.414672  0.396294  0.171707
-0.414672  0.396294  0.171707
-0.414675  0.396376  0.171293
-0.414675  0.396376  0.171293
-0.414675  0.396376  0.171293
-0.414678  0.396458  0.170881
-0.414678  0.396458  0.170881
-0.414681  0.39654  0.170469
-0.414681  0.39654  0.170469
-0.414681  0.39654  0.170469
-0.414684  0.396621  0.170059
-0.414684  0.396621  0.170059
-0.414687  0.396701  0.16965
-0.414687  0.396701  0.16965
-0.414687  0.396701  0.16965
-0.41469  0.396781  0.169243
-0.41469  0.396781  0.169243
-0.414694  0.396861  0.168836
-0.414694  0.396861  0.168836
-0.414694  0.396861  0.168836
-0.414697  0.396939  0.168431
-0.414697  0.396939  0.168431
-0.414697  0.396939  0.168431
-0.4147  0.397018  0.168027
-0.4147  0.397018  0.168027
-0.414704  0.397095  0.167625
-0.414704  0.397095  0.167625
-0.414704  0.397095  0.167625
-0.414707  0.397172  0.167225
-0.414707  0.397172  0.167225
-0.414711  0.397249  0.166826
-0.414711  0.397249  0.166826
-0.414714  0.397325  0.166429
-0.414714  0.397325  0.166429
-0.414714  0.397325  0.166429
-0.414718  0.397401  0.166033
-0.414718  0.397401  0.166033
-0.414722  0.397476  0.165639
-0.414722  0.397476  0.165639
-0.414722  0.397476  0.165639
-0.414725  0.397551  0.165247
-0.414725  0.397551  0.165247
-0.414729  0.397626  0.164856
-0.414729  0.397626  0.164856
-0.414729  0.397626  0.164856
-0.414733  0.3977  0.164466
-0.414733  0.3977  0.164466
-0.414737  0.397773  0.164078
-0.414737  0.397773  0.164078
-0.414737  0.397773  0.164078
-0.41474  0.397847  0.163691
-0.41474  0.397847  0.163691
-0.414744  0.39792  0.163305
-0.414744  0.39792  0.163305
-0.414748  0.397992  0.162921
-0.414748  0.397992  0.162921
-0.414748  0.397992  0.162921
-0.414752  0.398065  0.162538
-0.414752  0.398065  0.162538
-0.414752  0.398065  0.162538
-0.414756  0.398136  0.162156
-0.414756  0.398136  0.162156
-0.41476  0.398208  0.161776
-0.41476  0.398208  0.161776
-0.41476  0.398208  0.161776
-0.414764  0.398279  0.161397
-0.414764  0.398279  0.161397
-0.414768  0.39835  0.16102
-0.414768  0.39835  0.16102
-0.414768  0.39835  0.16102
-0.414772  0.39842  0.160644
-0.414772  0.39842  0.160644
-0.414776  0.39849  0.16027
-0.414776  0.39849  0.16027
-0.414776  0.39849  0.16027
-0.41478  0.39856  0.159897
-0.41478  0.39856  0.159897
-0.414784  0.398629  0.159526
-0.414784  0.398629  0.159526
-0.414784  0.398629  0.159526
-0.414788  0.398698  0.159156
-0.414788  0.398698  0.159156
-0.414792  0.398767  0.158788
-0.414792  0.398767  0.158788
-0.414792  0.398767  0.158788
-0.414796  0.398834  0.158421
-0.414796  0.398834  0.158421
-0.414801  0.398902  0.158056
-0.414801  0.398902  0.158056
-0.414801  0.398902  0.158056
-0.414805  0.398969  0.157692
-0.414805  0.398969  0.157692
-0.414809  0.399036  0.15733
-0.414809  0.399036  0.15733
-0.414809  0.399036  0.15733
-0.414814  0.399103  0.15697
-0.414814  0.399103  0.15697
-0.414814  0.399103  0.15697
-0.414818  0.399169  0.15661
-0.414818  0.399169  0.15661
-0.414822  0.399234  0.156252
-0.414822  0.399234  0.156252
-0.414822  0.399234  0.156252
-0.414827  0.3993  0.155895
-0.414827  0.3993  0.155895
-0.414831  0.399365  0.155539
-0.414831  0.399365  0.155539
-0.414831  0.399365  0.155539
-0.414836  0.399429  0.155185
-0.414836  0.399429  0.155185
-0.414841  0.399494  0.154832
-0.414841  0.399494  0.154832
-0.414841  0.399494  0.154832
-0.414845  0.399557  0.15448
-0.414845  0.399557  0.15448
-0.41485  0.399621  0.154129
-0.41485  0.399621  0.154129
-0.414854  0.399684  0.15378
-0.414854  0.399684  0.15378
-0.414854  0.399684  0.15378
-0.414859  0.399747  0.153432
-0.414859  0.399747  0.153432
-0.414864  0.399809  0.153085
-0.414864  0.399809  0.153085
-0.414864  0.399809  0.153085
-0.414869  0.399871  0.15274
-0.414869  0.399871  0.15274
-0.414873  0.399933  0.152396
-0.414873  0.399933  0.152396
-0.414873  0.399933  0.152396
-0.414878  0.399994  0.152054
-0.414878  0.399994  0.152054
-0.414883  0.400055  0.151713
-0.414883  0.400055  0.151713
-0.414883  0.400055  0.151713
-0.414888  0.400116  0.151373
-0.414888  0.400116  0.151373
-0.414893  0.400176  0.151034
-0.414893  0.400176  0.151034
-0.414893  0.400176  0.151034
-0.414898  0.400236  0.150697
-0.414898  0.400236  0.150697
-0.414903  0.400296  0.150361
-0.414903  0.400296  0.150361
-0.414903  0.400296  0.150361
-0.414908  0.400355  0.150027
-0.414908  0.400355  0.150027
-0.414908  0.400355  0.150027
-0.414913  0.400414  0.149693
-0.414918  0.400473  0.149361
-0.414918  0.400473  0.149361
-0.414918  0.400473  0.149361
-0.414923  0.400531  0.14903
-0.414923  0.400531  0.14903
-0.414923  0.400531  0.14903
-0.414928  0.40059  0.1487
-0.414928  0.40059  0.1487
-0.414933  0.400647  0.148371
-0.414933  0.400647  0.148371
-0.414933  0.400647  0.148371
-0.414938  0.400705  0.148044
-0.414938  0.400705  0.148044
-0.414943  0.400763  0.147717
-0.414943  0.400763  0.147717
-0.414943  0.400763  0.147717
-0.414948  0.40082  0.147392
-0.414948  0.40082  0.147392
-0.414953  0.400877  0.147068
-0.414953  0.400877  0.147068
-0.414953  0.400877  0.147068
-0.414959  0.400934  0.146745
-0.414959  0.400934  0.146745
-0.414964  0.400991  0.146423
-0.414964  0.400991  0.146423
-0.414964  0.400991  0.146423
-0.414969  0.401047  0.146102
-0.414969  0.401047  0.146102
-0.414974  0.401103  0.145782
-0.414974  0.401103  0.145782
-0.414974  0.401103  0.145782
-0.414979  0.401159  0.145464
-0.414979  0.401159  0.145464
-0.414984  0.401215  0.145146
-0.414984  0.401215  0.145146
-0.414984  0.401215  0.145146
-0.414989  0.401271  0.14483
-0.414989  0.401271  0.14483
-0.414994  0.401327  0.144515
-0.414994  0.401327  0.144515
-0.414994  0.401327  0.144515
-0.415  0.401382  0.144201
-0.415  0.401382  0.144201
-0.415  0.401382  0.144201
-0.415005  0.401437  0.143888
-0.415005  0.401437  0.143888
-0.41501  0.401492  0.143576
-0.41501  0.401492  0.143576
-0.415015  0.401547  0.143266
-0.415015  0.401547  0.143266
-0.415015  0.401547  0.143266
-0.41502  0.401602  0.142956
-0.41502  0.401602  0.142956
-0.415025  0.401657  0.142648
-0.415025  0.401657  0.142648
-0.415025  0.401657  0.142648
-0.41503  0.401712  0.14234
-0.41503  0.401712  0.14234
-0.415035  0.401766  0.142034
-0.415035  0.401766  0.142034
-0.415035  0.401766  0.142034
-0.415041  0.401821  0.141729
-0.415041  0.401821  0.141729
-0.415046  0.401875  0.141425
-0.415046  0.401875  0.141425
-0.415046  0.401875  0.141425
-0.415051  0.401929  0.141122
-0.415051  0.401929  0.141122
-0.415056  0.401983  0.14082
-0.415056  0.401983  0.14082
-0.415056  0.401983  0.14082
-0.415061  0.402036  0.140519
-0.415061  0.402036  0.140519
-0.415066  0.40209  0.140219
-0.415066  0.40209  0.140219
-0.415066  0.40209  0.140219
-0.415071  0.402143  0.13992
-0.415071  0.402143  0.13992
-0.415076  0.402196  0.139622
-0.415076  0.402196  0.139622
-0.415076  0.402196  0.139622
-0.415082  0.402249  0.139326
-0.415082  0.402249  0.139326
-0.415087  0.402302  0.13903
-0.415087  0.402302  0.13903
-0.415087  0.402302  0.13903
-0.415092  0.402354  0.138735
-0.415092  0.402354  0.138735
-0.415097  0.402406  0.138442
-0.415097  0.402406  0.138442
-0.415097  0.402406  0.138442
-0.415102  0.402458  0.138149
-0.415102  0.402458  0.138149
-0.415108  0.40251  0.137858
-0.415108  0.40251  0.137858
-0.415113  0.402562  0.137567
-0.415113  0.402562  0.137567
-0.415113  0.402562  0.137567
-0.415118  0.402613  0.137278
-0.415118  0.402613  0.137278
-0.415118  0.402613  0.137278
-0.415123  0.402664  0.136989
-0.415123  0.402664  0.136989
-0.415129  0.402715  0.136701
-0.415129  0.402715  0.136701
-0.415129  0.402715  0.136701
-0.415134  0.402766  0.136415
-0.415134  0.402766  0.136415
-0.415139  0.402817  0.136129
-0.415139  0.402817  0.136129
-0.415139  0.402817  0.136129
-0.415144  0.402867  0.135844
-0.415144  0.402867  0.135844
-0.41515  0.402918  0.13556
-0.41515  0.402918  0.13556
-0.41515  0.402918  0.13556
-0.415155  0.402968  0.135277
-0.415155  0.402968  0.135277
-0.41516  0.403018  0.134995
-0.41516  0.403018  0.134995
-0.41516  0.403018  0.134995
-0.415165  0.403068  0.134714
-0.415165  0.403068  0.134714
-0.415171  0.403118  0.134434
-0.415171  0.403118  0.134434
-0.415171  0.403118  0.134434
-0.415176  0.403167  0.134155
-0.415176  0.403167  0.134155
-0.415181  0.403217  0.133877
-0.415181  0.403217  0.133877
-0.415181  0.403217  0.133877
-0.415187  0.403266  0.133599
-0.415187  0.403266  0.133599
-0.415192  0.403315  0.133323
-0.415192  0.403315  0.133323
-0.415192  0.403315  0.133323
-0.415197  0.403363  0.133047
-0.415197  0.403363  0.133047
-0.415203  0.403412  0.132772
-0.415203  0.403412  0.132772
-0.415203  0.403412  0.132772
-0.415208  0.40346  0.132499
-0.415208  0.40346  0.132499
-0.415214  0.403508  0.132226
-0.415214  0.403508  0.132226
-0.415214  0.403508  0.132226
-0.415219  0.403556  0.131954
-0.415219  0.403556  0.131954
-0.415219  0.403556  0.131954
-0.415224  0.403603  0.131684
-0.415224  0.403603  0.131684
-0.41523  0.403651  0.131414
-0.41523  0.403651  0.131414
-0.415235  0.403698  0.131145
-0.415235  0.403698  0.131145
-0.415235  0.403698  0.131145
-0.415241  0.403745  0.130878
-0.415241  0.403745  0.130878
-0.415246  0.403792  0.130611
-0.415246  0.403792  0.130611
-0.415246  0.403792  0.130611
-0.415252  0.403839  0.130346
-0.415252  0.403839  0.130346
-0.415257  0.403886  0.130081
-0.415257  0.403886  0.130081
-0.415257  0.403886  0.130081
-0.415263  0.403932  0.129818
-0.415263  0.403932  0.129818
-0.415268  0.403979  0.129556
-0.415268  0.403979  0.129556
-0.415268  0.403979  0.129556
-0.415274  0.404026  0.129295
-0.415274  0.404026  0.129295
-0.415279  0.404072  0.129034
-0.415279  0.404072  0.129034
-0.415279  0.404072  0.129034
-0.415285  0.404118  0.128776
-0.415285  0.404118  0.128776
-0.41529  0.404165  0.128517
-0.41529  0.404165  0.128517
-0.41529  0.404165  0.128517
-0.415296  0.40421  0.12826
-0.415296  0.40421  0.12826
-0.415302  0.404256  0.128004
-0.415302  0.404256  0.128004
-0.415302  0.404256  0.128004
-0.415307  0.404301  0.127749
-0.415307  0.404301  0.127749
-0.415307  0.404301  0.127749
-0.415313  0.404346  0.127495
-0.415313  0.404346  0.127495
-0.415319  0.40439  0.127242
-0.415319  0.40439  0.127242
-0.415319  0.40439  0.127242
-0.415325  0.404434  0.126989
-0.415325  0.404434  0.126989
-0.41533  0.404478  0.126738
-0.41533  0.404478  0.126738
-0.415336  0.404521  0.126488
-0.415336  0.404521  0.126488
-0.415336  0.404521  0.126488
-0.415342  0.404564  0.126239
-0.415342  0.404564  0.126239
-0.415349  0.404606  0.125991
-0.415349  0.404606  0.125991
-0.415349  0.404606  0.125991
-0.415355  0.404648  0.125744
-0.415355  0.404648  0.125744
-0.415361  0.40469  0.125499
-0.415361  0.40469  0.125499
-0.415361  0.40469  0.125499
-0.415367  0.404732  0.125254
-0.415367  0.404732  0.125254
-0.415373  0.404774  0.125011
-0.415373  0.404774  0.125011
-0.415373  0.404774  0.125011
-0.415379  0.404815  0.124769
-0.415379  0.404815  0.124769
-0.415386  0.404856  0.124528
-0.415386  0.404856  0.124528
-0.415386  0.404856  0.124528
-0.415392  0.404897  0.124288
-0.415392  0.404897  0.124288
-0.415398  0.404938  0.12405
-0.415398  0.404938  0.12405
-0.415398  0.404938  0.12405
-0.415405  0.404978  0.123812
-0.415405  0.404978  0.123812
-0.415411  0.405019  0.123576
-0.415411  0.405019  0.123576
-0.415411  0.405019  0.123576
-0.415418  0.405059  0.12334
-0.415418  0.405059  0.12334
-0.415424  0.405099  0.123106
-0.415424  0.405099  0.123106
-0.415424  0.405099  0.123106
-0.415431  0.405138  0.122873
-0.415431  0.405138  0.122873
-0.415437  0.405178  0.122641
-0.415437  0.405178  0.122641
-0.415437  0.405178  0.122641
-0.415444  0.405217  0.12241
-0.415444  0.405217  0.12241
-0.41545  0.405256  0.12218
-0.41545  0.405256  0.12218
-0.41545  0.405256  0.12218
-0.415457  0.405295  0.121952
-0.415457  0.405295  0.121952
-0.415464  0.405334  0.121724
-0.415464  0.405334  0.121724
-0.415464  0.405334  0.121724
-0.41547  0.405372  0.121498
-0.41547  0.405372  0.121498
-0.415477  0.405411  0.121273
-0.415477  0.405411  0.121273
-0.415477  0.405411  0.121273
-0.415484  0.40545  0.12105
-0.415484  0.40545  0.12105
-0.415491  0.405488  0.120827
-0.415491  0.405488  0.120827
-0.415491  0.405488  0.120827
-0.415497  0.405526  0.120606
-0.415497  0.405526  0.120606
-0.415504  0.405564  0.120387
-0.415504  0.405564  0.120387
-0.415504  0.405564  0.120387
-0.415511  0.405602  0.120168
-0.415511  0.405602  0.120168
-0.415518  0.40564  0.119951
-0.415518  0.40564  0.119951
-0.415518  0.40564  0.119951
-0.415525  0.405677  0.119734
-0.415525  0.405677  0.119734
-0.415532  0.405715  0.119519
-0.415532  0.405715  0.119519
-0.415532  0.405715  0.119519
-0.415539  0.405752  0.119305
-0.415539  0.405752  0.119305
-0.415546  0.405789  0.119093
-0.415546  0.405789  0.119093
-0.415546  0.405789  0.119093
-0.415553  0.405826  0.118881
-0.415553  0.405826  0.118881
-0.41556  0.405863  0.11867
-0.41556  0.405863  0.11867
-0.41556  0.405863  0.11867
-0.415567  0.4059  0.118461
-0.415567  0.4059  0.118461
-0.415574  0.405936  0.118252
-0.415574  0.405936  0.118252
-0.415574  0.405936  0.118252
-0.415581  0.405972  0.118045
-0.415581  0.405972  0.118045
-0.415588  0.406009  0.117838
-0.415588  0.406009  0.117838
-0.415588  0.406009  0.117838
-0.415596  0.406045  0.117633
-0.415596  0.406045  0.117633
-0.415603  0.406081  0.117429
-0.415603  0.406081  0.117429
-0.415603  0.406081  0.117429
-0.41561  0.406116  0.117226
-0.41561  0.406116  0.117226
-0.415617  0.406152  0.117023
-0.415617  0.406152  0.117023
-0.415617  0.406152  0.117023
-0.415624  0.406187  0.116822
-0.415624  0.406187  0.116822
-0.415632  0.406223  0.116621
-0.415632  0.406223  0.116621
-0.415632  0.406223  0.116621
-0.415639  0.406258  0.116422
-0.415639  0.406258  0.116422
-0.415646  0.406292  0.116222
-0.415646  0.406292  0.116222
-0.415646  0.406292  0.116222
-0.415654  0.406327  0.116023
-0.415654  0.406327  0.116023
-0.415661  0.406361  0.115825
-0.415661  0.406361  0.115825
-0.415661  0.406361  0.115825
-0.415668  0.406395  0.115626
-0.415668  0.406395  0.115626
-0.415675  0.406429  0.115429
-0.415675  0.406429  0.115429
-0.415675  0.406429  0.115429
-0.415683  0.406463  0.115231
-0.415683  0.406463  0.115231
-0.41569  0.406496  0.115033
-0.41569  0.406496  0.115033
-0.41569  0.406496  0.115033
-0.415697  0.40653  0.114836
-0.415697  0.40653  0.114836
-0.415704  0.406563  0.114639
-0.415704  0.406563  0.114639
-0.415704  0.406563  0.114639
-0.415712  0.406596  0.114442
-0.415712  0.406596  0.114442
-0.415719  0.406628  0.114245
-0.415719  0.406628  0.114245
-0.415719  0.406628  0.114245
-0.415726  0.406661  0.114049
-0.415726  0.406661  0.114049
-0.415733  0.406693  0.113852
-0.415733  0.406693  0.113852
-0.415733  0.406693  0.113852
-0.41574  0.406725  0.113656
-0.41574  0.406725  0.113656
-0.415747  0.406757  0.11346
-0.415747  0.406757  0.11346
-0.415747  0.406757  0.11346
-0.415754  0.406789  0.113265
-0.415754  0.406789  0.113265
-0.415761  0.40682  0.11307
-0.415761  0.40682  0.11307
-0.415768  0.406852  0.112875
-0.415768  0.406852  0.112875
-0.415768  0.406852  0.112875
-0.415775  0.406884  0.112681
-0.415775  0.406884  0.112681
-0.415782  0.406915  0.112486
-0.415782  0.406915  0.112486
-0.415782  0.406915  0.112486
-0.415789  0.406946  0.112293
-0.415789  0.406946  0.112293
-0.415789  0.406946  0.112293
-0.415796  0.406977  0.112099
-0.415796  0.406977  0.112099
-0.415803  0.407008  0.111906
-0.415803  0.407008  0.111906
-0.415803  0.407008  0.111906
-0.41581  0.407039  0.111713
-0.41581  0.407039  0.111713
-0.415817  0.40707  0.111521
-0.415817  0.40707  0.111521
-0.415817  0.40707  0.111521
-0.415824  0.4071  0.111329
-0.415824  0.4071  0.111329
-0.415824  0.4071  0.111329
-0.41583  0.40713  0.111138
-0.41583  0.40713  0.111138
-0.415837  0.40716  0.110946
-0.415837  0.40716  0.110946
-0.415837  0.40716  0.110946
-0.415844  0.40719  0.110755
-0.415844  0.40719  0.110755
-0.415851  0.407219  0.110564
-0.415851  0.407219  0.110564
-0.415851  0.407219  0.110564
-0.415858  0.407248  0.110373
-0.415858  0.407248  0.110373
-0.415865  0.407277  0.110182
-0.415865  0.407277  0.110182
-0.415872  0.407305  0.109991
-0.415872  0.407305  0.109991
-0.415872  0.407305  0.109991
-0.415879  0.407333  0.109802
-0.415879  0.407333  0.109802
-0.415885  0.407361  0.109613
-0.415885  0.407361  0.109613
-0.415885  0.407361  0.109613
-0.415892  0.407389  0.109424
-0.415892  0.407389  0.109424
-0.415899  0.407417  0.109237
-0.415899  0.407417  0.109237
-0.415899  0.407417  0.109237
-0.415906  0.407444  0.10905
-0.415906  0.407444  0.10905
-0.415914  0.407471  0.108865
-0.415914  0.407471  0.108865
-0.415914  0.407471  0.108865
-0.415921  0.407498  0.108681
-0.415921  0.407498  0.108681
-0.415928  0.407525  0.108497
-0.415928  0.407525  0.108497
-0.415928  0.407525  0.108497
-0.415935  0.407551  0.108315
-0.415935  0.407551  0.108315
-0.415942  0.407578  0.108135
-0.415942  0.407578  0.108135
-0.415942  0.407578  0.108135
-0.41595  0.407604  0.107955
-0.41595  0.407604  0.107955
-0.415957  0.407631  0.107776
-0.415957  0.407631  0.107776
-0.415957  0.407631  0.107776
-0.415964  0.407657  0.107599
-0.415964  0.407657  0.107599
-0.415972  0.407683  0.107423
-0.415972  0.407683  0.107423
-0.415972  0.407683  0.107423
-0.415979  0.407709  0.107248
-0.415979  0.407709  0.107248
-0.415986  0.407735  0.107074
-0.415986  0.407735  0.107074
-0.415986  0.407735  0.107074
-0.415994  0.407761  0.106901
-0.415994  0.407761  0.106901
-0.416001  0.407787  0.106729
-0.416001  0.407787  0.106729
-0.416001  0.407787  0.106729
-0.416008  0.407814  0.106559
-0.416008  0.407814  0.106559
-0.416016  0.40784  0.10639
-0.416016  0.40784  0.10639
-0.416016  0.40784  0.10639
-0.416023  0.407867  0.106222
-0.416023  0.407867  0.106222
-0.416031  0.407894  0.106055
-0.416031  0.407894  0.106055
