7.11541  0.784803  
7.11534  0.785004  
6.79229  0.929686  
6.43091  1.09103  
6.39032  1.10792  
6.16544  1.16274  
6.15027  1.16722  
5.62617  1.36646  
5.17857  1.54942  
5.15583  1.55622  
4.98373  1.57835  
4.98194  1.57395  
3.06344  1.77074  
2.8877  1.77069  
2.94089  1.54087  
3.18296  1.15366  
3.1887  1.14646  
3.04234  1.16151  
2.88636  1.224  
3.03665  1.00631  
3.07321  0.836616  
3.03033  0.899413  
2.34297  1.33148  
2.20487  1.25115  
2.2337  1.18918  
2.00417  1.19845  
1.81978  1.39008  
1.24134  1.65205  
1.11945  1.45387  
1.14674  1.41977  
0.848305  1.49803  
0.80264  1.51552  
0.424654  1.61887  
0.59818  1.30747  
0.575473  1.32163  
0.202502  1.50484  
0.154234  1.52222  
0.0884155  1.38064  
0.157898  1.25952  
0.161381  1.26048  
-0.272411  1.47591  
-0.298999  1.47523  
-0.314932  1.37614  
-0.424836  1.44567  
-0.423309  1.43781  
-0.657844  1.53584  
-0.601115  1.46879  
-0.346628  1.27093  
-0.314693  1.30802  
-0.298416  1.3011  
-0.212083  1.24462  
-0.208105  1.23835  
0.0865226  1.06563  
0.025492  1.13069  
0.081386  1.10272  
0.214352  0.985295  
0.25255  0.966849  
0.346975  0.976418  
0.267074  1.04469  
0.278977  1.04997  
0.540727  0.888688  
0.594252  0.862199  
0.636362  0.893698  
0.686545  0.880445  
0.767081  0.841461  
1.06477  0.663191  
1.08436  0.676787  
1.1328  0.688126  
1.32949  0.568228  
1.34938  0.546076  
1.46844  0.468895  
1.46892  0.504382  
1.40834  0.580871  
1.56284  0.50221  
1.54127  0.511177  
1.49609  0.628732  
1.47856  0.639201  
1.56154  0.624476  
1.68068  0.545356  
1.6469  0.605093  
1.64776  0.673436  
1.65996  0.664738  
1.85086  0.539749  
1.87583  0.506947  
1.84824  0.548872  
1.84964  0.559953  
1.86229  0.549391  
1.9362  0.498569  
1.87254  0.567646  
1.84968  0.584359  
1.87791  0.580578  
1.8629  0.596485  
1.82757  0.627891  
1.71897  0.774315  
1.71044  0.778644  
1.77347  0.713267  
1.7835  0.710365  
1.69026  0.806545  
1.68909  0.810576  
1.69397  0.806901  
1.68199  0.813373  
1.65841  0.833833  
1.56789  0.887695  
1.57727  0.864738  
1.60316  0.835306  
1.52681  0.882784  
1.51408  0.89432  
1.53941  0.799284  
1.52646  0.81182  
1.50825  0.775893  
1.42473  0.790137  
1.41326  0.804684  
1.42408  0.776012  
1.41185  0.775543  
1.33048  0.84614  
1.29799  0.872599  
1.31514  0.857235  
1.28489  0.906323  
1.27229  0.917925  
1.20022  1.00664  
1.21301  1.00119  
1.24287  0.977248  
1.1676  1.0184  
1.15973  1.03405  
1.14603  1.01042  
1.15966  1.00857  
1.11047  1.01579  
1.03477  1.06197  
1.04921  1.05413  
1.01539  1.04717  
1.02017  1.04104  
0.948633  1.08821  
0.948837  1.09248  
0.927331  1.10286  
0.931105  1.10579  
0.937265  1.10232  
0.922313  1.11429  
0.926361  1.10921  
0.955134  1.07613  
0.962445  1.0845  
0.968544  1.08102  
0.986644  1.05772  
1.00306  1.0467  
0.984296  1.06199  
0.967226  1.08839  
0.97001  1.08362  
0.963466  1.09266  
0.973756  1.09485  
0.962549  1.10618  
0.984254  1.12413  
0.995062  1.11848  
1.01227  1.1381  
1.01737  1.13899  
1.02759  1.13314  
1.06783  1.11693  
1.07538  1.11533  
1.1026  1.11033  
1.12552  1.09475  
1.12675  1.10113  
1.16466  1.08107  
1.1432  1.1004  
1.173  1.06987  
1.2124  1.04284  
1.22133  1.037  
1.22487  1.03729  
1.2294  1.04203  
1.25934  1.01751  
1.28711  1.00999  
1.28706  0.997347  
1.29553  0.998417  
1.288  1.00564  
1.31889  0.99854  
1.31471  1.00057  
1.33065  1.00962  
1.33881  1.00196  
1.33136  1.0087  
1.35752  0.99566  
1.36606  0.989086  
1.36488  0.994191  
1.37646  0.981837  
1.38542  0.983679  
1.38151  0.977195  
1.38216  0.983484  
1.37256  0.98048  
1.36933  0.983931  
1.3764  0.975082  
1.36619  0.985203  
1.35876  0.996254  
1.35597  0.989882  
1.35856  0.980936  
1.34414  0.983041  
1.35195  0.976846  
1.3427  0.975479  
1.32751  0.984408  
1.33658  0.973216  
1.30703  0.989192  
1.3044  0.981286  
1.30932  0.970903  
1.31788  0.959745  
1.29639  0.968776  
1.27576  0.98629  
1.26854  0.982322  
1.27017  0.97553  
1.23347  0.991934  
1.21178  1.00466  
1.21763  0.998762  
1.20362  1.00668  
1.19697  1.01839  
1.17313  1.01515  
1.1608  1.01755  
1.16083  1.0215  
1.15834  1.00523  
1.16034  0.998492  
1.14407  0.998209  
1.15427  0.991306  
1.13377  0.994083  
1.13572  0.987648  
1.11315  0.99694  
1.12955  0.974821  
1.13138  0.968633  
1.1162  0.985729  
1.11004  0.992009  
1.09681  0.988753  
1.09929  0.982868  
1.10112  0.976623  
1.08206  0.97545  
1.08391  0.969363  
1.09049  0.957663  
1.09371  0.947742  
1.09507  0.946593  
1.07396  0.950085  
1.07766  0.939501  
1.08162  0.927343  
1.04858  0.931233  
1.04741  0.924393  
1.02769  0.927231  
1.03109  0.930971  
0.999203  0.942535  
0.998499  0.940232  
0.992416  0.947282  
0.962539  0.958655  
0.959046  0.952779  
0.953156  0.955958  
0.935291  0.963005  
0.929299  0.96993  
0.950632  0.950824  
0.944517  0.957838  
0.936495  0.946491  
0.940027  0.946333  
0.939283  0.934162  
0.929256  0.931819  
0.922983  0.939151  
0.92339  0.933384  
0.940031  0.901787  
0.953449  0.900622  
0.933096  0.905443  
0.931642  0.898249  
0.895208  0.896001  
0.89476  0.879316  
0.892054  0.865457  
0.866481  0.850425  
0.876056  0.830614  
0.840763  0.827614  
0.803249  0.810455  
0.802519  0.798555  
0.814512  0.777223  
0.783388  0.779663  
0.747945  0.792494  
0.729339  0.783401  
0.739095  0.769932  
0.733614  0.763473  
0.73501  0.762443  
0.700506  0.769933  
0.701907  0.768916  
0.681145  0.758196  
0.65223  0.761819  
0.663691  0.74729  
0.64736  0.727353  
0.658788  0.713243  
0.637604  0.694944  
0.627012  0.672506  
0.630209  0.67125  
0.614239  0.648419  
0.615668  0.647417  
0.608077  0.640155  
0.584121  0.655306  
0.604412  0.619053  
0.607586  0.618481  
0.562193  0.648219  
0.573909  0.63553  
0.561619  0.638119  
0.565377  0.642264  
0.576962  0.629566  
0.600488  0.621945  
0.611762  0.609308  
0.610979  0.595725  
0.623272  0.59451  
0.613107  0.578583  
0.616842  0.559452  
0.598465  0.582539  
0.621989  0.55089  
0.601091  0.563632  
0.571123  0.585873  
0.549737  0.578339  
0.533884  0.582373  
0.512124  0.586008  
0.502613  0.57531  
0.523869  0.562757  
0.532389  0.515812  
0.545445  0.515564  
0.533478  0.500793  
0.517735  0.505831  
0.52916  0.467324  
0.503688  0.483944  
0.489076  0.500557  
0.457963  0.505826  
0.442241  0.511051  
0.39278  0.549234  
0.406643  0.549109  
0.348907  0.571475  
0.319951  0.580439  
0.338918  0.569282  
0.314698  0.583612  
0.316999  0.579196  
0.306042  0.563257  
0.328853  0.551753  
0.260828  0.58374  
0.221477  0.588554  
0.206256  0.593258  
0.221669  0.5855  
0.226049  0.581726  
0.233165  0.578725  
0.227718  0.582921  
0.222848  0.578461  
0.199085  0.59445  
0.207106  0.586311  
0.229859  0.575556  
0.193961  0.58662  
0.188457  0.590783  
0.189714  0.576097  
0.157026  0.576529  
0.14147  0.58166  
0.157416  0.563739  
0.162243  0.565209  
0.184367  0.552056  
0.211845  0.541182  
0.195889  0.546742  
0.2327  0.521333  
0.216618  0.527138  
0.213191  0.525578  
0.226097  0.525483  
0.243393  0.517037  
0.2644  0.507662  
0.248169  0.513603  
0.254665  0.498146  
0.246808  0.505882  
0.23304  0.509456  
0.227309  0.505229  
0.212079  0.508443  
0.209327  0.514374  
0.200036  0.524972  
0.183566  0.529586  
0.20915  0.521038  
0.191709  0.533592  
0.187953  0.534254  
0.208592  0.513644  
0.192976  0.519445  
0.203798  0.516322  
0.181501  0.540276  
0.187782  0.521955  
0.201066  0.511163  
0.222403  0.510956  
0.209843  0.514667  
0.210783  0.518673  
0.249358  0.50206  
0.231088  0.502732  
0.249566  0.493076  
0.259164  0.491659  
0.275412  0.470282  
0.238503  0.516002  
0.216985  0.527497  
0.239856  0.516685  
0.192221  0.539638  
0.172173  0.555171  
0.168855  0.573855  
0.191102  0.572616  
0.214102  0.561429  
0.224597  0.551634  
0.237728  0.540903  
0.235367  0.53392  
0.216329  0.544099  
0.231323  0.537286  
0.208468  0.540288  
0.221668  0.529752  
0.178766  0.545644  
0.143902  0.56905  
0.126388  0.576188  
0.111797  0.583393  
0.0958057  0.601279  
0.0890726  0.583356  
0.109639  0.560363  
0.100137  0.562851  
0.104714  0.552438  
0.0819118  0.568841  
0.109912  0.517717  
0.124005  0.50774  
0.0793856  0.507686  
0.0937147  0.497962  
0.0828185  0.493344  
0.0520152  0.504696  
0.076469  0.494581  
0.0373575  0.505076  
0.0521873  0.49541  
0.010099  0.533071  
0.0431955  0.505747  
0.0207654  0.522761  
0.0290101  0.523826  
0.0438672  0.513929  
0.039289  0.517582  
0.0831678  0.488523  
0.0698141  0.500337  
0.103279  0.479153  
0.124645  0.469908  
0.0809721  0.462254  
0.0646432  0.481651  
0.0511948  0.49191  
0.0459693  0.497404  
0.0614383  0.485565  
0.0428629  0.49369  
0.0510292  0.499379  
0.0544144  0.495305  
0.0828307  0.478317  
0.0630583  0.488417  
0.0753452  0.476922  
0.0790463  0.47546  
0.062728  0.49122  
0.0465656  0.489167  
0.0333794  0.502344  
0.0203252  0.507811  
-0.0176667  0.524735  
-0.0159263  0.530701  
-0.0382502  0.547511  
-0.05438  0.562733  
-0.0460979  0.557573  
-0.0698529  0.570923  
-0.0829962  0.56805  
-0.0811013  0.580211  
-0.0954114  0.592301  
-0.0568461  0.577109  
-0.0696759  0.584975  
-0.0537928  0.574269  
-0.0509034  0.562674  
-0.0533211  0.573247  
-0.0279036  0.569322  
-0.00830304  0.559576  
-0.0211825  0.564326  
-0.0507205  0.569917  
-0.0349318  0.559172  
-0.104856  0.621756  
-0.0987312  0.610342  
-0.114927  0.621445  
-0.165602  0.658318  
-0.186235  0.670473  
-0.180113  0.662066  
-0.189573  0.660528  
-0.142073  0.632309  
-0.119859  0.611607  
-0.131877  0.615755  
-0.124322  0.590667  
-0.113537  0.584988  
-0.141815  0.621981  
-0.131843  0.608597  
-0.117567  0.600804  
-0.175506  0.640799  
-0.177895  0.663538  
-0.161868  0.652732  
-0.211802  0.688659  
-0.207455  0.695867  
-0.205093  0.696799  
-0.222494  0.70591  
-0.23197  0.693015  
-0.264522  0.735889  
-0.247889  0.724521  
-0.260209  0.727603  
-0.237997  0.712124  
-0.270674  0.723385  
-0.265829  0.717911  
-0.257377  0.717473  
-0.247615  0.689875  
-0.239083  0.689575  
-0.213557  0.682094  
-0.190129  0.660642  
-0.163381  0.62628  
-0.186444  0.64707  
-0.198035  0.650882  
-0.168131  0.659375  
-0.190547  0.663197  
-0.169402  0.647861  
-0.186266  0.672569  
-0.204613  0.692964  
-0.216219  0.684729  
-0.23069  0.69349  
-0.252251  0.708612  
-0.246986  0.685655  
-0.229899  0.674222  
-0.252748  0.659439  
-0.235358  0.648167  
-0.242255  0.643706  
-0.224901  0.632534  
-0.257546  0.656866  
-0.258869  0.664027  
-0.269185  0.667466  
-0.280837  0.675514  
-0.2646  0.678699  
-0.280838  0.687301  
-0.281189  0.679648  
-0.277875  0.684408  
-0.31469  0.699474  
-0.347482  0.715976  
-0.365068  0.729276  
-0.381846  0.725442  
-0.390385  0.721745  
-0.405554  0.731901  
-0.415135  0.747616  
-0.434486  0.749254  
-0.425421  0.742515  
-0.455087  0.768568  
-0.422725  0.741542  
-0.407263  0.736979  
-0.411632  0.732711  
-0.41471  0.753617  
-0.420895  0.759557  
-0.402212  0.747651  
-0.414515  0.765853  
-0.419245  0.76836  
-0.415291  0.778795  
-0.400102  0.771056  
-0.424968  0.797496  
-0.437157  0.784202  
-0.429215  0.785685  
-0.40228  0.756365  
-0.411368  0.758957  
-0.402559  0.7691  
-0.384497  0.757344  
-0.392758  0.74727  
-0.387673  0.755836  
-0.402364  0.757054  
-0.39616  0.770009  
-0.378159  0.758186  
-0.373256  0.769827  
-0.36392  0.773004  
-0.357451  0.779972  
-0.386622  0.779634  
-0.381763  0.780283  
-0.380507  0.787913  
-0.397334  0.803095  
-0.405234  0.796922  
-0.397864  0.803567  
-0.420759  0.808634  
-0.424615  0.813625  
-0.452441  0.823283  
-0.460617  0.825078  
-0.459274  0.824256  
-0.433929  0.811997  
-0.406822  0.79151  
-0.41853  0.789278  
-0.395422  0.777002  
-0.420419  0.786792  
-0.418212  0.791405  
-0.411857  0.782445  
-0.395815  0.785172  
-0.394005  0.785959  
-0.395972  0.782308  
-0.418484  0.800847  
-0.414059  0.792409  
-0.38206  0.756999  
-0.363202  0.744487  
-0.36114  0.740574  
-0.344155  0.721874  
-0.329641  0.707487  
-0.333114  0.68896  
-0.340797  0.691756  
-0.337682  0.699162  
-0.345298  0.701845  
-0.327589  0.698317  
-0.320239  0.69497  
-0.326152  0.704852  
-0.314788  0.697999  
-0.337054  0.716972  
-0.342705  0.725466  
-0.319281  0.712168  
-0.373697  0.750115  
-0.351812  0.728285  
-0.366891  0.741581  
-0.388418  0.749104  
-0.409868  0.761187  
-0.417848  0.772064  
-0.420501  0.771524  
-0.404514  0.762843  
-0.406363  0.747153  
-0.428385  0.765908  
-0.410372  0.755001  
-0.426562  0.759451  
-0.440262  0.76949  
-0.441971  0.772082  
-0.444207  0.767308  
-0.487939  0.806661  
-0.49695  0.815878  
-0.483411  0.815513  
-0.5357  0.856619  
-0.515703  0.854137  
-0.49595  0.846393  
-0.497465  0.852555  
-0.499508  0.847799  
-0.510238  0.846815  
-0.505309  0.839953  
-0.518707  0.840201  
-0.548091  0.835854  
-0.560259  0.83553  
-0.585526  0.842698  
-0.643997  0.858261  
-0.63078  0.856214  
-0.680999  0.882399  
-0.672266  0.86813  
-0.68085  0.873369  
-0.684713  0.874766  
-0.664601  0.8737  
-0.647243  0.86724  
-0.649319  0.868687  
-0.626737  0.852734  
-0.596968  0.842308  
-0.594579  0.830003  
-0.608997  0.826385  
-0.589557  0.820972  
-0.635848  0.828578  
-0.618774  0.81639  
-0.639205  0.811013  
-0.627524  0.795003  
-0.631196  0.797188  
-0.640792  0.799171  
-0.635783  0.790008  
-0.623984  0.791635  
-0.633915  0.791715  
-0.607666  0.784997  
-0.617136  0.805053  
-0.594903  0.792276  
-0.593727  0.793874  
-0.587658  0.790793  
-0.61923  0.788238  
-0.623413  0.789368  
-0.660546  0.812498  
-0.666793  0.793911  
-0.670226  0.796339  
-0.696582  0.814089  
-0.691475  0.811577  
-0.688241  0.80264  
-0.690091  0.821516  
-0.678205  0.808274  
-0.657342  0.809485  
-0.65029  0.813325  
-0.59053  0.771914  
-0.598382  0.768873  
-0.575852  0.755848  
-0.608184  0.753984  
-0.610341  0.756312  
-0.642594  0.758549  
-0.618875  0.745657  
-0.611238  0.742259  
-0.614182  0.726649  
-0.598117  0.712312  
-0.620298  0.737318  
-0.621604  0.739605  
-0.619241  0.733755  
-0.629228  0.749043  
-0.619054  0.756241  
-0.622712  0.767513  
-0.623948  0.769569  
-0.687727  0.790296  
-0.698633  0.788075  
-0.705638  0.798602  
-0.71698  0.784814  
-0.705274  0.766475  
-0.712755  0.767203  
-0.702366  0.760037  
-0.716872  0.751644  
-0.711067  0.764304  
-0.727028  0.770912  
-0.746698  0.790717  
-0.736018  0.805744  
-0.738361  0.809872  
-0.707482  0.793059  
-0.676301  0.788832  
-0.673577  0.784582  
-0.691301  0.784557  
-0.690827  0.786452  
-0.673838  0.752865  
-0.691302  0.758216  
-0.690653  0.76032  
-0.697196  0.74558  
-0.691271  0.748773  
-0.717059  0.78078  
-0.716041  0.782828  
-0.737109  0.808986  
-0.719781  0.836869  
-0.724198  0.842622  
-0.694442  0.842688  
-0.696515  0.857753  
-0.703107  0.857332  
-0.674453  0.825518  
-0.672647  0.830082  
-0.689207  0.84045  
-0.654611  0.806497  
-0.661514  0.81913  
-0.666776  0.793647  
-0.641161  0.779481  
-0.652738  0.801284  
-0.656621  0.817994  
-0.6595  0.815845  
-0.662178  0.852111  
-0.67099  0.864718  
-0.650621  0.869907  
-0.672153  0.885077  
-0.674264  0.886941  
-0.715852  0.929042  
-0.731461  0.933582  
-0.698852  0.923192  
-0.703972  0.931284  
-0.702192  0.931784  
-0.688148  0.923871  
-0.693609  0.931166  
-0.662986  0.91947  
-0.671944  0.937562  
-0.646839  0.922312  
-0.605562  0.901068  
-0.611962  0.913135  
-0.616012  0.926083  
-0.603078  0.898867  
-0.616469  0.90905  
-0.632632  0.909395  
-0.607585  0.89403  
-0.612502  0.879817  
-0.611334  0.866171  
-0.609306  0.874771  
-0.637856  0.89052  
-0.6356  0.891071  
-0.620418  0.896798  
-0.63287  0.906801  
-0.621715  0.945019  
-0.612825  0.942862  
-0.595266  0.973237  
-0.607873  0.982368  
-0.570468  0.984504  
-0.559394  0.992045  
-0.564694  0.989373  
-0.572551  0.985949  
-0.555003  0.96729  
-0.544945  0.949027  
-0.543028  0.954751  
-0.548957  0.952161  
-0.547108  0.946197  
-0.538951  0.936576  
-0.567555  0.970522  
-0.566026  0.971552  
-0.56485  0.97821  
-0.582804  1.00522  
-0.578987  1.01165  
-0.611662  1.03942  
-0.658567  1.05729  
-0.662354  1.05393  
-0.689019  1.10098  
-0.699747  1.1086  
-0.697519  1.08984  
-0.718134  1.09561  
-0.716758  1.09479  
-0.711131  1.0843  
-0.70018  1.07166  
-0.674768  1.04576  
-0.613367  1.00407  
-0.595331  1.00422  
-0.571201  0.985634  
-0.565236  0.964565  
-0.582494  0.972797  
-0.589635  0.970099  
-0.576322  0.964959  
-0.577521  0.952164  
-0.623023  0.980781  
-0.625405  0.977577  
-0.631577  0.971436  
-0.627109  0.97046  
-0.653334  0.969314  
-0.65503  0.965816  
-0.639623  0.968662  
-0.616213  0.964327  
-0.617976  0.960616  
-0.607071  0.968879  
-0.630144  0.981236  
-0.629784  0.97774  
-0.63195  0.988109  
-0.624986  0.988779  
-0.626246  0.984628  
-0.621057  0.981238  
-0.625662  0.971417  
-0.627404  0.981619  
-0.674767  1.01659  
-0.668828  1.01466  
-0.684501  1.03662  
-0.697414  1.0446  
-0.721129  1.06901  
-0.721708  1.07374  
-0.715205  1.07137  
-0.729111  1.05928  
-0.728599  1.0541  
-0.720228  1.03689  
-0.737001  1.05469  
-0.739675  1.04659  
-0.74976  1.05222  
-0.747078  1.05898  
-0.718249  1.03553  
-0.729883  1.04159  
-0.72091  1.04227  
-0.710116  1.04875  
-0.726898  1.06216  
-0.746672  1.08669  
-0.785878  1.11392  
-0.777924  1.11094  
-0.777889  1.1117  
-0.777868  1.10734  
-0.792537  1.12378  
-0.783732  1.118  
-0.788489  1.12337  
-0.788092  1.1141  
-0.785131  1.10875  
-0.774073  1.10878  
-0.742716  1.08811  
-0.730805  1.07465  
-0.734863  1.09371  
-0.731139  1.09026  
-0.739188  1.08442  
-0.749595  1.11444  
-0.762427  1.12716  
-0.793672  1.16158  
-0.786164  1.15763  
-0.783501  1.16081  
-0.80203  1.16405  
-0.792656  1.15982  
-0.803135  1.15735  
-0.805679  1.16515  
-0.818498  1.18357  
-0.814651  1.17558  
-0.839345  1.1721  
-0.823785  1.16117  
-0.826256  1.16502  
-0.82326  1.16152  
-0.818891  1.15348  
-0.836394  1.2008  
-0.831878  1.19235  
-0.821124  1.18507  
-0.82108  1.21476  
-0.810573  1.2137  
-0.785472  1.21668  
-0.781203  1.20763  
-0.773154  1.19985  
-0.740783  1.1867  
-0.709087  1.16707  
-0.715509  1.16363  
-0.718512  1.1676  
-0.687863  1.14699  
-0.663147  1.11786  
-0.652703  1.10728  
-0.644154  1.09259  
-0.644327  1.10996  
-0.664389  1.12819  
-0.700598  1.14884  
-0.713913  1.15467  
-0.747749  1.20251  
-0.736723  1.19599  
-0.74252  1.21456  
-0.766114  1.2417  
-0.76656  1.22729  
-0.728338  1.21995  
-0.70729  1.21198  
-0.68421  1.18133  
-0.624159  1.17926  
-0.619076  1.16763  
-0.585836  1.13472  
-0.587213  1.13556  
-0.582427  1.14152  
-0.584953  1.13651  
-0.585369  1.14186  
-0.638174  1.17192  
-0.638549  1.17206  
-0.65071  1.22133  
-0.668227  1.23673  
-0.674277  1.21624  
-0.650675  1.20924  
-0.644114  1.19605  
-0.581137  1.14521  
-0.593361  1.16543  
-0.584966  1.13351  
-0.594664  1.13213  
-0.571607  1.10791  
-0.566626  1.09215  
-0.566206  1.09148  
-0.595241  1.13287  
-0.618427  1.15051  
-0.66444  1.19631  
-0.726329  1.26968  
-0.717935  1.25497  
-0.728104  1.2944  
-0.720777  1.29666  
-0.700101  1.29277  
-0.695372  1.2796  
-0.70665  1.30066  
-0.688068  1.29031  
-0.670711  1.26996  
-0.622607  1.24874  
-0.622037  1.24408  
-0.607026  1.23986  
-0.622418  1.25604  
-0.617534  1.24305  
-0.635925  1.27816  
-0.657618  1.29296  
-0.671006  1.30481  
-0.659963  1.28091  
-0.661178  1.28683  
-0.655303  1.27999  
-0.676853  1.30476  
-0.68932  1.31595  
-0.671108  1.28918  
-0.662794  1.29019  
-0.648485  1.28385  
-0.640154  1.2924  
-0.60985  1.27237  
-0.62719  1.31286  
-0.625534  1.29391  
-0.651782  1.3052  
-0.645379  1.29904  
-0.63669  1.29937  
-0.632901  1.29496  
-0.628765  1.28926  
-0.622059  1.29337  
-0.633043  1.30302  
-0.632944  1.30334  
-0.593141  1.27778  
-0.600407  1.28177  
-0.561185  1.26511  
-0.571905  1.27427  
-0.590959  1.28902  
-0.58195  1.28832  
-0.62216  1.33296  
-0.621769  1.33442  
-0.61594  1.33575  
-0.613789  1.34704  
-0.617495  1.34193  
-0.621329  1.35538  
-0.615832  1.34731  
-0.564858  1.33373  
-0.550718  1.34653  
-0.543924  1.33185  
-0.538709  1.33676  
-0.529395  1.3347  
-0.549003  1.36547  
-0.553451  1.37828  
-0.563252  1.38817  
-0.5717  1.39414  
-0.552421  1.40521  
-0.541722  1.38286  
-0.56542  1.4189  
-0.547133  1.40161  
-0.537093  1.39836  
-0.501922  1.39  
-0.493087  1.40215  
-0.476323  1.37934  
-0.492793  1.39801  
-0.500768  1.40262  
-0.505761  1.41565  
-0.514729  1.42447  
-0.50077  1.39551  
-0.491375  1.3933  
-0.498596  1.3972  
-0.511908  1.39968  
-0.514343  1.41041  
-0.487789  1.37176  
-0.471757  1.3662  
-0.466093  1.36363  
-0.462964  1.34697  
-0.469436  1.3453  
-0.484804  1.32517  
-0.49323  1.3324  
-0.482096  1.31244  
-0.503382  1.30522  
-0.504239  1.31544  
-0.496441  1.29149  
-0.499444  1.30221  
-0.51436  1.31851  
-0.502693  1.34157  
-0.506867  1.34284  
-0.515844  1.38889  
-0.519587  1.38945  
-0.515158  1.377  
-0.518468  1.3772  
-0.518105  1.36336  
-0.521022  1.36327  
-0.506105  1.31139  
-0.50866  1.31111  
-0.480341  1.2877  
-0.497634  1.29241  
-0.499826  1.29175  
-0.478009  1.29172  
-0.47915  1.29676  
-0.461534  1.27675  
-0.466134  1.27893  
-0.46453  1.27705  
-0.466739  1.28422  
-0.465023  1.28208  
-0.464081  1.25834  
-0.449395  1.24884  
-0.461649  1.26102  
-0.473631  1.30309  
-0.469558  1.28576  
-0.467912  1.31369  
-0.466115  1.35611  
-0.463933  1.35288  
-0.433728  1.331  
-0.433919  1.32622  
-0.430863  1.35268  
-0.4273  1.36531  
-0.422989  1.36318  
-0.418233  1.36076  
-0.422025  1.36074  
-0.412507  1.3726  
-0.41616  1.36851  
-0.411815  1.36907  
-0.415717  1.39011  
-0.414641  1.38287  
-0.403585  1.36143  
-0.398555  1.36389  
-0.397591  1.35012  
-0.388301  1.3272  
-0.385346  1.32147  
-0.37232  1.29207  
-0.353865  1.25483  
-0.343284  1.26059  
-0.337753  1.26243  
-0.356104  1.27801  
-0.353757  1.26868  
-0.336738  1.29984  
-0.330716  1.30071  
-0.283771  1.25418  
-0.301435  1.28212  
-0.300118  1.28321  
-0.279858  1.24025  
-0.285739  1.24662  
-0.273985  1.22313  
-0.282774  1.22706  
-0.274617  1.21906  
-0.258647  1.20052  
-0.255419  1.18237  
-0.249292  1.15712  
-0.245923  1.14416  
-0.212999  1.10287  
-0.205907  1.03986  
-0.210727  1.04028  
-0.20468  1.03462  
-0.201023  1.02028  
-0.186636  0.958413  
-0.182364  0.968701  
-0.186365  0.967568  
-0.157676  0.962819  
-0.160844  0.993786  
-0.158432  1.0189  
-0.151472  1.08125  
-0.140005  1.09171  
-0.109906  1.10316  
-0.113675  1.09869  
-0.0890744  1.11527  
-0.0853273  1.09643  
-0.0725462  1.09365  
-0.0646014  1.0877  
-0.0678498  1.09506  
-0.0667673  1.10191  
-0.0560464  1.06245  
-0.0591514  1.03575  
-0.0639447  1.04331  
-0.031196  1.00163  
-0.0359366  1.00878  
-0.0423486  0.983226  
-0.0446241  0.97455  
-0.0605848  0.958626  
-0.0577731  0.963615  
-0.0597028  0.925706  
-0.0550319  0.902619  
-0.0313936  0.867708  
-0.0286055  0.859534  
-0.0120302  0.838127  
-0.00796488  0.845494  
-0.00586367  0.863993  
0.044014  0.869265  
0.040704  0.871725  
0.0635141  0.816826  
0.0693992  0.806798  
0.0671542  0.792804  
0.0509737  0.762943  
0.0344792  0.75163  
0.0359793  0.725604  
0.0372657  0.691463  
0.0324131  0.683689  
0.0253449  0.680243  
0.023906  0.66339  
0.0315414  0.677306  
0.0413367  0.645878  
0.0437191  0.629243  
0.0581999  0.587979  
0.0653739  0.606471  
0.071975  0.558987  
0.0688875  0.539387  
0.0629307  0.555256  
0.073935  0.540359  
0.0724345  0.536234  
0.0739631  0.50681  
0.062601  0.520278  
0.060666  0.512751  
0.0747226  0.50036  
0.0635312  0.512097  
0.0700627  0.442948  
0.0776585  0.409582  
0.0751141  0.399863  
0.0618497  0.416422  
0.059417  0.405642  
0.0616285  0.425385  
0.0781575  0.423254  
0.0753094  0.425744  
0.102632  0.412386  
0.0965382  0.39723  
0.0938943  0.437931  
0.093918  0.437348  
0.0992743  0.440908  
0.0998712  0.373039  
0.101429  0.385926  
0.0902914  0.38361  
0.0954081  0.385812  
0.0793321  0.416333  
0.0750239  0.398228  
0.0661961  0.390757  
0.0612594  0.352034  
0.0563147  0.332739  
0.0392655  0.3567  
0.0359544  0.382367  
0.0220076  0.336197  
0.0269158  0.334463  
0.0412517  0.262972  
0.0308763  0.246842  
0.0228452  0.23928  
-0.00154369  0.209098  
0.00578776  0.216336  
0.000548795  0.208475  
-0.0163878  0.155083  
-0.0164719  0.155209  
-0.0396653  0.149408  
-0.0545619  0.143347  
-0.079079  0.0913983  
-0.0980316  0.0747135  
-0.111583  0.0550946  
-0.149929  0.0358101  
-0.147521  0.0284764  
-0.17746  -0.0209472  
-0.229045  -0.0688635  
-0.231252  -0.0720078  
-0.252015  -0.0855847  
-0.250231  -0.0747231  
-0.276922  -0.0907213  
-0.279649  -0.0944229  
-0.295434  -0.105914  
-0.294909  -0.0976129  
-0.313999  -0.0990592  
-0.324744  -0.102456  
-0.309318  -0.0753509  
-0.325602  -0.0966008  
-0.331433  -0.10419  
-0.360039  -0.109431  
-0.359038  -0.11098  
-0.356745  -0.0937632  
-0.375373  -0.112572  
-0.375733  -0.115493  
-0.40712  -0.133683  
-0.411827  -0.132369  
-0.452809  -0.161631  
-0.481458  -0.184482  
-0.490034  -0.193571  
-0.521463  -0.197066  
-0.524145  -0.207052  
-0.576788  -0.229858  
-0.587012  -0.218594  
-0.596487  -0.236177  
-0.604907  -0.232841  
-0.598056  -0.232123  
-0.613836  -0.232801  
-0.637111  -0.219016  
-0.627589  -0.203908  
-0.631738  -0.225099  
-0.623314  -0.210775  
-0.636664  -0.193184  
-0.645578  -0.200663  
-0.644824  -0.198673  
-0.669085  -0.211803  
-0.65816  -0.202876  
-0.678809  -0.217893  
-0.692401  -0.212776  
-0.689063  -0.227414  
-0.684697  -0.214821  
-0.699172  -0.225425  
-0.693869  -0.248214  
-0.677591  -0.240693  
-0.709353  -0.247954  
-0.718633  -0.236282  
-0.731104  -0.238245  
-0.740324  -0.250863  
-0.734803  -0.244952  
-0.743574  -0.26779  
-0.762864  -0.278239  
-0.772703  -0.28384  
-0.794307  -0.291027  
-0.81504  -0.301147  
-0.802131  -0.300979  
-0.788908  -0.290404  
-0.788578  -0.295411  
-0.804815  -0.307549  
-0.759298  -0.295247  
-0.762279  -0.278863  
-0.770823  -0.288349  
-0.776027  -0.276706  
-0.770088  -0.277163  
-0.783548  -0.285722  
-0.820333  -0.302458  
-0.811165  -0.303804  
-0.855741  -0.337404  
-0.859996  -0.347416  
-0.884025  -0.356591  
-0.898453  -0.398423  
-0.912093  -0.40397  
-0.933741  -0.433281  
-0.930333  -0.430667  
-0.978693  -0.452146  
-0.978799  -0.470244  
-0.979114  -0.468773  
-0.999837  -0.475398  
-1.01207  -0.484462  
-1.01062  -0.491617  
-1.02627  -0.491119  
-1.01711  -0.485819  
-1.04758  -0.514787  
-1.04687  -0.511868  
-1.07017  -0.515971  
-1.08835  -0.538419  
-1.08164  -0.539908  
-1.10771  -0.556212  
-1.09905  -0.551494  
-1.11042  -0.561664  
-1.11923  -0.578504  
-1.10553  -0.581598  
-1.11703  -0.602463  
-1.11118  -0.60769  
-1.11466  -0.622884  
-1.09104  -0.630086  
-1.09489  -0.632551  
-1.10962  -0.636763  
-1.11538  -0.656882  
-1.11958  -0.659135  
-1.12061  -0.657359  
-1.12416  -0.653406  
-1.13379  -0.657813  
-1.15205  -0.665389  
-1.14844  -0.66428  
-1.15718  -0.693303  
-1.16213  -0.695481  
-1.17227  -0.719162  
-1.18202  -0.715671  
-1.1745  -0.71924  
-1.21165  -0.730665  
-1.21414  -0.7386  
-1.23314  -0.76087  
-1.25803  -0.78977  
-1.25765  -0.791304  
-1.32737  -0.812078  
-1.32934  -0.814608  
-1.36185  -0.841038  
-1.3538  -0.852604  
-1.41259  -0.888004  
-1.44625  -0.899603  
-1.45238  -0.912247  
-1.49883  -0.928475  
-1.5014  -0.929885  
-1.56235  -0.951411  
-1.55963  -0.955943  
-1.57701  -0.990101  
-1.61734  -1.01014  
-1.62673  -1.00818  
-1.64712  -1.03217  
-1.65179  -1.06296  
-1.65727  -1.06419  
-1.68076  -1.09233  
-1.67889  -1.09652  
-1.69424  -1.11304  
-1.72547  -1.12905  
-1.73126  -1.13028  
-1.75698  -1.13167  
-1.7732  -1.1361  
-1.8042  -1.15202  
-1.81362  -1.15017  
-1.84853  -1.15013  
-1.84631  -1.15457  
-1.87961  -1.16079  
-1.89916  -1.16918  
-1.90503  -1.17108  
-1.93276  -1.17615  
-1.93125  -1.18124  
-1.94725  -1.18908  
-1.94588  -1.19417  
-1.94801  -1.21287  
-1.94134  -1.23454  
-1.95097  -1.22599  
-1.9612  -1.23103  
-1.96071  -1.22922  
-1.95148  -1.2566  
-1.95121  -1.26139  
-1.97082  -1.27985  
-1.9979  -1.2713  
-1.99997  -1.27261  
-2.05066  -1.28174  
-2.05045  -1.27998  
-2.11318  -1.27061  
-2.13541  -1.29123  
-2.11865  -1.27974  
-2.14851  -1.29916  
-2.16879  -1.29271  
-2.19426  -1.30289  
-2.20505  -1.32177  
-2.20002  -1.33522  
-2.20964  -1.3427  
-2.20119  -1.35146  
-2.23141  -1.3741  
-2.24483  -1.3907  
-2.24457  -1.39578  
-2.29323  -1.40206  
-2.29231  -1.40706  
-2.32151  -1.41814  
-2.3563  -1.42342  
-2.35612  -1.42193  
-2.37553  -1.44045  
-2.38277  -1.43596  
-2.41701  -1.44151  
-2.42379  -1.44406  
-2.42644  -1.452  
-2.42645  -1.45072  
-2.45647  -1.45578  
-2.45618  -1.46133  
-2.49469  -1.44406  
-2.49463  -1.44329  
-2.53331  -1.45865  
-2.54007  -1.45544  
-2.56123  -1.45454  
-2.57377  -1.46389  
-2.57366  -1.46335  
-2.59148  -1.45892  
-2.59099  -1.46524  
-2.60739  -1.48824  
-2.5993  -1.50324  
-2.59991  -1.5033  
-2.58906  -1.50424  
-2.59158  -1.51261  
-2.60053  -1.50949  
-2.60113  -1.50887  
-2.6303  -1.51216  
-2.61335  -1.50142  
-2.65524  -1.49657  
-2.65627  -1.49653  
-2.65681  -1.49637  
-2.66935  -1.49486  
-2.66947  -1.50147  
-2.67344  -1.50269  
-2.67365  -1.50933  
-2.69626  -1.51192  
-2.68077  -1.51841  
-2.68863  -1.52158  
-2.6749  -1.5352  
-2.67594  -1.53489  
-2.66933  -1.55182  
-2.68999  -1.56093  
-2.69238  -1.5625  
-2.69941  -1.56335  
-2.70266  -1.56657  
-2.69896  -1.57194  
-2.72413  -1.5763  
-2.72966  -1.57421  
-2.73617  -1.56946  
-2.74001  -1.5718  
-2.75476  -1.58506  
-2.75954  -1.58054  
-2.75703  -1.57946  
-2.78238  -1.59931  
-2.77973  -1.59963  
-2.78423  -1.60674  
-2.7702  -1.62175  
-2.771  -1.62216  
-2.79681  -1.63617  
-2.79815  -1.63561  
-2.79725  -1.63829  
-2.79872  -1.644  
-2.80685  -1.64168  
-2.83464  -1.65156  
-2.83547  -1.65202  
-2.85312  -1.64816  
-2.86057  -1.65063  
-2.87132  -1.64358  
-2.87567  -1.65313  
-2.87195  -1.66007  
-2.90977  -1.6748  
-2.94094  -1.68495  
-2.93654  -1.69647  
-2.9357  -1.70466  
-2.93691  -1.70429  
-2.95295  -1.73591  
-2.97591  -1.74926  
-2.97711  -1.74866  
-3.03199  -1.76829  
-3.05089  -1.78804  
-3.0587  -1.78513  
-3.0811  -1.80722  
-3.09075  -1.80621  
-3.11912  -1.83386  
-3.15483  -1.8491  
-3.15514  -1.8549  
-3.18214  -1.88631  
-3.18291  -1.88541  
-3.2124  -1.91461  
-3.24082  -1.93308  
-3.23487  -1.94392  
-3.26574  -1.97855  
-3.26665  -1.9773  
-3.30712  -2.01112  
-3.30802  -2.01174  
-3.36283  -2.02632  
-3.36307  -2.03181  
-3.40925  -2.02972  
-3.4482  -2.03411  
-3.44813  -2.04  
-3.47337  -2.04573  
-3.48084  -2.04252  
-3.49222  -2.04054  
-3.49968  -2.03756  
-3.5248  -2.05072  
-3.52025  -2.05155  
-3.5157  -2.05533  
-3.52272  -2.0645  
-3.52323  -2.07129  
-3.52283  -2.05974  
-3.52706  -2.05396  
-3.52805  -2.05407  
-3.54302  -2.03919  
-3.5509  -2.03698  
-3.54138  -2.02897  
-3.55376  -2.0286  
-3.55914  -2.01434  
-3.56265  -2.00584  
-3.56511  -2.00746  
-3.56013  -2.01399  
-3.56315  -2.00895  
-3.5604  -2.01922  
-3.56274  -2.02745  
-3.56607  -2.02976  
-3.57356  -2.02863  
-3.57292  -2.02993  
-3.6015  -2.03502  
-3.59742  -2.04902  
-3.60737  -2.04127  
-3.61548  -2.06054  
-3.62007  -2.06535  
-3.64326  -2.06726  
-3.64905  -2.07145  
-3.66412  -2.09015  
-3.68138  -2.10577  
-3.68163  -2.1132  
-3.70043  -2.14036  
-3.71914  -2.14361  
-3.72862  -2.14517  
-3.75883  -2.16539  
-3.76184  -2.16024  
-3.79687  -2.19607  
-3.80669  -2.18829  
-3.83889  -2.21686  
-3.83857  -2.21627  
-3.84374  -2.22936  
-3.87771  -2.24242  
-3.88229  -2.24009  
-3.90537  -2.2639  
-3.92  -2.27831  
-3.92016  -2.27884  
-3.94407  -2.29574  
-3.94424  -2.29628  
-3.9714  -2.30529  
-3.97988  -2.30882  
-3.98667  -2.30693  
-4.00658  -2.32077  
-4.00668  -2.32154  
-4.01294  -2.31494  
-4.01039  -2.31026  
-4.01161  -2.31077  
-3.99575  -2.29414  
-3.99591  -2.28655  
-3.96353  -2.28494  
-3.94854  -2.28555  
-3.94792  -2.28364  
-3.92363  -2.27394  
-3.91664  -2.26968  
-3.89184  -2.26456  
-3.87383  -2.26307  
-3.86899  -2.2681  
-3.87533  -2.27887  
-3.86754  -2.29017  
-3.86707  -2.29506  
-3.86527  -2.28693  
-3.86645  -2.28821  
-3.85305  -2.28879  
-3.86427  -2.30317  
-3.86536  -2.30427  
-3.86087  -2.29974  
-3.86354  -2.30798  
-3.86455  -2.30905  
-3.87859  -2.31041  
-3.87945  -2.31152  
-3.89792  -2.33125  
-3.89865  -2.3322  
-3.92303  -2.33057  
-3.9159  -2.34222  
-3.91652  -2.34321  
-3.9362  -2.37659  
-3.93675  -2.3773  
-3.94986  -2.40091  
-3.95125  -2.41167  
-3.9518  -2.41214  
-3.9667  -2.4326  
-3.97892  -2.44474  
-3.99354  -2.45789  
-3.994  -2.45814  
-4.02345  -2.46519  
-4.02371  -2.46549  
-4.03825  -2.46303  
-4.04416  -2.46801  
-4.04437  -2.46847  
-4.06648  -2.46359  
-4.06586  -2.45669  
-4.08473  -2.45935  
-4.07112  -2.46651  
-4.07122  -2.46725  
-4.07832  -2.48127  
-4.07873  -2.48177  
-4.10027  -2.49189  
-4.10032  -2.4926  
-4.11265  -2.51827  
-4.10984  -2.51419  
-4.10992  -2.5148  
-4.1289  -2.52321  
-4.13336  -2.51974  
-4.14524  -2.50672  
-4.13886  -2.47819  
-4.13893  -2.47246  
-4.1362  -2.44571  
-4.13589  -2.44734  
-4.13337  -2.42996  
-4.1187  -2.39962  
-4.1196  -2.39831  
-4.12205  -2.38201  
-4.12162  -2.38443  
-4.1155  -2.3892  
-4.11269  -2.39632  
-4.11451  -2.4048  
-4.11622  -2.4024  
-4.11364  -2.41033  
-4.12026  -2.42075  
-4.12008  -2.42888  
-4.13333  -2.42592  
-4.15212  -2.43232  
-4.15646  -2.43651  
-4.15974  -2.42397  
-4.16858  -2.41059  
-4.16745  -2.41301  
-4.17521  -2.40537  
-4.19019  -2.4215  
-4.19499  -2.41465  
-4.20722  -2.40462  
-4.20091  -2.41498  
-4.1839  -2.42432  
-4.18003  -2.4213  
-4.17889  -2.43157  
-4.19822  -2.44552  
-4.19996  -2.44921  
-4.19746  -2.45248  
-4.20373  -2.4429  
-4.19452  -2.43488  
-4.21624  -2.43221  
-4.21654  -2.42574  
-4.2124  -2.41498  
-4.22324  -2.40763  
-4.21511  -2.40255  
-4.22341  -2.39927  
-4.22328  -2.39945  
-4.23719  -2.40301  
-4.23086  -2.40591  
-4.21764  -2.41629  
-4.22966  -2.43525  
-4.20865  -2.43875  
-4.22484  -2.43973  
-4.2207  -2.43637  
-4.24097  -2.42428  
-4.23157  -2.42758  
-4.25533  -2.40959  
-4.24752  -2.40924  
-4.24665  -2.4066  
-4.25445  -2.40644  
-4.25962  -2.40059  
-4.26513  -2.39432  
-4.27073  -2.39179  
-4.25415  -2.38783  
-4.2355  -2.39176  
-4.23289  -2.3879  
-4.22344  -2.40105  
-4.21407  -2.39609  
-4.21363  -2.38876  
-4.21957  -2.37758  
-4.2169  -2.38119  
-4.20985  -2.36565  
-4.20461  -2.35946  
-4.20177  -2.35598  
-4.18853  -2.35905  
-4.19736  -2.34494  
-4.19484  -2.3422  
-4.1948  -2.32779  
-4.19144  -2.33681  
-4.17564  -2.32177  
-4.17096  -2.31779  
-4.14586  -2.30918  
-4.15016  -2.30455  
-4.15486  -2.29811  
-4.1412  -2.28705  
-4.13802  -2.29135  
-4.14342  -2.2859  
-4.14038  -2.28461  
-4.1483  -2.28823  
-4.14405  -2.28887  
-4.14479  -2.29591  
-4.14754  -2.28772  
-4.14059  -2.28994  
-4.14126  -2.27463  
-4.1376  -2.27892  
-4.12622  -2.26891  
-4.12005  -2.26693  
-4.12274  -2.27047  
-4.10357  -2.27173  
-4.10037  -2.27031  
-4.10924  -2.28288  
-4.11478  -2.28469  
-4.11177  -2.29079  
-4.12502  -2.29634  
-4.11398  -2.3058  
-4.10529  -2.30152  
-4.10866  -2.30154  
-4.10956  -2.28293  
-4.11916  -2.27499  
-4.1212  -2.26119  
-4.12701  -2.24278  
-4.1207  -2.2394  
-4.11041  -2.23456  
-4.1085  -2.2538  
-4.12824  -2.23992  
-4.12935  -2.23836  
-4.12773  -2.23734  
-4.13786  -2.27334  
-4.13101  -2.28287  
-4.11977  -2.28383  
-4.10553  -2.29657  
-4.10653  -2.29016  
-4.12631  -2.28062  
-4.12738  -2.28201  
-4.11058  -2.26596  
-4.10969  -2.26539  
-4.10503  -2.26176  
-4.10192  -2.23911  
-4.10654  -2.23614  
-4.10955  -2.22681  
-4.10607  -2.22513  
-4.10391  -2.22039  
-4.08116  -2.19814  
-4.07188  -2.1943  
-4.06692  -2.1813  
-4.05553  -2.15949  
-4.05035  -2.15161  
-4.03643  -2.14127  
-4.03159  -2.13641  
-4.02182  -2.1431  
-4.01864  -2.14914  
-4.01332  -2.12977  
-4.01191  -2.13661  
-4.0152  -2.15812  
-4.00148  -2.14497  
-3.99676  -2.14184  
-3.98619  -2.14117  
-3.98091  -2.13806  
-3.98456  -2.11438  
-3.99382  -2.09343  
-3.99419  -2.08811  
-3.98294  -2.07781  
-3.97824  -2.08291  
-3.98365  -2.04412  
-3.96879  -2.0512  
-3.97096  -2.04667  
-3.9608  -2.05108  
-3.957  -2.06197  
-3.95214  -2.05918  
-3.94771  -2.08387  
-3.94007  -2.08024  
-3.93289  -2.07761  
-3.92539  -2.07932  
-3.92071  -2.07605  
-3.912  -2.08697  
-3.91749  -2.07944  
-3.91647  -2.07153  
-3.92028  -2.06966  
-3.93762  -2.07033  
-3.93525  -2.05497  
-3.94587  -2.04887  
-3.95707  -2.03432  
-3.95124  -2.02513  
-3.97404  -2.03063  
-3.95945  -2.01408  
-3.96064  -2.01435  
-3.96025  -2.01541  
-3.96048  -2.01581  
-3.93341  -2.01054  
-3.9239  -2.01564  
-3.92504  -2.01577  
-3.90666  -2.01661  
-3.92082  -2.02083  
-3.91067  -1.99063  
-3.91227  -1.97878  
-3.90771  -1.97558  
-3.89208  -1.95186  
-3.88941  -1.94568  
-3.89007  -1.94045  
-3.88893  -1.9336  
-3.88477  -1.92816  
-3.87244  -1.92242  
-3.87008  -1.95305  
-3.86595  -1.94969  
-3.86675  -1.94146  
-3.86899  -1.93719  
-3.87515  -1.91744  
-3.89489  -1.92725  
-3.88896  -1.90645  
-3.88999  -1.90879  
-3.88568  -1.89966  
-3.87359  -1.87322  
-3.87456  -1.86777  
-3.88055  -1.85106  
-3.88147  -1.84579  
-3.85701  -1.85032  
-3.85302  -1.84727  
-3.84034  -1.83476  
-3.8396  -1.82933  
-3.83579  -1.83436  
-3.85683  -1.84493  
-3.85414  -1.85126  
-3.84696  -1.85403  
-3.84113  -1.8772  
-3.84287  -1.87091  
-3.83385  -1.87682  
-3.83045  -1.87282  
-3.84272  -1.87837  
-3.83784  -1.89364  
-3.82387  -1.89149  
-3.80984  -1.86992  
-3.81209  -1.86325  
-3.82914  -1.85048  
-3.82605  -1.84635  
-3.84402  -1.82955  
-3.8522  -1.81162  
-3.85531  -1.81592  
-3.84827  -1.80062  
-3.84512  -1.80497  
-3.86295  -1.80359  
-3.86215  -1.80872  
-3.85669  -1.82313  
-3.84353  -1.81826  
-3.84115  -1.82477  
-3.82598  -1.80818  
-3.82063  -1.80948  
-3.81787  -1.79513  
-3.81477  -1.80156  
-3.81494  -1.7928  
-3.80929  -1.78743  
-3.81475  -1.7763  
-3.81705  -1.75156  
-3.82527  -1.75386  
-3.8204  -1.74891  
-3.82341  -1.74703  
-3.8218  -1.74954  
-3.80183  -1.72332  
-3.80159  -1.71427  
-3.79969  -1.71002  
-3.80225  -1.71429  
-3.79863  -1.71007  
-3.78955  -1.71274  
-3.76118  -1.71266  
-3.7595  -1.71631  
-3.74899  -1.71678  
-3.74781  -1.71196  
-3.77414  -1.71197  
-3.76525  -1.71554  
-3.75934  -1.71253  
-3.7609  -1.70095  
-3.75982  -1.69598  
-3.76808  -1.67854  
-3.76659  -1.68201  
-3.77613  -1.66422  
-3.77765  -1.67079  
-3.78159  -1.66766  
-3.77045  -1.66337  
-3.76915  -1.66671  
-3.75664  -1.65977  
-3.76031  -1.66509  
-3.75934  -1.66734  
-3.73701  -1.65877  
-3.71901  -1.64774  
-3.71831  -1.6506  
-3.70187  -1.62804  
-3.70264  -1.62889  
-3.70577  -1.62604  
-3.70633  -1.62562  
-3.70165  -1.6212  
-3.69609  -1.60921  
-3.68715  -1.60588  
-3.68723  -1.59543  
-3.68856  -1.59958  
-3.68563  -1.59381  
-3.6792  -1.59899  
-3.67892  -1.6017  
-3.66876  -1.58267  
-3.66918  -1.57704  
-3.6463  -1.56111  
-3.6395  -1.57046  
-3.64622  -1.56736  
-3.65981  -1.57202  
-3.66059  -1.57165  
-3.65076  -1.57396  
-3.6522  -1.56518  
-3.65843  -1.54856  
-3.65555  -1.55902  
-3.63682  -1.54504  
-3.64897  -1.53743  
-3.65286  -1.53973  
-3.66116  -1.50784  
-3.66862  -1.50673  
-3.66509  -1.49506  
-3.67659  -1.50203  
-3.68017  -1.49794  
-3.68335  -1.505  
-3.68656  -1.51222  
-3.66876  -1.50793  
-3.67521  -1.51493  
-3.67287  -1.51784  
-3.68858  -1.51172  
-3.68814  -1.50738  
-3.68501  -1.51344  
-3.69486  -1.4936  
-3.69455  -1.48906  
-3.70669  -1.45819  
-3.70891  -1.44441  
-3.70931  -1.44701  
-3.7411  -1.42449  
-3.74131  -1.42727  
-3.73474  -1.41464  
-3.74542  -1.41945  
-3.74663  -1.41362  
-3.74128  -1.41059  
-3.74174  -1.41326  
-3.73012  -1.41198  
-3.73952  -1.40883  
-3.73971  -1.41477  
-3.73221  -1.40222  
-3.72924  -1.39774  
-3.74599  -1.3854  
-3.75299  -1.36895  
-3.75195  -1.36346  
-3.75928  -1.35374  
-3.76496  -1.35604  
-3.7573  -1.3377  
-3.76814  -1.33835  
-3.76768  -1.33736  
-3.76605  -1.31754  
-3.77266  -1.31036  
-3.78591  -1.31324  
-3.77599  -1.30942  
-3.77557  -1.3133  
-3.79207  -1.29914  
-3.78982  -1.28848  
-3.80917  -1.27368  
-3.7953  -1.25649  
-3.79818  -1.24638  
-3.80063  -1.24579  
-3.80271  -1.25761  
-3.81097  -1.25327  
-3.81909  -1.24358  
-3.80503  -1.24216  
-3.80956  -1.23993  
-3.80064  -1.24909  
-3.7832  -1.24915  
-3.79051  -1.25977  
-3.78687  -1.26175  
-3.79289  -1.25329  
-3.77781  -1.23823  
-3.76244  -1.2151  
-3.76523  -1.20946  
-3.76141  -1.20135  
-3.76313  -1.20426  
-3.77263  -1.18577  
-3.77544  -1.18032  
-3.774  -1.16177  
-3.76522  -1.15309  
-3.75801  -1.15962  
-3.75795  -1.15573  
-3.75881  -1.15503  
-3.75171  -1.14627  
-3.74209  -1.12937  
-3.73876  -1.13472  
-3.73381  -1.12068  
-3.73318  -1.11305  
-3.74714  -1.11109  
-3.75374  -1.12109  
-3.75816  -1.11843  
-3.77348  -1.10947  
-3.76805  -1.11963  
-3.78027  -1.1246  
-3.77487  -1.13478  
-3.7853  -1.14545  
-3.79553  -1.14084  
-3.79746  -1.14079  
-3.78877  -1.11906  
-3.78546  -1.12109  
-3.79504  -1.10355  
-3.80017  -1.10207  
-3.79648  -1.11499  
-3.80305  -1.11283  
-3.80536  -1.10846  
-3.81798  -1.10511  
-3.83038  -1.09106  
-3.82394  -1.10135  
-3.81677  -1.0965  
-3.82321  -1.10739  
-3.81102  -1.09785  
-3.82217  -1.0916  
-3.81882  -1.09341  
-3.81267  -1.07263  
-3.79193  -1.07138  
-3.77836  -1.06836  
-3.77577  -1.07305  
-3.76844  -1.06048  
-3.77157  -1.07484  
-3.77371  -1.07486  
-3.76687  -1.05783  
-3.76971  -1.0604  
-3.75638  -1.07819  
-3.76975  -1.07356  
-3.76346  -1.07024  
-3.76928  -1.04762  
-3.77088  -1.04891  
-3.76508  -1.03447  
-3.75487  -1.01649  
-3.75318  -1.00971  
-3.74615  -1.01951  
-3.74449  -1.01273  
-3.74022  -1.01467  
-3.72075  -1.00983  
-3.72488  -1.00701  
-3.71072  -1.02168  
-3.71016  -1.02127  
-3.72876  -1.01886  
-3.71424  -1.02061  
-3.71891  -1.01398  
-3.71725  -0.998  
-3.71477  -1.00609  
-3.73382  -0.991999  
-3.73309  -0.987562  
-3.72973  -0.994113  
-3.74046  -0.990596  
-3.74522  -0.988244  
-3.748  -0.991338  
-3.74326  -0.984762  
-3.75284  -1.0015  
-3.75212  -0.996759  
-3.76722  -1.01348  
-3.76053  -1.02896  
-3.75638  -1.02035  
-3.77451  -0.991993  
-3.77355  -0.991301  
-3.76366  -0.980146  
-3.76165  -0.984041  
-3.76162  -0.951154  
-3.75165  -0.956597  
-3.74568  -0.960831  
-3.73694  -0.959816  
-3.74269  -0.965722  
-3.74092  -0.969645  
-3.71954  -0.979033  
-3.7131  -0.998201  
-3.71211  -1.01408  
-3.71022  -1.02251  
-3.71894  -1.03489  
-3.71762  -1.04595  
-3.71609  -1.0489  
-3.71683  -1.03188  
-3.70461  -1.01769  
-3.70843  -1.01894  
-3.71588  -1.00017  
-3.71309  -1.00224  
-3.73828  -0.984061  
-3.7355  -0.986133  
-3.73841  -0.974081  
-3.73615  -0.970681  
-3.73575  -0.970399  
-3.73642  -0.981881  
-3.73893  -0.982035  
-3.74962  -0.975526  
-3.748  -0.978778  
-3.75934  -0.963574  
-3.76165  -0.94135  
-3.76517  -0.943259  
-3.77738  -0.941498  
-3.78581  -0.925022  
-3.78761  -0.914602  
-3.791  -0.916755  
-3.80927  -0.911541  
-3.81253  -0.913713  
-3.79827  -0.91871  
-3.79145  -0.921237  
-3.79491  -0.92322  
-3.79969  -0.954362  
-3.80049  -0.956885  
-3.79885  -0.960129  
-3.80254  -0.955321  
-3.80289  -0.958619  
-3.80658  -0.932869  
-3.82937  -0.915576  
-3.81543  -0.912127  
-3.83102  -0.885915  
-3.8367  -0.890475  
-3.84071  -0.875441  
-3.85042  -0.855403  
-3.83495  -0.842317  
-3.84647  -0.84627  
-3.85342  -0.831979  
-3.84188  -0.867468  
-3.84503  -0.874084  
-3.84542  -0.88796  
-3.83957  -0.89009  
-3.83903  -0.906099  
-3.83577  -0.898078  
-3.83735  -0.896092  
-3.83896  -0.905974  
-3.84206  -0.891209  
-3.84102  -0.908249  
-3.84054  -0.896365  
-3.84841  -0.8764  
-3.84684  -0.880357  
-3.86043  -0.882332  
-3.8571  -0.88689  
-3.85605  -0.866337  
-3.85813  -0.880512  
-3.85657  -0.88434  
-3.84901  -0.890838  
-3.8541  -0.883493  
-3.85573  -0.876869  
-3.86164  -0.867929  
-3.84257  -0.864678  
-3.85924  -0.84793  
-3.85773  -0.852031  
-3.85289  -0.863062  
-3.85935  -0.84751  
-3.86414  -0.845513  
-3.8616  -0.84262  
-3.86243  -0.851839  
-3.87655  -0.847248  
-3.87961  -0.854308  
-3.87656  -0.862986  
-3.88117  -0.868803  
-3.88083  -0.868616  
-3.90589  -0.867574  
-3.90844  -0.867759  
-3.90794  -0.84875  
-3.91742  -0.841671  
-3.92172  -0.839331  
-3.91767  -0.82551  
-3.91629  -0.823236  
-3.9324  -0.83598  
-3.93328  -0.826836  
-3.93796  -0.819851  
-3.92284  -0.826571  
-3.92536  -0.826744  
-3.93056  -0.842085  
-3.93307  -0.842257  
-3.93448  -0.891689  
-3.93601  -0.903109  
-3.94033  -0.900993  
-3.94604  -0.901588  
-3.92713  -0.899349  
-3.93652  -0.893132  
-3.93507  -0.89621  
-3.94328  -0.875211  
-3.93767  -0.874624  
-3.94016  -0.874788  
-3.93063  -0.82334  
-3.93145  -0.832686  
-3.93585  -0.829797  
-3.94155  -0.829481  
-3.94744  -0.811728  
-3.94157  -0.81371  
-3.9226  -0.812376  
-3.92502  -0.825002  
-3.9299  -0.817589  
-3.91528  -0.823454  
-3.9103  -0.815427  
-3.91275  -0.815568  
-3.89519  -0.805894  
-3.89391  -0.809732  
-3.87078  -0.838055  
-3.87095  -0.840855  
-3.8625  -0.84118  
-3.86513  -0.841735  
-3.84988  -0.83939  
-3.84526  -0.858323  
-3.8339  -0.850519  
-3.83572  -0.862174  
-3.81112  -0.851325  
-3.81236  -0.863531  
-3.8141  -0.830454  
-3.81803  -0.831955  
-3.81403  -0.806546  
-3.80047  -0.80318  
-3.8153  -0.775138  
-3.80795  -0.7628  
-3.81169  -0.764996  
-3.8265  -0.777752  
-3.82515  -0.78142  
-3.82536  -0.787373  
-3.83228  -0.792717  
-3.84007  -0.789662  
-3.83672  -0.799538  
-3.83633  -0.793329  
-3.84762  -0.820405  
-3.85701  -0.804177  
-3.86008  -0.814225  
-3.86922  -0.805188  
-3.86942  -0.792732  
-3.88695  -0.771672  
-3.9139  -0.771334  
-3.91452  -0.758007  
-3.93039  -0.764121  
-3.92956  -0.759454  
-3.94499  -0.767137  
-3.93834  -0.750422  
-3.9365  -0.754511  
-3.95263  -0.753361  
-3.95201  -0.748274  
-3.96532  -0.764866  
-3.95972  -0.756927  
-3.95657  -0.762473  
-3.97213  -0.754475  
-3.9744  -0.75637  
-3.98881  -0.74183  
-4.00048  -0.729713  
-4.01111  -0.723666  
-4.02286  -0.720743  
-4.02527  -0.729164  
-4.0199  -0.720552  
-4.02446  -0.720634  
-4.03298  -0.718293  
-4.02551  -0.716736  
-4.02225  -0.72184  
-4.01547  -0.719532  
-3.99689  -0.73578  
-3.99983  -0.737666  
-3.97352  -0.716452  
-3.97162  -0.708249  
-3.97233  -0.690222  
-3.97052  -0.694145  
-3.94051  -0.6702  
-3.93308  -0.671008  
-3.938  -0.659253  
-3.92653  -0.658197  
-3.92658  -0.648031  
-3.91757  -0.651562  
-3.90841  -0.644219  
-3.91125  -0.648624  
-3.88601  -0.666123  
-3.87815  -0.66102  
-3.87675  -0.671372  
-3.86406  -0.668562  
-3.86658  -0.672989  
-3.85874  -0.645055  
-3.86276  -0.64982  
-3.85858  -0.641166  
-3.84669  -0.624662  
-3.85041  -0.633821  
-3.83254  -0.623166  
-3.83463  -0.615021  
-3.83112  -0.607199  
-3.82478  -0.601204  
-3.82978  -0.604277  
-3.8254  -0.592083  
-3.83959  -0.609337  
-3.83777  -0.612995  
-3.82682  -0.605121  
-3.83027  -0.59734  
-3.83117  -0.601226  
-3.83392  -0.603454  
-3.82718  -0.589038  
-3.83313  -0.587987  
-3.83499  -0.587865  
-3.8173  -0.584838  
-3.81998  -0.587021  
-3.82235  -0.585701  
-3.80347  -0.574232  
-3.80405  -0.564394  
-3.80719  -0.556658  
-3.80341  -0.556044  
-3.79665  -0.541009  
-3.79925  -0.543412  
-3.79192  -0.530679  
-3.79935  -0.519979  
-3.79943  -0.514081  
-3.79846  -0.505568  
-3.79716  -0.50965  
-3.78845  -0.529664  
-3.78963  -0.545478  
-3.78832  -0.539626  
-3.78293  -0.560515  
-3.78598  -0.572899  
-3.78791  -0.56945  
-3.78836  -0.583061  
-3.77034  -0.574363  
-3.78153  -0.598538  
-3.78399  -0.599607  
-3.77028  -0.563152  
-3.77272  -0.564553  
-3.78723  -0.55111  
-3.78815  -0.524036  
-3.79041  -0.525768  
-3.78629  -0.508615  
-3.79145  -0.51059  
-3.7936  -0.512245  
-3.80058  -0.521206  
-3.7943  -0.524412  
-3.79683  -0.524747  
-3.8027  -0.529874  
-3.79894  -0.534849  
-3.81163  -0.546418  
-3.80976  -0.5677  
-3.81766  -0.55958  
-3.81161  -0.568912  
-3.83187  -0.572208  
-3.82861  -0.567416  
-3.83497  -0.549793  
-3.83033  -0.541418  
-3.848  -0.523207  
-3.84987  -0.52407  
-3.84979  -0.498007  
-3.85164  -0.499126  
-3.84812  -0.503796  
-3.84692  -0.50325  
-3.83852  -0.493746  
-3.83289  -0.489761  
-3.83306  -0.49942  
-3.83028  -0.511797  
-3.83229  -0.512387  
-3.80606  -0.501974  
-3.79761  -0.497297  
-3.79518  -0.511836  
-3.7884  -0.504911  
-3.79061  -0.505275  
-3.76359  -0.48184  
-3.76587  -0.482352  
-3.76016  -0.449032  
-3.74503  -0.439163  
-3.74818  -0.430002  
-3.72568  -0.422301  
-3.72697  -0.421894  
-3.70691  -0.414614  
-3.69703  -0.412  
-3.69388  -0.41294  
-3.69522  -0.427578  
-3.69647  -0.427151  
-3.66611  -0.466038  
-3.65886  -0.46809  
-3.644  -0.462477  
-3.62063  -0.475436  
-3.61896  -0.484643  
-3.59548  -0.486748  
-3.58998  -0.499702  
-3.56505  -0.486877  
-3.54759  -0.480021  
-3.54775  -0.482184  
-3.5388  -0.457686  
-3.50595  -0.438436  
-3.50138  -0.439733  
-3.50062  -0.42931  
-3.50178  -0.428815  
-3.47681  -0.420066  
-3.47975  -0.418044  
-3.46467  -0.415451  
-3.45358  -0.418682  
-3.43309  -0.414061  
-3.41915  -0.440745  
-3.4218  -0.439481  
-3.39642  -0.432104  
-3.3991  -0.430795  
-3.3834  -0.428347  
-3.38172  -0.428237  
-3.36512  -0.424084  
-3.34742  -0.417608  
-3.34572  -0.417377  
-3.34373  -0.369716  
-3.3419  -0.369926  
-3.33231  -0.335281  
-3.32797  -0.344221  
-3.3256  -0.333507  
-3.31799  -0.307974  
-3.31598  -0.30853  
-3.31375  -0.301384  
-3.30468  -0.301883  
-3.30803  -0.300184  
-3.29449  -0.305187  
-3.2955  -0.309727  
-3.28299  -0.301336  
-3.27405  -0.303192  
-3.27176  -0.300451  
-3.27785  -0.31386  
-3.27627  -0.313048  
-3.26195  -0.292683  
-3.26036  -0.291862  
-3.26578  -0.274818  
-3.26349  -0.274686  
-3.26672  -0.268435  
-3.2686  -0.267002  
-3.27078  -0.271987  
-3.27987  -0.270134  
-3.27738  -0.269691  
-3.28272  -0.269046  
-3.28019  -0.268496  
-3.27762  -0.28135  
-3.28148  -0.301792  
-3.28409  -0.299689  
-3.27645  -0.294948  
-3.27724  -0.301348  
-3.27219  -0.285615  
-3.27651  -0.294146  
-3.27165  -0.298153  
-3.26803  -0.295815  
-3.26284  -0.289986  
-3.26181  -0.286627  
-3.25586  -0.265254  
-3.25763  -0.262586  
-3.23209  -0.23694  
-3.23545  -0.246171  
-3.22782  -0.247255  
-3.22544  -0.245729  
-3.20394  -0.240412  
-3.20164  -0.238819  
-3.18234  -0.235016  
-3.18012  -0.233341  
-3.15619  -0.225444  
-3.13867  -0.242505  
-3.13663  -0.240487  
-3.12257  -0.241307  
-3.12053  -0.239154  
-3.11427  -0.23617  
-3.10374  -0.220893  
-3.10171  -0.223026  
-3.08838  -0.210064  
-3.08709  -0.222585  
-3.07374  -0.208611  
-3.06523  -0.209569  
-3.06374  -0.201811  
-3.05006  -0.187832  
-3.04812  -0.191051  
-3.03404  -0.175607  
-3.03916  -0.180916  
-3.03703  -0.178442  
-3.02156  -0.155497  
-3.02051  -0.164631  
-3.0116  -0.165061  
-3.00944  -0.162494  
-3.01548  -0.166167  
-3.01325  -0.163467  
-3.00268  -0.150764  
-3.00454  -0.146997  
-3.01229  -0.163891  
-3.00109  -0.154451  
-3.00411  -0.161799  
-2.99741  -0.142556  
-2.99624  -0.151144  
-3.01207  -0.133306  
-3.00956  -0.13034  
-3.00181  -0.127854  
-3.02169  -0.124644  
-3.02323  -0.120414  
-3.01442  -0.0954284  
-3.01596  -0.0914135  
-3.011  -0.0732299  
-3.0256  -0.0577539  
-3.02838  -0.0629712  
-3.01947  -0.0497998  
-3.01845  -0.0457469  
-3.0217  -0.0236672  
-3.03318  -0.0244115  
-3.02719  -0.0150283  
-3.02327  -0.0195284  
-3.0268  -0.0222335  
-3.02404  -0.0194798  
-3.02457  -0.019885  
-3.01762  -0.0234784  
-3.01937  -0.0345743  
-3.01664  -0.0356055  
-3.01301  -0.0348214  
-3.01103  -0.0378886  
-3.00632  -0.0353039  
-3.02566  -0.0166296  
-3.02357  -0.0286765  
-3.03242  -0.0144335  
-3.03465  -0.011526  
-3.03585  -0.00690685  
-3.03678  0.0112556  
-3.03389  0.0146765  
-3.05827  0.00943069  
-3.0593  0.0139965  
-3.06365  0.0355631  
-3.06274  0.0489732  
-3.06274  0.0489732  
-3.08646  0.0651936  
-3.0885  0.0541523  
-3.10343  0.0569762  
-3.11344  0.0650108  
-3.11139  0.0661495  
-3.11565  0.0873802  
-3.11956  0.0954643  
-3.11471  0.0937042  
-3.12453  0.0792224  
-3.12658  0.0725545  
-3.1316  0.0577852  
-3.12646  0.0623823  
-3.13607  0.0504001  
-3.13954  0.042826  
-3.1408  0.0407225  
-3.14862  0.0202695  
-3.14671  0.0124462  
-3.14919  0.0100785  
-3.15102  0.0236215  
-3.15114  0.0315499  
-3.16289  0.0208287  
-3.16057  0.0279638  
-3.17416  0.00711263  
-3.17009  0.0188607  
-3.16892  0.0119598  
-3.1835  0.0272443  
-3.18434  0.0334131  
-3.18409  0.0371454  
-3.19856  0.038903  
-3.19883  0.0399065  
-3.19848  0.0557406  
-3.20119  0.0497951  
-3.21787  0.0759327  
-3.21858  0.0818557  
-3.22443  0.0906024  
-3.2251  0.0963995  
-3.23792  0.0869938  
-3.22142  0.099296  
-3.24028  0.0876358  
-3.2326  0.090788  
-3.23533  0.0848602  
-3.25971  0.0874862  
-3.25856  0.0806927  
-3.25833  0.0821512  
-3.27595  0.0762324  
-3.27656  0.0828313  
-3.27382  0.077859  
-3.27449  0.0845401  
-3.30543  0.0883743  
-3.30221  0.0886909  
-3.30544  0.0836468  
-3.32356  0.0793078  
-3.32352  0.0764184  
-3.32818  0.0906047  
-3.34286  0.091317  
-3.34082  0.100783  
-3.3392  0.108841  
-3.34046  0.107897  
-3.34239  0.117017  
-3.33241  0.120865  
-3.33604  0.127158  
-3.34392  0.120367  
-3.34404  0.118597  
-3.34218  0.126825  
-3.34695  0.128775  
-3.34066  0.138105  
-3.34715  0.13233  
-3.33031  0.13293  
-3.33492  0.13978  
-3.33511  0.143253  
-3.33795  0.13037  
-3.34078  0.15559  
-3.33798  0.159366  
-3.31845  0.189328  
-3.32148  0.209805  
-3.31941  0.207414  
-3.32561  0.23483  
-3.3226  0.240461  
-3.32509  0.26035  
-3.32443  0.253509  
-3.32159  0.280768  
-3.32096  0.273803  
-3.32039  0.288849  
-3.32509  0.277426  
-3.32566  0.283735  
-3.32895  0.276213  
-3.32829  0.269592  
-3.32774  0.25955  
-3.31009  0.274404  
-3.30982  0.280189  
-3.30843  0.266374  
-3.30824  0.258487  
-3.31098  0.254018  
-3.30987  0.248796  
-3.30879  0.241547  
-3.30852  0.256025  
-3.30434  0.25532  
-3.28554  0.282368  
-3.28885  0.288875  
-3.29362  0.284157  
-3.2974  0.293084  
-3.29632  0.286975  
-3.2996  0.295929  
-3.29912  0.289961  
-3.29761  0.314488  
-3.29893  0.310002  
-3.29945  0.317274  
-3.30437  0.314235  
-3.3048  0.321573  
-3.30378  0.323678  
-3.32346  0.328778  
-3.32439  0.342023  
-3.32212  0.354676  
-3.32334  0.362676  
-3.32499  0.38058  
-3.33281  0.378484  
-3.33006  0.391681  
-3.33532  0.38868  
-3.33538  0.389435  
-3.34011  0.397541  
-3.3451  0.404016  
-3.33678  0.405666  
-3.34543  0.419615  
-3.34306  0.422515  
-3.34921  0.417553  
-3.35378  0.401701  
-3.35435  0.407433  
-3.36057  0.410281  
-3.36407  0.41098  
-3.37015  0.406584  
-3.37372  0.412338  
-3.37416  0.401143  
-3.3667  0.411248  
-3.36959  0.406261  
-3.38139  0.419323  
-3.37793  0.426207  
-3.38793  0.428247  
-3.3942  0.421327  
-3.39417  0.429027  
-3.4058  0.442146  
-3.41635  0.436207  
-3.41537  0.44359  
-3.42162  0.435456  
-3.42037  0.428726  
-3.4395  0.430902  
-3.43476  0.433628  
-3.43749  0.429177  
-3.45757  0.429548  
-3.441  0.441697  
-3.46376  0.43473  
-3.45503  0.435309  
-3.45637  0.43058  
-3.46232  0.438373  
-3.44455  0.453139  
-3.45026  0.46364  
-3.44923  0.463262  
-3.45062  0.477371  
-3.45596  0.481927  
-3.45515  0.485212  
-3.44544  0.494929  
-3.46244  0.494196  
-3.46346  0.487033  
-3.4567  0.498261  
-3.4648  0.489642  
-3.45322  0.514329  
-3.4595  0.521576  
-3.46267  0.530033  
-3.45766  0.538257  
-3.45976  0.538102  
-3.46129  0.544958  
-3.44477  0.554326  
-3.44778  0.549434  
-3.46519  0.556573  
-3.45072  0.558707  
-3.47236  0.550975  
-3.48029  0.54551  
-3.47989  0.553707  
-3.4837  0.553842  
-3.48603  0.53754  
-3.49303  0.538189  
-3.50614  0.545934  
-3.50139  0.542019  
-3.50178  0.562241  
-3.50826  0.55738  
-3.52274  0.570301  
-3.51747  0.560182  
-3.52023  0.577975  
-3.52045  0.568989  
-3.50195  0.58845  
-3.5218  0.584193  
-3.50531  0.590346  
-3.50065  0.598542  
-3.49895  0.598757  
-3.4998  0.597936  
-3.49224  0.600662  
-3.49504  0.609359  
-3.47629  0.635127  
-3.4824  0.631028  
-3.47007  0.649684  
-3.45462  0.673899  
-3.4608  0.66946  
-3.44086  0.702709  
-3.44707  0.698036  
-3.4279  0.717461  
-3.41657  0.714782  
-3.39977  0.736802  
-3.39484  0.72913  
-3.39123  0.733753  
-3.38835  0.737735  
-3.37255  0.749491  
-3.38193  0.737688  
-3.35217  0.743568  
-3.35374  0.741873  
-3.34194  0.746189  
-3.33237  0.753647  
-3.3405  0.744458  
-3.32177  0.750646  
-3.32274  0.75849  
-3.31124  0.753364  
-3.30792  0.768461  
-3.2965  0.764361  
-3.30295  0.771971  
-3.31191  0.767976  
-3.31442  0.763255  
-3.29768  0.780182  
-3.30815  0.76456  
-3.29384  0.765066  
-3.29986  0.76105  
-3.26916  0.769072  
-3.27228  0.764729  
-3.23235  0.782112  
-3.2154  0.781492  
-3.21873  0.777192  
-3.20106  0.778796  
-3.20732  0.775046  
-3.19914  0.770463  
-3.20531  0.766927  
-3.20813  0.769255  
-3.21133  0.765411  
-3.21484  0.764506  
-3.199  0.770061  
-3.20493  0.766718  
-3.20305  0.75815  
-3.20605  0.754667  
-3.17553  0.767747  
-3.17062  0.776131  
-3.17138  0.775503  
-3.14078  0.779269  
-3.13963  0.787723  
-3.12677  0.784612  
-3.12833  0.766409  
-3.13151  0.763173  
-3.09934  0.784721  
-3.09965  0.787026  
-3.1091  0.777729  
-3.10201  0.772811  
-3.08653  0.779738  
-3.09744  0.76121  
-3.10051  0.758367  
-3.0783  0.778947  
-3.08142  0.775981  
-3.07803  0.776178  
-3.08112  0.773301  
-3.06705  0.764601  
-3.06704  0.772521  
-3.05286  0.776814  
-3.04599  0.772869  
-3.05091  0.766848  
-3.03308  0.778527  
-3.01859  0.786819  
-3.02402  0.774417  
-3.01652  0.775427  
-3.01319  0.77804  
-3.00781  0.767748  
-2.99078  0.777293  
-2.9912  0.774571  
-2.98914  0.76331  
-2.99089  0.763183  
-2.98501  0.750857  
-2.96397  0.757667  
-2.96195  0.770087  
-2.94958  0.761648  
-2.95231  0.761931  
-2.93585  0.777485  
-2.93553  0.762349  
-2.92099  0.769736  
-2.92176  0.778198  
-2.92078  0.777797  
-2.91135  0.78112  
-2.90694  0.785289  
-2.91233  0.77075  
-2.89844  0.785327  
-2.89811  0.784978  
-2.89838  0.783479  
-2.88975  0.797579  
-2.88001  0.801532  
-2.87273  0.814482  
-2.8739  0.817908  
-2.87662  0.82311  
-2.88502  0.820221  
-2.88359  0.833667  
-2.88344  0.84711  
-2.88364  0.844434  
-2.89265  0.83758  
-2.90418  0.860339  
-2.91586  0.859622  
-2.91583  0.856932  
-2.90609  0.876991  
-2.90487  0.8868  
-2.91834  0.885516  
-2.91949  0.90309  
-2.91944  0.900066  
-2.93181  0.900985  
-2.9343  0.898395  
-2.94085  0.894264  
-2.9405  0.90824  
-2.9386  0.907975  
-2.95263  0.896553  
-2.9561  0.889913  
-2.95463  0.899575  
-2.95778  0.903526  
-2.95891  0.893726  
-2.95992  0.909662  
-2.96241  0.907104  
-2.94705  0.930369  
-2.95062  0.937611  
-2.95054  0.934606  
-2.94885  0.953333  
-2.9448  0.962712  
-2.94379  0.971065  
-2.94308  0.9828  
-2.94308  0.9828  
-2.92239  0.999708  
-2.91966  1.00719  
-2.91876  1.0223  
-2.90272  1.02439  
-2.90128  1.02948  
-2.87916  1.04711  
-2.87866  1.05425  
-2.8741  1.06382  
-2.85625  1.07463  
-2.85386  1.07205  
-2.85662  1.07647  
-2.85472  1.07338  
-2.83691  1.09017  
-2.83822  1.08887  
-2.83838  1.08981  
-2.81846  1.10259  
-2.82312  1.09473  
-2.8019  1.11111  
-2.79504  1.12694  
-2.80073  1.12393  
-2.78097  1.13564  
-2.77853  1.13836  
-2.76933  1.13296  
-2.76819  1.13718  
-2.76215  1.14733  
-2.74911  1.15122  
-2.75179  1.1475  
-2.73243  1.1598  
-2.73748  1.14982  
-2.73366  1.15849  
-2.71781  1.16322  
-2.72382  1.15476  
-2.71645  1.17507  
-2.71946  1.17528  
-2.71992  1.17143  
-2.72461  1.16403  
-2.72322  1.17301  
-2.71134  1.17306  
-2.70665  1.18944  
-2.70607  1.18613  
-2.70585  1.20043  
-2.70491  1.20017  
-2.69816  1.22005  
-2.69668  1.22863  
-2.69135  1.23993  
-2.6943  1.23607  
-2.69301  1.24831  
-2.69589  1.24448  
-2.67675  1.24235  
-2.66837  1.25611  
-2.67132  1.25235  
-2.66385  1.25633  
-2.65974  1.26475  
-2.64856  1.27012  
-2.62117  1.29003  
-2.62282  1.28992  
-2.60732  1.31368  
-2.60793  1.30941  
-2.59964  1.3387  
-2.60024  1.33424  
-2.56865  1.35823  
-2.56422  1.36354  
-2.55703  1.37927  
-2.54761  1.38389  
-2.54527  1.38466  
-2.5459  1.37787  
-2.55024  1.38696  
-2.54669  1.39201  
-2.53101  1.40723  
-2.53182  1.40085  
-2.51713  1.41631  
-2.51344  1.41007  
-2.51072  1.41165  
-2.49414  1.42063  
-2.49414  1.42063  
-2.48434  1.42156  
-2.468  1.42911  
-2.47009  1.41837  
-2.45924  1.4153  
-2.45441  1.42762  
-2.46883  1.40515  
-2.45895  1.41541  
-2.45957  1.41144  
-2.45128  1.4016  
-2.44698  1.41022  
-2.43662  1.41802  
-2.43877  1.40732  
-2.43919  1.42408  
-2.42824  1.43732  
-2.43042  1.42664  
-2.40346  1.463  
-2.40566  1.45233  
-2.40456  1.47056  
-2.39218  1.48389  
-2.39279  1.47985  
-2.39201  1.49669  
-2.39201  1.49669  
-2.38814  1.5047  
-2.38313  1.51695  
-2.38385  1.52356  
-2.37668  1.52559  
-2.37164  1.53782  
-2.36769  1.54585  
-2.36262  1.55807  
-2.36486  1.55798  
-2.34572  1.5785  
-2.34634  1.574  
-2.33654  1.59888  
-2.33719  1.59425  
-2.31801  1.61069  
-2.31491  1.62714  
-2.31044  1.63456  
-2.28801  1.6514  
-2.2852  1.65299  
-2.27579  1.6732  
-2.27579  1.6732  
-2.27665  1.6785  
-2.27699  1.68372  
-2.27699  1.68372  
-2.28385  1.6755  
-2.28628  1.66497  
-2.28296  1.66572  
-2.26821  1.6764  
-2.27387  1.66439  
-2.26019  1.68602  
-2.26204  1.68186  
-2.25668  1.69219  
-2.25038  1.70825  
-2.24915  1.70249  
-2.24738  1.70676  
-2.24378  1.71053  
-2.22545  1.72154  
-2.22134  1.72809  
-2.22481  1.72217  
-2.2169  1.73629  
-2.21942  1.7259  
-2.18912  1.75431  
-2.17764  1.74462  
-2.17301  1.7523  
-2.17694  1.74997  
-2.1624  1.76268  
-2.16318  1.75851  
-2.16053  1.7529  
-2.16053  1.7529  
-2.13768  1.76828  
