-0.419723  -0.0468154  0.150592
-0.419723  -0.0468154  0.150592
-0.419728  -0.0467691  0.150592
-0.419728  -0.0467691  0.150592
-0.419728  -0.0467691  0.150592
-0.419723  -0.0468154  0.150592
-0.419723  -0.0468154  0.150592
-0.419728  -0.0467691  0.150592
-0.419728  -0.0467691  0.150592
-0.419728  -0.0467691  0.150592
-0.419725  -0.0467702  0.150589
-0.419725  -0.0467702  0.150589
-0.419724  -0.0467504  0.150588
-0.419724  -0.0467504  0.150588
-0.419724  -0.0467504  0.150588
-0.419723  -0.0467169  0.15059
-0.419723  -0.0467169  0.15059
-0.419721  -0.0466799  0.150598
-0.419721  -0.0466799  0.150598
-0.419721  -0.0466799  0.150598
-0.41972  -0.0466388  0.150609
-0.41972  -0.0466388  0.150609
-0.419719  -0.0465933  0.150625
-0.419719  -0.0465933  0.150625
-0.419719  -0.0465933  0.150625
-0.419717  -0.0465408  0.150645
-0.419717  -0.0465408  0.150645
-0.419715  -0.0464821  0.15067
-0.419715  -0.0464821  0.15067
-0.419715  -0.0464821  0.15067
-0.419714  -0.0464164  0.150699
-0.419714  -0.0464164  0.150699
-0.419712  -0.0463451  0.150735
-0.419712  -0.0463451  0.150735
-0.419712  -0.0463451  0.150735
-0.41971  -0.0462676  0.150776
-0.41971  -0.0462676  0.150776
-0.419707  -0.0461849  0.150824
-0.419707  -0.0461849  0.150824
-0.419707  -0.0461849  0.150824
-0.419705  -0.0460968  0.150878
-0.419705  -0.0460968  0.150878
-0.419702  -0.046004  0.15094
-0.419702  -0.046004  0.15094
-0.419702  -0.046004  0.15094
-0.4197  -0.0459064  0.151007
-0.4197  -0.0459064  0.151007
-0.419697  -0.0458052  0.15108
-0.419697  -0.0458052  0.15108
-0.419697  -0.0458052  0.15108
-0.419694  -0.0457009  0.151161
-0.419694  -0.0457009  0.151161
-0.419692  -0.0455947  0.151248
-0.419692  -0.0455947  0.151248
-0.419692  -0.0455947  0.151248
-0.419689  -0.0454866  0.151344
-0.419689  -0.0454866  0.151344
-0.419686  -0.0453768  0.151445
-0.419686  -0.0453768  0.151445
-0.419686  -0.0453768  0.151445
-0.419683  -0.0452655  0.151554
-0.419683  -0.0452655  0.151554
-0.41968  -0.0451532  0.151668
-0.41968  -0.0451532  0.151668
-0.41968  -0.0451532  0.151668
-0.419677  -0.0450404  0.15179
-0.419677  -0.0450404  0.15179
-0.419674  -0.0449276  0.151917
-0.419674  -0.0449276  0.151917
-0.419674  -0.0449276  0.151917
-0.419671  -0.0448149  0.152051
-0.419671  -0.0448149  0.152051
-0.419668  -0.0447024  0.15219
-0.419668  -0.0447024  0.15219
-0.419668  -0.0447024  0.15219
-0.419665  -0.0445895  0.152335
-0.419665  -0.0445895  0.152335
-0.419662  -0.0444764  0.152484
-0.419662  -0.0444764  0.152484
-0.419662  -0.0444764  0.152484
-0.419659  -0.0443632  0.152637
-0.419659  -0.0443632  0.152637
-0.419655  -0.0442501  0.152794
-0.419655  -0.0442501  0.152794
-0.419655  -0.0442501  0.152794
-0.419652  -0.0441375  0.152956
-0.419652  -0.0441375  0.152956
-0.419649  -0.0440247  0.153121
-0.419649  -0.0440247  0.153121
-0.419649  -0.0440247  0.153121
-0.419646  -0.0439119  0.15329
-0.419646  -0.0439119  0.15329
-0.419643  -0.0437985  0.153461
-0.419643  -0.0437985  0.153461
-0.419643  -0.0437985  0.153461
-0.41964  -0.0436847  0.153634
-0.41964  -0.0436847  0.153634
-0.419637  -0.0435703  0.153809
-0.419637  -0.0435703  0.153809
-0.419637  -0.0435703  0.153809
-0.419634  -0.0434553  0.153987
-0.419634  -0.0434553  0.153987
-0.419631  -0.0433397  0.154167
-0.419631  -0.0433397  0.154167
-0.419631  -0.0433397  0.154167
-0.419628  -0.0432231  0.154349
-0.419628  -0.0432231  0.154349
-0.419625  -0.043106  0.154533
-0.419625  -0.043106  0.154533
-0.419625  -0.043106  0.154533
-0.419621  -0.0429878  0.15472
-0.419621  -0.0429878  0.15472
-0.419618  -0.0428685  0.15491
-0.419618  -0.0428685  0.15491
-0.419618  -0.0428685  0.15491
-0.419615  -0.0427483  0.155102
-0.419615  -0.0427483  0.155102
-0.419612  -0.0426269  0.155295
-0.419612  -0.0426269  0.155295
-0.419612  -0.0426269  0.155295
-0.419609  -0.042505  0.15549
-0.419609  -0.042505  0.15549
-0.419605  -0.0423818  0.155687
-0.419605  -0.0423818  0.155687
-0.419605  -0.0423818  0.155687
-0.419602  -0.042258  0.155885
-0.419602  -0.042258  0.155885
-0.419599  -0.0421331  0.156085
-0.419599  -0.0421331  0.156085
-0.419599  -0.0421331  0.156085
-0.419596  -0.0420074  0.156287
-0.419596  -0.0420074  0.156287
-0.419592  -0.0418805  0.15649
-0.419592  -0.0418805  0.15649
-0.419592  -0.0418805  0.15649
-0.419589  -0.041753  0.156695
-0.419589  -0.041753  0.156695
-0.419589  -0.041753  0.156695
-0.419586  -0.0416248  0.156901
-0.419586  -0.0416248  0.156901
-0.419582  -0.0414961  0.157108
-0.419582  -0.0414961  0.157108
-0.419582  -0.0414961  0.157108
-0.419579  -0.0413671  0.157318
-0.419579  -0.0413671  0.157318
-0.419576  -0.0412377  0.157529
-0.419576  -0.0412377  0.157529
-0.419576  -0.0412377  0.157529
-0.419572  -0.041108  0.157741
-0.419572  -0.041108  0.157741
-0.419569  -0.0409779  0.157954
-0.419569  -0.0409779  0.157954
-0.419566  -0.0408479  0.158168
-0.419566  -0.0408479  0.158168
-0.419566  -0.0408479  0.158168
-0.419562  -0.040718  0.158383
-0.419562  -0.040718  0.158383
-0.419559  -0.0405883  0.158599
-0.419559  -0.0405883  0.158599
-0.419559  -0.0405883  0.158599
-0.419556  -0.0404587  0.158816
-0.419556  -0.0404587  0.158816
-0.419553  -0.0403294  0.159034
-0.419553  -0.0403294  0.159034
-0.419553  -0.0403294  0.159034
-0.419549  -0.0402004  0.159253
-0.419549  -0.0402004  0.159253
-0.419546  -0.0400716  0.159474
-0.419546  -0.0400716  0.159474
-0.419546  -0.0400716  0.159474
-0.419543  -0.0399433  0.159695
-0.419543  -0.0399433  0.159695
-0.419543  -0.0399433  0.159695
-0.41954  -0.0398152  0.159917
-0.41954  -0.0398152  0.159917
-0.419537  -0.0396875  0.160139
-0.419537  -0.0396875  0.160139
-0.419537  -0.0396875  0.160139
-0.419533  -0.0395601  0.160363
-0.419533  -0.0395601  0.160363
-0.41953  -0.039433  0.160587
-0.41953  -0.039433  0.160587
-0.41953  -0.039433  0.160587
-0.419527  -0.0393062  0.160812
-0.419527  -0.0393062  0.160812
-0.419524  -0.0391795  0.161037
-0.419524  -0.0391795  0.161037
-0.419524  -0.0391795  0.161037
-0.419521  -0.039053  0.161263
-0.419521  -0.039053  0.161263
-0.419518  -0.0389267  0.161489
-0.419518  -0.0389267  0.161489
-0.419515  -0.0388004  0.161716
-0.419515  -0.0388004  0.161716
-0.419515  -0.0388004  0.161716
-0.419512  -0.038674  0.161944
-0.419512  -0.038674  0.161944
-0.419512  -0.038674  0.161944
-0.419509  -0.0385477  0.162172
-0.419509  -0.0385477  0.162172
-0.419506  -0.0384213  0.162401
-0.419506  -0.0384213  0.162401
-0.419506  -0.0384213  0.162401
-0.419503  -0.0382949  0.16263
-0.419503  -0.0382949  0.16263
-0.4195  -0.0381683  0.16286
-0.4195  -0.0381683  0.16286
-0.419497  -0.0380415  0.16309
-0.419497  -0.0380415  0.16309
-0.419497  -0.0380415  0.16309
-0.419494  -0.0379144  0.16332
-0.419494  -0.0379144  0.16332
-0.419491  -0.0377874  0.163551
-0.419491  -0.0377874  0.163551
-0.419491  -0.0377874  0.163551
-0.419488  -0.03766  0.163783
-0.419488  -0.03766  0.163783
-0.419485  -0.0375324  0.164016
-0.419485  -0.0375324  0.164016
-0.419485  -0.0375324  0.164016
-0.419482  -0.0374047  0.164249
-0.419482  -0.0374047  0.164249
-0.419479  -0.0372768  0.164483
-0.419479  -0.0372768  0.164483
-0.419479  -0.0372768  0.164483
-0.419476  -0.0371488  0.164718
-0.419476  -0.0371488  0.164718
-0.419473  -0.0370205  0.164953
-0.419473  -0.0370205  0.164953
-0.419473  -0.0370205  0.164953
-0.41947  -0.0368921  0.165189
-0.41947  -0.0368921  0.165189
-0.419467  -0.0367636  0.165426
-0.419467  -0.0367636  0.165426
-0.419467  -0.0367636  0.165426
-0.419464  -0.0366348  0.165664
-0.419464  -0.0366348  0.165664
-0.419461  -0.0365056  0.165903
-0.419461  -0.0365056  0.165903
-0.419461  -0.0365056  0.165903
-0.419458  -0.0363761  0.166143
-0.419458  -0.0363761  0.166143
-0.419455  -0.0362463  0.166383
-0.419455  -0.0362463  0.166383
-0.419455  -0.0362463  0.166383
-0.419452  -0.0361162  0.166624
-0.419452  -0.0361162  0.166624
-0.419449  -0.0359858  0.166866
-0.419449  -0.0359858  0.166866
-0.419449  -0.0359858  0.166866
-0.419446  -0.0358551  0.167109
-0.419446  -0.0358551  0.167109
-0.419444  -0.0357242  0.167353
-0.419444  -0.0357242  0.167353
-0.419444  -0.0357242  0.167353
-0.419441  -0.0355931  0.167598
-0.419441  -0.0355931  0.167598
-0.419438  -0.0354617  0.167844
-0.419438  -0.0354617  0.167844
-0.419438  -0.0354617  0.167844
-0.419435  -0.0353299  0.168092
-0.419435  -0.0353299  0.168092
-0.419432  -0.0351975  0.168341
-0.419432  -0.0351975  0.168341
-0.419432  -0.0351975  0.168341
-0.419429  -0.0350645  0.168592
-0.419429  -0.0350645  0.168592
-0.419426  -0.0349308  0.168844
-0.419426  -0.0349308  0.168844
-0.419426  -0.0349308  0.168844
-0.419423  -0.0347964  0.169099
-0.419423  -0.0347964  0.169099
-0.41942  -0.0346613  0.169355
-0.41942  -0.0346613  0.169355
-0.41942  -0.0346613  0.169355
-0.419417  -0.0345256  0.169612
-0.419417  -0.0345256  0.169612
-0.419414  -0.0343889  0.169872
-0.419414  -0.0343889  0.169872
-0.419414  -0.0343889  0.169872
-0.419411  -0.0342515  0.170134
-0.419411  -0.0342515  0.170134
-0.419408  -0.0341131  0.170399
-0.419408  -0.0341131  0.170399
-0.419408  -0.0341131  0.170399
-0.419405  -0.0339742  0.170665
-0.419405  -0.0339742  0.170665
-0.419405  -0.0339742  0.170665
-0.419402  -0.0338342  0.170934
-0.419402  -0.0338342  0.170934
-0.419399  -0.0336934  0.171206
-0.419399  -0.0336934  0.171206
-0.419399  -0.0336934  0.171206
-0.419396  -0.0335518  0.17148
-0.419396  -0.0335518  0.17148
-0.419393  -0.0334093  0.171756
-0.419393  -0.0334093  0.171756
-0.41939  -0.0332662  0.172035
-0.41939  -0.0332662  0.172035
-0.41939  -0.0332662  0.172035
-0.419387  -0.0331223  0.172316
-0.419387  -0.0331223  0.172316
-0.419384  -0.0329776  0.1726
-0.419384  -0.0329776  0.1726
-0.419384  -0.0329776  0.1726
-0.41938  -0.032832  0.172886
-0.41938  -0.032832  0.172886
-0.419377  -0.0326852  0.173174
-0.419377  -0.0326852  0.173174
-0.419377  -0.0326852  0.173174
-0.419374  -0.0325376  0.173466
-0.419374  -0.0325376  0.173466
-0.419371  -0.032389  0.17376
-0.419371  -0.032389  0.17376
-0.419371  -0.032389  0.17376
-0.419368  -0.0322393  0.174058
-0.419368  -0.0322393  0.174058
-0.419365  -0.0320884  0.174358
-0.419365  -0.0320884  0.174358
-0.419365  -0.0320884  0.174358
-0.419361  -0.0319363  0.17466
-0.419361  -0.0319363  0.17466
-0.419358  -0.0317828  0.174965
-0.419358  -0.0317828  0.174965
-0.419358  -0.0317828  0.174965
-0.419355  -0.0316283  0.175273
-0.419355  -0.0316283  0.175273
-0.419351  -0.0314724  0.175583
-0.419351  -0.0314724  0.175583
-0.419351  -0.0314724  0.175583
-0.419348  -0.0313152  0.175896
-0.419348  -0.0313152  0.175896
-0.419345  -0.031157  0.176211
-0.419345  -0.031157  0.176211
-0.419345  -0.031157  0.176211
-0.419341  -0.0309978  0.176529
-0.419341  -0.0309978  0.176529
-0.419338  -0.0308374  0.17685
-0.419338  -0.0308374  0.17685
-0.419338  -0.0308374  0.17685
-0.419334  -0.0306757  0.177173
-0.419334  -0.0306757  0.177173
-0.419331  -0.0305126  0.177499
-0.419331  -0.0305126  0.177499
-0.419331  -0.0305126  0.177499
-0.419328  -0.0303485  0.177828
-0.419328  -0.0303485  0.177828
-0.419324  -0.0301833  0.17816
-0.419324  -0.0301833  0.17816
-0.419324  -0.0301833  0.17816
-0.419321  -0.0300173  0.178495
-0.419321  -0.0300173  0.178495
-0.419317  -0.02985  0.178833
-0.419317  -0.02985  0.178833
-0.419317  -0.02985  0.178833
-0.419314  -0.029682  0.179173
-0.419314  -0.029682  0.179173
-0.41931  -0.0295126  0.179516
-0.41931  -0.0295126  0.179516
-0.41931  -0.0295126  0.179516
-0.419307  -0.0293423  0.179861
-0.419307  -0.0293423  0.179861
-0.419303  -0.0291706  0.18021
-0.419303  -0.0291706  0.18021
-0.419303  -0.0291706  0.18021
-0.4193  -0.028998  0.18056
-0.4193  -0.028998  0.18056
-0.419296  -0.0288242  0.180914
-0.419296  -0.0288242  0.180914
-0.419296  -0.0288242  0.180914
-0.419292  -0.0286493  0.18127
-0.419292  -0.0286493  0.18127
-0.419289  -0.0284733  0.181628
-0.419289  -0.0284733  0.181628
-0.419289  -0.0284733  0.181628
-0.419285  -0.0282964  0.181989
-0.419285  -0.0282964  0.181989
-0.419282  -0.0281183  0.182353
-0.419282  -0.0281183  0.182353
-0.419282  -0.0281183  0.182353
-0.419278  -0.0279394  0.182719
-0.419278  -0.0279394  0.182719
-0.419275  -0.0277592  0.183087
-0.419275  -0.0277592  0.183087
-0.419275  -0.0277592  0.183087
-0.419271  -0.0275779  0.183457
-0.419271  -0.0275779  0.183457
-0.419267  -0.0273954  0.183829
-0.419267  -0.0273954  0.183829
-0.419267  -0.0273954  0.183829
-0.419264  -0.0272122  0.184204
-0.419264  -0.0272122  0.184204
-0.41926  -0.0270278  0.184581
-0.41926  -0.0270278  0.184581
-0.41926  -0.0270278  0.184581
-0.419257  -0.0268423  0.18496
-0.419257  -0.0268423  0.18496
-0.419253  -0.0266553  0.185341
-0.419253  -0.0266553  0.185341
-0.419253  -0.0266553  0.185341
-0.41925  -0.0264672  0.185724
-0.41925  -0.0264672  0.185724
-0.419246  -0.0262776  0.18611
-0.419246  -0.0262776  0.18611
-0.419246  -0.0262776  0.18611
-0.419242  -0.0260873  0.186497
-0.419242  -0.0260873  0.186497
-0.419242  -0.0260873  0.186497
-0.419239  -0.0258955  0.186887
-0.419239  -0.0258955  0.186887
-0.419235  -0.0257021  0.18728
-0.419235  -0.0257021  0.18728
-0.419235  -0.0257021  0.18728
-0.419232  -0.0255073  0.187675
-0.419232  -0.0255073  0.187675
-0.419228  -0.025311  0.188072
-0.419228  -0.025311  0.188072
-0.419228  -0.025311  0.188072
-0.419225  -0.0251135  0.188472
-0.419225  -0.0251135  0.188472
-0.419221  -0.0249147  0.188873
-0.419221  -0.0249147  0.188873
-0.419221  -0.0249147  0.188873
-0.419217  -0.0247147  0.189278
-0.419217  -0.0247147  0.189278
-0.419214  -0.0245134  0.189685
-0.419214  -0.0245134  0.189685
-0.419214  -0.0245134  0.189685
-0.41921  -0.0243106  0.190094
-0.41921  -0.0243106  0.190094
-0.419207  -0.0241065  0.190505
-0.419207  -0.0241065  0.190505
-0.419207  -0.0241065  0.190505
-0.419203  -0.0239011  0.190918
-0.419203  -0.0239011  0.190918
-0.4192  -0.0236944  0.191333
-0.4192  -0.0236944  0.191333
-0.419196  -0.0234863  0.191751
-0.419196  -0.0234863  0.191751
-0.419196  -0.0234863  0.191751
-0.419193  -0.0232766  0.192171
-0.419193  -0.0232766  0.192171
-0.419189  -0.0230655  0.192592
-0.419189  -0.0230655  0.192592
-0.419189  -0.0230655  0.192592
-0.419186  -0.0228528  0.193015
-0.419186  -0.0228528  0.193015
-0.419182  -0.0226386  0.193441
-0.419182  -0.0226386  0.193441
-0.419182  -0.0226386  0.193441
-0.419179  -0.022423  0.193868
-0.419179  -0.022423  0.193868
-0.419179  -0.022423  0.193868
-0.419176  -0.0222061  0.194297
-0.419176  -0.0222061  0.194297
-0.419172  -0.0219879  0.194727
-0.419172  -0.0219879  0.194727
-0.419172  -0.0219879  0.194727
-0.419169  -0.0217684  0.19516
-0.419169  -0.0217684  0.19516
-0.419166  -0.0215474  0.195594
-0.419166  -0.0215474  0.195594
-0.419166  -0.0215474  0.195594
-0.419162  -0.0213252  0.196029
-0.419162  -0.0213252  0.196029
-0.419159  -0.0211008  0.196466
-0.419159  -0.0211008  0.196466
-0.419159  -0.0211008  0.196466
-0.419156  -0.0208755  0.196905
-0.419156  -0.0208755  0.196905
-0.419153  -0.0206485  0.197346
-0.419153  -0.0206485  0.197346
-0.419153  -0.0206485  0.197346
-0.41915  -0.0204205  0.197788
-0.41915  -0.0204205  0.197788
-0.419146  -0.0201906  0.198232
-0.419146  -0.0201906  0.198232
-0.419143  -0.0199598  0.198676
-0.419143  -0.0199598  0.198676
-0.419143  -0.0199598  0.198676
-0.41914  -0.019727  0.199123
-0.41914  -0.019727  0.199123
-0.419137  -0.0194931  0.19957
-0.419137  -0.0194931  0.19957
-0.419137  -0.0194931  0.19957
-0.419134  -0.0192574  0.200019
-0.419134  -0.0192574  0.200019
-0.419131  -0.0190207  0.200469
-0.419131  -0.0190207  0.200469
-0.419131  -0.0190207  0.200469
-0.419128  -0.0187822  0.200921
-0.419128  -0.0187822  0.200921
-0.419126  -0.0185428  0.201374
-0.419126  -0.0185428  0.201374
-0.419126  -0.0185428  0.201374
-0.419123  -0.0183019  0.20183
-0.419123  -0.0183019  0.20183
-0.41912  -0.01806  0.202286
-0.41912  -0.01806  0.202286
-0.41912  -0.01806  0.202286
-0.419117  -0.0178164  0.202743
-0.419117  -0.0178164  0.202743
-0.419115  -0.0175717  0.203201
-0.419115  -0.0175717  0.203201
-0.419115  -0.0175717  0.203201
-0.419112  -0.0173254  0.203661
-0.419112  -0.0173254  0.203661
-0.41911  -0.0170775  0.204123
-0.41911  -0.0170775  0.204123
-0.41911  -0.0170775  0.204123
-0.419107  -0.0168283  0.204586
-0.419107  -0.0168283  0.204586
-0.419105  -0.0165773  0.20505
-0.419105  -0.0165773  0.20505
-0.419105  -0.0165773  0.20505
-0.419102  -0.0163247  0.205516
-0.419102  -0.0163247  0.205516
-0.4191  -0.016071  0.205982
-0.4191  -0.016071  0.205982
-0.4191  -0.016071  0.205982
-0.419098  -0.0158152  0.206451
-0.419098  -0.0158152  0.206451
-0.419096  -0.015558  0.20692
-0.419096  -0.015558  0.20692
-0.419096  -0.015558  0.20692
-0.419093  -0.0152988  0.20739
-0.419093  -0.0152988  0.20739
-0.419091  -0.0150377  0.207862
-0.419091  -0.0150377  0.207862
-0.419091  -0.0150377  0.207862
-0.419089  -0.0147752  0.208335
-0.419089  -0.0147752  0.208335
-0.419087  -0.014511  0.208809
-0.419087  -0.014511  0.208809
-0.419087  -0.014511  0.208809
-0.419085  -0.0142455  0.209284
-0.419085  -0.0142455  0.209284
-0.419084  -0.0139783  0.209761
-0.419084  -0.0139783  0.209761
-0.419084  -0.0139783  0.209761
-0.419082  -0.0137096  0.210238
-0.419082  -0.0137096  0.210238
-0.41908  -0.0134397  0.210716
-0.41908  -0.0134397  0.210716
-0.41908  -0.0134397  0.210716
-0.419078  -0.0131682  0.211195
-0.419078  -0.0131682  0.211195
-0.419077  -0.012895  0.211676
-0.419077  -0.012895  0.211676
-0.419077  -0.012895  0.211676
-0.419075  -0.0126205  0.212157
-0.419075  -0.0126205  0.212157
-0.419074  -0.0123445  0.212639
-0.419074  -0.0123445  0.212639
-0.419074  -0.0123445  0.212639
-0.419073  -0.0120671  0.213123
-0.419073  -0.0120671  0.213123
-0.419072  -0.0117881  0.213607
-0.419072  -0.0117881  0.213607
-0.419072  -0.0117881  0.213607
-0.41907  -0.0115078  0.214092
-0.41907  -0.0115078  0.214092
-0.419069  -0.0112255  0.214577
-0.419069  -0.0112255  0.214577
-0.419069  -0.0112255  0.214577
-0.419068  -0.0109419  0.215064
-0.419068  -0.0109419  0.215064
-0.419067  -0.0106568  0.215552
-0.419067  -0.0106568  0.215552
-0.419067  -0.0106568  0.215552
-0.419067  -0.0103704  0.21604
-0.419067  -0.0103704  0.21604
-0.419066  -0.0100822  0.21653
-0.419066  -0.0100822  0.21653
-0.419066  -0.0100822  0.21653
-0.419065  -0.00979263  0.21702
-0.419065  -0.00979263  0.21702
-0.419065  -0.00950137  0.217512
-0.419065  -0.00950137  0.217512
-0.419065  -0.00950137  0.217512
-0.419064  -0.00920891  0.218004
-0.419064  -0.00920891  0.218004
-0.419064  -0.00891471  0.218498
-0.419064  -0.00891471  0.218498
-0.419064  -0.00891471  0.218498
-0.419064  -0.00861906  0.218993
-0.419064  -0.00861906  0.218993
-0.419064  -0.00832165  0.219488
-0.419064  -0.00832165  0.219488
-0.419064  -0.00832165  0.219488
-0.419064  -0.00802329  0.219984
-0.419064  -0.00802329  0.219984
-0.419064  -0.00772258  0.220482
-0.419064  -0.00772258  0.220482
-0.419064  -0.00772258  0.220482
-0.419064  -0.00742035  0.22098
-0.419064  -0.00742035  0.22098
-0.419064  -0.00711599  0.221479
-0.419064  -0.00711599  0.221479
-0.419064  -0.00711599  0.221479
-0.419064  -0.00681026  0.221978
-0.419064  -0.00681026  0.221978
-0.419065  -0.00650238  0.222479
-0.419065  -0.00650238  0.222479
-0.419065  -0.00650238  0.222479
-0.419065  -0.00619301  0.222981
-0.419065  -0.00619301  0.222981
-0.419066  -0.0058814  0.223483
-0.419066  -0.0058814  0.223483
-0.419066  -0.0058814  0.223483
-0.419067  -0.00556829  0.223985
-0.419067  -0.00556829  0.223985
-0.419068  -0.00525298  0.224488
-0.419068  -0.00525298  0.224488
-0.419068  -0.00525298  0.224488
-0.419069  -0.00493625  0.224992
-0.419069  -0.00493625  0.224992
-0.41907  -0.00461753  0.225497
-0.41907  -0.00461753  0.225497
-0.41907  -0.00461753  0.225497
-0.419071  -0.00429675  0.226002
-0.419071  -0.00429675  0.226002
-0.419072  -0.0039734  0.226508
-0.419072  -0.0039734  0.226508
-0.419072  -0.0039734  0.226508
-0.419074  -0.00364863  0.227015
-0.419074  -0.00364863  0.227015
-0.419075  -0.00332114  0.227522
-0.419075  -0.00332114  0.227522
-0.419075  -0.00332114  0.227522
-0.419077  -0.00299216  0.228031
-0.419077  -0.00299216  0.228031
-0.419079  -0.00266098  0.228541
-0.419079  -0.00266098  0.228541
-0.419079  -0.00266098  0.228541
-0.419081  -0.00232815  0.229051
-0.419081  -0.00232815  0.229051
-0.419083  -0.00199252  0.229563
-0.419083  -0.00199252  0.229563
-0.419083  -0.00199252  0.229563
-0.419085  -0.00165506  0.230075
-0.419085  -0.00165506  0.230075
-0.419085  -0.00165506  0.230075
-0.419087  -0.00131571  0.230589
-0.419087  -0.00131571  0.230589
-0.41909  -0.000974201  0.231103
-0.41909  -0.000974201  0.231103
-0.41909  -0.000974201  0.231103
-0.419092  -0.000630591  0.231619
-0.419092  -0.000630591  0.231619
-0.419095  -0.000284612  0.232136
-0.419095  -0.000284612  0.232136
-0.419097  6.35131e-05  0.232653
-0.419097  6.35131e-05  0.232653
-0.419097  6.35131e-05  0.232653
-0.4191  0.000414517  0.233172
-0.4191  0.000414517  0.233172
-0.419103  0.000767307  0.233692
-0.419103  0.000767307  0.233692
-0.419103  0.000767307  0.233692
-0.419107  0.00112266  0.234213
-0.419107  0.00112266  0.234213
-0.41911  0.00147961  0.234734
-0.41911  0.00147961  0.234734
-0.41911  0.00147961  0.234734
-0.419113  0.0018388  0.235257
-0.419113  0.0018388  0.235257
-0.419117  0.00220105  0.235781
-0.419117  0.00220105  0.235781
-0.419117  0.00220105  0.235781
-0.419121  0.00256549  0.236307
-0.419121  0.00256549  0.236307
-0.419125  0.00293234  0.236833
-0.419125  0.00293234  0.236833
-0.419125  0.00293234  0.236833
-0.419129  0.00330158  0.237361
-0.419129  0.00330158  0.237361
-0.419133  0.0036734  0.237889
-0.419133  0.0036734  0.237889
-0.419133  0.0036734  0.237889
-0.419137  0.00404797  0.238418
-0.419137  0.00404797  0.238418
-0.419142  0.00442541  0.238949
-0.419142  0.00442541  0.238949
-0.419142  0.00442541  0.238949
-0.419146  0.00480536  0.239481
-0.419146  0.00480536  0.239481
-0.419151  0.00518809  0.240014
-0.419151  0.00518809  0.240014
-0.419151  0.00518809  0.240014
-0.419156  0.00557346  0.240547
-0.419156  0.00557346  0.240547
-0.419161  0.00596152  0.241082
-0.419161  0.00596152  0.241082
-0.419161  0.00596152  0.241082
-0.419166  0.00635207  0.241618
-0.419166  0.00635207  0.241618
-0.419166  0.00635207  0.241618
-0.419172  0.0067454  0.242155
-0.419172  0.0067454  0.242155
-0.419177  0.00714139  0.242694
-0.419177  0.00714139  0.242694
-0.419183  0.00754039  0.243233
-0.419183  0.00754039  0.243233
-0.419183  0.00754039  0.243233
-0.419189  0.00794201  0.243773
-0.419189  0.00794201  0.243773
-0.419195  0.00834608  0.244313
-0.419195  0.00834608  0.244313
-0.419195  0.00834608  0.244313
-0.419201  0.00875263  0.244855
-0.419201  0.00875263  0.244855
-0.419208  0.00916215  0.245398
-0.419208  0.00916215  0.245398
-0.419208  0.00916215  0.245398
-0.419214  0.00957409  0.245941
-0.419214  0.00957409  0.245941
-0.419221  0.00998865  0.246486
-0.419221  0.00998865  0.246486
-0.419221  0.00998865  0.246486
-0.419228  0.0104057  0.247031
-0.419228  0.0104057  0.247031
-0.419235  0.0108255  0.247576
-0.419235  0.0108255  0.247576
-0.419235  0.0108255  0.247576
-0.419242  0.0112487  0.248123
-0.419242  0.0112487  0.248123
-0.41925  0.0116741  0.24867
-0.41925  0.0116741  0.24867
-0.41925  0.0116741  0.24867
-0.419257  0.0121024  0.249218
-0.419257  0.0121024  0.249218
-0.419265  0.0125325  0.249766
-0.419265  0.0125325  0.249766
-0.419265  0.0125325  0.249766
-0.419273  0.0129656  0.250315
-0.419273  0.0129656  0.250315
-0.419281  0.0134006  0.250865
-0.419281  0.0134006  0.250865
-0.419281  0.0134006  0.250865
-0.419289  0.0138382  0.251415
-0.419289  0.0138382  0.251415
-0.419298  0.0142787  0.251966
-0.419298  0.0142787  0.251966
-0.419298  0.0142787  0.251966
-0.419306  0.0147219  0.252518
-0.419306  0.0147219  0.252518
-0.419315  0.0151671  0.253069
-0.419315  0.0151671  0.253069
-0.419315  0.0151671  0.253069
-0.419324  0.0156148  0.253622
-0.419324  0.0156148  0.253622
-0.419333  0.0160651  0.254174
-0.419333  0.0160651  0.254174
-0.419333  0.0160651  0.254174
-0.419342  0.0165173  0.254727
-0.419342  0.0165173  0.254727
-0.419352  0.0169725  0.25528
-0.419352  0.0169725  0.25528
-0.419352  0.0169725  0.25528
-0.419361  0.0174295  0.255834
-0.419361  0.0174295  0.255834
-0.419371  0.0178894  0.256388
-0.419371  0.0178894  0.256388
-0.419371  0.0178894  0.256388
-0.419381  0.0183511  0.256942
-0.419381  0.0183511  0.256942
-0.419391  0.018816  0.257497
-0.419391  0.018816  0.257497
-0.419391  0.018816  0.257497
-0.419402  0.0192832  0.258051
-0.419402  0.0192832  0.258051
-0.419412  0.0197535  0.258606
-0.419412  0.0197535  0.258606
-0.419412  0.0197535  0.258606
-0.419423  0.020226  0.25916
-0.419423  0.020226  0.25916
-0.419434  0.0207016  0.259716
-0.419434  0.0207016  0.259716
-0.419434  0.0207016  0.259716
-0.419445  0.021179  0.260271
-0.419445  0.021179  0.260271
-0.419456  0.0216592  0.260828
-0.419456  0.0216592  0.260828
-0.419456  0.0216592  0.260828
-0.419467  0.0221417  0.261385
-0.419467  0.0221417  0.261385
-0.419479  0.0226278  0.261942
-0.419479  0.0226278  0.261942
-0.419479  0.0226278  0.261942
-0.419491  0.0231155  0.262499
-0.419491  0.0231155  0.262499
-0.419503  0.0236072  0.263058
-0.419503  0.0236072  0.263058
-0.419503  0.0236072  0.263058
-0.419515  0.024101  0.263616
-0.419515  0.024101  0.263616
-0.419515  0.024101  0.263616
-0.419527  0.024597  0.264175
-0.419527  0.024597  0.264175
-0.419539  0.0250971  0.264734
-0.419539  0.0250971  0.264734
-0.419539  0.0250971  0.264734
-0.419552  0.0255995  0.265294
-0.419552  0.0255995  0.265294
-0.419564  0.0261046  0.265853
-0.419564  0.0261046  0.265853
-0.419577  0.0266133  0.266413
-0.419577  0.0266133  0.266413
-0.419577  0.0266133  0.266413
-0.41959  0.0271252  0.266973
-0.41959  0.0271252  0.266973
-0.419604  0.0276404  0.267534
-0.419604  0.0276404  0.267534
-0.419604  0.0276404  0.267534
-0.419617  0.0281586  0.268095
-0.419617  0.0281586  0.268095
-0.419631  0.0286801  0.268656
-0.419631  0.0286801  0.268656
-0.419631  0.0286801  0.268656
-0.419645  0.0292045  0.269217
-0.419645  0.0292045  0.269217
-0.419658  0.0297321  0.269779
-0.419658  0.0297321  0.269779
-0.419658  0.0297321  0.269779
-0.419673  0.0302628  0.27034
-0.419673  0.0302628  0.27034
-0.419687  0.0307973  0.270902
-0.419687  0.0307973  0.270902
-0.419687  0.0307973  0.270902
-0.419701  0.0313348  0.271464
-0.419701  0.0313348  0.271464
-0.419716  0.0318756  0.272026
-0.419716  0.0318756  0.272026
-0.419716  0.0318756  0.272026
-0.41973  0.0324193  0.272588
-0.41973  0.0324193  0.272588
-0.419745  0.0329665  0.27315
-0.419745  0.0329665  0.27315
-0.419745  0.0329665  0.27315
-0.41976  0.0335169  0.273713
-0.41976  0.0335169  0.273713
-0.419776  0.0340708  0.274275
-0.419776  0.0340708  0.274275
-0.419776  0.0340708  0.274275
-0.419791  0.0346278  0.274837
-0.419791  0.0346278  0.274837
-0.419806  0.0351876  0.275399
-0.419806  0.0351876  0.275399
-0.419806  0.0351876  0.275399
-0.419822  0.0357514  0.275961
-0.419822  0.0357514  0.275961
-0.419838  0.0363195  0.276524
-0.419838  0.0363195  0.276524
-0.419838  0.0363195  0.276524
-0.419854  0.0368897  0.277086
-0.419854  0.0368897  0.277086
-0.41987  0.0374644  0.277648
-0.41987  0.0374644  0.277648
-0.41987  0.0374644  0.277648
-0.419886  0.0380418  0.27821
-0.419886  0.0380418  0.27821
-0.419902  0.038623  0.278772
-0.419902  0.038623  0.278772
-0.419902  0.038623  0.278772
-0.419919  0.0392067  0.279334
-0.419919  0.0392067  0.279334
-0.419936  0.0397941  0.279896
-0.419936  0.0397941  0.279896
-0.419936  0.0397941  0.279896
-0.419952  0.040384  0.280458
-0.419952  0.040384  0.280458
-0.419969  0.0409779  0.28102
-0.419969  0.0409779  0.28102
-0.419969  0.0409779  0.28102
-0.419986  0.041574  0.281581
-0.419986  0.041574  0.281581
-0.420003  0.042175  0.282141
-0.420003  0.042175  0.282141
-0.420003  0.042175  0.282141
-0.42002  0.0427786  0.282702
-0.42002  0.0427786  0.282702
-0.420038  0.0433857  0.283262
-0.420038  0.0433857  0.283262
-0.420038  0.0433857  0.283262
-0.420055  0.0439953  0.283822
-0.420055  0.0439953  0.283822
-0.420072  0.0446077  0.284381
-0.420072  0.0446077  0.284381
-0.420072  0.0446077  0.284381
-0.42009  0.0452239  0.28494
-0.42009  0.0452239  0.28494
-0.42009  0.0452239  0.28494
-0.420108  0.0458434  0.285498
-0.420108  0.0458434  0.285498
-0.420126  0.0464666  0.286056
-0.420126  0.0464666  0.286056
-0.420126  0.0464666  0.286056
-0.420143  0.0470928  0.286614
-0.420143  0.0470928  0.286614
-0.420161  0.0477222  0.287171
-0.420161  0.0477222  0.287171
-0.420179  0.0483547  0.287727
-0.420179  0.0483547  0.287727
-0.420179  0.0483547  0.287727
-0.420197  0.0489913  0.288284
-0.420197  0.0489913  0.288284
-0.420216  0.049631  0.288839
-0.420216  0.049631  0.288839
-0.420216  0.049631  0.288839
-0.420234  0.0502751  0.289393
-0.420234  0.0502751  0.289393
-0.420252  0.0509217  0.289946
-0.420252  0.0509217  0.289946
-0.420252  0.0509217  0.289946
-0.42027  0.0515725  0.290499
-0.42027  0.0515725  0.290499
-0.420289  0.0522258  0.291051
-0.420289  0.0522258  0.291051
-0.420289  0.0522258  0.291051
-0.420307  0.052883  0.291602
-0.420307  0.052883  0.291602
-0.420326  0.0535431  0.292152
-0.420326  0.0535431  0.292152
-0.420326  0.0535431  0.292152
-0.420344  0.0542079  0.292701
-0.420344  0.0542079  0.292701
-0.420363  0.0548752  0.29325
-0.420363  0.0548752  0.29325
-0.420363  0.0548752  0.29325
-0.420381  0.0555469  0.293797
-0.420381  0.0555469  0.293797
-0.4204  0.056221  0.294344
-0.4204  0.056221  0.294344
-0.4204  0.056221  0.294344
-0.420419  0.0568994  0.294889
-0.420419  0.0568994  0.294889
-0.420437  0.0575808  0.295434
-0.420437  0.0575808  0.295434
-0.420437  0.0575808  0.295434
-0.420456  0.0582658  0.295977
-0.420456  0.0582658  0.295977
-0.420475  0.0589546  0.29652
-0.420475  0.0589546  0.29652
-0.420475  0.0589546  0.29652
-0.420493  0.0596466  0.297062
-0.420493  0.0596466  0.297062
-0.420512  0.0603413  0.297602
-0.420512  0.0603413  0.297602
-0.420512  0.0603413  0.297602
-0.420531  0.0610393  0.298141
-0.420531  0.0610393  0.298141
-0.420549  0.0617426  0.298679
-0.420549  0.0617426  0.298679
-0.420549  0.0617426  0.298679
-0.420568  0.0624489  0.299216
-0.420568  0.0624489  0.299216
-0.420586  0.0631584  0.299752
-0.420586  0.0631584  0.299752
-0.420605  0.0638712  0.300286
-0.420605  0.0638712  0.300286
-0.420605  0.0638712  0.300286
-0.420624  0.0645865  0.300819
-0.420624  0.0645865  0.300819
-0.420624  0.0645865  0.300819
-0.420642  0.0653064  0.301351
-0.420642  0.0653064  0.301351
-0.42066  0.06603  0.301881
-0.42066  0.06603  0.301881
-0.42066  0.06603  0.301881
-0.420679  0.0667567  0.302409
-0.420679  0.0667567  0.302409
-0.420697  0.0674864  0.302937
-0.420697  0.0674864  0.302937
-0.420697  0.0674864  0.302937
-0.420715  0.0682194  0.303462
-0.420715  0.0682194  0.303462
-0.420733  0.0689562  0.303987
-0.420733  0.0689562  0.303987
-0.420733  0.0689562  0.303987
-0.420751  0.0696963  0.304509
-0.420751  0.0696963  0.304509
-0.420769  0.0704398  0.305031
-0.420769  0.0704398  0.305031
-0.420769  0.0704398  0.305031
-0.420787  0.0711865  0.30555
-0.420787  0.0711865  0.30555
-0.420805  0.0719359  0.306069
-0.420805  0.0719359  0.306069
-0.420805  0.0719359  0.306069
-0.420823  0.0726899  0.306586
-0.420823  0.0726899  0.306586
-0.42084  0.0734483  0.307101
-0.42084  0.0734483  0.307101
-0.42084  0.0734483  0.307101
-0.420858  0.0742097  0.307615
-0.420858  0.0742097  0.307615
-0.420875  0.074976  0.308128
-0.420875  0.074976  0.308128
-0.420875  0.074976  0.308128
-0.420892  0.0757447  0.308638
-0.420892  0.0757447  0.308638
-0.420892  0.0757447  0.308638
-0.420909  0.0765172  0.309146
-0.420909  0.0765172  0.309146
-0.420926  0.0772953  0.309654
-0.420926  0.0772953  0.309654
-0.420926  0.0772953  0.309654
-0.420943  0.0780763  0.310159
-0.420943  0.0780763  0.310159
-0.42096  0.0788623  0.310663
-0.42096  0.0788623  0.310663
-0.42096  0.0788623  0.310663
-0.420977  0.0796514  0.311165
-0.420977  0.0796514  0.311165
-0.420993  0.0804445  0.311665
-0.420993  0.0804445  0.311665
-0.421009  0.0812424  0.312164
-0.421009  0.0812424  0.312164
-0.421009  0.0812424  0.312164
-0.421025  0.0820443  0.31266
-0.421025  0.0820443  0.31266
-0.421041  0.0828506  0.313155
-0.421041  0.0828506  0.313155
-0.421041  0.0828506  0.313155
-0.421057  0.0836608  0.313647
-0.421057  0.0836608  0.313647
-0.421073  0.0844751  0.314137
-0.421073  0.0844751  0.314137
-0.421073  0.0844751  0.314137
-0.421088  0.0852934  0.314625
-0.421088  0.0852934  0.314625
-0.421103  0.0861163  0.31511
-0.421103  0.0861163  0.31511
-0.421103  0.0861163  0.31511
-0.421118  0.0869434  0.315594
-0.421118  0.0869434  0.315594
-0.421133  0.0877737  0.316075
-0.421133  0.0877737  0.316075
-0.421133  0.0877737  0.316075
-0.421148  0.0886097  0.316553
-0.421148  0.0886097  0.316553
-0.421162  0.0894492  0.31703
-0.421162  0.0894492  0.31703
-0.421162  0.0894492  0.31703
-0.421176  0.0902927  0.317505
-0.421176  0.0902927  0.317505
-0.421176  0.0902927  0.317505
-0.42119  0.0911405  0.317977
-0.42119  0.0911405  0.317977
-0.421204  0.0919929  0.318446
-0.421204  0.0919929  0.318446
-0.421204  0.0919929  0.318446
-0.421217  0.0928496  0.318913
-0.421217  0.0928496  0.318913
-0.42123  0.0937106  0.319378
-0.42123  0.0937106  0.319378
-0.42123  0.0937106  0.319378
-0.421243  0.0945762  0.31984
-0.421243  0.0945762  0.31984
-0.421256  0.0954462  0.3203
-0.421256  0.0954462  0.3203
-0.421268  0.0963197  0.320757
-0.421268  0.0963197  0.320757
-0.421268  0.0963197  0.320757
-0.42128  0.097198  0.321213
-0.42128  0.097198  0.321213
-0.421292  0.0980814  0.321665
-0.421292  0.0980814  0.321665
-0.421292  0.0980814  0.321665
-0.421303  0.0989688  0.322115
-0.421303  0.0989688  0.322115
-0.421315  0.0998606  0.322562
-0.421315  0.0998606  0.322562
-0.421315  0.0998606  0.322562
-0.421325  0.100756  0.323006
-0.421325  0.100756  0.323006
-0.421336  0.101656  0.323446
-0.421336  0.101656  0.323446
-0.421336  0.101656  0.323446
-0.421346  0.102561  0.323884
-0.421346  0.102561  0.323884
-0.421356  0.103469  0.324318
-0.421356  0.103469  0.324318
-0.421356  0.103469  0.324318
-0.421366  0.104383  0.32475
-0.421366  0.104383  0.32475
-0.421366  0.104383  0.32475
-0.421375  0.105299  0.325178
-0.421375  0.105299  0.325178
-0.421384  0.106223  0.325603
-0.421384  0.106223  0.325603
-0.421392  0.107151  0.326025
-0.421392  0.107151  0.326025
-0.421392  0.107151  0.326025
-0.4214  0.108083  0.326443
-0.4214  0.108083  0.326443
-0.421408  0.10902  0.326858
-0.421408  0.10902  0.326858
-0.421408  0.10902  0.326858
-0.421416  0.109961  0.32727
-0.421416  0.109961  0.32727
-0.421423  0.110907  0.327678
-0.421423  0.110907  0.327678
-0.421423  0.110907  0.327678
-0.421429  0.111857  0.328083
-0.421429  0.111857  0.328083
-0.421436  0.112813  0.328485
-0.421436  0.112813  0.328485
-0.421436  0.112813  0.328485
-0.421441  0.113773  0.328882
-0.421441  0.113773  0.328882
-0.421447  0.114739  0.329276
-0.421447  0.114739  0.329276
-0.421447  0.114739  0.329276
-0.421452  0.115708  0.329666
-0.421452  0.115708  0.329666
-0.421456  0.116683  0.330052
-0.421456  0.116683  0.330052
-0.421456  0.116683  0.330052
-0.421461  0.117662  0.330434
-0.421461  0.117662  0.330434
-0.421464  0.118647  0.330812
-0.421464  0.118647  0.330812
-0.421464  0.118647  0.330812
-0.421468  0.119636  0.331186
-0.421468  0.119636  0.331186
-0.42147  0.120631  0.331556
-0.42147  0.120631  0.331556
-0.42147  0.120631  0.331556
-0.421473  0.121629  0.331921
-0.421473  0.121629  0.331921
-0.421475  0.122633  0.332281
-0.421475  0.122633  0.332281
-0.421475  0.122633  0.332281
-0.421476  0.123641  0.332637
-0.421476  0.123641  0.332637
-0.421477  0.124654  0.332988
-0.421477  0.124654  0.332988
-0.421477  0.124654  0.332988
-0.421478  0.12567  0.333334
-0.421478  0.12567  0.333334
-0.421478  0.12567  0.333334
-0.421478  0.126691  0.333676
-0.421478  0.126691  0.333676
-0.421477  0.127718  0.334012
-0.421477  0.127718  0.334012
-0.421477  0.127718  0.334012
-0.421476  0.12875  0.334343
-0.421476  0.12875  0.334343
-0.421474  0.129786  0.334668
-0.421474  0.129786  0.334668
-0.421474  0.129786  0.334668
-0.421472  0.130826  0.334989
-0.421472  0.130826  0.334989
-0.42147  0.131871  0.335304
-0.42147  0.131871  0.335304
-0.42147  0.131871  0.335304
-0.421467  0.132919  0.335614
-0.421467  0.132919  0.335614
-0.421463  0.133973  0.335918
-0.421463  0.133973  0.335918
-0.421459  0.13503  0.336217
-0.421459  0.13503  0.336217
-0.421459  0.13503  0.336217
-0.421454  0.136092  0.33651
-0.421454  0.136092  0.33651
-0.421449  0.137157  0.336798
-0.421449  0.137157  0.336798
-0.421449  0.137157  0.336798
-0.421443  0.138226  0.33708
-0.421443  0.138226  0.33708
-0.421436  0.139299  0.337356
-0.421436  0.139299  0.337356
-0.421436  0.139299  0.337356
-0.421429  0.140376  0.337626
-0.421429  0.140376  0.337626
-0.421422  0.141457  0.33789
-0.421422  0.141457  0.33789
-0.421422  0.141457  0.33789
-0.421413  0.142541  0.338147
-0.421413  0.142541  0.338147
-0.421405  0.143628  0.338398
-0.421405  0.143628  0.338398
-0.421405  0.143628  0.338398
-0.421395  0.144717  0.338642
-0.421395  0.144717  0.338642
-0.421385  0.14581  0.33888
-0.421385  0.14581  0.33888
-0.421385  0.14581  0.33888
-0.421375  0.146904  0.339113
-0.421375  0.146904  0.339113
-0.421364  0.148001  0.339338
-0.421364  0.148001  0.339338
-0.421364  0.148001  0.339338
-0.421352  0.1491  0.339557
-0.421352  0.1491  0.339557
-0.42134  0.1502  0.339769
-0.42134  0.1502  0.339769
-0.42134  0.1502  0.339769
-0.421327  0.151302  0.339976
-0.421327  0.151302  0.339976
-0.421314  0.152405  0.340175
-0.421314  0.152405  0.340175
-0.421314  0.152405  0.340175
-0.421299  0.153509  0.340368
-0.421299  0.153509  0.340368
-0.421285  0.154613  0.340555
-0.421285  0.154613  0.340555
-0.421285  0.154613  0.340555
-0.42127  0.155717  0.340735
-0.42127  0.155717  0.340735
-0.42127  0.155717  0.340735
-0.421254  0.156821  0.34091
-0.421254  0.156821  0.34091
-0.421238  0.157925  0.341078
-0.421238  0.157925  0.341078
-0.421238  0.157925  0.341078
-0.421221  0.159027  0.341241
-0.421221  0.159027  0.341241
-0.421203  0.16013  0.341397
-0.421203  0.16013  0.341397
-0.421203  0.16013  0.341397
-0.421185  0.161231  0.341548
-0.421185  0.161231  0.341548
-0.421167  0.162331  0.341694
-0.421167  0.162331  0.341694
-0.421148  0.163429  0.341834
-0.421148  0.163429  0.341834
-0.421148  0.163429  0.341834
-0.421128  0.164525  0.341968
-0.421128  0.164525  0.341968
-0.421108  0.16562  0.342097
-0.421108  0.16562  0.342097
-0.421108  0.16562  0.342097
-0.421088  0.166712  0.34222
-0.421088  0.166712  0.34222
-0.421066  0.167801  0.342339
-0.421066  0.167801  0.342339
-0.421066  0.167801  0.342339
-0.421045  0.168888  0.342453
-0.421045  0.168888  0.342453
-0.421023  0.169973  0.342563
-0.421023  0.169973  0.342563
-0.421023  0.169973  0.342563
-0.421  0.171054  0.342669
-0.421  0.171054  0.342669
-0.420977  0.172133  0.34277
-0.420977  0.172133  0.34277
-0.420977  0.172133  0.34277
-0.420954  0.173208  0.342867
-0.420954  0.173208  0.342867
-0.42093  0.17428  0.342961
-0.42093  0.17428  0.342961
-0.42093  0.17428  0.342961
-0.420905  0.175349  0.34305
-0.420905  0.175349  0.34305
-0.420881  0.176414  0.343136
-0.420881  0.176414  0.343136
-0.420881  0.176414  0.343136
-0.420855  0.177475  0.343217
-0.420855  0.177475  0.343217
-0.42083  0.178533  0.343296
-0.42083  0.178533  0.343296
-0.42083  0.178533  0.343296
-0.420804  0.179587  0.343371
-0.420804  0.179587  0.343371
-0.420778  0.180636  0.343442
-0.420778  0.180636  0.343442
-0.420778  0.180636  0.343442
-0.420751  0.181682  0.343511
-0.420751  0.181682  0.343511
-0.420751  0.181682  0.343511
-0.420724  0.182723  0.343576
-0.420724  0.182723  0.343576
-0.420696  0.18376  0.343637
-0.420696  0.18376  0.343637
-0.420668  0.184793  0.343697
-0.420668  0.184793  0.343697
-0.420668  0.184793  0.343697
-0.42064  0.185821  0.343753
-0.42064  0.185821  0.343753
-0.420612  0.186845  0.343806
-0.420612  0.186845  0.343806
-0.420612  0.186845  0.343806
-0.420583  0.187865  0.343857
-0.420583  0.187865  0.343857
-0.420554  0.18888  0.343906
-0.420554  0.18888  0.343906
-0.420554  0.18888  0.343906
-0.420525  0.189892  0.343952
-0.420525  0.189892  0.343952
-0.420495  0.190899  0.343995
-0.420495  0.190899  0.343995
-0.420495  0.190899  0.343995
-0.420465  0.191902  0.344036
-0.420465  0.191902  0.344036
-0.420435  0.192901  0.344074
-0.420435  0.192901  0.344074
-0.420435  0.192901  0.344074
-0.420404  0.193896  0.34411
-0.420404  0.193896  0.34411
-0.420373  0.194886  0.344145
-0.420373  0.194886  0.344145
-0.420373  0.194886  0.344145
-0.420342  0.195873  0.344176
-0.420342  0.195873  0.344176
-0.420311  0.196854  0.344206
-0.420311  0.196854  0.344206
-0.420311  0.196854  0.344206
-0.420279  0.197832  0.344233
-0.420279  0.197832  0.344233
-0.420248  0.198805  0.344257
-0.420248  0.198805  0.344257
-0.420248  0.198805  0.344257
-0.420216  0.199774  0.344279
-0.420216  0.199774  0.344279
-0.420216  0.199774  0.344279
-0.420184  0.200739  0.344298
-0.420184  0.200739  0.344298
-0.420151  0.201699  0.344315
-0.420151  0.201699  0.344315
-0.420151  0.201699  0.344315
-0.420119  0.202655  0.34433
-0.420119  0.202655  0.34433
-0.420086  0.203606  0.344343
-0.420086  0.203606  0.344343
-0.420086  0.203606  0.344343
-0.420053  0.204552  0.344353
-0.420053  0.204552  0.344353
-0.42002  0.205495  0.34436
-0.42002  0.205495  0.34436
-0.42002  0.205495  0.34436
-0.419987  0.206433  0.344366
-0.419987  0.206433  0.344366
-0.419954  0.207367  0.344368
-0.419954  0.207367  0.344368
-0.419954  0.207367  0.344368
-0.41992  0.208296  0.344369
-0.41992  0.208296  0.344369
-0.419886  0.209221  0.344367
-0.419886  0.209221  0.344367
-0.419853  0.210142  0.344363
-0.419853  0.210142  0.344363
-0.419853  0.210142  0.344363
-0.419819  0.211059  0.344356
-0.419819  0.211059  0.344356
-0.419785  0.211971  0.344348
-0.419785  0.211971  0.344348
-0.419785  0.211971  0.344348
-0.419751  0.212879  0.344337
-0.419751  0.212879  0.344337
-0.419717  0.213782  0.344324
-0.419717  0.213782  0.344324
-0.419717  0.213782  0.344324
-0.419682  0.214682  0.344308
-0.419682  0.214682  0.344308
-0.419682  0.214682  0.344308
-0.419648  0.215577  0.34429
-0.419648  0.215577  0.34429
-0.419613  0.216469  0.344269
-0.419613  0.216469  0.344269
-0.419579  0.217356  0.344246
-0.419579  0.217356  0.344246
-0.419579  0.217356  0.344246
-0.419544  0.218239  0.34422
-0.419544  0.218239  0.34422
-0.41951  0.219118  0.344192
-0.41951  0.219118  0.344192
-0.41951  0.219118  0.344192
-0.419475  0.219993  0.344162
-0.419475  0.219993  0.344162
-0.41944  0.220863  0.344129
-0.41944  0.220863  0.344129
-0.41944  0.220863  0.344129
-0.419406  0.221729  0.344094
-0.419406  0.221729  0.344094
-0.419371  0.222591  0.344055
-0.419371  0.222591  0.344055
-0.419371  0.222591  0.344055
-0.419336  0.223449  0.344015
-0.419336  0.223449  0.344015
-0.419301  0.224302  0.343972
-0.419301  0.224302  0.343972
-0.419301  0.224302  0.343972
-0.419266  0.225151  0.343926
-0.419266  0.225151  0.343926
-0.419231  0.225996  0.343878
-0.419231  0.225996  0.343878
-0.419231  0.225996  0.343878
-0.419197  0.226837  0.343828
-0.419197  0.226837  0.343828
-0.419162  0.227674  0.343776
-0.419162  0.227674  0.343776
-0.419162  0.227674  0.343776
-0.419127  0.228506  0.343721
-0.419127  0.228506  0.343721
-0.419092  0.229335  0.343663
-0.419092  0.229335  0.343663
-0.419092  0.229335  0.343663
-0.419057  0.230159  0.343604
-0.419057  0.230159  0.343604
-0.419023  0.230979  0.343542
-0.419023  0.230979  0.343542
-0.419023  0.230979  0.343542
-0.418988  0.231794  0.343479
-0.418988  0.231794  0.343479
-0.418953  0.232606  0.343412
-0.418953  0.232606  0.343412
-0.418953  0.232606  0.343412
-0.418919  0.233414  0.343344
-0.418919  0.233414  0.343344
-0.418884  0.234218  0.343274
-0.418884  0.234218  0.343274
-0.418884  0.234218  0.343274
-0.418849  0.235017  0.343201
-0.418849  0.235017  0.343201
-0.418815  0.235813  0.343126
-0.418815  0.235813  0.343126
-0.418815  0.235813  0.343126
-0.418781  0.236605  0.343049
-0.418781  0.236605  0.343049
-0.418746  0.237393  0.34297
-0.418746  0.237393  0.34297
-0.418746  0.237393  0.34297
-0.418712  0.238177  0.342889
-0.418712  0.238177  0.342889
-0.418678  0.238958  0.342805
-0.418678  0.238958  0.342805
-0.418678  0.238958  0.342805
-0.418643  0.239735  0.342721
-0.418643  0.239735  0.342721
-0.418609  0.240509  0.342633
-0.418609  0.240509  0.342633
-0.418609  0.240509  0.342633
-0.418575  0.241279  0.342545
-0.418575  0.241279  0.342545
-0.418541  0.242045  0.342454
-0.418541  0.242045  0.342454
-0.418541  0.242045  0.342454
-0.418507  0.242808  0.342362
-0.418507  0.242808  0.342362
-0.418507  0.242808  0.342362
-0.418474  0.243567  0.342269
-0.418474  0.243567  0.342269
-0.41844  0.244323  0.342173
-0.41844  0.244323  0.342173
-0.418406  0.245075  0.342076
-0.418406  0.245075  0.342076
-0.418406  0.245075  0.342076
-0.418372  0.245824  0.341976
-0.418372  0.245824  0.341976
-0.418372  0.245824  0.341976
-0.418339  0.24657  0.341875
-0.418339  0.24657  0.341875
-0.418305  0.247312  0.341771
-0.418305  0.247312  0.341771
-0.418272  0.24805  0.341666
-0.418272  0.24805  0.341666
-0.418272  0.24805  0.341666
-0.418239  0.248785  0.341559
-0.418239  0.248785  0.341559
-0.418206  0.249516  0.341449
-0.418206  0.249516  0.341449
-0.418206  0.249516  0.341449
-0.418173  0.250244  0.341336
-0.418173  0.250244  0.341336
-0.41814  0.250968  0.341222
-0.41814  0.250968  0.341222
-0.41814  0.250968  0.341222
-0.418107  0.251689  0.341104
-0.418107  0.251689  0.341104
-0.418075  0.252406  0.340985
-0.418075  0.252406  0.340985
-0.418075  0.252406  0.340985
-0.418042  0.25312  0.340863
-0.418042  0.25312  0.340863
-0.41801  0.25383  0.340739
-0.41801  0.25383  0.340739
-0.41801  0.25383  0.340739
-0.417978  0.254537  0.340613
-0.417978  0.254537  0.340613
-0.417946  0.255241  0.340485
-0.417946  0.255241  0.340485
-0.417946  0.255241  0.340485
-0.417914  0.255942  0.340355
-0.417914  0.255942  0.340355
-0.417882  0.256639  0.340222
-0.417882  0.256639  0.340222
-0.417882  0.256639  0.340222
-0.41785  0.257334  0.340088
-0.41785  0.257334  0.340088
-0.417819  0.258026  0.339952
-0.417819  0.258026  0.339952
-0.417819  0.258026  0.339952
-0.417787  0.258714  0.339813
-0.417787  0.258714  0.339813
-0.417756  0.2594  0.339673
-0.417756  0.2594  0.339673
-0.417756  0.2594  0.339673
-0.417725  0.260082  0.339531
-0.417725  0.260082  0.339531
-0.417694  0.260762  0.339386
-0.417694  0.260762  0.339386
-0.417694  0.260762  0.339386
-0.417663  0.261438  0.33924
-0.417663  0.261438  0.33924
-0.417632  0.262112  0.339091
-0.417632  0.262112  0.339091
-0.417632  0.262112  0.339091
-0.417602  0.262782  0.33894
-0.417602  0.262782  0.33894
-0.417571  0.263449  0.338787
-0.417571  0.263449  0.338787
-0.417571  0.263449  0.338787
-0.417541  0.264113  0.338632
-0.417541  0.264113  0.338632
-0.417511  0.264773  0.338474
-0.417511  0.264773  0.338474
-0.417511  0.264773  0.338474
-0.417481  0.26543  0.338314
-0.417481  0.26543  0.338314
-0.417481  0.26543  0.338314
-0.417451  0.266084  0.338152
-0.417451  0.266084  0.338152
-0.417422  0.266734  0.337988
-0.417422  0.266734  0.337988
-0.417422  0.266734  0.337988
-0.417392  0.267381  0.337822
-0.417392  0.267381  0.337822
-0.417363  0.268025  0.337653
-0.417363  0.268025  0.337653
-0.417334  0.268667  0.337483
-0.417334  0.268667  0.337483
-0.417334  0.268667  0.337483
-0.417305  0.269305  0.337311
-0.417305  0.269305  0.337311
-0.417277  0.26994  0.337137
-0.417277  0.26994  0.337137
-0.417277  0.26994  0.337137
-0.417248  0.270573  0.336961
-0.417248  0.270573  0.336961
-0.41722  0.271202  0.336784
-0.41722  0.271202  0.336784
-0.41722  0.271202  0.336784
-0.417192  0.271828  0.336606
-0.417192  0.271828  0.336606
-0.417163  0.272453  0.336425
-0.417163  0.272453  0.336425
-0.417163  0.272453  0.336425
-0.417136  0.273074  0.336242
-0.417136  0.273074  0.336242
-0.417108  0.273692  0.336057
-0.417108  0.273692  0.336057
-0.417108  0.273692  0.336057
-0.41708  0.274308  0.335871
-0.41708  0.274308  0.335871
-0.41708  0.274308  0.335871
-0.417053  0.274921  0.335683
-0.417053  0.274921  0.335683
-0.417026  0.275532  0.335493
-0.417026  0.275532  0.335493
-0.417026  0.275532  0.335493
-0.416999  0.27614  0.335302
-0.416999  0.27614  0.335302
-0.416972  0.276745  0.335108
-0.416972  0.276745  0.335108
-0.416972  0.276745  0.335108
-0.416945  0.277347  0.334912
-0.416945  0.277347  0.334912
-0.416918  0.277948  0.334713
-0.416918  0.277948  0.334713
-0.416918  0.277948  0.334713
-0.416892  0.278545  0.334512
-0.416892  0.278545  0.334512
-0.416866  0.27914  0.334309
-0.416866  0.27914  0.334309
-0.416866  0.27914  0.334309
-0.41684  0.279732  0.334104
-0.41684  0.279732  0.334104
-0.416814  0.280322  0.333896
-0.416814  0.280322  0.333896
-0.416814  0.280322  0.333896
-0.416788  0.28091  0.333686
-0.416788  0.28091  0.333686
-0.416763  0.281495  0.333474
-0.416763  0.281495  0.333474
-0.416737  0.282078  0.333259
-0.416737  0.282078  0.333259
-0.416737  0.282078  0.333259
-0.416712  0.282659  0.333042
-0.416712  0.282659  0.333042
-0.416687  0.283238  0.332823
-0.416687  0.283238  0.332823
-0.416687  0.283238  0.332823
-0.416662  0.283814  0.332602
-0.416662  0.283814  0.332602
-0.416637  0.284388  0.332378
-0.416637  0.284388  0.332378
-0.416637  0.284388  0.332378
-0.416612  0.28496  0.332152
-0.416612  0.28496  0.332152
-0.416588  0.285531  0.331923
-0.416588  0.285531  0.331923
-0.416564  0.286099  0.331692
-0.416564  0.286099  0.331692
-0.416564  0.286099  0.331692
-0.416539  0.286664  0.331459
-0.416539  0.286664  0.331459
-0.416539  0.286664  0.331459
-0.416515  0.287229  0.331223
-0.416515  0.287229  0.331223
-0.416491  0.28779  0.330985
-0.416491  0.28779  0.330985
-0.416491  0.28779  0.330985
-0.416468  0.288351  0.330744
-0.416468  0.288351  0.330744
-0.416444  0.288909  0.330501
-0.416444  0.288909  0.330501
-0.416444  0.288909  0.330501
-0.416421  0.289466  0.330254
-0.416421  0.289466  0.330254
-0.416397  0.29002  0.330006
-0.416397  0.29002  0.330006
-0.416397  0.29002  0.330006
-0.416374  0.290573  0.329755
-0.416374  0.290573  0.329755
-0.416351  0.291124  0.329502
-0.416351  0.291124  0.329502
-0.416351  0.291124  0.329502
-0.416328  0.291672  0.329246
-0.416328  0.291672  0.329246
-0.416305  0.29222  0.328987
-0.416305  0.29222  0.328987
-0.416305  0.29222  0.328987
-0.416283  0.292765  0.328726
-0.416283  0.292765  0.328726
-0.41626  0.293309  0.328462
-0.41626  0.293309  0.328462
-0.41626  0.293309  0.328462
-0.416238  0.29385  0.328195
-0.416238  0.29385  0.328195
-0.416215  0.294391  0.327926
-0.416215  0.294391  0.327926
-0.416215  0.294391  0.327926
-0.416193  0.294929  0.327653
-0.416193  0.294929  0.327653
-0.416171  0.295466  0.327379
-0.416171  0.295466  0.327379
-0.416171  0.295466  0.327379
-0.41615  0.296001  0.327101
-0.41615  0.296001  0.327101
-0.416128  0.296535  0.326821
-0.416128  0.296535  0.326821
-0.416128  0.296535  0.326821
-0.416106  0.297066  0.326538
-0.416106  0.297066  0.326538
-0.416085  0.297597  0.326252
-0.416085  0.297597  0.326252
-0.416085  0.297597  0.326252
-0.416063  0.298126  0.325964
-0.416063  0.298126  0.325964
-0.416042  0.298654  0.325673
-0.416042  0.298654  0.325673
-0.416042  0.298654  0.325673
-0.416021  0.29918  0.32538
-0.416021  0.29918  0.32538
-0.416  0.299705  0.325084
-0.416  0.299705  0.325084
-0.416  0.299705  0.325084
-0.415979  0.300228  0.324785
-0.415979  0.300228  0.324785
-0.415958  0.30075  0.324483
-0.415958  0.30075  0.324483
-0.415958  0.30075  0.324483
-0.415937  0.301271  0.32418
-0.415937  0.301271  0.32418
-0.415917  0.30179  0.323873
-0.415917  0.30179  0.323873
-0.415896  0.302309  0.323564
-0.415896  0.302309  0.323564
-0.415896  0.302309  0.323564
-0.415896  0.302309  0.323564
-0.415876  0.302825  0.323254
-0.415876  0.302825  0.323254
-0.415855  0.303341  0.32294
-0.415855  0.303341  0.32294
-0.415855  0.303341  0.32294
-0.415835  0.303855  0.322624
-0.415835  0.303855  0.322624
-0.415815  0.304368  0.322305
-0.415815  0.304368  0.322305
-0.415815  0.304368  0.322305
-0.415795  0.304879  0.321984
-0.415795  0.304879  0.321984
-0.415775  0.30539  0.321659
-0.415775  0.30539  0.321659
-0.415755  0.305899  0.321333
-0.415755  0.305899  0.321333
-0.415755  0.305899  0.321333
-0.415735  0.306406  0.321003
-0.415735  0.306406  0.321003
-0.415735  0.306406  0.321003
-0.415715  0.306912  0.320671
-0.415715  0.306912  0.320671
-0.415696  0.307417  0.320336
-0.415696  0.307417  0.320336
-0.415676  0.307921  0.319999
-0.415676  0.307921  0.319999
-0.415676  0.307921  0.319999
-0.415657  0.308424  0.319659
-0.415657  0.308424  0.319659
-0.415638  0.308925  0.319316
-0.415638  0.308925  0.319316
-0.415638  0.308925  0.319316
-0.415618  0.309425  0.31897
-0.415618  0.309425  0.31897
-0.415599  0.309924  0.318622
-0.415599  0.309924  0.318622
-0.415599  0.309924  0.318622
-0.41558  0.310422  0.318272
-0.41558  0.310422  0.318272
-0.415561  0.310918  0.317919
-0.415561  0.310918  0.317919
-0.415561  0.310918  0.317919
-0.415543  0.311413  0.317564
-0.415543  0.311413  0.317564
-0.415524  0.311907  0.317207
-0.415524  0.311907  0.317207
-0.415524  0.311907  0.317207
-0.415505  0.3124  0.316847
-0.415505  0.3124  0.316847
-0.415486  0.312892  0.316485
-0.415486  0.312892  0.316485
-0.415486  0.312892  0.316485
-0.415468  0.313383  0.31612
-0.415468  0.313383  0.31612
-0.415449  0.313873  0.315753
-0.415449  0.313873  0.315753
-0.415449  0.313873  0.315753
-0.415431  0.314361  0.315383
-0.415431  0.314361  0.315383
-0.415413  0.314848  0.315012
-0.415413  0.314848  0.315012
-0.415413  0.314848  0.315012
-0.415394  0.315334  0.314637
-0.415394  0.315334  0.314637
-0.415376  0.315819  0.31426
-0.415376  0.315819  0.31426
-0.415376  0.315819  0.31426
-0.415358  0.316303  0.31388
-0.415358  0.316303  0.31388
-0.41534  0.316785  0.313498
-0.41534  0.316785  0.313498
-0.41534  0.316785  0.313498
-0.415322  0.317266  0.313115
-0.415322  0.317266  0.313115
-0.415304  0.317746  0.312729
-0.415304  0.317746  0.312729
-0.415304  0.317746  0.312729
-0.415286  0.318224  0.31234
-0.415286  0.318224  0.31234
-0.415269  0.318702  0.311949
-0.415269  0.318702  0.311949
-0.415269  0.318702  0.311949
-0.415251  0.319178  0.311556
-0.415251  0.319178  0.311556
-0.415234  0.319653  0.311161
-0.415234  0.319653  0.311161
-0.415234  0.319653  0.311161
-0.415216  0.320127  0.310763
-0.415216  0.320127  0.310763
-0.415199  0.320599  0.310364
-0.415199  0.320599  0.310364
-0.415199  0.320599  0.310364
-0.415182  0.32107  0.309962
-0.415182  0.32107  0.309962
-0.415182  0.32107  0.309962
-0.415164  0.321539  0.30956
-0.415164  0.321539  0.30956
-0.415147  0.322007  0.309155
-0.415147  0.322007  0.309155
-0.415147  0.322007  0.309155
-0.41513  0.322474  0.308748
-0.41513  0.322474  0.308748
-0.415113  0.32294  0.308339
-0.415113  0.32294  0.308339
-0.415113  0.32294  0.308339
-0.415097  0.323404  0.307928
-0.415097  0.323404  0.307928
-0.41508  0.323867  0.307516
-0.41508  0.323867  0.307516
-0.415063  0.324328  0.307102
-0.415063  0.324328  0.307102
-0.415063  0.324328  0.307102
-0.415047  0.324787  0.306686
-0.415047  0.324787  0.306686
-0.41503  0.325246  0.306269
-0.41503  0.325246  0.306269
-0.41503  0.325246  0.306269
-0.415014  0.325702  0.305849
-0.415014  0.325702  0.305849
-0.414998  0.326158  0.305429
-0.414998  0.326158  0.305429
-0.414998  0.326158  0.305429
-0.414982  0.326611  0.305006
-0.414982  0.326611  0.305006
-0.414966  0.327063  0.304582
-0.414966  0.327063  0.304582
-0.414966  0.327063  0.304582
-0.41495  0.327514  0.304156
-0.41495  0.327514  0.304156
-0.414934  0.327963  0.303729
-0.414934  0.327963  0.303729
-0.414934  0.327963  0.303729
-0.414918  0.32841  0.303301
-0.414918  0.32841  0.303301
-0.414903  0.328855  0.30287
-0.414903  0.328855  0.30287
-0.414903  0.328855  0.30287
-0.414887  0.329299  0.302439
-0.414887  0.329299  0.302439
-0.414872  0.329741  0.302006
-0.414872  0.329741  0.302006
-0.414872  0.329741  0.302006
-0.414857  0.330182  0.301571
-0.414857  0.330182  0.301571
-0.414842  0.330621  0.301135
-0.414842  0.330621  0.301135
-0.414842  0.330621  0.301135
-0.414827  0.331058  0.300698
-0.414827  0.331058  0.300698
-0.414812  0.331493  0.30026
-0.414812  0.331493  0.30026
-0.414812  0.331493  0.30026
-0.414797  0.331927  0.299821
-0.414797  0.331927  0.299821
-0.414783  0.332359  0.29938
-0.414783  0.332359  0.29938
-0.414783  0.332359  0.29938
-0.414768  0.332788  0.298938
-0.414768  0.332788  0.298938
-0.414754  0.333217  0.298495
-0.414754  0.333217  0.298495
-0.414754  0.333217  0.298495
-0.41474  0.333643  0.29805
-0.41474  0.333643  0.29805
-0.414726  0.334067  0.297605
-0.414726  0.334067  0.297605
-0.414726  0.334067  0.297605
-0.414712  0.33449  0.297159
-0.414712  0.33449  0.297159
-0.414698  0.334911  0.296711
-0.414698  0.334911  0.296711
-0.414698  0.334911  0.296711
-0.414684  0.335329  0.296263
-0.414684  0.335329  0.296263
-0.414671  0.335746  0.295814
-0.414671  0.335746  0.295814
-0.414671  0.335746  0.295814
-0.414658  0.336161  0.295363
-0.414658  0.336161  0.295363
-0.414644  0.336575  0.294911
-0.414644  0.336575  0.294911
-0.414644  0.336575  0.294911
-0.414631  0.336987  0.294459
-0.414631  0.336987  0.294459
-0.414618  0.337397  0.294005
-0.414618  0.337397  0.294005
-0.414618  0.337397  0.294005
-0.414605  0.337805  0.293552
-0.414605  0.337805  0.293552
-0.414593  0.338211  0.293096
-0.414593  0.338211  0.293096
-0.414593  0.338211  0.293096
-0.41458  0.338615  0.292641
-0.41458  0.338615  0.292641
-0.414567  0.339018  0.292183
-0.414567  0.339018  0.292183
-0.414567  0.339018  0.292183
-0.414555  0.33942  0.291726
-0.414555  0.33942  0.291726
-0.414543  0.339819  0.291266
-0.414543  0.339819  0.291266
-0.414543  0.339819  0.291266
-0.414531  0.340217  0.290807
-0.414531  0.340217  0.290807
-0.414519  0.340613  0.290346
-0.414519  0.340613  0.290346
-0.414519  0.340613  0.290346
-0.414507  0.341007  0.289885
-0.414507  0.341007  0.289885
-0.414495  0.341399  0.289421
-0.414495  0.341399  0.289421
-0.414495  0.341399  0.289421
-0.414483  0.34179  0.288957
-0.414483  0.34179  0.288957
-0.414472  0.342179  0.288492
-0.414472  0.342179  0.288492
-0.414472  0.342179  0.288492
-0.41446  0.342566  0.288026
-0.41446  0.342566  0.288026
-0.414449  0.342951  0.287559
-0.414449  0.342951  0.287559
-0.414449  0.342951  0.287559
-0.414438  0.343335  0.287091
-0.414438  0.343335  0.287091
-0.414427  0.343717  0.286622
-0.414427  0.343717  0.286622
-0.414427  0.343717  0.286622
-0.414416  0.344097  0.286152
-0.414416  0.344097  0.286152
-0.414405  0.344476  0.28568
-0.414405  0.344476  0.28568
-0.414405  0.344476  0.28568
-0.414395  0.344852  0.285208
-0.414395  0.344852  0.285208
-0.414395  0.344852  0.285208
-0.414384  0.345227  0.284735
-0.414384  0.345227  0.284735
-0.414374  0.3456  0.284262
-0.414374  0.3456  0.284262
-0.414364  0.345971  0.283787
-0.414364  0.345971  0.283787
-0.414364  0.345971  0.283787
-0.414353  0.34634  0.283311
-0.414353  0.34634  0.283311
-0.414343  0.346707  0.282834
-0.414343  0.346707  0.282834
-0.414343  0.346707  0.282834
-0.414334  0.347073  0.282356
-0.414334  0.347073  0.282356
-0.414324  0.347436  0.281877
-0.414324  0.347436  0.281877
-0.414324  0.347436  0.281877
-0.414314  0.347798  0.281397
-0.414314  0.347798  0.281397
-0.414305  0.348158  0.280916
-0.414305  0.348158  0.280916
-0.414305  0.348158  0.280916
-0.414296  0.348516  0.280434
-0.414296  0.348516  0.280434
-0.414287  0.348872  0.279952
-0.414287  0.348872  0.279952
-0.414287  0.348872  0.279952
-0.414278  0.349226  0.279469
-0.414278  0.349226  0.279469
-0.414269  0.349579  0.278984
-0.414269  0.349579  0.278984
-0.414269  0.349579  0.278984
-0.41426  0.34993  0.278499
-0.41426  0.34993  0.278499
-0.414251  0.350279  0.278014
-0.414251  0.350279  0.278014
-0.414251  0.350279  0.278014
-0.414243  0.350626  0.277528
-0.414243  0.350626  0.277528
-0.414234  0.350972  0.277041
-0.414234  0.350972  0.277041
-0.414234  0.350972  0.277041
-0.414226  0.351316  0.276553
-0.414226  0.351316  0.276553
-0.414218  0.351658  0.276065
-0.414218  0.351658  0.276065
-0.414218  0.351658  0.276065
-0.41421  0.351998  0.275576
-0.41421  0.351998  0.275576
-0.414202  0.352336  0.275086
-0.414202  0.352336  0.275086
-0.414202  0.352336  0.275086
-0.414194  0.352672  0.274595
-0.414194  0.352672  0.274595
-0.414187  0.353006  0.274104
-0.414187  0.353006  0.274104
-0.414187  0.353006  0.274104
-0.414179  0.353338  0.273613
-0.414179  0.353338  0.273613
-0.414172  0.353669  0.27312
-0.414172  0.353669  0.27312
-0.414172  0.353669  0.27312
-0.414165  0.353997  0.272627
-0.414165  0.353997  0.272627
-0.414158  0.354324  0.272133
-0.414158  0.354324  0.272133
-0.414158  0.354324  0.272133
-0.414151  0.354648  0.271639
-0.414151  0.354648  0.271639
-0.414144  0.354971  0.271144
-0.414144  0.354971  0.271144
-0.414144  0.354971  0.271144
-0.414138  0.355292  0.270648
-0.414138  0.355292  0.270648
-0.414131  0.355611  0.270152
-0.414131  0.355611  0.270152
-0.414131  0.355611  0.270152
-0.414125  0.355929  0.269656
-0.414125  0.355929  0.269656
-0.414125  0.355929  0.269656
-0.414118  0.356244  0.269159
-0.414118  0.356244  0.269159
-0.414112  0.356558  0.268661
-0.414112  0.356558  0.268661
-0.414112  0.356558  0.268661
-0.414106  0.35687  0.268163
-0.414106  0.35687  0.268163
-0.4141  0.357181  0.267665
-0.4141  0.357181  0.267665
-0.4141  0.357181  0.267665
-0.414095  0.357489  0.267165
-0.414095  0.357489  0.267165
-0.414089  0.357796  0.266666
-0.414089  0.357796  0.266666
-0.414089  0.357796  0.266666
-0.414084  0.358101  0.266166
-0.414084  0.358101  0.266166
-0.414078  0.358403  0.265666
-0.414078  0.358403  0.265666
-0.414078  0.358403  0.265666
-0.414073  0.358705  0.265166
-0.414073  0.358705  0.265166
-0.414068  0.359004  0.264666
-0.414068  0.359004  0.264666
-0.414063  0.359301  0.264166
-0.414063  0.359301  0.264166
-0.414063  0.359301  0.264166
-0.414058  0.359597  0.263665
-0.414058  0.359597  0.263665
-0.414053  0.359891  0.263164
-0.414053  0.359891  0.263164
-0.414053  0.359891  0.263164
-0.414049  0.360183  0.262663
-0.414049  0.360183  0.262663
-0.414044  0.360474  0.262161
-0.414044  0.360474  0.262161
-0.414044  0.360474  0.262161
-0.41404  0.360763  0.261659
-0.41404  0.360763  0.261659
-0.414036  0.36105  0.261157
-0.414036  0.36105  0.261157
-0.414036  0.36105  0.261157
-0.414031  0.361336  0.260654
-0.414031  0.361336  0.260654
-0.414027  0.36162  0.26015
-0.414027  0.36162  0.26015
-0.414027  0.36162  0.26015
-0.414023  0.361902  0.259647
-0.414023  0.361902  0.259647
-0.414019  0.362183  0.259143
-0.414019  0.362183  0.259143
-0.414019  0.362183  0.259143
-0.414016  0.362462  0.258639
-0.414016  0.362462  0.258639
-0.414012  0.36274  0.258134
-0.414012  0.36274  0.258134
-0.414012  0.36274  0.258134
-0.414008  0.363016  0.257629
-0.414008  0.363016  0.257629
-0.414005  0.36329  0.257122
-0.414005  0.36329  0.257122
-0.414005  0.36329  0.257122
-0.414001  0.363563  0.256616
-0.414001  0.363563  0.256616
-0.413998  0.363834  0.256108
-0.413998  0.363834  0.256108
-0.413998  0.363834  0.256108
-0.413995  0.364104  0.255601
-0.413995  0.364104  0.255601
-0.413992  0.364372  0.255093
-0.413992  0.364372  0.255093
-0.413992  0.364372  0.255093
-0.413989  0.364638  0.254585
-0.413989  0.364638  0.254585
-0.413986  0.364903  0.254076
-0.413986  0.364903  0.254076
-0.413986  0.364903  0.254076
-0.413983  0.365166  0.253568
-0.413983  0.365166  0.253568
-0.41398  0.365428  0.253058
-0.41398  0.365428  0.253058
-0.41398  0.365428  0.253058
-0.413978  0.365688  0.252549
-0.413978  0.365688  0.252549
-0.413975  0.365947  0.252039
-0.413975  0.365947  0.252039
-0.413975  0.365947  0.252039
-0.413973  0.366204  0.251528
-0.413973  0.366204  0.251528
-0.41397  0.366459  0.251017
-0.41397  0.366459  0.251017
-0.41397  0.366459  0.251017
-0.413968  0.366713  0.250506
-0.413968  0.366713  0.250506
-0.413966  0.366965  0.249994
-0.413966  0.366965  0.249994
-0.413966  0.366965  0.249994
-0.413964  0.367216  0.249482
-0.413964  0.367216  0.249482
-0.413962  0.367466  0.24897
-0.413962  0.367466  0.24897
-0.413962  0.367466  0.24897
-0.41396  0.367714  0.248457
-0.41396  0.367714  0.248457
-0.413958  0.367961  0.247944
-0.413958  0.367961  0.247944
-0.413956  0.368206  0.24743
-0.413956  0.368206  0.24743
-0.413956  0.368206  0.24743
-0.413956  0.368206  0.24743
-0.413954  0.36845  0.246916
-0.413954  0.36845  0.246916
-0.413952  0.368692  0.246401
-0.413952  0.368692  0.246401
-0.413952  0.368692  0.246401
-0.413951  0.368933  0.245888
-0.413951  0.368933  0.245888
-0.413949  0.369172  0.245373
-0.413949  0.369172  0.245373
-0.413949  0.369172  0.245373
-0.413948  0.36941  0.244858
-0.413948  0.36941  0.244858
-0.413947  0.369647  0.244342
-0.413947  0.369647  0.244342
-0.413945  0.369882  0.243827
-0.413945  0.369882  0.243827
-0.413945  0.369882  0.243827
-0.413944  0.370115  0.24331
-0.413944  0.370115  0.24331
-0.413943  0.370348  0.242794
-0.413943  0.370348  0.242794
-0.413943  0.370348  0.242794
-0.413942  0.370578  0.242277
-0.413942  0.370578  0.242277
-0.413941  0.370807  0.241759
-0.413941  0.370807  0.241759
-0.413941  0.370807  0.241759
-0.41394  0.371035  0.241242
-0.41394  0.371035  0.241242
-0.413939  0.371261  0.240724
-0.413939  0.371261  0.240724
-0.413939  0.371261  0.240724
-0.413938  0.371485  0.240207
-0.413938  0.371485  0.240207
-0.413938  0.371708  0.239689
-0.413938  0.371708  0.239689
-0.413938  0.371708  0.239689
-0.413937  0.371929  0.239171
-0.413937  0.371929  0.239171
-0.413937  0.372149  0.238652
-0.413937  0.372149  0.238652
-0.413937  0.372149  0.238652
-0.413937  0.372367  0.238133
-0.413937  0.372367  0.238133
-0.413936  0.372585  0.237613
-0.413936  0.372585  0.237613
-0.413936  0.372585  0.237613
-0.413936  0.3728  0.237094
-0.413936  0.3728  0.237094
-0.413936  0.373015  0.236574
-0.413936  0.373015  0.236574
-0.413936  0.373015  0.236574
-0.413936  0.373228  0.236054
-0.413936  0.373228  0.236054
-0.413935  0.37344  0.235533
-0.413935  0.37344  0.235533
-0.413935  0.37344  0.235533
-0.413935  0.373651  0.235013
-0.413935  0.373651  0.235013
-0.413935  0.373861  0.234491
-0.413935  0.373861  0.234491
-0.413935  0.373861  0.234491
-0.413935  0.37407  0.23397
-0.413935  0.37407  0.23397
-0.413935  0.374277  0.233448
-0.413935  0.374277  0.233448
-0.413935  0.374277  0.233448
-0.413935  0.374484  0.232926
-0.413935  0.374484  0.232926
-0.413935  0.374689  0.232403
-0.413935  0.374689  0.232403
-0.413935  0.374689  0.232403
-0.413935  0.374893  0.23188
-0.413935  0.374893  0.23188
-0.413935  0.375097  0.231356
-0.413935  0.375097  0.231356
-0.413935  0.375097  0.231356
-0.413935  0.375299  0.230832
-0.413935  0.375299  0.230832
-0.413935  0.3755  0.230308
-0.413935  0.3755  0.230308
-0.413935  0.3755  0.230308
-0.413936  0.3757  0.229783
-0.413936  0.3757  0.229783
-0.413936  0.3757  0.229783
-0.413936  0.375898  0.229258
-0.413936  0.375898  0.229258
-0.413936  0.376095  0.228732
-0.413936  0.376095  0.228732
-0.413936  0.376095  0.228732
-0.413936  0.376291  0.228205
-0.413936  0.376291  0.228205
-0.413937  0.376485  0.227678
-0.413937  0.376485  0.227678
-0.413937  0.376485  0.227678
-0.413937  0.376678  0.227151
-0.413937  0.376678  0.227151
-0.413937  0.37687  0.226623
-0.413937  0.37687  0.226623
-0.413937  0.37687  0.226623
-0.413938  0.377061  0.226094
-0.413938  0.377061  0.226094
-0.413939  0.37725  0.225565
-0.413939  0.37725  0.225565
-0.413939  0.37725  0.225565
-0.413939  0.377438  0.225036
-0.413939  0.377438  0.225036
-0.41394  0.377625  0.224506
-0.41394  0.377625  0.224506
-0.41394  0.37781  0.223975
-0.41394  0.37781  0.223975
-0.41394  0.37781  0.223975
-0.413941  0.377995  0.223444
-0.413941  0.377995  0.223444
-0.413942  0.378178  0.222912
-0.413942  0.378178  0.222912
-0.413943  0.37836  0.22238
-0.413943  0.37836  0.22238
-0.413943  0.37836  0.22238
-0.413943  0.378541  0.221848
-0.413943  0.378541  0.221848
-0.413943  0.378541  0.221848
-0.413944  0.378721  0.221315
-0.413944  0.378721  0.221315
-0.413945  0.3789  0.220782
-0.413945  0.3789  0.220782
-0.413945  0.3789  0.220782
-0.413946  0.379077  0.220248
-0.413946  0.379077  0.220248
-0.413946  0.379254  0.219713
-0.413946  0.379254  0.219713
-0.413946  0.379254  0.219713
-0.413947  0.37943  0.219177
-0.413947  0.37943  0.219177
-0.413948  0.379604  0.218642
-0.413948  0.379604  0.218642
-0.413948  0.379604  0.218642
-0.413949  0.379778  0.218106
-0.413949  0.379778  0.218106
-0.41395  0.37995  0.217571
-0.41395  0.37995  0.217571
-0.41395  0.37995  0.217571
-0.413951  0.380122  0.217035
-0.413951  0.380122  0.217035
-0.413952  0.380292  0.216499
-0.413952  0.380292  0.216499
-0.413952  0.380292  0.216499
-0.413952  0.380461  0.215962
-0.413952  0.380461  0.215962
-0.413953  0.38063  0.215425
-0.413953  0.38063  0.215425
-0.413953  0.38063  0.215425
-0.413954  0.380798  0.214889
-0.413954  0.380798  0.214889
-0.413955  0.380964  0.214352
-0.413955  0.380964  0.214352
-0.413955  0.380964  0.214352
-0.413956  0.38113  0.213815
-0.413956  0.38113  0.213815
-0.413957  0.381295  0.213278
-0.413957  0.381295  0.213278
-0.413957  0.381295  0.213278
-0.413958  0.381459  0.212742
-0.413958  0.381459  0.212742
-0.413958  0.381622  0.212205
-0.413958  0.381622  0.212205
-0.413958  0.381622  0.212205
-0.413959  0.381785  0.211669
-0.413959  0.381785  0.211669
-0.41396  0.381946  0.211132
-0.41396  0.381946  0.211132
-0.41396  0.381946  0.211132
-0.413961  0.382107  0.210595
-0.413961  0.382107  0.210595
-0.413962  0.382267  0.210059
-0.413962  0.382267  0.210059
-0.413962  0.382267  0.210059
-0.413963  0.382425  0.209522
-0.413963  0.382425  0.209522
-0.413963  0.382583  0.208986
-0.413963  0.382583  0.208986
-0.413963  0.382583  0.208986
-0.413964  0.382739  0.20845
-0.413964  0.382739  0.20845
-0.413965  0.382895  0.207913
-0.413965  0.382895  0.207913
-0.413965  0.382895  0.207913
-0.413966  0.38305  0.207377
-0.413966  0.38305  0.207377
-0.413967  0.383203  0.20684
-0.413967  0.383203  0.20684
-0.413967  0.383203  0.20684
-0.413968  0.383355  0.206304
-0.413968  0.383355  0.206304
-0.413969  0.383507  0.205768
-0.413969  0.383507  0.205768
-0.413969  0.383507  0.205768
-0.41397  0.383657  0.205234
-0.41397  0.383657  0.205234
-0.413971  0.383806  0.204699
-0.413971  0.383806  0.204699
-0.413971  0.383806  0.204699
-0.413972  0.383954  0.204164
-0.413972  0.383954  0.204164
-0.413974  0.3841  0.20363
-0.413974  0.3841  0.20363
-0.413974  0.3841  0.20363
-0.413975  0.384246  0.203097
-0.413975  0.384246  0.203097
-0.413976  0.384391  0.202563
-0.413976  0.384391  0.202563
-0.413976  0.384391  0.202563
-0.413978  0.384534  0.202031
-0.413978  0.384534  0.202031
-0.413978  0.384534  0.202031
-0.413979  0.384676  0.201499
-0.413979  0.384676  0.201499
-0.413981  0.384817  0.200968
-0.413981  0.384817  0.200968
-0.413982  0.384957  0.200438
-0.413982  0.384957  0.200438
-0.413982  0.384957  0.200438
-0.413984  0.385096  0.199907
-0.413984  0.385096  0.199907
-0.413985  0.385234  0.199377
-0.413985  0.385234  0.199377
-0.413985  0.385234  0.199377
-0.413987  0.385371  0.198846
-0.413987  0.385371  0.198846
-0.413988  0.385507  0.198317
-0.413988  0.385507  0.198317
-0.413988  0.385507  0.198317
-0.41399  0.385643  0.197788
-0.41399  0.385643  0.197788
-0.413992  0.385777  0.19726
-0.413992  0.385777  0.19726
-0.413992  0.385777  0.19726
-0.413993  0.38591  0.196732
-0.413993  0.38591  0.196732
-0.413995  0.386043  0.196205
-0.413995  0.386043  0.196205
-0.413995  0.386043  0.196205
-0.413996  0.386175  0.195679
-0.413996  0.386175  0.195679
-0.413998  0.386305  0.195152
-0.413998  0.386305  0.195152
-0.413998  0.386305  0.195152
-0.414  0.386436  0.194627
-0.414  0.386436  0.194627
-0.414001  0.386565  0.194103
-0.414001  0.386565  0.194103
-0.414001  0.386565  0.194103
-0.414003  0.386694  0.19358
-0.414003  0.386694  0.19358
-0.414005  0.386822  0.193057
-0.414005  0.386822  0.193057
-0.414005  0.386822  0.193057
-0.414006  0.386949  0.192536
-0.414006  0.386949  0.192536
-0.414008  0.387076  0.192015
-0.414008  0.387076  0.192015
-0.414008  0.387076  0.192015
-0.41401  0.387202  0.191495
-0.41401  0.387202  0.191495
-0.414012  0.387327  0.190977
-0.414012  0.387327  0.190977
-0.414012  0.387327  0.190977
-0.414013  0.387451  0.190459
-0.414013  0.387451  0.190459
-0.414015  0.387574  0.189942
-0.414015  0.387574  0.189942
-0.414015  0.387574  0.189942
-0.414017  0.387696  0.189426
-0.414017  0.387696  0.189426
-0.414019  0.387818  0.188911
-0.414019  0.387818  0.188911
-0.414019  0.387818  0.188911
-0.414021  0.387938  0.188397
-0.414021  0.387938  0.188397
-0.414023  0.388058  0.187884
-0.414023  0.388058  0.187884
-0.414023  0.388058  0.187884
-0.414025  0.388177  0.187372
-0.414025  0.388177  0.187372
-0.414027  0.388294  0.186862
-0.414027  0.388294  0.186862
-0.414027  0.388294  0.186862
-0.414029  0.388411  0.186352
-0.414029  0.388411  0.186352
-0.414031  0.388528  0.185843
-0.414031  0.388528  0.185843
-0.414031  0.388528  0.185843
-0.414033  0.388643  0.185336
-0.414033  0.388643  0.185336
-0.414033  0.388643  0.185336
-0.414035  0.388757  0.184831
-0.414035  0.388757  0.184831
-0.414037  0.388871  0.184325
-0.414037  0.388871  0.184325
-0.414037  0.388871  0.184325
-0.414039  0.388985  0.183822
-0.414039  0.388985  0.183822
-0.414042  0.389097  0.183319
-0.414042  0.389097  0.183319
-0.414042  0.389097  0.183319
-0.414044  0.389209  0.182818
-0.414044  0.389209  0.182818
-0.414046  0.38932  0.182317
-0.414046  0.38932  0.182317
-0.414046  0.38932  0.182317
-0.414048  0.389431  0.181818
-0.414048  0.389431  0.181818
-0.414051  0.389541  0.181319
-0.414051  0.389541  0.181319
-0.414053  0.38965  0.180822
-0.414053  0.38965  0.180822
-0.414055  0.389759  0.180325
-0.414055  0.389759  0.180325
-0.414055  0.389759  0.180325
-0.414057  0.389868  0.17983
-0.414057  0.389868  0.17983
-0.414057  0.389868  0.17983
-0.414059  0.389975  0.179336
-0.414059  0.389975  0.179336
-0.414062  0.390082  0.178843
-0.414062  0.390082  0.178843
-0.414062  0.390082  0.178843
-0.414064  0.390189  0.178352
-0.414064  0.390189  0.178352
-0.414066  0.390295  0.177861
-0.414066  0.390295  0.177861
-0.414066  0.390295  0.177861
-0.414068  0.3904  0.177372
-0.414068  0.3904  0.177372
-0.414071  0.390505  0.176884
-0.414071  0.390505  0.176884
-0.414071  0.390505  0.176884
-0.414073  0.39061  0.176397
-0.414073  0.39061  0.176397
-0.414075  0.390714  0.175911
-0.414075  0.390714  0.175911
-0.414075  0.390714  0.175911
-0.414077  0.390818  0.175426
-0.414077  0.390818  0.175426
-0.414079  0.390921  0.174942
-0.414079  0.390921  0.174942
-0.414079  0.390921  0.174942
-0.414081  0.391024  0.17446
-0.414081  0.391024  0.17446
-0.414084  0.391127  0.173978
-0.414084  0.391127  0.173978
-0.414084  0.391127  0.173978
-0.414086  0.391229  0.173499
-0.414086  0.391229  0.173499
-0.414088  0.39133  0.17302
-0.414088  0.39133  0.17302
-0.414088  0.39133  0.17302
-0.41409  0.391431  0.172544
-0.41409  0.391431  0.172544
-0.414092  0.391532  0.172069
-0.414092  0.391532  0.172069
-0.414092  0.391532  0.172069
-0.414094  0.391632  0.171595
-0.414094  0.391632  0.171595
-0.414097  0.391732  0.171123
-0.414097  0.391732  0.171123
-0.414097  0.391732  0.171123
-0.414099  0.391832  0.170653
-0.414099  0.391832  0.170653
-0.414101  0.39193  0.170184
-0.414101  0.39193  0.170184
-0.414101  0.39193  0.170184
-0.414103  0.392029  0.169717
-0.414103  0.392029  0.169717
-0.414103  0.392029  0.169717
-0.414105  0.392127  0.169251
-0.414105  0.392127  0.169251
-0.414108  0.392225  0.168787
-0.414108  0.392225  0.168787
-0.414108  0.392225  0.168787
-0.41411  0.392322  0.168324
-0.41411  0.392322  0.168324
-0.414112  0.392419  0.167862
-0.414112  0.392419  0.167862
-0.414112  0.392419  0.167862
-0.414115  0.392515  0.167403
-0.414115  0.392515  0.167403
-0.414117  0.392611  0.166945
-0.414117  0.392611  0.166945
-0.414117  0.392611  0.166945
-0.414119  0.392707  0.166489
-0.414119  0.392707  0.166489
-0.414121  0.392802  0.166034
-0.414121  0.392802  0.166034
-0.414124  0.392897  0.165581
-0.414124  0.392897  0.165581
-0.414124  0.392897  0.165581
-0.414126  0.392992  0.165129
-0.414126  0.392992  0.165129
-0.414128  0.393086  0.164679
-0.414128  0.393086  0.164679
-0.414131  0.393179  0.164231
-0.414131  0.393179  0.164231
-0.414131  0.393179  0.164231
-0.414133  0.393272  0.163784
-0.414133  0.393272  0.163784
-0.414136  0.393365  0.163339
-0.414136  0.393365  0.163339
-0.414136  0.393365  0.163339
-0.414138  0.393457  0.162896
-0.414138  0.393457  0.162896
-0.414141  0.393549  0.162454
-0.414141  0.393549  0.162454
-0.414141  0.393549  0.162454
-0.414141  0.393549  0.162454
-0.414143  0.39364  0.162013
-0.414143  0.39364  0.162013
-0.414146  0.39373  0.161574
-0.414146  0.39373  0.161574
-0.414148  0.39382  0.161135
-0.414148  0.39382  0.161135
-0.414148  0.39382  0.161135
-0.414151  0.39391  0.160698
-0.414151  0.39391  0.160698
-0.414154  0.393999  0.160263
-0.414154  0.393999  0.160263
-0.414154  0.393999  0.160263
-0.414157  0.394088  0.159829
-0.414157  0.394088  0.159829
-0.414159  0.394176  0.159396
-0.414159  0.394176  0.159396
-0.414159  0.394176  0.159396
-0.414162  0.394263  0.158966
-0.414162  0.394263  0.158966
-0.414165  0.39435  0.158536
-0.414165  0.39435  0.158536
-0.414165  0.39435  0.158536
-0.414168  0.394437  0.158108
-0.414168  0.394437  0.158108
-0.414171  0.394523  0.157682
-0.414171  0.394523  0.157682
-0.414171  0.394523  0.157682
-0.414174  0.394608  0.157257
-0.414174  0.394608  0.157257
-0.414177  0.394693  0.156834
-0.414177  0.394693  0.156834
-0.414177  0.394693  0.156834
-0.41418  0.394778  0.156412
-0.41418  0.394778  0.156412
-0.414183  0.394862  0.155991
-0.414183  0.394862  0.155991
-0.414183  0.394862  0.155991
-0.414186  0.394946  0.155572
-0.414186  0.394946  0.155572
-0.414189  0.395029  0.155154
-0.414189  0.395029  0.155154
-0.414189  0.395029  0.155154
-0.414192  0.395112  0.154737
-0.414192  0.395112  0.154737
-0.414195  0.395195  0.154322
-0.414195  0.395195  0.154322
-0.414195  0.395195  0.154322
-0.414198  0.395277  0.153908
-0.414198  0.395277  0.153908
-0.414202  0.395359  0.153495
-0.414202  0.395359  0.153495
-0.414202  0.395359  0.153495
-0.414205  0.395441  0.153084
-0.414205  0.395441  0.153084
-0.414208  0.395522  0.152675
-0.414208  0.395522  0.152675
-0.414208  0.395522  0.152675
-0.414211  0.395603  0.152267
-0.414211  0.395603  0.152267
-0.414215  0.395683  0.15186
-0.414215  0.395683  0.15186
-0.414215  0.395683  0.15186
-0.414218  0.395763  0.151455
-0.414218  0.395763  0.151455
-0.414221  0.395843  0.151051
-0.414221  0.395843  0.151051
-0.414221  0.395843  0.151051
-0.414224  0.395923  0.150649
-0.414224  0.395923  0.150649
-0.414228  0.396002  0.150248
-0.414228  0.396002  0.150248
-0.414228  0.396002  0.150248
-0.414231  0.396081  0.149849
-0.414231  0.396081  0.149849
-0.414235  0.39616  0.149451
-0.414235  0.39616  0.149451
-0.414235  0.39616  0.149451
-0.414238  0.396238  0.149055
-0.414238  0.396238  0.149055
-0.414241  0.396316  0.148661
-0.414241  0.396316  0.148661
-0.414241  0.396316  0.148661
-0.414245  0.396393  0.148267
-0.414245  0.396393  0.148267
-0.414248  0.39647  0.147875
-0.414248  0.39647  0.147875
-0.414248  0.39647  0.147875
-0.414252  0.396547  0.147485
-0.414252  0.396547  0.147485
-0.414256  0.396624  0.147096
-0.414256  0.396624  0.147096
-0.414256  0.396624  0.147096
-0.414259  0.3967  0.146708
-0.414259  0.3967  0.146708
-0.414263  0.396775  0.146322
-0.414263  0.396775  0.146322
-0.414263  0.396775  0.146322
-0.414266  0.39685  0.145937
-0.414266  0.39685  0.145937
-0.41427  0.396925  0.145554
-0.41427  0.396925  0.145554
-0.41427  0.396925  0.145554
-0.414274  0.397  0.145172
-0.414274  0.397  0.145172
-0.414278  0.397075  0.144791
-0.414278  0.397075  0.144791
-0.414278  0.397075  0.144791
-0.414281  0.397149  0.144412
-0.414281  0.397149  0.144412
-0.414285  0.397222  0.144034
-0.414285  0.397222  0.144034
-0.414285  0.397222  0.144034
-0.414289  0.397296  0.143658
-0.414289  0.397296  0.143658
-0.414293  0.397369  0.143283
-0.414293  0.397369  0.143283
-0.414293  0.397369  0.143283
-0.414297  0.397441  0.14291
-0.414297  0.397441  0.14291
-0.414297  0.397441  0.14291
-0.414301  0.397514  0.142538
-0.414301  0.397514  0.142538
-0.414305  0.397585  0.142167
-0.414305  0.397585  0.142167
-0.414305  0.397585  0.142167
-0.414309  0.397657  0.141797
-0.414309  0.397657  0.141797
-0.414313  0.397727  0.141428
-0.414313  0.397727  0.141428
-0.414313  0.397727  0.141428
-0.414317  0.397797  0.14106
-0.414317  0.397797  0.14106
-0.414321  0.397867  0.140694
-0.414321  0.397867  0.140694
-0.414321  0.397867  0.140694
-0.414326  0.397936  0.140329
-0.414326  0.397936  0.140329
-0.41433  0.398005  0.139964
-0.41433  0.398005  0.139964
-0.41433  0.398005  0.139964
-0.414334  0.398073  0.139602
-0.414334  0.398073  0.139602
-0.414339  0.39814  0.13924
-0.414339  0.39814  0.13924
-0.414343  0.398207  0.138879
-0.414343  0.398207  0.138879
-0.414343  0.398207  0.138879
-0.414348  0.398274  0.13852
-0.414348  0.398274  0.13852
-0.414352  0.39834  0.138162
-0.414352  0.39834  0.138162
-0.414352  0.39834  0.138162
-0.414357  0.398406  0.137806
-0.414357  0.398406  0.137806
-0.414362  0.398471  0.13745
-0.414362  0.398471  0.13745
-0.414362  0.398471  0.13745
-0.414367  0.398535  0.137097
-0.414367  0.398535  0.137097
-0.414372  0.398599  0.136744
-0.414372  0.398599  0.136744
-0.414372  0.398599  0.136744
-0.414376  0.398663  0.136394
-0.414376  0.398663  0.136394
-0.414381  0.398726  0.136044
-0.414381  0.398726  0.136044
-0.414381  0.398726  0.136044
-0.414387  0.398789  0.135697
-0.414387  0.398789  0.135697
-0.414392  0.398851  0.13535
-0.414392  0.398851  0.13535
-0.414392  0.398851  0.13535
-0.414397  0.398912  0.135006
-0.414397  0.398912  0.135006
-0.414402  0.398973  0.134663
-0.414402  0.398973  0.134663
-0.414402  0.398973  0.134663
-0.414408  0.399034  0.134321
-0.414408  0.399034  0.134321
-0.414413  0.399094  0.133981
-0.414413  0.399094  0.133981
-0.414413  0.399094  0.133981
-0.414419  0.399154  0.133643
-0.414419  0.399154  0.133643
-0.414419  0.399154  0.133643
-0.414424  0.399213  0.133307
-0.414424  0.399213  0.133307
-0.41443  0.399272  0.132972
-0.41443  0.399272  0.132972
-0.41443  0.399272  0.132972
-0.414436  0.39933  0.132639
-0.414436  0.39933  0.132639
-0.414442  0.399388  0.132308
-0.414442  0.399388  0.132308
-0.414442  0.399388  0.132308
-0.414448  0.399445  0.131978
-0.414448  0.399445  0.131978
-0.414454  0.399502  0.131651
-0.414454  0.399502  0.131651
-0.414454  0.399502  0.131651
-0.41446  0.399558  0.131325
-0.41446  0.399558  0.131325
-0.414466  0.399614  0.131001
-0.414466  0.399614  0.131001
-0.414472  0.39967  0.130678
-0.414472  0.39967  0.130678
-0.414479  0.399725  0.130358
-0.414479  0.399725  0.130358
-0.414479  0.399725  0.130358
-0.414485  0.399779  0.130039
-0.414485  0.399779  0.130039
-0.414492  0.399833  0.129723
-0.414492  0.399833  0.129723
-0.414492  0.399833  0.129723
-0.414498  0.399887  0.129408
-0.414498  0.399887  0.129408
-0.414505  0.39994  0.129095
-0.414505  0.39994  0.129095
-0.414505  0.39994  0.129095
-0.414512  0.399993  0.128783
-0.414512  0.399993  0.128783
-0.414519  0.400045  0.128473
-0.414519  0.400045  0.128473
-0.414519  0.400045  0.128473
-0.414526  0.400097  0.128165
-0.414526  0.400097  0.128165
-0.414526  0.400097  0.128165
-0.414533  0.400149  0.127858
-0.414533  0.400149  0.127858
-0.41454  0.400201  0.127553
-0.41454  0.400201  0.127553
-0.41454  0.400201  0.127553
-0.414547  0.400252  0.127249
-0.414547  0.400252  0.127249
-0.414554  0.400303  0.126946
-0.414554  0.400303  0.126946
-0.414554  0.400303  0.126946
-0.414561  0.400354  0.126645
-0.414561  0.400354  0.126645
-0.414568  0.400405  0.126346
-0.414568  0.400405  0.126346
-0.414568  0.400405  0.126346
-0.414575  0.400456  0.126048
-0.414575  0.400456  0.126048
-0.414582  0.400506  0.125751
-0.414582  0.400506  0.125751
-0.414582  0.400506  0.125751
-0.414589  0.400557  0.125456
-0.414589  0.400557  0.125456
-0.414597  0.400607  0.125162
-0.414597  0.400607  0.125162
-0.414597  0.400607  0.125162
-0.414604  0.400656  0.12487
-0.414604  0.400656  0.12487
-0.414611  0.400706  0.124578
-0.414611  0.400706  0.124578
-0.414611  0.400706  0.124578
-0.414618  0.400755  0.124287
-0.414618  0.400755  0.124287
-0.414626  0.400804  0.123998
-0.414626  0.400804  0.123998
-0.414626  0.400804  0.123998
-0.414633  0.400853  0.123709
-0.414633  0.400853  0.123709
-0.41464  0.400901  0.123422
-0.41464  0.400901  0.123422
-0.41464  0.400901  0.123422
-0.414648  0.400948  0.123136
-0.414648  0.400948  0.123136
-0.414655  0.400996  0.12285
-0.414655  0.400996  0.12285
-0.414655  0.400996  0.12285
-0.414663  0.401043  0.122566
-0.414663  0.401043  0.122566
-0.41467  0.40109  0.122282
-0.41467  0.40109  0.122282
-0.41467  0.40109  0.122282
-0.414678  0.401136  0.122
-0.414678  0.401136  0.122
-0.414685  0.401182  0.121718
-0.414685  0.401182  0.121718
-0.414685  0.401182  0.121718
-0.414693  0.401227  0.121437
-0.414693  0.401227  0.121437
-0.4147  0.401273  0.121157
-0.4147  0.401273  0.121157
-0.4147  0.401273  0.121157
-0.414708  0.401317  0.120879
-0.414708  0.401317  0.120879
-0.414716  0.401362  0.120601
-0.414716  0.401362  0.120601
-0.414716  0.401362  0.120601
-0.414723  0.401406  0.120324
-0.414723  0.401406  0.120324
-0.414731  0.40145  0.120048
-0.414731  0.40145  0.120048
-0.414731  0.40145  0.120048
-0.414739  0.401494  0.119774
-0.414739  0.401494  0.119774
-0.414739  0.401494  0.119774
-0.414746  0.401537  0.119499
-0.414746  0.401537  0.119499
-0.414754  0.401581  0.119226
-0.414754  0.401581  0.119226
-0.414762  0.401624  0.118954
-0.414762  0.401624  0.118954
-0.414762  0.401624  0.118954
-0.41477  0.401666  0.118682
-0.41477  0.401666  0.118682
-0.414777  0.401708  0.118411
-0.414777  0.401708  0.118411
-0.414777  0.401708  0.118411
-0.414785  0.40175  0.118141
-0.414785  0.40175  0.118141
-0.414793  0.401792  0.117872
-0.414793  0.401792  0.117872
-0.414793  0.401792  0.117872
-0.414801  0.401833  0.117603
-0.414801  0.401833  0.117603
-0.414808  0.401874  0.117334
-0.414808  0.401874  0.117334
-0.414808  0.401874  0.117334
-0.414816  0.401914  0.117066
-0.414816  0.401914  0.117066
-0.414824  0.401955  0.116799
-0.414824  0.401955  0.116799
-0.414824  0.401955  0.116799
-0.414832  0.401995  0.116533
-0.414832  0.401995  0.116533
-0.41484  0.402034  0.116267
-0.41484  0.402034  0.116267
-0.41484  0.402034  0.116267
-0.414848  0.402074  0.116001
-0.414848  0.402074  0.116001
-0.414855  0.402113  0.115737
-0.414855  0.402113  0.115737
-0.414855  0.402113  0.115737
-0.414863  0.402151  0.115474
-0.414863  0.402151  0.115474
-0.414871  0.40219  0.115211
-0.414871  0.40219  0.115211
-0.414871  0.40219  0.115211
-0.414879  0.402228  0.114949
-0.414879  0.402228  0.114949
-0.414887  0.402266  0.114687
-0.414887  0.402266  0.114687
-0.414887  0.402266  0.114687
-0.414895  0.402303  0.114427
-0.414895  0.402303  0.114427
-0.414903  0.40234  0.114167
-0.414903  0.40234  0.114167
-0.414903  0.40234  0.114167
-0.414911  0.402377  0.113908
-0.414911  0.402377  0.113908
-0.414919  0.402414  0.113649
-0.414919  0.402414  0.113649
-0.414919  0.402414  0.113649
-0.414927  0.402451  0.113391
-0.414927  0.402451  0.113391
-0.414935  0.402487  0.113133
-0.414935  0.402487  0.113133
-0.414935  0.402487  0.113133
-0.414942  0.402523  0.112876
-0.414942  0.402523  0.112876
-0.41495  0.402559  0.112619
-0.41495  0.402559  0.112619
-0.41495  0.402559  0.112619
-0.414958  0.402595  0.112362
-0.414958  0.402595  0.112362
-0.414958  0.402595  0.112362
-0.414966  0.40263  0.112106
-0.414966  0.40263  0.112106
-0.414974  0.402665  0.11185
-0.414974  0.402665  0.11185
-0.414974  0.402665  0.11185
-0.414982  0.4027  0.111594
-0.414982  0.4027  0.111594
-0.414989  0.402735  0.111339
-0.414989  0.402735  0.111339
-0.414989  0.402735  0.111339
-0.414997  0.402769  0.111085
-0.414997  0.402769  0.111085
-0.415005  0.402803  0.110831
-0.415005  0.402803  0.110831
-0.415005  0.402803  0.110831
-0.415012  0.402837  0.110577
-0.415012  0.402837  0.110577
-0.41502  0.402871  0.110324
-0.41502  0.402871  0.110324
-0.415028  0.402905  0.110071
-0.415028  0.402905  0.110071
-0.415028  0.402905  0.110071
-0.415035  0.402938  0.109819
-0.415035  0.402938  0.109819
-0.415043  0.402971  0.109567
-0.415043  0.402971  0.109567
-0.415043  0.402971  0.109567
-0.415051  0.403004  0.109315
-0.415051  0.403004  0.109315
