6.48362  2.1564  
6.48353  2.1564  
6.28141  2.23496  
6.24871  2.24928  
5.96371  2.34664  
5.83542  2.35991  
5.81657  2.36484  
5.34683  2.5204  
5.30315  2.53772  
4.89947  2.65368  
4.78379  2.64271  
4.76417  2.64518  
2.91775  2.14199  
2.66469  1.89096  
2.67584  1.87004  
2.78225  1.38055  
2.79218  1.36415  
2.80617  1.09864  
2.86989  0.893752  
2.86143  0.885108  
2.98244  0.631504  
2.96201  0.642208  
2.65454  0.778687  
2.48576  0.8214  
2.52383  0.780561  
2.16928  0.969334  
2.15869  0.962676  
1.60069  1.24612  
1.55433  1.27172  
1.44978  1.19897  
1.42962  1.20776  
1.10566  1.32886  
0.999523  1.2513  
0.989  1.24591  
0.887957  1.1758  
0.865652  1.18654  
0.485897  1.36652  
0.635648  1.11136  
0.629653  1.10924  
0.420828  1.16926  
0.395444  1.18116  
0.113397  1.25896  
0.192848  1.15222  
0.226041  1.13712  
-0.00014048  1.27107  
-0.0280181  1.28168  
0.0472164  1.1104  
-0.00747623  1.10442  
-0.0640117  1.16961  
-0.350731  1.3247  
-0.320076  1.32476  
-0.0380961  1.13682  
-0.0958136  1.17243  
-0.127264  1.2011  
-0.191321  1.26135  
-0.125792  1.21855  
0.0893023  1.08425  
0.0413203  1.19874  
0.0150734  1.20772  
0.203492  1.11591  
0.207557  1.11393  
0.170452  1.20645  
0.151102  1.21485  
0.23971  1.15758  
0.376992  1.08119  
0.389689  1.07922  
0.307593  1.22834  
0.311668  1.22446  
0.532108  1.09349  
0.604299  1.05526  
0.609591  1.04961  
0.714311  1.00837  
0.709453  1.01535  
0.928414  0.868461  
0.903851  0.926686  
0.907262  0.920645  
1.03778  0.79696  
1.04132  0.792969  
1.07505  0.772489  
1.06939  0.781797  
1.04412  0.810314  
1.13681  0.760599  
1.1312  0.754825  
1.08242  0.81941  
1.08567  0.815644  
1.23722  0.657763  
1.28216  0.607663  
1.2852  0.603889  
1.31226  0.580466  
1.30117  0.581681  
1.40536  0.483683  
1.38029  0.496474  
1.36733  0.496218  
1.40118  0.427592  
1.39533  0.437946  
1.36762  0.451763  
1.28834  0.504868  
1.28493  0.510973  
1.32516  0.460874  
1.30843  0.469565  
1.24285  0.515055  
1.25359  0.472577  
1.25114  0.484523  
1.22257  0.460204  
1.21904  0.461194  
1.1397  0.508949  
1.1446  0.496419  
1.10863  0.48225  
0.981819  0.56751  
0.943924  0.585744  
0.85938  0.591643  
0.864196  0.579607  
0.788536  0.579438  
0.705107  0.627386  
0.699865  0.633511  
0.679621  0.602582  
0.670416  0.60809  
0.546958  0.657485  
0.514185  0.653367  
0.552548  0.620959  
0.500068  0.609961  
0.401848  0.670656  
0.390824  0.676264  
0.339232  0.682298  
0.324243  0.692536  
0.154669  0.793902  
0.150242  0.79502  
0.11178  0.782794  
0.0327705  0.803876  
0.0238863  0.817762  
-0.052499  0.846685  
-0.0282354  0.823939  
-0.0397635  0.828397  
-0.0705044  0.833092  
-0.0822529  0.837472  
-0.0629661  0.794389  
-0.0382117  0.775452  
-0.076894  0.775296  
-0.104101  0.761316  
-0.0807271  0.738918  
-0.142157  0.742142  
-0.126303  0.735199  
-0.169932  0.745597  
-0.163504  0.738709  
-0.156061  0.718156  
-0.148688  0.71838  
-0.133409  0.711704  
-0.0628736  0.663345  
-0.0482609  0.656905  
0.00298528  0.628825  
0.0664989  0.591903  
0.0708897  0.585781  
0.10708  0.543815  
0.134192  0.526794  
0.164725  0.484284  
0.193355  0.462365  
0.197  0.457048  
0.227877  0.434399  
0.231491  0.429096  
0.280247  0.406511  
0.331707  0.36308  
0.342301  0.355443  
0.410079  0.332571  
0.413077  0.327262  
0.45125  0.31438  
0.499194  0.272335  
0.509825  0.266889  
0.530968  0.261923  
0.543427  0.249753  
0.626324  0.203039  
0.634394  0.197925  
0.708102  0.165411  
0.74016  0.12398  
0.769818  0.100989  
0.846427  0.056297  
0.840148  0.0635841  
0.881768  0.0480621  
0.905811  0.011236  
0.909183  0.0203809  
0.92324  0.01833  
0.917203  0.0252422  
0.958281  0.022018  
0.952339  0.0285152  
0.981823  0.0414898  
0.995154  0.0297053  
0.997154  0.0225215  
1.04947  -0.0047764  
1.04377  0.00106746  
1.08498  -0.0236902  
1.08426  -0.0296751  
1.10614  -0.0467215  
1.10676  -0.0468592  
1.10507  -0.0402313  
1.13949  -0.07326  
1.1295  -0.0533223  
1.13168  -0.0385308  
1.14915  -0.0347203  
1.13983  -0.0165059  
1.15778  -0.0278257  
1.15364  -0.00338811  
1.1587  -0.00457928  
1.1545  0.0156294  
1.16052  0.014036  
1.15228  0.0281863  
1.14797  0.0226418  
1.14159  0.0222251  
1.08748  0.0587343  
1.09065  0.0612496  
1.0806  0.0691988  
1.042  0.102749  
1.05242  0.0997017  
1.02285  0.114496  
1.03151  0.100119  
1.01348  0.116264  
0.986762  0.143154  
0.964431  0.173935  
0.946647  0.187841  
0.95739  0.184047  
0.88127  0.23452  
0.858455  0.247017  
0.862777  0.248072  
0.808503  0.27292  
0.812836  0.281338  
0.771363  0.290245  
0.740158  0.300361  
0.745048  0.301264  
0.696571  0.297972  
0.693281  0.299934  
0.683646  0.294102  
0.624824  0.332521  
0.632382  0.31496  
0.597094  0.316577  
0.571787  0.332879  
0.552782  0.33408  
0.528838  0.343919  
0.481512  0.358303  
0.486379  0.348627  
0.442542  0.342972  
0.433333  0.319977  
0.419617  0.327229  
0.371893  0.315613  
0.386042  0.306265  
0.334394  0.30146  
0.330329  0.291689  
0.316385  0.299818  
0.27226  0.310521  
0.248476  0.315155  
0.218903  0.330747  
0.233775  0.322259  
0.219605  0.310587  
0.202212  0.316282  
0.188261  0.32449  
0.176327  0.309355  
0.162356  0.317737  
0.117006  0.316638  
0.140497  0.297665  
0.132641  0.281294  
0.0805243  0.274706  
0.0864399  0.268409  
0.0908731  0.236401  
0.0768519  0.246034  
0.0432079  0.234961  
0.00166085  0.249862  
0.00245984  0.257317  
-0.0382257  0.259758  
-0.0400874  0.263447  
-0.11695  0.29845  
-0.118644  0.274296  
-0.101962  0.268479  
-0.147984  0.277282  
-0.153222  0.279592  
-0.15666  0.265917  
-0.1642  0.247973  
-0.13867  0.231667  
-0.130844  0.201572  
-0.144244  0.211984  
-0.121183  0.17746  
-0.104756  0.180345  
-0.107565  0.194189  
-0.154824  0.234989  
-0.147964  0.23018  
-0.189663  0.243875  
-0.18954  0.23415  
-0.202591  0.24022  
-0.186136  0.205864  
-0.178584  0.189804  
-0.204393  0.185901  
-0.219069  0.189151  
-0.218078  0.161487  
-0.237874  0.158044  
-0.215796  0.130844  
-0.21668  0.128982  
-0.199253  0.0850076  
-0.221813  0.0972008  
-0.210928  0.0813142  
-0.199258  0.0747528  
-0.229296  0.0930077  
-0.239605  0.0798907  
-0.230804  0.0761857  
-0.265955  0.0659359  
-0.268815  0.0667326  
-0.260199  0.0381094  
-0.297258  0.0429944  
-0.287568  0.0395919  
-0.368833  0.0705404  
-0.358543  0.0670194  
-0.398005  0.0536105  
-0.37829  0.0391923  
-0.383089  0.0229076  
-0.408511  0.0128542  
-0.400268  0.00663849  
-0.438802  0.0126362  
-0.475861  0.0483081  
-0.501827  0.0588094  
-0.512445  0.061036  
-0.537727  0.0571253  
-0.550217  0.0577574  
-0.524234  0.0334421  
-0.50307  0.0196155  
-0.506362  0.00604191  
-0.521348  0.010605  
-0.496539  0.00661525  
-0.510734  -0.0203506  
-0.502752  -0.0298493  
-0.502146  -0.0250535  
-0.523851  -0.017983  
-0.515551  -0.0323789  
-0.562321  -0.010378  
-0.546197  -0.0181055  
-0.634194  0.052906  
-0.617181  0.0394321  
-0.61598  0.0161217  
-0.630338  0.00409763  
-0.613158  -0.0110384  
-0.567524  -0.0725521  
-0.558594  -0.0826727  
-0.519448  -0.118118  
-0.556227  -0.099283  
-0.53193  -0.114067  
-0.553974  -0.0870742  
-0.516916  -0.134545  
-0.561858  -0.108273  
-0.578077  -0.110212  
-0.604348  -0.0968761  
-0.61712  -0.0696273  
-0.632978  -0.056994  
-0.656236  -0.0424963  
-0.670112  -0.0276264  
-0.642405  -0.0487385  
-0.683384  -0.0658987  
-0.698278  -0.053513  
-0.645489  -0.0958811  
-0.652589  -0.101067  
-0.661762  -0.0825662  
-0.609177  -0.105367  
-0.630347  -0.0948941  
-0.597921  -0.0983634  
-0.602124  -0.102307  
-0.596647  -0.11147  
-0.562463  -0.147589  
-0.535506  -0.164632  
-0.555673  -0.123099  
-0.538695  -0.128346  
-0.598293  -0.102998  
-0.570848  -0.120569  
-0.580744  -0.122609  
-0.587121  -0.149309  
-0.590029  -0.149125  
-0.530769  -0.173819  
-0.553193  -0.16099  
-0.549542  -0.146166  
-0.568979  -0.124681  
-0.579133  -0.125332  
-0.522977  -0.149137  
-0.534576  -0.149683  
-0.549759  -0.147135  
-0.596769  -0.115047  
-0.564809  -0.120791  
-0.586085  -0.0915605  
-0.59331  -0.0767257  
-0.619609  -0.0448455  
-0.625294  -0.0557154  
-0.62805  -0.0605923  
-0.606502  -0.0711376  
-0.625868  -0.0587021  
-0.622789  -0.0608641  
-0.606106  -0.0617187  
-0.580364  -0.0723087  
-0.57701  -0.0701171  
-0.585231  -0.0649916  
-0.572465  -0.082243  
-0.572695  -0.0847023  
-0.554955  -0.0821635  
-0.565268  -0.0719077  
-0.534863  -0.0834248  
-0.495567  -0.0979798  
-0.495669  -0.101014  
-0.513481  -0.0696318  
-0.513297  -0.0730456  
-0.436823  -0.120098  
-0.422001  -0.114358  
-0.423217  -0.0971188  
-0.419422  -0.0904073  
-0.432483  -0.0832922  
-0.471588  -0.0423957  
-0.491917  -0.0371519  
-0.503046  -0.0223244  
-0.473226  -0.058415  
-0.468522  -0.0661945  
-0.457286  -0.0584734  
-0.433846  -0.0595136  
-0.454673  -0.0570313  
-0.441676  -0.0489637  
-0.44683  -0.0394574  
-0.436145  -0.0296995  
-0.397976  -0.0432404  
-0.409173  -0.0412317  
-0.420155  -0.0209972  
-0.410611  -0.0265445  
-0.397968  -0.0352774  
-0.399837  -0.0239441  
-0.395517  -0.0336389  
-0.386745  -0.0343332  
-0.382319  -0.0441419  
-0.422371  -0.0211451  
-0.425314  -0.00479832  
-0.420715  0.00451635  
-0.43396  0.039375  
-0.431577  0.0322643  
-0.472792  0.0742841  
-0.442212  0.0469866  
-0.428532  0.0297222  
-0.425738  0.0224222  
-0.406527  0.0227728  
-0.396167  0.0158988  
-0.416397  0.0300571  
-0.404993  0.0237806  
-0.404142  0.0306181  
-0.362984  -0.00620876  
-0.360196  -0.0137749  
-0.380845  -0.000523884  
-0.384726  0.0112747  
-0.372755  0.00842419  
-0.420286  0.0376094  
-0.430682  0.0455676  
-0.451973  0.0706566  
-0.48219  0.0952168  
-0.481761  0.0821433  
-0.466378  0.0658686  
-0.470326  0.101317  
-0.431681  0.0880899  
-0.437032  0.093102  
-0.419715  0.0693129  
-0.417737  0.0752356  
-0.435977  0.0742588  
-0.43151  0.0655415  
-0.403133  0.0397908  
-0.402436  0.0374513  
-0.412391  0.0698122  
-0.400817  0.0617453  
-0.430401  0.0909317  
-0.425636  0.082091  
-0.462394  0.110829  
-0.43596  0.0933312  
-0.440355  0.0979097  
-0.504715  0.149058  
-0.527945  0.167972  
-0.514031  0.157826  
-0.519885  0.158207  
-0.516253  0.16333  
-0.50012  0.160922  
-0.488838  0.139268  
-0.492348  0.143234  
-0.481707  0.142015  
-0.471472  0.144959  
-0.418731  0.0964943  
-0.422449  0.10066  
-0.425051  0.0852778  
-0.39544  0.0636937  
-0.393713  0.0488673  
-0.438052  0.0672536  
-0.441019  0.0761577  
-0.481481  0.145156  
-0.489474  0.153725  
-0.492263  0.162369  
-0.504716  0.193462  
-0.507128  0.196457  
-0.450471  0.146173  
-0.443749  0.135092  
-0.418742  0.100884  
-0.414272  0.10547  
-0.413769  0.0898958  
-0.422857  0.0896907  
-0.418337  0.0945284  
-0.390882  0.0593739  
-0.39302  0.0628689  
-0.369176  0.043472  
-0.393971  0.0812624  
-0.386767  0.0696554  
-0.428694  0.131174  
-0.430083  0.133646  
-0.4648  0.179192  
-0.451681  0.166515  
-0.484068  0.178243  
-0.449929  0.156235  
-0.453261  0.15293  
-0.438801  0.142287  
-0.446871  0.168427  
-0.432449  0.16769  
-0.456317  0.159442  
-0.454634  0.15675  
-0.446128  0.144253  
-0.39673  0.0905317  
-0.38662  0.082886  
-0.372267  0.0720147  
-0.387561  0.112432  
-0.395015  0.158653  
-0.418703  0.180517  
-0.431131  0.228857  
-0.42263  0.215358  
-0.416623  0.221085  
-0.418889  0.249456  
-0.418918  0.249594  
-0.38146  0.215722  
-0.387604  0.219514  
-0.365639  0.197149  
-0.393251  0.20873  
-0.402701  0.20915  
-0.400445  0.19731  
-0.378137  0.175312  
-0.377658  0.174502  
-0.368643  0.159361  
-0.383002  0.168777  
-0.39116  0.183359  
-0.412162  0.2375  
-0.402239  0.23256  
-0.418801  0.257195  
-0.43353  0.280719  
-0.453199  0.299036  
-0.425795  0.2657  
-0.395515  0.237145  
-0.386937  0.227926  
-0.402361  0.231148  
-0.388692  0.232734  
-0.407618  0.231522  
-0.411576  0.220248  
-0.437547  0.23052  
-0.373439  0.159267  
-0.357353  0.14556  
-0.345451  0.151378  
-0.33576  0.134569  
-0.311872  0.126567  
-0.313951  0.138239  
-0.303089  0.141819  
-0.322486  0.161101  
-0.332614  0.205673  
-0.303688  0.18064  
-0.33097  0.206023  
-0.315901  0.184285  
-0.312424  0.175418  
-0.287616  0.151944  
-0.311016  0.187541  
-0.308844  0.184921  
-0.307703  0.165462  
-0.292821  0.156207  
-0.296195  0.171334  
-0.287759  0.156808  
-0.293761  0.155312  
-0.271578  0.137495  
-0.268254  0.149956  
-0.297479  0.173065  
-0.302472  0.187222  
-0.293393  0.18562  
-0.304212  0.201673  
-0.30795  0.211759  
-0.296277  0.198225  
-0.312513  0.21413  
-0.291787  0.182822  
-0.287776  0.151128  
-0.303317  0.167027  
-0.25083  0.118301  
-0.261151  0.137921  
-0.239915  0.108803  
-0.240423  0.12945  
-0.248344  0.154686  
-0.297051  0.21191  
-0.284577  0.200552  
-0.292007  0.227749  
-0.308038  0.244248  
-0.27775  0.216958  
-0.294429  0.244556  
-0.289183  0.236503  
-0.255732  0.184737  
-0.269477  0.198093  
-0.272538  0.204446  
-0.267122  0.196038  
-0.233993  0.133234  
-0.228704  0.124882  
-0.227087  0.0955232  
-0.221482  0.0856106  
-0.215942  0.0769291  
-0.261639  0.174179  
-0.255748  0.164949  
-0.274627  0.207145  
-0.266675  0.193736  
-0.253928  0.221968  
-0.24517  0.230339  
-0.239105  0.219792  
-0.232536  0.200049  
-0.244184  0.210608  
-0.228976  0.179418  
-0.222631  0.168374  
-0.215314  0.123144  
-0.222877  0.136262  
-0.235741  0.150144  
-0.269679  0.167947  
-0.264833  0.16004  
-0.286843  0.181962  
-0.25457  0.119464  
-0.247841  0.119125  
-0.231126  0.08958  
-0.22076  0.0859949  
-0.191748  0.0443257  
-0.198358  0.0529147  
-0.191157  0.0400697  
-0.155721  0.00631293  
-0.148907  -0.00663571  
-0.141027  0.0332205  
-0.171675  0.102648  
-0.182902  0.11477  
-0.196089  0.123234  
-0.200418  0.136094  
-0.233454  0.159395  
-0.217348  0.154137  
-0.234373  0.168039  
-0.247238  0.180346  
-0.263811  0.222552  
-0.262504  0.194767  
-0.240167  0.180577  
-0.224557  0.157287  
-0.204987  0.136639  
-0.198191  0.132559  
-0.200065  0.124339  
-0.213107  0.145806  
-0.21655  0.125828  
-0.219283  0.124147  
-0.231636  0.145023  
-0.196193  0.099945  
-0.193363  0.0993931  
-0.240623  0.145135  
-0.227528  0.134088  
-0.218438  0.142227  
-0.205507  0.130774  
-0.231059  0.201841  
-0.242423  0.220446  
-0.262111  0.251455  
-0.31294  0.319403  
-0.302527  0.299973  
-0.319079  0.325904  
-0.308417  0.305993  
-0.320351  0.328442  
-0.307006  0.310728  
-0.305847  0.293784  
-0.245458  0.21707  
-0.244807  0.211205  
-0.230255  0.182719  
-0.227286  0.180198  
-0.220857  0.1661  
-0.264388  0.220744  
-0.269869  0.2443  
-0.263743  0.217301  
-0.272789  0.233007  
-0.266217  0.208868  
-0.295227  0.260643  
-0.280576  0.239238  
-0.239463  0.181843  
-0.242515  0.179622  
-0.230203  0.166915  
-0.229819  0.173935  
-0.222649  0.16048  
-0.234699  0.180718  
-0.237318  0.177491  
-0.225116  0.17922  
-0.227577  0.175499  
-0.217858  0.156347  
-0.225039  0.169178  
-0.233426  0.167364  
-0.218089  0.0861997  
-0.224448  0.0985573  
-0.207007  0.0389744  
-0.208655  0.0339063  
-0.207993  0.0275536  
-0.213813  0.0394708  
-0.230263  0.0588655  
-0.223834  0.0499455  
-0.216088  0.0473421  
-0.226086  0.0503856  
-0.231115  0.0608292  
-0.219008  0.0309824  
-0.219662  0.0233978  
-0.213884  -0.0210872  
-0.201726  -0.054653  
-0.209035  -0.0538913  
-0.20682  -0.0459272  
-0.211574  -0.0522142  
-0.232801  -0.0233582  
-0.20546  -0.0610488  
-0.207166  -0.0719814  
-0.218464  -0.0478028  
-0.221778  -0.0403074  
-0.20363  -0.0905456  
-0.206753  -0.0835401  
-0.196258  -0.128572  
-0.20617  -0.119059  
-0.204206  -0.127146  
-0.213519  -0.158501  
-0.211583  -0.141497  
-0.226228  -0.125063  
-0.220706  -0.125271  
-0.20892  -0.140217  
-0.217793  -0.142058  
-0.221208  -0.145639  
-0.232064  -0.121721  
-0.233751  -0.055595  
-0.238716  -0.0681776  
-0.247301  -0.0129936  
-0.244792  0.00574947  
-0.245942  0.0109651  
-0.248423  0.0052354  
-0.258707  0.0255026  
-0.24061  -0.0506111  
-0.241534  -0.0496787  
-0.236233  -0.112014  
-0.243561  -0.119875  
-0.243631  -0.113877  
-0.251191  -0.124559  
-0.25085  -0.125299  
-0.247868  -0.167937  
-0.255168  -0.116694  
-0.261903  -0.119464  
-0.244814  -0.161518  
-0.246823  -0.137556  
-0.269754  -0.152733  
-0.277526  -0.163848  
-0.284649  -0.147887  
-0.277946  -0.161878  
-0.282484  -0.179019  
-0.27304  -0.150616  
-0.278838  -0.196155  
-0.272941  -0.186542  
-0.288461  -0.136994  
-0.284295  -0.109612  
-0.290874  -0.0908369  
-0.288954  -0.114212  
-0.291493  -0.0847533  
-0.287006  -0.0752207  
-0.285047  -0.091664  
-0.287999  -0.143156  
-0.294091  -0.130906  
-0.289115  -0.218021  
-0.286896  -0.242853  
-0.293929  -0.24989  
-0.287583  -0.280842  
-0.281008  -0.281792  
-0.291653  -0.33843  
-0.291185  -0.313791  
-0.291859  -0.353833  
-0.309807  -0.300886  
-0.30351  -0.313746  
-0.317252  -0.234591  
-0.339296  -0.193389  
-0.337754  -0.18798  
-0.332584  -0.199273  
-0.32992  -0.179591  
-0.318624  -0.218619  
-0.316381  -0.231057  
-0.311199  -0.246849  
-0.322925  -0.256492  
-0.327985  -0.249927  
-0.303737  -0.297898  
-0.306847  -0.295454  
-0.302196  -0.316136  
-0.291608  -0.341813  
-0.292424  -0.357093  
-0.31294  -0.397919  
-0.320233  -0.376196  
-0.334932  -0.364677  
-0.339872  -0.374893  
-0.338743  -0.373756  
-0.324137  -0.355254  
-0.338045  -0.358397  
-0.325679  -0.341486  
-0.320805  -0.245558  
-0.322214  -0.231766  
-0.306162  -0.236761  
-0.286545  -0.21364  
-0.269911  -0.247518  
-0.2414  -0.267475  
-0.240975  -0.271757  
-0.244681  -0.290882  
-0.243581  -0.311238  
-0.256167  -0.286577  
-0.256081  -0.313723  
-0.264429  -0.331538  
-0.26786  -0.334771  
-0.275183  -0.358846  
-0.277735  -0.366958  
-0.287116  -0.438776  
-0.305467  -0.421442  
-0.306087  -0.452694  
-0.30417  -0.446592  
-0.301516  -0.453199  
-0.279732  -0.444464  
-0.279401  -0.468233  
-0.265328  -0.439538  
-0.24849  -0.384513  
-0.250058  -0.380573  
-0.240364  -0.346602  
-0.241608  -0.343815  
-0.228084  -0.40042  
-0.240418  -0.476956  
-0.238637  -0.489453  
-0.241193  -0.505026  
-0.254558  -0.491983  
-0.25259  -0.522365  
-0.246654  -0.539146  
-0.258729  -0.570545  
-0.245808  -0.574513  
-0.233923  -0.578464  
-0.25074  -0.581822  
-0.248602  -0.575792  
-0.243403  -0.575536  
-0.250251  -0.60388  
-0.245181  -0.604196  
-0.246254  -0.61776  
-0.265199  -0.615823  
-0.268938  -0.629658  
-0.273386  -0.684775  
-0.276354  -0.689556  
-0.264015  -0.726905  
-0.288951  -0.794186  
-0.297103  -0.796248  
-0.319882  -0.817741  
-0.323639  -0.824224  
-0.317075  -0.828581  
-0.323627  -0.82615  
-0.307416  -0.82523  
-0.312073  -0.833395  
-0.319329  -0.800531  
-0.311707  -0.79171  
-0.31543  -0.814349  
-0.306089  -0.800664  
-0.30962  -0.820409  
-0.317425  -0.858322  
-0.32621  -0.86086  
-0.344445  -0.865104  
-0.348486  -0.869454  
-0.339218  -0.860563  
-0.342968  -0.911353  
-0.332438  -0.8926  
-0.34861  -0.901902  
-0.359277  -0.907738  
-0.353226  -0.878199  
-0.361978  -0.893111  
-0.325868  -0.894147  
-0.319645  -0.905155  
-0.329891  -0.92098  
-0.344308  -0.889173  
-0.342723  -0.880227  
-0.35809  -0.882542  
-0.350545  -0.860675  
-0.34241  -0.847653  
-0.366655  -0.903202  
-0.372314  -0.891727  
-0.407345  -0.905926  
-0.446822  -0.957279  
-0.442531  -0.945501  
-0.452439  -1.01475  
-0.466586  -1.03406  
-0.504404  -1.06513  
-0.555784  -1.10749  
-0.566836  -1.10991  
-0.637384  -1.17963  
-0.638382  -1.17954  
-0.649591  -1.21137  
-0.67788  -1.21149  
-0.69078  -1.21568  
-0.702874  -1.22561  
-0.702905  -1.20001  
-0.723167  -1.23082  
-0.713286  -1.2118  
-0.714741  -1.21652  
-0.716694  -1.19013  
-0.718999  -1.19567  
-0.777163  -1.23685  
-0.739169  -1.21563  
-0.742779  -1.22176  
-0.775401  -1.21247  
-0.783393  -1.21438  
-0.824824  -1.24368  
-0.872107  -1.27638  
-0.855984  -1.27071  
-0.930636  -1.31766  
-0.958017  -1.31213  
-0.963926  -1.31923  
-1.00503  -1.3346  
-1.01883  -1.3241  
-1.04692  -1.34629  
-1.03376  -1.35842  
-1.08409  -1.35928  
-1.08809  -1.35494  
-1.06608  -1.32897  
-1.10719  -1.33907  
-1.09493  -1.34312  
-1.10956  -1.33514  
-1.10739  -1.31987  
-1.1207  -1.3334  
-1.13908  -1.31857  
-1.12655  -1.30595  
-1.15339  -1.32515  
-1.18924  -1.3357  
-1.17801  -1.32376  
-1.22813  -1.33198  
-1.22104  -1.32835  
-1.2251  -1.33873  
-1.24155  -1.34147  
-1.25432  -1.34853  
-1.26822  -1.35762  
-1.30071  -1.36397  
-1.32311  -1.36492  
-1.33765  -1.37394  
-1.35826  -1.38594  
-1.3386  -1.38093  
-1.38188  -1.39927  
-1.42337  -1.40011  
-1.41407  -1.39802  
-1.4562  -1.41544  
-1.45593  -1.41041  
-1.47347  -1.43713  
-1.49371  -1.45308  
-1.49182  -1.4504  
-1.52141  -1.45772  
-1.52006  -1.45518  
-1.53303  -1.46744  
-1.54029  -1.49016  
-1.5335  -1.4911  
-1.54185  -1.50365  
-1.55404  -1.51564  
-1.62356  -1.52509  
-1.62262  -1.51567  
-1.65446  -1.54305  
-1.64896  -1.54415  
-1.68728  -1.57605  
-1.72642  -1.61356  
-1.72148  -1.61445  
-1.77217  -1.65203  
-1.78496  -1.66362  
-1.815  -1.70029  
-1.83205  -1.74472  
-1.8263  -1.75188  
-1.88216  -1.81404  
-1.89203  -1.84657  
-1.90579  -1.85733  
-1.93439  -1.90398  
-1.92649  -1.90886  
-1.98389  -1.95113  
-2.00251  -1.98289  
-2.01704  -1.99337  
-2.02835  -2.0329  
-2.0303  -2.03286  
-2.06353  -2.07489  
-2.05537  -2.07822  
-2.06913  -2.11512  
-2.09082  -2.14886  
-2.09057  -2.14822  
-2.10287  -2.18631  
-2.10319  -2.18558  
-2.12926  -2.22961  
-2.13273  -2.24563  
-2.13457  -2.23862  
-2.15402  -2.2577  
-2.14124  -2.26488  
-2.16293  -2.26528  
-2.16713  -2.27713  
-2.16185  -2.27305  
-2.14515  -2.28145  
-2.14052  -2.27737  
-2.15735  -2.29284  
-2.15209  -2.30076  
-2.15562  -2.30012  
-2.18242  -2.31646  
-2.1787  -2.31242  
-2.19403  -2.35139  
-2.22596  -2.35286  
-2.22316  -2.35261  
-2.26406  -2.37868  
-2.26929  -2.3822  
-2.2972  -2.43162  
-2.29428  -2.43433  
-2.34645  -2.47995  
-2.35906  -2.51844  
-2.37183  -2.54006  
-2.45114  -2.59471  
-2.44872  -2.59653  
-2.51449  -2.66072  
-2.587  -2.70642  
-2.59028  -2.71565  
-2.6731  -2.78372  
-2.69286  -2.77916  
-2.78955  -2.8326  
-2.85691  -2.87696  
-2.86031  -2.87446  
-2.93794  -2.93814  
-2.93555  -2.9483  
-3.01141  -2.99308  
-3.0665  -3.0375  
-3.06796  -3.03797  
-3.1482  -3.08399  
-3.15164  -3.08147  
-3.18929  -3.13666  
-3.21411  -3.15525  
-3.21546  -3.15351  
-3.26314  -3.17306  
-3.26017  -3.17463  
-3.28031  -3.20143  
-3.28488  -3.19913  
-3.30643  -3.22351  
-3.31134  -3.22136  
-3.30936  -3.2108  
-3.31185  -3.20625  
-3.3174  -3.20459  
-3.33479  -3.19479  
-3.33351  -3.19715  
-3.31986  -3.18278  
-3.31906  -3.18528  
-3.32351  -3.14727  
-3.32296  -3.15009  
-3.31142  -3.13889  
-3.29469  -3.13081  
-3.29419  -3.128  
-3.30096  -3.12737  
-3.29536  -3.11699  
-3.31165  -3.11731  
-3.31886  -3.11666  
-3.32968  -3.10185  
-3.32461  -3.11006  
-3.36414  -3.12784  
-3.37419  -3.13479  
-3.3906  -3.13448  
-3.43302  -3.15028  
-3.43299  -3.15324  
-3.48398  -3.18563  
-3.48664  -3.19018  
-3.5258  -3.23084  
-3.55982  -3.25301  
-3.56186  -3.24655  
-3.62679  -3.28713  
-3.63344  -3.2857  
-3.68925  -3.31345  
-3.70649  -3.31925  
-3.7279  -3.33527  
-3.76189  -3.36617  
-3.77258  -3.37959  
-3.77227  -3.38157  
-3.82392  -3.39724  
-3.82276  -3.40488  
-3.84991  -3.42907  
-3.84907  -3.43014  
-3.89745  -3.45334  
-3.94531  -3.47347  
-3.94685  -3.4677  
-3.99566  -3.4616  
-4.00219  -3.46032  
-4.08058  -3.45486  
-4.0798  -3.45761  
-4.1172  -3.46433  
-4.11646  -3.46717  
-4.1575  -3.4674  
-4.1897  -3.47822  
-4.18895  -3.48123  
-4.20526  -3.50793  
-4.20476  -3.51081  
-4.22922  -3.52996  
-4.22488  -3.53629  
-4.25078  -3.55346  
-4.28432  -3.56168  
-4.28418  -3.56446  
-4.32279  -3.57758  
-4.3231  -3.57346  
-4.3607  -3.58538  
-4.36085  -3.58707  
-4.38601  -3.60183  
-4.41454  -3.60962  
-4.4234  -3.6069  
-4.45117  -3.61868  
-4.45315  -3.62253  
-4.48817  -3.62953  
-4.50302  -3.64894  
-4.51203  -3.64357  
-4.5669  -3.6459  
-4.56608  -3.6493  
-4.63429  -3.66002  
-4.67704  -3.65268  
-4.67405  -3.65813  
-4.71313  -3.67093  
-4.7171  -3.67278  
-4.77085  -3.69854  
-4.77032  -3.70198  
-4.79754  -3.72942  
-4.7977  -3.72589  
-4.8351  -3.76794  
-4.86267  -3.78934  
-4.8625  -3.79239  
-4.91747  -3.81799  
-4.94501  -3.82487  
-5.00707  -3.8447  
-5.05243  -3.8626  
-5.05787  -3.86327  
-5.10485  -3.88529  
-5.14854  -3.90357  
-5.14794  -3.90667  
-5.20317  -3.91694  
-5.20523  -3.91793  
-5.22007  -3.9407  
-5.22637  -3.94048  
-5.27144  -3.98061  
-5.271  -3.98373  
-5.28945  -3.99214  
-5.32554  -3.99903  
-5.32292  -4.00448  
-5.35487  -4.00328  
-5.36148  -4.00325  
-5.3845  -4.01069  
-5.39721  -4.0173  
-5.4014  -4.01933  
-5.4268  -4.01582  
-5.41187  -4.00612  
-5.43443  -4.03398  
-5.43481  -4.03748  
-5.44008  -4.05125  
-5.45143  -4.05813  
-5.45215  -4.06153  
-5.47526  -4.06434  
-5.47604  -4.06778  
-5.52487  -4.07525  
-5.53504  -4.08415  
-5.55068  -4.08487  
-5.57471  -4.07494  
-5.55969  -4.0653  
-5.58914  -4.06109  
-5.57048  -4.04474  
-5.57131  -4.04867  
-5.57432  -4.04407  
-5.553  -4.03681  
-5.55711  -4.02188  
-5.5478  -4.00322  
-5.55581  -4.00414  
-5.54741  -3.98688  
-5.54889  -3.99126  
-5.56765  -3.9888  
-5.56109  -3.98701  
-5.57927  -3.98638  
-5.59726  -3.97767  
-5.58812  -3.96829  
-5.60856  -3.9822  
-5.59937  -3.97171  
-5.60606  -3.98046  
-5.6123  -3.98305  
-5.59961  -3.97788  
-5.61097  -3.97956  
-5.62583  -3.97542  
-5.61066  -3.96619  
-5.61656  -3.96183  
-5.62213  -3.97142  
-5.62003  -3.97407  
-5.64313  -3.97672  
-5.63331  -3.96842  
-5.65839  -3.98552  
-5.64363  -3.9726  
-5.63986  -3.97724  
-5.6424  -3.97481  
-5.64242  -3.97725  
-5.64421  -3.98121  
-5.66098  -3.96982  
-5.66271  -3.97382  
-5.6631  -3.94061  
-5.66245  -3.9407  
-5.6642  -3.94495  
-5.66941  -3.93038  
-5.67113  -3.9347  
-5.66803  -3.92357  
-5.67555  -3.91492  
-5.67856  -3.90961  
-5.68932  -3.91615  
-5.67082  -3.90822  
-5.67727  -3.91125  
-5.67597  -3.91959  
-5.67814  -3.92077  
-5.67536  -3.91194  
-5.67728  -3.9162  
-5.68231  -3.90009  
-5.68366  -3.89087  
-5.68375  -3.89737  
-5.67859  -3.88144  
-5.67113  -3.8689  
-5.66171  -3.85725  
-5.64125  -3.84004  
-5.62535  -3.83423  
-5.6044  -3.81088  
-5.60414  -3.81124  
-5.57006  -3.79812  
-5.5411  -3.78308  
-5.53303  -3.77438  
-5.52707  -3.75883  
-5.50647  -3.752  
-5.50564  -3.74468  
-5.49151  -3.72034  
-5.49517  -3.7188  
-5.49037  -3.70104  
-5.49343  -3.69588  
-5.484  -3.66971  
-5.4916  -3.67295  
-5.47515  -3.6457  
-5.46806  -3.63417  
-5.47772  -3.63214  
-5.47077  -3.6345  
-5.45682  -3.62307  
-5.46895  -3.62658  
-5.47123  -3.63161  
-5.47382  -3.63895  
-5.4665  -3.63457  
-5.4675  -3.63476  
-5.4735  -3.64848  
-5.47571  -3.65312  
-5.48866  -3.64496  
-5.48973  -3.63524  
-5.49264  -3.6336  
-5.51837  -3.62233  
-5.51613  -3.62866  
-5.53075  -3.61902  
-5.55378  -3.61226  
-5.5553  -3.6173  
-5.55116  -3.59307  
-5.55894  -3.59532  
-5.57568  -3.58783  
-5.57876  -3.58277  
-5.59356  -3.57996  
-5.57978  -3.58309  
-5.58286  -3.57803  
-5.58202  -3.58727  
-5.58012  -3.56606  
-5.58152  -3.57152  
-5.58893  -3.57365  
-5.57926  -3.56608  
-5.5892  -3.56593  
-5.57665  -3.55475  
-5.5974  -3.55681  
-5.58591  -3.53692  
-5.58727  -3.54261  
-5.57605  -3.50873  
-5.58452  -3.50548  
-5.56407  -3.46732  
-5.5709  -3.46171  
-5.53867  -3.44381  
-5.50392  -3.42683  
-5.49527  -3.41414  
-5.44958  -3.38028  
-5.43432  -3.35654  
-5.42887  -3.3538  
-5.38663  -3.30664  
-5.38976  -3.30836  
-5.33488  -3.27379  
-5.34198  -3.27141  
-5.28649  -3.21675  
-5.27223  -3.20816  
-5.23792  -3.16001  
-5.21973  -3.14096  
-5.20457  -3.13897  
-5.17215  -3.11084  
-5.15709  -3.10892  
-5.12574  -3.09455  
-5.12009  -3.08287  
-5.11189  -3.07193  
-5.11249  -3.03654  
-5.12037  -3.04192  
-5.08926  -3.02141  
-5.08928  -3.02813  
-5.08859  -3.00528  
-5.0752  -2.99779  
-5.07251  -2.98976  
-5.03624  -2.97414  
-5.03925  -2.97598  
-5.02985  -2.97933  
-5.01697  -2.97482  
-5.01518  -2.98017  
-5.02142  -2.96627  
-5.03034  -2.962  
-5.02244  -2.94896  
-5.02543  -2.9541  
-5.03114  -2.95634  
-5.04266  -2.9558  
-5.06312  -2.95099  
-5.03231  -2.95013  
-5.03158  -2.95159  
-5.03959  -2.95018  
-5.03658  -2.95546  
-5.03355  -2.96006  
-5.04611  -2.9559  
-5.03636  -2.94398  
-5.04437  -2.95039  
-5.03708  -2.93981  
-5.03405  -2.94439  
-5.04506  -2.92599  
-5.03857  -2.91685  
-5.04442  -2.92231  
-5.02786  -2.92054  
-5.01371  -2.91285  
-5.00091  -2.91948  
-4.99491  -2.91775  
-4.99604  -2.91954  
-4.99821  -2.90281  
-4.98184  -2.89535  
-4.97383  -2.88534  
-4.96045  -2.88286  
-4.96844  -2.88437  
-4.95813  -2.85198  
-4.96378  -2.85404  
-4.94  -2.81714  
-4.90902  -2.79205  
-4.90908  -2.80101  
-4.86482  -2.76935  
-4.87069  -2.77578  
-4.85055  -2.74239  
-4.84206  -2.7266  
-4.82942  -2.71367  
-4.82262  -2.69602  
-4.82912  -2.69691  
-4.81409  -2.67058  
-4.81477  -2.67426  
-4.80617  -2.66712  
-4.80018  -2.66574  
-4.80625  -2.66675  
-4.77311  -2.66075  
-4.77921  -2.6617  
-4.77846  -2.65686  
-4.76646  -2.65873  
-4.75195  -2.65369  
-4.75389  -2.65722  
-4.75447  -2.65777  
-4.75502  -2.63918  
-4.73769  -2.6337  
-4.74348  -2.64356  
-4.72609  -2.63797  
-4.70353  -2.63512  
-4.70908  -2.63607  
-4.70359  -2.6277  
-4.70273  -2.60691  
-4.70253  -2.6106  
-4.686  -2.59555  
-4.68579  -2.59932  
-4.67875  -2.57426  
-4.67999  -2.56357  
-4.69239  -2.56449  
-4.67347  -2.55351  
-4.68681  -2.54948  
-4.67719  -2.53805  
-4.68175  -2.53991  
-4.67841  -2.52945  
-4.68279  -2.53141  
-4.66462  -2.51591  
-4.65563  -2.51505  
-4.65983  -2.51708  
-4.64624  -2.49887  
-4.6503  -2.50104  
-4.61522  -2.46625  
-4.61927  -2.46869  
-4.6065  -2.43658  
-4.59297  -2.43056  
-4.59631  -2.41935  
-4.58426  -2.40532  
-4.56601  -2.39589  
-4.56579  -2.38483  
-4.57195  -2.39089  
-4.54555  -2.36822  
-4.55088  -2.37031  
-4.53513  -2.36302  
-4.53061  -2.35684  
-4.5102  -2.35683  
-4.51239  -2.35588  
-4.49481  -2.34127  
-4.50452  -2.34763  
-4.50178  -2.32887  
-4.50423  -2.3239  
-4.50365  -2.31236  
-4.49589  -2.3053  
-4.50358  -2.29425  
-4.52771  -2.29624  
-4.51906  -2.28547  
-4.52912  -2.28518  
-4.53831  -2.29208  
-4.52244  -2.28756  
-4.51178  -2.2887  
-4.51478  -2.29397  
-4.50053  -2.31113  
-4.49071  -2.31538  
-4.49305  -2.31268  
-4.48862  -2.30842  
-4.49025  -2.31218  
-4.47825  -2.29188  
-4.45841  -2.29128  
-4.4619  -2.28677  
-4.46462  -2.27438  
-4.4659  -2.27847  
-4.43796  -2.25444  
-4.43542  -2.2534  
-4.42476  -2.2392  
-4.4181  -2.23497  
-4.41187  -2.23814  
-4.37694  -2.22918  
-4.37184  -2.22747  
-4.37317  -2.22911  
-4.36868  -2.20913  
-4.34641  -2.20439  
-4.3346  -2.19898  
-4.34208  -2.18342  
-4.34805  -2.1792  
-4.34448  -2.17342  
-4.34706  -2.17519  
-4.35181  -2.16197  
-4.35901  -2.14613  
-4.3418  -2.13656  
-4.35262  -2.14377  
-4.34388  -2.13791  
-4.33728  -2.13464  
-4.3199  -2.1252  
-4.31489  -2.1412  
-4.31466  -2.14607  
-4.2947  -2.15335  
-4.29453  -2.15806  
-4.29529  -2.17148  
-4.30525  -2.17532  
-4.30028  -2.18235  
-4.28184  -2.1781  
-4.28702  -2.18724  
-4.29772  -2.1737  
-4.28908  -2.14546  
-4.29025  -2.13944  
-4.2882  -2.14704  
-4.28934  -2.14099  
-4.27015  -2.12981  
-4.26543  -2.13029  
-4.26182  -2.1285  
-4.24176  -2.11603  
-4.24114  -2.11437  
-4.22975  -2.12814  
-4.22916  -2.12631  
-4.23449  -2.11659  
-4.20856  -2.09756  
-4.20717  -2.09713  
-4.21406  -2.08856  
-4.21306  -2.08701  
-4.19842  -2.08186  
-4.19155  -2.08363  
-4.1817  -2.07167  
-4.17747  -2.06058  
-4.18132  -2.0575  
-4.15543  -2.06951  
-4.14374  -2.05514  
-4.1501  -2.05437  
-4.138  -2.04403  
-4.13458  -2.04702  
-4.11577  -2.03741  
-4.13214  -2.0292  
-4.13697  -2.03801  
-4.12371  -2.02498  
-4.12215  -2.02353  
-4.10166  -2.03453  
-4.10018  -2.03288  
-4.08415  -2.03017  
-4.06643  -2.03282  
-4.0671  -2.02629  
-4.05046  -2.02188  
-4.04579  -2.02412  
-4.05164  -2.00881  
-4.03588  -2.01615  
-4.0339  -2.0222  
-4.02501  -2.00023  
-4.02301  -2.00627  
-4.02103  -2.01869  
-4.01942  -2.01668  
-4.00575  -2.00026  
-4.00408  -1.99834  
-4.00621  -1.99839  
-3.99919  -1.99763  
-3.99746  -1.99564  
-3.99837  -2.00849  
-3.99662  -2.00631  
-3.98838  -1.98877  
-3.98892  -1.99816  
-3.98717  -1.99727  
-3.97158  -1.9989  
-3.96984  -1.998  
-3.97311  -1.97943  
-3.96365  -1.97275  
-3.96191  -1.97183  
-3.94213  -1.95443  
-3.94036  -1.9524  
-3.92625  -1.95928  
-3.92454  -1.95709  
-3.92791  -1.93808  
-3.93007  -1.93386  
-3.9176  -1.93542  
-3.91972  -1.93118  
-3.89441  -1.91729  
-3.88563  -1.91572  
-3.88396  -1.91366  
-3.86794  -1.91574  
-3.86605  -1.92045  
-3.85407  -1.91337  
-3.85252  -1.91111  
-3.83418  -1.90257  
-3.82957  -1.89806  
-3.846  -1.90293  
-3.82307  -1.91984  
-3.82012  -1.90344  
-3.81853  -1.90184  
-3.82132  -1.89952  
-3.82553  -1.89265  
-3.81899  -1.8832  
-3.8236  -1.87231  
-3.81783  -1.86431  
-3.82444  -1.87322  
-3.81932  -1.87027  
-3.80576  -1.86367  
-3.79554  -1.86568  
-3.78557  -1.87687  
-3.78705  -1.87605  
-3.78163  -1.87103  
-3.76843  -1.85933  
-3.76606  -1.8661  
-3.77435  -1.86515  
-3.75909  -1.86171  
-3.75473  -1.86198  
-3.75474  -1.87614  
-3.76373  -1.87164  
-3.76284  -1.86846  
-3.73991  -1.88073  
-3.73865  -1.87967  
-3.73082  -1.86428  
-3.73115  -1.86204  
-3.73259  -1.84732  
-3.72536  -1.82534  
-3.72471  -1.82224  
-3.71322  -1.81055  
-3.71424  -1.80345  
-3.69254  -1.81268  
-3.703  -1.80335  
-3.70541  -1.80145  
-3.68789  -1.83342  
-3.68335  -1.83908  
-3.66245  -1.85148  
-3.6477  -1.86118  
-3.64673  -1.86014  
-3.65105  -1.85727  
-3.65012  -1.85623  
-3.64389  -1.84243  
-3.64824  -1.8453  
-3.64594  -1.84016  
-3.64714  -1.80717  
-3.65052  -1.80456  
-3.66356  -1.80451  
-3.65941  -1.7986  
-3.66305  -1.79399  
-3.64484  -1.77644  
-3.64563  -1.77713  
-3.64017  -1.76493  
-3.6489  -1.74413  
-3.64864  -1.74766  
-3.63474  -1.75105  
-3.63653  -1.74367  
-3.62058  -1.76103  
-3.61298  -1.75388  
-3.62436  -1.76271  
-3.62064  -1.76752  
-3.61333  -1.78504  
-3.6042  -1.77384  
-3.59959  -1.78725  
-3.59074  -1.76816  
-3.58391  -1.75485  
-3.58544  -1.75725  
-3.58012  -1.72728  
-3.5984  -1.73663  
-3.58285  -1.7204  
-3.58311  -1.70222  
-3.58457  -1.69794  
-3.58327  -1.69597  
-3.58393  -1.69891  
-3.56932  -1.7053  
-3.58665  -1.7109  
-3.588  -1.71082  
-3.57267  -1.70494  
-3.57447  -1.70024  
-3.55841  -1.70626  
-3.5558  -1.71058  
-3.55757  -1.72101  
-3.55963  -1.71593  
-3.55361  -1.69817  
-3.5512  -1.70223  
-3.53973  -1.69499  
-3.53763  -1.69872  
-3.52837  -1.69407  
-3.51812  -1.69673  
-3.52071  -1.69138  
-3.51051  -1.67538  
-3.51319  -1.67015  
-3.51112  -1.66466  
-3.48831  -1.65534  
-3.48244  -1.66058  
-3.47905  -1.66091  
-3.47605  -1.66203  
-3.47533  -1.64793  
-3.47239  -1.65359  
-3.46696  -1.6574  
-3.45371  -1.64287  
-3.44744  -1.64708  
-3.44652  -1.63111  
-3.44473  -1.61922  
-3.44802  -1.62857  
-3.44742  -1.61266  
-3.44785  -1.60794  
-3.44754  -1.60436  
-3.44296  -1.60911  
-3.44169  -1.61266  
-3.43707  -1.61365  
-3.43494  -1.64266  
-3.43393  -1.64548  
-3.44521  -1.67707  
-3.44537  -1.67219  
-3.44769  -1.67967  
-3.45173  -1.66792  
-3.453  -1.67426  
-3.4553  -1.66561  
-3.45832  -1.6581  
-3.4471  -1.64598  
-3.44454  -1.64499  
-3.45044  -1.63127  
-3.46256  -1.61517  
-3.46002  -1.61024  
-3.46039  -1.6063  
-3.46541  -1.60146  
-3.4638  -1.60044  
-3.45072  -1.59559  
-3.44923  -1.59583  
-3.46321  -1.59001  
-3.47345  -1.57683  
-3.47402  -1.57799  
-3.4875  -1.57726  
-3.46762  -1.57376  
-3.47682  -1.58047  
-3.46953  -1.57275  
-3.46641  -1.5782  
-3.47927  -1.59621  
-3.48415  -1.60065  
-3.48706  -1.58817  
-3.48758  -1.60965  
-3.4919  -1.60752  
-3.49632  -1.60743  
-3.50198  -1.59238  
-3.50176  -1.59436  
-3.53059  -1.56892  
-3.55234  -1.55051  
-3.55545  -1.55114  
-3.57585  -1.5302  
-3.57665  -1.52543  
-3.5785  -1.52747  
-3.58505  -1.52562  
-3.58346  -1.52922  
-3.58589  -1.53133  
-3.59434  -1.53019  
-3.60124  -1.53488  
-3.58865  -1.54802  
-3.58611  -1.55635  
-3.60464  -1.56452  
-3.60839  -1.56264  
-3.6084  -1.56441  
-3.63543  -1.5539  
-3.64039  -1.54649  
-3.64731  -1.53393  
-3.66588  -1.52177  
-3.66578  -1.52388  
-3.67459  -1.52013  
-3.67446  -1.52231  
-3.67883  -1.50626  
-3.67295  -1.50192  
-3.67665  -1.50751  
-3.67726  -1.50656  
-3.67578  -1.50264  
-3.69115  -1.5211  
-3.69777  -1.50925  
-3.69231  -1.51858  
-3.70799  -1.50384  
-3.70898  -1.50364  
-3.71634  -1.50011  
-3.71671  -1.49936  
-3.7278  -1.48619  
-3.72814  -1.48827  
-3.73864  -1.48055  
-3.74054  -1.47838  
-3.74248  -1.47288  
-3.74809  -1.46903  
-3.75199  -1.46944  
-3.74026  -1.46093  
-3.74543  -1.45972  
-3.75113  -1.45246  
-3.7612  -1.45846  
-3.76691  -1.45117  
-3.76396  -1.4463  
-3.76856  -1.44443  
-3.76009  -1.43541  
-3.74526  -1.42765  
-3.74322  -1.40614  
-3.74907  -1.40483  
-3.75023  -1.40468  
-3.73586  -1.40933  
-3.736  -1.40167  
-3.72632  -1.39736  
-3.73323  -1.39093  
-3.73361  -1.39245  
-3.73484  -1.38333  
-3.74596  -1.3644  
-3.74702  -1.36678  
-3.74865  -1.36727  
-3.74804  -1.36799  
-3.73253  -1.34914  
-3.73303  -1.34964  
-3.73634  -1.32761  
-3.72375  -1.31784  
-3.72636  -1.30074  
-3.71347  -1.27932  
-3.70784  -1.28111  
-3.6921  -1.27853  
-3.68956  -1.26494  
-3.69217  -1.25966  
-3.67178  -1.24896  
-3.67766  -1.24207  
-3.67479  -1.22684  
-3.66678  -1.22348  
-3.66824  -1.22672  
-3.67257  -1.22353  
-3.67394  -1.22344  
-3.67741  -1.20656  
-3.67478  -1.20197  
-3.67924  -1.18023  
-3.66874  -1.17891  
-3.66804  -1.18619  
-3.65908  -1.18958  
-3.66051  -1.18951  
-3.65981  -1.18208  
-3.65805  -1.18347  
-3.65719  -1.18137  
-3.6518  -1.1704  
-3.65239  -1.16916  
-3.64377  -1.16505  
-3.62873  -1.14993  
-3.63472  -1.14833  
-3.63456  -1.13046  
-3.63793  -1.12262  
-3.62932  -1.11872  
-3.63199  -1.12263  
-3.63359  -1.126  
-3.62268  -1.13211  
-3.62626  -1.12749  
-3.6161  -1.12919  
-3.62064  -1.12925  
-3.62219  -1.12922  
-3.63286  -1.12227  
-3.63235  -1.12973  
-3.64909  -1.10605  
-3.63236  -1.09782  
-3.64947  -1.0712  
-3.65286  -1.06697  
-3.65995  -1.05069  
-3.67456  -1.05322  
-3.67783  -1.04911  
-3.65612  -1.05314  
-3.65763  -1.05669  
-3.66972  -1.04452  
-3.66782  -1.04962  
-3.66826  -1.06358  
-3.65882  -1.07803  
-3.66037  -1.07773  
-3.66861  -1.05943  
-3.65536  -1.04968  
-3.65836  -1.04044  
-3.66267  -1.02437  
-3.66631  -1.01649  
-3.66723  -1.01037  
-3.66778  -1.02054  
-3.65659  -0.99879  
-3.65544  -0.986908  
-3.66152  -0.976499  
-3.6455  -0.98252  
-3.64136  -0.984882  
-3.62996  -0.980771  
-3.62809  -0.965059  
-3.63112  -0.962132  
-3.61514  -0.943388  
-3.61574  -0.947054  
-3.6074  -0.937814  
-3.60915  -0.925292  
-3.60778  -0.930963  
-3.5998  -0.920064  
-3.60382  -0.916291  
-3.59289  -0.910882  
-3.59087  -0.918352  
-3.5923  -0.932597  
-3.57863  -0.925442  
-3.5794  -0.922867  
-3.5901  -0.923703  
-3.59082  -0.921089  
-3.58116  -0.909604  
-3.58527  -0.90581  
-3.58944  -0.901485  
-3.60079  -0.906257  
-3.60619  -0.896594  
-3.61571  -0.883002  
-3.62169  -0.885708  
-3.60971  -0.894715  
-3.61098  -0.887923  
-3.61107  -0.887506  
-3.60814  -0.880238  
-3.61003  -0.880102  
-3.60446  -0.866258  
-3.59912  -0.871338  
-3.60185  -0.870591  
-3.5896  -0.863186  
-3.57377  -0.862884  
-3.58198  -0.872288  
-3.56542  -0.866384  
-3.56645  -0.866604  
-3.55978  -0.875954  
-3.55502  -0.887384  
-3.55751  -0.876775  
-3.56234  -0.866954  
-3.56549  -0.864533  
-3.56201  -0.860765  
-3.56759  -0.858923  
-3.56354  -0.847477  
-3.57216  -0.840723  
-3.5763  -0.83672  
-3.57318  -0.84073  
-3.576  -0.839142  
-3.55873  -0.830852  
-3.55957  -0.84533  
-3.56381  -0.84114  
-3.54614  -0.841794  
-3.54841  -0.845694  
-3.53483  -0.830181  
-3.52571  -0.83288  
-3.52866  -0.824467  
-3.52605  -0.831913  
-3.52843  -0.835815  
-3.51383  -0.835185  
-3.52202  -0.835016  
-3.51807  -0.838861  
-3.50208  -0.82999  
-3.50651  -0.835644  
-3.50305  -0.845877  
-3.49761  -0.842865  
-3.4988  -0.851744  
-3.50236  -0.844005  
-3.50531  -0.832643  
-3.48792  -0.817149  
-3.48074  -0.813992  
-3.48231  -0.8032  
-3.48003  -0.804925  
-3.48625  -0.808445  
-3.46826  -0.807931  
-3.45251  -0.80333  
-3.45923  -0.795586  
-3.44262  -0.798993  
-3.43792  -0.806078  
-3.42379  -0.806653  
-3.41478  -0.811189  
-3.41778  -0.810462  
-3.40981  -0.790799  
-3.40472  -0.789711  
-3.39276  -0.783593  
-3.40555  -0.777648  
-3.39155  -0.777085  
-3.38966  -0.780907  
-3.3929  -0.787018  
-3.38755  -0.791001  
-3.37973  -0.785128  
-3.38232  -0.78882  
-3.37059  -0.814454  
-3.37322  -0.817751  
-3.35213  -0.813955  
-3.35961  -0.809023  
-3.35699  -0.807912  
-3.35772  -0.797956  
-3.34375  -0.796949  
-3.34065  -0.766914  
-3.3446  -0.779491  
-3.34218  -0.782922  
-3.33294  -0.792432  
-3.33508  -0.788148  
-3.31001  -0.791498  
-3.30862  -0.804013  
-3.30305  -0.827443  
-3.28977  -0.854759  
-3.26831  -0.862557  
-3.27665  -0.869176  
-3.26012  -0.881042  
-3.26136  -0.878692  
-3.25834  -0.863019  
-3.25616  -0.867276  
-3.2528  -0.852437  
-3.25748  -0.853588  
-3.26215  -0.837181  
-3.25703  -0.820469  
-3.26641  -0.81226  
-3.25614  -0.801135  
-3.26368  -0.801244  
-3.26332  -0.797676  
-3.25922  -0.796855  
-3.24044  -0.797263  
-3.23913  -0.782183  
-3.24158  -0.765328  
-3.24203  -0.761974  
-3.23689  -0.7608  
-3.23932  -0.749065  
-3.23548  -0.741239  
-3.23315  -0.732532  
-3.23241  -0.737305  
-3.23955  -0.750602  
-3.24068  -0.746741  
-3.23615  -0.738448  
-3.24985  -0.785569  
-3.23569  -0.784177  
-3.24455  -0.789545  
-3.24558  -0.785102  
-3.25533  -0.785992  
-3.26038  -0.776235  
-3.25317  -0.744666  
-3.25404  -0.740718  
-3.26811  -0.720198  
-3.26986  -0.709972  
-3.27369  -0.705185  
-3.28406  -0.665828  
-3.28775  -0.661535  
-3.29615  -0.665184  
-3.29067  -0.670349  
-3.29435  -0.665888  
-3.30402  -0.668731  
-3.29046  -0.671258  
-3.29796  -0.667433  
-3.29842  -0.6641  
-3.28876  -0.659343  
-3.29119  -0.660088  
-3.29283  -0.659978  
-3.29683  -0.648895  
-3.29793  -0.63106  
-3.2978  -0.639504  
-3.29408  -0.626348  
-3.29262  -0.628912  
-3.27348  -0.623793  
-3.27642  -0.622319  
-3.28441  -0.607934  
-3.26954  -0.603653  
-3.25626  -0.589014  
-3.25982  -0.585091  
-3.24805  -0.574122  
-3.24736  -0.575967  
-3.25089  -0.572055  
-3.23209  -0.565816  
-3.21792  -0.554726  
-3.21938  -0.55453  
-3.19866  -0.58088  
-3.19921  -0.577861  
-3.18642  -0.577207  
-3.16291  -0.563548  
-3.16652  -0.559651  
-3.15683  -0.552077  
-3.15858  -0.546063  
-3.16051  -0.546145  
-3.15264  -0.543707  
-3.15108  -0.560656  
-3.15423  -0.560004  
-3.16132  -0.548893  
-3.15539  -0.579755  
-3.15649  -0.586978  
-3.14337  -0.600152  
-3.14669  -0.610718  
-3.14988  -0.613033  
-3.14555  -0.601506  
-3.13543  -0.610795  
-3.13529  -0.591435  
-3.13038  -0.582383  
-3.13056  -0.578711  
-3.13181  -0.575577  
-3.137  -0.546966  
-3.12754  -0.530452  
-3.13452  -0.540297  
-3.1184  -0.533033  
-3.1193  -0.532969  
-3.12091  -0.537215  
-3.12482  -0.527622  
-3.11948  -0.530599  
-3.11964  -0.531347  
-3.1113  -0.548705  
-3.11287  -0.552594  
-3.10982  -0.573135  
-3.10244  -0.576396  
-3.09611  -0.579828  
-3.09549  -0.580086  
-3.09596  -0.595129  
-3.10465  -0.600526  
-3.09676  -0.584119  
-3.09735  -0.600457  
-3.09283  -0.578104  
-3.10114  -0.558218  
-3.09593  -0.532058  
-3.09556  -0.504805  
-3.09516  -0.504514  
-3.08075  -0.494867  
-3.07359  -0.493604  
-3.06555  -0.489129  
-3.06695  -0.493036  
-3.05446  -0.497219  
-3.04089  -0.4881  
-3.02135  -0.523796  
-3.02002  -0.528066  
-3.00297  -0.534899  
-2.99051  -0.527635  
-2.99379  -0.536611  
-2.99586  -0.52821  
-2.97735  -0.532596  
-2.98515  -0.521197  
-2.97115  -0.524031  
-2.96956  -0.518656  
-2.95606  -0.518599  
-2.9605  -0.51689  
-2.94408  -0.512466  
-2.92969  -0.51497  
-2.93167  -0.519938  
-2.91431  -0.524655  
-2.91006  -0.52189  
-2.89916  -0.524715  
-2.89903  -0.511627  
-2.88242  -0.514297  
-2.88119  -0.512737  
-2.88345  -0.502248  
-2.86346  -0.506695  
-2.84879  -0.509157  
-2.8512  -0.50251  
-2.84651  -0.50666  
-2.85015  -0.513979  
-2.82933  -0.499257  
-2.80751  -0.508788  
-2.80929  -0.510887  
-2.80823  -0.515601  
-2.80696  -0.514782  
-2.79358  -0.49726  
-2.79328  -0.491035  
-2.79397  -0.48311  
-2.79647  -0.475972  
-2.77974  -0.473098  
-2.77146  -0.477666  
-2.77011  -0.480579  
-2.77093  -0.47291  
-2.7704  -0.466533  
-2.76195  -0.48562  
-2.75586  -0.47791  
-2.76005  -0.486908  
-2.74867  -0.503686  
-2.74691  -0.516907  
-2.73947  -0.512149  
-2.73598  -0.51832  
-2.73866  -0.515532  
-2.7286  -0.509847  
-2.72674  -0.517093  
-2.71963  -0.493923  
-2.71277  -0.49528  
-2.71215  -0.487711  
-2.70103  -0.497236  
-2.70125  -0.489783  
-2.7081  -0.485305  
-2.70108  -0.487941  
-2.6996  -0.489649  
-2.6889  -0.48938  
-2.68745  -0.490958  
-2.67704  -0.499324  
-2.67007  -0.499027  
-2.66843  -0.504268  
-2.65999  -0.494019  
-2.65858  -0.495246  
-2.64125  -0.482595  
-2.63539  -0.472637  
-2.6331  -0.477677  
-2.62397  -0.480877  
-2.6214  -0.487546  
-2.60962  -0.489873  
-2.60339  -0.484077  
-2.60194  -0.483384  
-2.606  -0.488598  
-2.6033  -0.49819  
-2.59175  -0.488546  
-2.58498  -0.48995  
-2.58241  -0.500262  
-2.57182  -0.481439  
-2.57023  -0.483642  
-2.55941  -0.473386  
-2.5537  -0.466319  
-2.5525  -0.467489  
-2.53967  -0.466415  
-2.53482  -0.456165  
-2.52513  -0.462384  
-2.51598  -0.464884  
-2.51292  -0.478995  
-2.50281  -0.499721  
-2.50103  -0.507049  
-2.49002  -0.508216  
-2.48055  -0.531388  
-2.47945  -0.530484  
-2.46865  -0.537077  
-2.46581  -0.550998  
-2.45559  -0.545455  
-2.44547  -0.547516  
-2.44444  -0.546126  
-2.43258  -0.541599  
-2.43219  -0.530911  
-2.42209  -0.525552  
-2.41283  -0.51774  
-2.41181  -0.517107  
-2.40089  -0.490817  
-2.39987  -0.490177  
-2.38697  -0.482881  
-2.38594  -0.482235  
-2.37238  -0.490303  
-2.36564  -0.487915  
-2.3646  -0.487261  
-2.33433  -0.495262  
-2.33328  -0.494604  
-2.32068  -0.512218  
-2.31046  -0.518237  
-2.30629  -0.530892  
-2.29524  -0.544735  
-2.29223  -0.549942  
-2.27869  -0.555988  
-2.28466  -0.563154  
-2.28263  -0.571998  
-2.26949  -0.556781  
-2.27423  -0.560358  
-2.24683  -0.548148  
-2.2366  -0.554692  
-2.23584  -0.551696  
-2.22489  -0.535967  
-2.21581  -0.533596  
-2.21502  -0.530792  
-2.18035  -0.517084  
-2.17971  -0.514258  
-2.1655  -0.508931  
-2.16341  -0.506683  
-2.13599  -0.505554  
-2.13339  -0.494353  
-2.13269  -0.482786  
-2.11943  -0.487099  
-2.11852  -0.494271  
-2.08819  -0.486174  
-2.06439  -0.48384  
-2.06632  -0.49602  
-2.03753  -0.495335  
-2.02795  -0.490282  
-2.02679  -0.493562  
-2.0255  -0.507506  
-1.99764  -0.503149  
-1.985  -0.500847  
-1.98522  -0.490787  
-1.96109  -0.482177  
-1.95873  -0.470126  
-1.95873  -0.470126  
-1.94967  -0.46671  
-1.94848  -0.46596  
-1.92332  -0.445424  
-1.92055  -0.433474  
-1.91976  -0.439977  
-1.88973  -0.41193  
-1.88852  -0.411167  
-1.86593  -0.39049  
-1.86531  -0.387483  
-1.83608  -0.377676  
-1.81029  -0.355588  
-1.79269  -0.350563  
-1.76971  -0.341712  
-1.76848  -0.340929  
-1.72269  -0.327117  
-1.70106  -0.317265  
-1.69966  -0.326587  
-1.65661  -0.311407  
-1.65471  -0.312748  
-1.61646  -0.311678  
-1.5942  -0.296592  
-1.59316  -0.297416  
-1.55487  -0.272884  
-1.55338  -0.271392  
-1.51548  -0.252803  
-1.49421  -0.236877  
-1.47672  -0.222018  
-1.45991  -0.21601  
-1.45879  -0.212004  
-1.42033  -0.18667  
-1.39945  -0.153342  
-1.39815  -0.15251  
-1.3821  -0.13655  
-1.36352  -0.0993628  
-1.35449  -0.0956864  
-1.35393  -0.094191  
-1.33467  -0.055428  
-1.33387  -0.064124  
-1.31078  -0.0465895  
-1.30999  -0.0453654  
-1.29994  -0.0356036  
-1.29396  -0.0397698  
-1.2964  -0.0445522  
-1.28301  -0.0556508  
-1.27872  -0.0556517  
-1.26342  -0.049814  
-1.2719  -0.0438712  
-1.26908  -0.0608083  
-1.258  -0.0529041  
-1.25806  -0.0526737  
-1.25697  -0.0534214  
-1.24518  -0.0480972  
-1.24385  -0.0458354  
-1.22622  -0.0336889  
-1.22683  -0.034626  
-1.22466  -0.0152832  
-1.20625  -0.0257892  
-1.2049  -0.0234021  
-1.20388  0.004065  
-1.20402  0.00426435  
-1.20097  0.0124999  
-1.19991  0.0191444  
-1.20055  0.0190723  
-1.19958  0.02503  
-1.19621  0.03796  
-1.19474  0.0302404  
-1.19258  0.0266437  
-1.19544  0.0338228  
-1.18714  0.0333172  
-1.18542  0.035912  
-1.17836  0.0449043  
-1.17517  0.0543548  
-1.17368  0.0553212  
-1.16755  0.0678848  
-1.1658  0.0704594  
-1.15973  0.0892197  
-1.15795  0.0916898  
-1.1358  0.115698  
-1.13407  0.118023  
-1.11945  0.121415  
-1.12303  0.135891  
-1.12128  0.138235  
-1.11627  0.148912  
-1.11449  0.151257  
-1.08972  0.152413  
-1.08803  0.154888  
-1.08179  0.145123  
-1.08313  0.129718  
-1.08157  0.130741  
-1.0767  0.121566  
-1.07513  0.122594  
-1.06582  0.112689  
-1.05112  0.112758  
-1.04672  0.113677  
-1.04528  0.122628  
-1.04656  0.122617  
-1.03927  0.114339  
-1.04305  0.127489  
-1.03963  0.116012  
-1.03803  0.11992  
-1.03448  0.115557  
-1.03395  0.129365  
-1.01919  0.131685  
-1.03755  0.130544  
-1.01606  0.142961  
-1.0172  0.139624  
-1.01184  0.144323  
-1.01749  0.147524  
-1.01636  0.147241  
-0.9969  0.156964  
-0.999297  0.151267  
-1.00088  0.154026  
-0.993401  0.143365  
-0.991655  0.147981  
-0.992916  0.132508  
-0.991242  0.133598  
-0.976603  0.14234  
-0.966221  0.138026  
-0.96528  0.132005  
-0.955719  0.12645  
-0.954812  0.12067  
-0.960906  0.140054  
-0.949998  0.150524  
-0.950257  0.146324  
-0.954253  0.165934  
-0.949571  0.165931  
-0.942743  0.182523  
-0.949872  0.18162  
-0.950828  0.178035  
-0.943794  0.198629  
-0.942905  0.20982  
-0.945406  0.219109  
-0.945406  0.219109  
-0.936932  0.235387  
-0.925468  0.241968  
-0.925468  0.241968  
-0.933855  0.258725  
-0.933855  0.258725  
-0.922304  0.278801  
-0.91512  0.294917  
-0.91466  0.303229  
-0.904412  0.312268  
-0.902322  0.314442  
-0.907778  0.321574  
-0.900743  0.327156  
-0.899856  0.320378  
-0.886216  0.330836  
-0.884987  0.342393  
-0.89131  0.340057  
-0.885898  0.34343  
-0.899889  0.342773  
-0.891661  0.34245  
-0.893184  0.331773  
-0.899189  0.338615  
-0.887841  0.349069  
-0.889696  0.348877  
-0.89586  0.365045  
-0.895632  0.364892  
-0.885839  0.36419  
-0.893399  0.371448  
-0.895908  0.370963  
-0.900074  0.374327  
-0.909224  0.393269  
-0.908365  0.387014  
-0.909424  0.401578  
-0.91261  0.401714  
-0.911349  0.417499  
-0.919453  0.413634  
-0.916824  0.418567  
-0.935573  0.43354  
-0.933927  0.43692  
-0.950051  0.446624  
-0.939688  0.45723  
-0.953377  0.463605  
-0.954936  0.470878  
-0.956179  0.461314  
-0.958633  0.470212  
-0.961207  0.464301  
-0.978476  0.459872  
-0.97194  0.474064  
-0.973711  0.467922  
-0.96619  0.481519  
-0.965414  0.475009  
-0.981307  0.472868  
-0.978344  0.47816  
-0.969113  0.491936  
-0.968426  0.485595  
-0.976506  0.51606  
-0.976387  0.532423  
-0.975729  0.525788  
-0.989784  0.5195  
-0.986748  0.524672  
-0.98046  0.544333  
-0.973107  0.559839  
-0.976089  0.549673  
-0.968075  0.567894  
-0.965668  0.577433  
-0.95285  0.600044  
-0.950301  0.596631  
-0.945788  0.604007  
-0.953381  0.625704  
-0.948738  0.635001  
-0.962066  0.629491  
-0.952859  0.656837  
-0.951905  0.656325  
-0.959095  0.671905  
-0.959695  0.661289  
-0.96668  0.653532  
-0.968958  0.646947  
-0.974629  0.622642  
-0.974071  0.628136  
-0.964636  0.626063  
-0.961476  0.631258  
-0.973844  0.618482  
-0.976179  0.590974  
-0.975874  0.585131  
-0.964516  0.594539  
-0.961345  0.600434  
-0.954702  0.601205  
-0.951943  0.609134  
-0.951826  0.603303  
-0.950488  0.593999  
-0.950376  0.588443  
-0.939498  0.602666  
-0.93639  0.614447  
-0.931855  0.628195  
-0.928532  0.639866  
-0.929517  0.62928  
-0.924928  0.637284  
-0.922717  0.63846  
-0.917943  0.655443  
-0.897509  0.691811  
-0.8977  0.685781  
-0.895542  0.689139  
-0.893295  0.690301  
-0.873506  0.705097  
-0.871245  0.706254  
-0.871261  0.700436  
-0.861539  0.698903  
-0.876048  0.698283  
-0.858728  0.701033  
-0.856468  0.702186  
-0.85968  0.697521  
-0.8565  0.710077  
-0.860529  0.699901  
-0.861015  0.702115  
-0.862391  0.691652  
-0.852892  0.710843  
-0.853159  0.705529  
-0.862424  0.722027  
-0.850561  0.728766  
-0.868568  0.716997  
-0.859669  0.74176  
-0.856123  0.747759  
-0.851678  0.748343  
-0.869303  0.744004  
-0.864234  0.750073  
-0.87082  0.74454  
-0.867457  0.751425  
-0.861149  0.752793  
-0.86969  0.741851  
-0.865955  0.748288  
-0.876662  0.749981  
-0.873904  0.744947  
-0.867452  0.754941  
-0.871557  0.753225  
-0.874425  0.776902  
-0.868716  0.79279  
-0.868936  0.787522  
-0.881643  0.794295  
-0.884474  0.789367  
-0.898073  0.785116  
-0.889461  0.806065  
-0.892304  0.801142  
-0.905852  0.797184  
-0.923869  0.785761  
-0.931796  0.787441  
-0.935884  0.784463  
-0.936128  0.777381  
-0.950037  0.772047  
-0.950799  0.773987  
-0.94677  0.7807  
-0.957741  0.78407  
-0.960678  0.774029  
-0.967665  0.780857  
-0.969805  0.769615  
-0.977575  0.777665  
-0.976934  0.777014  
-0.97292  0.78613  
-0.960437  0.799303  
-0.961978  0.804153  
-0.958743  0.808768  
-0.96617  0.820869  
-0.96284  0.822024  
-0.976003  0.817811  
-0.975119  0.816873  
-0.966415  0.82874  
-0.967877  0.833642  
-0.968024  0.827286  
-0.975551  0.845158  
-0.974562  0.850985  
-0.968405  0.850851  
-0.959139  0.869818  
-0.961126  0.859533  
-0.930092  0.893595  
-0.940248  0.905632  
-0.931621  0.924671  
-0.91916  0.956684  
-0.91916  0.956684  
-0.90466  0.970642  
-0.90132  0.971562  
-0.891711  0.989969  
-0.907201  0.989753  
-0.907201  0.989753  
-0.910178  1.00391  
-0.910725  0.998594  
-0.907462  1.00252  
-0.907981  0.997342  
-0.915832  1.00395  
-0.915385  1.0108  
-0.935858  0.994542  
-0.925645  1.00283  
-0.932263  1.01321  
-0.94027  1.01054  
-0.947385  0.995522  
-0.947679  1.00413  
-0.951575  0.998314  
-0.947041  1.00941  
-0.952523  1.01205  
-0.952761  1.00736  
-0.963287  1.00892  
-0.963908  1.0097  
-0.958882  1.00538  
-0.966657  1.00661  
-0.966885  1.00224  
-0.974668  1.00337  
-0.967683  1.02388  
-0.969649  1.01542  
-0.975267  1.01357  
-0.970662  1.02465  
-0.975284  1.0313  
-0.970661  1.04236  
-0.959315  1.05178  
-0.949809  1.07167  
-0.968188  1.06533  
-0.955701  1.07992  
-0.956107  1.0754  
-0.963917  1.07263  
-0.95966  1.0791  
-0.952953  1.08053  
-0.9534  1.07619  
-0.953553  1.06485  
-0.953925  1.06085  
-0.960937  1.06059  
-0.950542  1.05204  
-0.969159  1.04201  
-0.960279  1.05186  
-0.960654  1.04818  
-0.963165  1.03384  
-0.963366  1.04328  
-0.963366  1.04328  
-0.958698  1.04679  
-0.96226  1.04372  
-0.956215  1.04499  
-0.951819  1.05262  
-0.968228  1.04806  
-0.95753  1.05276  
-0.957878  1.04951  
-0.97176  1.04255  
-0.96956  1.04536  
-0.956109  1.05233  
-0.951689  1.05999  
-0.943669  1.07231  
-0.944082  1.06917  
-0.942291  1.08107  
-0.937955  1.08851  
-0.925722  1.08642  
-0.927351  1.09434  
-0.927866  1.09102  
-0.928853  1.09023  
-0.929338  1.08704  
-0.937791  1.08459  
-0.92739  1.08047  
-0.927816  1.07753  
-0.945011  1.0795  
-0.940488  1.08748  
-0.942285  1.09259  
-0.949657  1.0918  
-0.947428  1.09181  
-0.948618  1.09745  
-0.941516  1.10828  
-0.957677  1.11028  
-0.958795  1.11991  
-0.964433  1.11566  
-0.95305  1.13553  
-0.969264  1.13114  
-0.970505  1.13033  
-0.971048  1.13956  
-0.967048  1.14248  
-0.985364  1.14061  
-0.98444  1.14169  
-0.974791  1.15261  
-0.980704  1.14701  
-0.974394  1.15855  
-0.974846  1.16269  
-0.994278  1.14832  
-0.982035  1.16874  
-0.987928  1.16317  
-0.98396  1.16825  
-0.974919  1.18382  
-0.974858  1.1795  
-0.989136  1.18495  
-0.995008  1.1794  
-0.991027  1.18448  
-0.984243  1.19149  
-0.976867  1.20666  
-0.978219  1.2072  
-0.976988  1.21368  
-0.979548  1.20428  
-0.97325  1.22083  
-0.97325  1.22083  
-0.950729  1.22917  
-0.945729  1.23988  
-0.938495  1.24497  
-0.940402  1.26082  
-0.942981  1.2515  
-0.912859  1.28494  
-0.913499  1.28147  
-0.906533  1.29636  
-0.911745  1.29217  
-0.905348  1.3036  
-0.913109  1.30761  
-0.915705  1.29838  
-0.91196  1.31488  
-0.909522  1.31623  
-0.902821  1.32748  
-0.88895  1.34297  
-0.896168  1.33027  
-0.884346  1.34654  
-0.885442  1.35156  
-0.872154  1.37161  
-0.8699  1.39507  
-0.8699  1.39507  
-0.854568  1.42319  
-0.857215  1.41401  
-0.852295  1.42548  
-0.856354  1.43228  
-0.857023  1.42815  
-0.84344  1.44811  
-0.845486  1.44705  
-0.846748  1.44376  
-0.847773  1.44976  
-0.841572  1.45256  
-0.83775  1.45966  
-0.837654  1.45225  
-0.830469  1.46488  
-0.813881  1.47165  
-0.809475  1.47275  
-0.802136  1.48544  
-0.806212  1.48818  
-0.801918  1.4942  
-0.811087  1.49899  
-0.807064  1.50041  
-0.803369  1.50768  
-0.797963  1.51053  
-0.812275  1.51242  
-0.811523  1.52462  
-0.80647  1.53478  
-0.813468  1.54791  
-0.807758  1.54417  
-0.82708  1.54395  
-0.822547  1.54724  
-0.835694  1.54223  
-0.859095  1.53148  
-0.859245  1.52786  
-0.857641  1.54975  
-0.857822  1.54603  
-0.882725  1.53921  
-0.882746  1.53568  
-0.890529  1.53838  
-0.885945  1.54997  
-0.899554  1.55419  
-0.90041  1.57113  
-0.90041  1.57113  
-0.893714  1.59562  
-0.905237  1.59491  
-0.904655  1.59623  
-0.906151  1.60451  
-0.89724  1.61088  
-0.89426  1.62923  
-0.896912  1.62043  
-0.89068  1.64066  
-0.898198  1.65444  
-0.893042  1.66466  
-0.898938  1.66411  
-0.912489  1.66841  
-0.908645  1.67931  
-0.902656  1.6894  
-0.900142  1.69084  
-0.903168  1.69272  
-0.900514  1.70475  
-0.898574  1.71558  
-0.911901  1.71103  
-0.906917  1.71718  
-0.888325  1.73708  
-0.898129  1.73972  
-0.893334  1.74552  
-0.889027  1.76409  
-0.884201  1.76993  
-0.902995  1.77831  
-0.898093  1.78411  
-0.900774  1.78962  
-0.909387  1.79932  
-0.898565  1.81111  
-0.918149  1.82187  
-0.912423  1.81809  
-0.92465  1.83679  
-0.923534  1.83383  
-0.935418  1.85239  
-0.937097  1.86537  
-0.934536  1.86683  
-0.964125  1.87684  
-0.958897  1.88232  
-0.96659  1.89291  
-0.979884  1.89258  
-0.998292  1.88487  
-1.00336  1.89195  
-1.00325  1.88747  
-1.02427  1.89811  
-1.01878  1.90388  
-1.03191  1.90148  
-1.02849  1.91356  
-1.04458  1.90911  
-1.05045  1.92294  
-1.04663  1.93012  
-1.05277  1.95727  
-1.04484  1.99152  
-1.06353  1.9824  
-1.07763  1.99742  
-1.07419  2.00415  
-1.0908  2.02342  
-1.08506  2.04167  
-1.09625  2.04425  
-1.10547  2.0751  
-1.10282  2.07659  
-1.10498  2.11039  
-1.10493  2.10481  
-1.09543  2.1308  
-1.11403  2.11938  
-1.1071  2.14391  
-1.11647  2.15339  
-1.11654  2.14775  
-1.11054  2.17243  
-1.11069  2.16673  
-1.13311  2.16299  
-1.13257  2.16912  
-1.14525  2.15808  
-1.15159  2.16306  
-1.15468  2.15288  
-1.17353  2.15695  
-1.17764  2.15779  
-1.16754  2.16067  
-1.19272  2.15839  
-1.18711  2.16888  
-1.1691  2.18211  
-1.16633  2.18369  
-1.15448  2.18871  
-1.16646  2.17454  
-1.16082  2.18502  
-1.12654  2.20273  
-1.12374  2.20431  
-1.1267  2.19515  
-1.10409  2.20592  
-1.10471  2.20135  
-1.09211  2.20274  
-1.08988  2.20039  
-1.07746  2.203  
-1.06563  2.2098  
-1.06847  2.20101  
-1.07044  2.18333  
-1.06541  2.18988  
-1.04203  2.18543  
-1.0617  2.17579  
-1.04675  2.1663  
-1.0474  2.16298  
-1.02104  2.16688  
-1.02655  2.1441  
-1.02156  2.15148  
-1.01215  2.13599  
-1.01493  2.12962  
-1.00539  2.11493  
-1.0027  2.10736  
-1.00594  2.09964  
-0.994019  2.10108  
-0.996463  2.09431  
-0.995816  2.08097  
-0.99777  2.06453  
-0.998277  2.06291  
-0.998799  2.05474  
-1.00083  2.04913  
-0.998009  2.04259  
-0.997259  2.0384  
-0.99761  2.03721  
-0.992952  2.03321  
-0.993283  2.03213  
-0.967683  2.04308  
-0.96581  2.0434  
-0.965182  2.04372  
-0.977016  2.04206  
-0.977361  2.04099  
-0.979733  2.0351  
-0.976696  2.03679  
-0.977087  2.03592  
-0.973549  2.04029  
-0.974051  2.03943  
-0.983653  2.02997  
-0.980711  2.03176  
-0.982343  2.02972  
-0.977561  2.03528  
-0.970722  2.03791  
-0.965672  2.04128  
-0.965463  2.04301  
-0.966434  2.04139  
-0.958436  2.04656  
-0.959294  2.04494  
-0.952789  2.05782  
-0.968472  2.05339  
-0.968626  2.05249  
-0.970254  2.04315  
-0.967071  2.04746  
-0.964121  2.04926  
-0.964237  2.04848  
-0.940601  2.05726  
-0.940836  2.05643  
-0.934693  2.06086  
-0.930487  2.06262  
-0.930737  2.06179  
-0.915102  2.07457  
-0.932583  2.07309  
-0.92542  2.07664  
-0.92542  2.07664  
-0.920869  2.08465  
-0.92531  2.08584  
-0.919652  2.09609  
-0.93305  2.09351  
-0.93305  2.09351  
-0.9251  2.10122  
-0.922886  2.09813  
-0.91533  2.10458  
-0.903585  2.11628  
-0.903739  2.11851  
-0.915056  2.11411  
-0.912101  2.11591  
-0.90755  2.12674  
-0.900788  2.12897  
-0.895704  2.12644  
-0.887023  2.13668  
-0.905943  2.12687  
-0.906131  2.12572  
-0.908423  2.11162  
-0.902895  2.1209  
-0.917127  2.11713  
-0.913091  2.11537  
-0.913196  2.11443  
-0.915564  2.10013  
-0.915601  2.0994  
-0.918186  2.09336  
-0.912666  2.09773  
-0.906566  2.09909  
-0.907022  2.09594  
-0.906451  2.10084  
-0.900243  2.09934  
-0.895953  2.10363  
-0.896137  2.10048  
-0.889157  2.1148  
-0.895029  2.10214  
-0.889623  2.11139  
-0.884795  2.11832  
-0.885999  2.11598  
-0.878006  2.12948  
-0.878969  2.12789  
-0.876295  2.12363  
-0.868242  2.14243  
-0.86873  2.14254  
-0.861129  2.14602  
-0.861738  2.14518  
-0.852716  2.15413  
-0.843241  2.16841  
-0.842931  2.17023  
-0.838876  2.17192  
-0.832924  2.18398  
-0.825157  2.1925  
-0.816821  2.20367  
-0.811891  2.20832  
-0.799016  2.22593  
-0.799888  2.22357  
-0.7901  2.2313  
-0.782399  2.24092  
-0.777343  2.24933  
-0.766399  2.25706  
-0.764576  2.26291  
-0.760235  2.26239  
-0.747065  2.28184  
-0.749623  2.2736  
-0.759962  2.27315  
-0.759962  2.27315  
-0.753908  2.2785  
-0.753908  2.2785  
-0.746609  2.27713  
-0.74157  2.27928  
-0.736477  2.28754  
-0.734209  2.2846  
-0.734595  2.28295  
-0.745609  2.27805  
-0.732391  2.28391  
-0.732391  2.28391  
