-0.419664  -0.0467693  0.150593
-0.419664  -0.0467693  0.150593
-0.419664  -0.0459364  0.149916
-0.419664  -0.0458213  0.149833
-0.419664  -0.044412  0.148908
-0.419664  -0.0438106  0.149457
-0.419664  -0.0437735  0.149531
-0.419664  -0.0419569  0.149343
-0.419664  -0.0417931  0.149257
-0.419664  -0.0393152  0.148295
-0.419664  -0.0381688  0.148588
-0.419664  -0.0380651  0.148638
-0.419664  -0.0362614  0.148873
-0.419664  -0.0360977  0.148844
-0.419664  -0.0343077  0.149013
-0.419664  -0.0342449  0.149099
-0.419664  -0.0335243  0.150075
-0.419664  -0.0334438  0.150086
-0.419664  -0.0326235  0.150229
-0.419664  -0.032387  0.150793
-0.419664  -0.0324036  0.150892
-0.419664  -0.0324899  0.151773
-0.419664  -0.032482  0.151829
-0.419664  -0.0323578  0.15224
-0.419664  -0.0323778  0.152282
-0.419664  -0.0326461  0.153176
-0.419664  -0.0327502  0.153724
-0.419664  -0.0327249  0.153736
-0.419664  -0.0325565  0.154145
-0.419664  -0.0325551  0.154198
-0.419664  -0.0324663  0.155027
-0.419664  -0.0321671  0.155509
-0.419664  -0.0321264  0.155554
-0.419664  -0.0318468  0.155711
-0.419664  -0.0311732  0.156294
-0.419664  -0.0306139  0.156879
-0.419664  -0.0305546  0.156933
-0.419664  -0.0295224  0.157534
-0.419664  -0.0294497  0.157569
-0.419664  -0.028382  0.158134
-0.419664  -0.0276868  0.158625
-0.419664  -0.0276374  0.158702
-0.419664  -0.0267044  0.159517
-0.419664  -0.0266546  0.159593
-0.419664  -0.0260024  0.160426
-0.419664  -0.0259522  0.160502
-0.419664  -0.0254009  0.161281
-0.419664  -0.0250444  0.161733
-0.419664  -0.0250226  0.161794
-0.419664  -0.0248414  0.16273
-0.419664  -0.0248403  0.162807
-0.419664  -0.0247192  0.163789
-0.419664  -0.024613  0.164379
-0.419664  -0.0246093  0.164431
-0.419664  -0.0245574  0.165406
-0.419664  -0.0244522  0.166074
-0.419664  -0.024438  0.166132
-0.419664  -0.0242376  0.167077
-0.419664  -0.0242233  0.167134
-0.419664  -0.0239567  0.16796
-0.419664  -0.0239321  0.168024
-0.419664  -0.0235117  0.168719
-0.419664  -0.0231963  0.169261
-0.419664  -0.0231714  0.169325
-0.419664  -0.0226841  0.170104
-0.419664  -0.0226361  0.170127
-0.419664  -0.0222058  0.170776
-0.419664  -0.0221807  0.17084
-0.419664  -0.0218492  0.171618
-0.419664  -0.0216491  0.172152
-0.419664  -0.0216237  0.172215
-0.419664  -0.0214551  0.173038
-0.419664  -0.0214506  0.173117
-0.419664  -0.0213185  0.173894
-0.419664  -0.0212279  0.174294
-0.419664  -0.0212004  0.174333
-0.419664  -0.0211885  0.175126
-0.419664  -0.0211819  0.17518
-0.419664  -0.021113  0.175898
-0.419664  -0.021039  0.176416
-0.419664  -0.0210236  0.176473
-0.419664  -0.0209484  0.177268
-0.419664  -0.0209225  0.177331
-0.419664  -0.0207552  0.177966
-0.419664  -0.0206098  0.17849
-0.419664  -0.0206133  0.178538
-0.419664  -0.0203662  0.17921
-0.419664  -0.0203504  0.179267
-0.419664  -0.020062  0.179931
-0.419664  -0.0198446  0.18046
-0.419664  -0.019827  0.180493
-0.419664  -0.0194772  0.181157
-0.419664  -0.0194491  0.181196
-0.419664  -0.0191418  0.181915
-0.419664  -0.0189147  0.182469
-0.419664  -0.0188969  0.182501
-0.419664  -0.0185839  0.183466
-0.419664  -0.0185676  0.183523
-0.419664  -0.0182988  0.184415
-0.419664  -0.0182915  0.18447
-0.419664  -0.0179986  0.185322
-0.419664  -0.0178141  0.185975
-0.419664  -0.0177975  0.186031
-0.419664  -0.0174597  0.187023
-0.419664  -0.0174444  0.187102
-0.419664  -0.0171045  0.188092
-0.419664  -0.0168499  0.188822
-0.419664  -0.0168015  0.188868
-0.419664  -0.016403  0.189951
-0.419664  -0.0163558  0.190022
-0.419664  -0.0158825  0.191087
-0.419664  -0.0155037  0.191838
-0.419664  -0.0154561  0.191908
-0.419664  -0.0149016  0.19305
-0.419664  -0.014876  0.193159
-0.419664  -0.0143299  0.194315
-0.419664  -0.0139289  0.195141
-0.419664  -0.0138808  0.19521
-0.419664  -0.0133357  0.196502
-0.419664  -0.0133094  0.19661
-0.419664  -0.0127239  0.197774
-0.419664  -0.012309  0.198642
-0.419664  -0.0122613  0.198735
-0.419664  -0.0116748  0.200009
-0.419664  -0.0116268  0.200102
-0.419664  -0.0110454  0.20132
-0.419664  -0.0106464  0.202272
-0.419664  -0.0106295  0.202372
-0.419664  -0.0100203  0.203576
-0.419664  -0.0099716  0.203668
-0.419664  -0.0094354  0.205025
-0.419664  -0.00901731  0.205931
-0.419664  -0.00896819  0.206023
-0.419664  -0.00832711  0.207214
-0.419664  -0.00829875  0.20732
-0.419664  -0.00765632  0.208576
-0.419664  -0.00719875  0.209451
-0.419664  -0.0071694  0.209534
-0.419664  -0.00655088  0.210782
-0.419664  -0.00652187  0.210887
-0.419664  -0.0058895  0.212139
-0.419664  -0.00549705  0.213012
-0.419664  -0.00546765  0.213116
-0.419664  -0.00487995  0.214381
-0.419664  -0.0048499  0.214463
-0.419664  -0.00430127  0.215754
-0.419664  -0.00391261  0.216577
-0.419664  -0.00387151  0.216665
-0.419664  -0.00336902  0.217841
-0.419664  -0.00335954  0.217937
-0.419664  -0.00285347  0.219094
-0.419664  -0.002523  0.219934
-0.419664  -0.00248113  0.22
-0.419664  -0.00200172  0.221219
-0.419664  -0.00198099  0.221322
-0.419664  -0.00153946  0.22239
-0.419664  -0.00149751  0.222478
-0.419664  -0.00108496  0.22356
-0.419664  -0.000755526  0.224392
-0.419664  -0.000734174  0.224472
-0.419664  -0.00032816  0.225551
-0.419664  -0.000285611  0.225617
-0.419664  0.000101826  0.226622
-0.419664  0.000448831  0.227429
-0.419664  0.000470661  0.227487
-0.419664  0.000884869  0.228446
-0.419664  0.000906705  0.228526
-0.419664  0.00126846  0.229456
-0.419664  0.00151109  0.230139
-0.419664  0.00154433  0.230204
-0.419664  0.00184321  0.231054
-0.419664  0.00208773  0.231693
-0.419664  0.00212119  0.231758
-0.419664  0.00244608  0.232607
-0.419664  0.00247967  0.232673
-0.419664  0.00282714  0.233507
-0.419664  0.00306325  0.234117
-0.419664  0.00308577  0.234175
-0.419664  0.00339185  0.235031
-0.419664  0.00341446  0.235089
-0.419664  0.00374142  0.235837
-0.419664  0.00376412  0.235895
-0.419664  0.00409385  0.236715
-0.419664  0.00432194  0.237274
-0.419664  0.00434479  0.237332
-0.419664  0.00468637  0.23813
-0.419664  0.0047093  0.238188
-0.419664  0.00499658  0.238979
-0.419664  0.0052482  0.239566
-0.419664  0.00525979  0.239617
-0.419664  0.00558147  0.240378
-0.419664  0.00560463  0.240436
-0.419664  0.00595038  0.241191
-0.419664  0.00618083  0.241678
-0.419664  0.00620412  0.241736
-0.419664  0.00650533  0.242439
-0.419664  0.0065287  0.242497
-0.419664  0.00685226  0.243229
-0.419664  0.0068641  0.243279
-0.419664  0.00717698  0.244004
-0.419664  0.00739644  0.244496
-0.419664  0.00742  0.244554
-0.419664  0.00773226  0.245248
-0.419664  0.00774422  0.245299
-0.419664  0.00809006  0.245965
-0.419664  0.00832044  0.246414
-0.419664  0.00833248  0.246464
-0.419664  0.00866589  0.247115
-0.419664  0.0086778  0.247143
-0.419664  0.00903336  0.247801
-0.419664  0.00904549  0.247851
-0.419664  0.00934448  0.248414
-0.419664  0.00956177  0.24874
-0.419664  0.00957396  0.24879
-0.419664  0.00987192  0.249366
-0.419664  0.00990517  0.249381
-0.419664  0.0102129  0.249913
-0.419664  0.0104182  0.250329
-0.419664  0.0104518  0.250365
-0.419664  0.0107584  0.250909
-0.419664  0.0107707  0.250959
-0.419664  0.0110875  0.251503
-0.419664  0.0113242  0.251861
-0.419664  0.0113579  0.251897
-0.419664  0.0116964  0.252405
-0.419664  0.0117182  0.252433
-0.419664  0.0120457  0.252953
-0.419664  0.012293  0.25331
-0.419664  0.0123267  0.253346
-0.419664  0.0126653  0.253907
-0.419664  0.0126875  0.253956
-0.419664  0.0129935  0.254522
-0.419664  0.013264  0.254926
-0.419664  0.013286  0.254954
-0.419664  0.013412  0.255236
-0.419664  0.0137404  0.255787
-0.419664  0.0139786  0.256196
-0.419664  0.0140125  0.256232
-0.419664  0.0143646  0.256851
-0.419664  0.0143986  0.256886
-0.419664  0.0147509  0.257484
-0.419664  0.0149903  0.257891
-0.419664  0.0150243  0.257927
-0.419664  0.0153789  0.258585
-0.419664  0.0154135  0.258641
-0.419664  0.0157684  0.259277
-0.419664  0.0157906  0.259305
-0.419664  0.0161793  0.259934
-0.419664  0.0164419  0.260346
-0.419664  0.0164641  0.260374
-0.419664  0.0168404  0.260932
-0.419664  0.0168627  0.260959
-0.419664  0.01724  0.261537
-0.419664  0.0172629  0.261585
-0.419664  0.0176424  0.262223
-0.419664  0.0179088  0.262715
-0.419664  0.0179311  0.262742
-0.419664  0.0182769  0.263323
-0.419664  0.0185429  0.263772
-0.419664  0.0185441  0.263813
-0.419664  0.0189578  0.264401
-0.419664  0.0189809  0.264448
-0.419664  0.0193746  0.26507
-0.419664  0.0193977  0.265117
-0.419664  0.0197914  0.265717
-0.419664  0.020069  0.26611
-0.419664  0.0200922  0.266158
-0.419664  0.0205087  0.266763
-0.419664  0.0205439  0.266818
-0.419664  0.020973  0.267481
-0.419664  0.0212989  0.267987
-0.419664  0.0213342  0.268042
-0.419664  0.0217737  0.268631
-0.419664  0.0218182  0.268664
-0.419664  0.022259  0.269272
-0.419664  0.0225976  0.269764
-0.419664  0.022633  0.269819
-0.419664  0.0230672  0.270486
-0.419664  0.0230907  0.270533
-0.419664  0.0235339  0.271157
-0.419664  0.0235687  0.271192
-0.419664  0.0240337  0.271802
-0.419664  0.0243514  0.272264
-0.419664  0.024375  0.27231
-0.419664  0.0248356  0.27299
-0.419664  0.0248713  0.273044
-0.419664  0.0253526  0.273719
-0.419664  0.0256806  0.274157
-0.419664  0.0257043  0.274203
-0.419664  0.0262182  0.274831
-0.419664  0.0262532  0.274865
-0.419664  0.0268018  0.275507
-0.419664  0.0271807  0.276044
-0.419664  0.0272157  0.276079
-0.419664  0.0277362  0.276773
-0.419664  0.0277722  0.276827
-0.419664  0.0282915  0.27748
-0.419664  0.0287061  0.278029
-0.419664  0.0287421  0.278083
-0.419664  0.0292664  0.278813
-0.419664  0.0293237  0.278853
-0.419664  0.0298599  0.27957
-0.419664  0.0299172  0.27961
-0.419664  0.0304513  0.280267
-0.419664  0.0304875  0.280321
-0.419664  0.0310664  0.280989
-0.419664  0.0314594  0.281489
-0.419664  0.0315158  0.28151
-0.419664  0.0321192  0.282174
-0.419664  0.0321556  0.282227
-0.419664  0.0327131  0.282867
-0.419664  0.0331175  0.283334
-0.419664  0.0331539  0.283387
-0.419664  0.03374  0.2841
-0.419664  0.0341687  0.284563
-0.419664  0.0342052  0.284616
-0.419664  0.0347716  0.285312
-0.419664  0.0348081  0.285365
-0.419664  0.035343  0.286083
-0.419664  0.0353785  0.286117
-0.419664  0.0359485  0.286848
-0.419664  0.0363378  0.287354
-0.419664  0.0363734  0.287387
-0.419664  0.0369711  0.288026
-0.419664  0.0370078  0.288079
-0.419664  0.0375828  0.288691
-0.419664  0.0380067  0.28919
-0.419664  0.0380436  0.289243
-0.419664  0.0386095  0.289883
-0.419664  0.0386463  0.289935
-0.419664  0.0392277  0.290594
-0.419664  0.0396284  0.291048
-0.419664  0.0396653  0.2911
-0.419664  0.0402714  0.291756
-0.419664  0.0403084  0.291808
-0.419664  0.0408641  0.292536
-0.419664  0.0412956  0.29308
-0.419664  0.0413452  0.293141
-0.419664  0.0419469  0.293853
-0.419664  0.0419829  0.293886
-0.419664  0.042526  0.29454
-0.419664  0.0425744  0.294582
-0.419664  0.0431405  0.29524
-0.419664  0.0431777  0.295292
-0.419664  0.0437358  0.295971
-0.419664  0.0441492  0.296499
-0.419664  0.0441853  0.296533
-0.419664  0.0447896  0.297197
-0.419664  0.0448172  0.297251
-0.419664  0.0453652  0.297895
-0.419664  0.045765  0.298376
-0.419664  0.045815  0.298436
-0.419664  0.0463432  0.299091
-0.419664  0.0463596  0.299155
-0.419664  0.0468998  0.2998
-0.419664  0.0472719  0.300208
-0.419664  0.0472997  0.300262
-0.419664  0.0478596  0.300857
-0.419664  0.0482495  0.301303
-0.419664  0.0482648  0.301348
-0.419664  0.048785  0.301986
-0.419664  0.0488341  0.302028
-0.419664  0.0493398  0.30262
-0.419664  0.0496947  0.303032
-0.419664  0.049731  0.303065
-0.419664  0.0502365  0.303638
-0.419664  0.0502729  0.303671
-0.419664  0.0507579  0.304256
-0.419664  0.051114  0.304668
-0.419664  0.0511504  0.304701
-0.419664  0.0516704  0.305282
-0.419664  0.0517197  0.305324
-0.419664  0.0522391  0.305887
-0.419664  0.0525938  0.306262
-0.419664  0.0526433  0.306304
-0.419664  0.0531297  0.30687
-0.419664  0.053165  0.306884
-0.419664  0.0536495  0.307414
-0.419664  0.0540054  0.307789
-0.419664  0.054021  0.307834
-0.419664  0.0545077  0.308382
-0.419664  0.0545363  0.308436
-0.419664  0.0550237  0.308983
-0.419664  0.0554068  0.309375
-0.419664  0.0554225  0.30942
-0.419664  0.0559226  0.309958
-0.419664  0.0562594  0.310345
-0.419664  0.0562751  0.31039
-0.419664  0.056796  0.310897
-0.419664  0.0568315  0.310912
-0.419664  0.0573188  0.311423
-0.419664  0.0573556  0.311455
-0.419664  0.057837  0.312005
-0.419664  0.0582253  0.312432
-0.419664  0.0582543  0.312486
-0.419664  0.0584493  0.312709
-0.419664  0.0589769  0.313229
-0.419664  0.0593346  0.313567
-0.419664  0.0593505  0.313612
-0.419664  0.0598393  0.314104
-0.419664  0.0598895  0.314145
-0.419664  0.060379  0.314637
-0.419664  0.0607124  0.314975
-0.419664  0.0607627  0.315016
-0.419664  0.0612754  0.315513
-0.419664  0.0612914  0.315558
-0.419664  0.0617926  0.316063
-0.419664  0.0621403  0.316409
-0.419664  0.0621907  0.31645
-0.419664  0.0627527  0.316953
-0.419664  0.0628018  0.316977
-0.419664  0.0633166  0.317474
-0.419664  0.0633658  0.317497
-0.419664  0.063844  0.317962
-0.419664  0.0642066  0.318317
-0.419664  0.0642214  0.318344
-0.419664  0.0647228  0.318813
-0.419664  0.0647511  0.318849
-0.419664  0.0652359  0.319383
-0.419664  0.0656009  0.319755
-0.419664  0.0656381  0.319787
-0.419664  0.0661618  0.320313
-0.419664  0.0662126  0.320355
-0.419664  0.0667444  0.320859
-0.419664  0.0671451  0.321228
-0.419664  0.0671614  0.321272
-0.419664  0.0676941  0.321777
-0.419664  0.0677227  0.321813
-0.419664  0.0682091  0.322328
-0.419664  0.0686109  0.322697
-0.419664  0.0686409  0.32275
-0.419664  0.0691688  0.323223
-0.419664  0.0691839  0.32325
-0.419664  0.0697161  0.323719
-0.419664  0.0701675  0.324094
-0.419664  0.0701839  0.324138
-0.419664  0.0707604  0.3246
-0.419664  0.0707768  0.324644
-0.419664  0.0713414  0.325113
-0.419664  0.0713926  0.325154
-0.419664  0.0719255  0.325661
-0.419664  0.0723175  0.326036
-0.419664  0.0723549  0.326068
-0.419664  0.0729096  0.326561
-0.419664  0.0732995  0.326902
-0.419664  0.073337  0.326934
-0.419664  0.0739105  0.327433
-0.419664  0.0739619  0.327475
-0.419664  0.0745069  0.327938
-0.419664  0.0745584  0.327979
-0.419664  0.0751262  0.328448
-0.419664  0.0755733  0.328773
-0.419664  0.07559  0.328817
-0.419664  0.0761459  0.329292
-0.419664  0.0761975  0.329333
-0.419664  0.0767482  0.329847
-0.419664  0.0771487  0.330182
-0.419664  0.077185  0.330196
-0.419664  0.0777911  0.330678
-0.419664  0.0778415  0.330702
-0.419664  0.0784427  0.331222
-0.419664  0.0789142  0.331552
-0.419664  0.0789518  0.331583
-0.419664  0.0795594  0.332065
-0.419664  0.079999  0.33243
-0.419664  0.0800354  0.332445
-0.419664  0.0806909  0.332968
-0.419664  0.0807415  0.332993
-0.419664  0.0813219  0.333454
-0.419664  0.0813739  0.333495
-0.419664  0.0819716  0.333999
-0.419664  0.0819884  0.334042
-0.419664  0.0826138  0.334548
-0.419664  0.0830549  0.334912
-0.419664  0.0830861  0.334965
-0.419664  0.0837072  0.335473
-0.419664  0.083745  0.335504
-0.419664  0.0843248  0.336035
-0.419664  0.0847511  0.336372
-0.419664  0.0847824  0.336425
-0.419664  0.0853995  0.336865
-0.419664  0.0854308  0.336918
-0.419664  0.0860365  0.337381
-0.419664  0.0864728  0.337766
-0.419664  0.0865251  0.337807
-0.419664  0.087185  0.338327
-0.419664  0.0872373  0.338367
-0.419664  0.0878782  0.338915
-0.419664  0.0883439  0.339281
-0.419664  0.0883963  0.339322
-0.419664  0.0890195  0.33981
-0.419664  0.0890719  0.339851
-0.419664  0.0897113  0.340364
-0.419664  0.0901411  0.340716
-0.419664  0.0901949  0.340772
-0.419664  0.0908337  0.341269
-0.419664  0.0908862  0.34131
-0.419664  0.0915426  0.341848
-0.419664  0.0920011  0.342202
-0.419664  0.0920537  0.342243
-0.419664  0.0926703  0.342718
-0.419664  0.0927217  0.342742
-0.419664  0.0933634  0.343254
-0.419664  0.093432  0.34332
-0.419664  0.0940875  0.343825
-0.419664  0.0945498  0.34421
-0.419664  0.0945878  0.344241
-0.419664  0.0952834  0.344791
-0.419664  0.0953362  0.344832
-0.419664  0.0960458  0.345376
-0.419664  0.0965775  0.345725
-0.419664  0.0966303  0.345765
-0.419664  0.0973087  0.346256
-0.419664  0.0973408  0.346308
-0.419664  0.0979874  0.346747
-0.419664  0.0985052  0.347085
-0.419664  0.0985433  0.347116
-0.419664  0.0991632  0.347566
-0.419664  0.0992161  0.347606
-0.419664  0.0998764  0.348124
-0.419664  0.10034  0.34849
-0.419664  0.100393  0.348531
-0.419664  0.101103  0.34904
-0.419664  0.101156  0.34908
-0.419664  0.101817  0.349581
-0.419664  0.101868  0.349605
-0.419664  0.102507  0.350101
-0.419664  0.102986  0.350461
-0.419664  0.103059  0.35049
-0.419664  0.103793  0.351002
-0.419664  0.103847  0.351042
-0.419664  0.104588  0.351554
-0.419664  0.10464  0.351578
-0.419664  0.10533  0.352066
-0.419664  0.105845  0.352408
-0.419664  0.105883  0.352438
-0.419664  0.106556  0.352884
-0.419664  0.106595  0.352914
-0.419664  0.10727  0.353375
-0.419664  0.107724  0.353676
-0.419664  0.107762  0.353706
-0.419664  0.10844  0.354198
-0.419664  0.108494  0.354238
-0.419664  0.109202  0.354734
-0.419664  0.109697  0.355087
-0.419664  0.10975  0.355111
-0.419664  0.110474  0.355618
-0.419664  0.110973  0.355918
-0.419664  0.111027  0.355957
-0.419664  0.111719  0.356412
-0.419664  0.111773  0.356452
-0.419664  0.112471  0.3569
-0.419664  0.113004  0.357235
-0.419664  0.113057  0.357275
-0.419664  0.113748  0.357781
-0.419664  0.113802  0.357821
-0.419664  0.114496  0.358275
-0.419664  0.114992  0.358596
-0.419664  0.11503  0.358625
-0.419664  0.115742  0.359105
-0.419664  0.115794  0.359129
-0.419664  0.116495  0.35956
-0.419664  0.116547  0.359585
-0.419664  0.117254  0.36007
-0.419664  0.117768  0.360416
-0.419664  0.117822  0.360456
-0.419664  0.118536  0.360934
-0.419664  0.118589  0.360974
-0.419664  0.119307  0.361415
-0.419664  0.119846  0.361696
-0.419664  0.1199  0.361736
-0.419664  0.120618  0.362177
-0.419664  0.120671  0.362201
-0.419664  0.121405  0.362637
-0.419664  0.121942  0.36297
-0.419664  0.121995  0.362995
-0.419664  0.12271  0.363457
-0.419664  0.122764  0.363496
-0.419664  0.123445  0.363975
-0.419664  0.123946  0.364309
-0.419664  0.124  0.364348
-0.419664  0.124741  0.364761
-0.419664  0.124795  0.364801
-0.419664  0.125493  0.365207
-0.419664  0.125996  0.365541
-0.419664  0.12605  0.36558
-0.419664  0.12679  0.365978
-0.419664  0.126844  0.366002
-0.419664  0.127513  0.366416
-0.419664  0.12802  0.366713
-0.419664  0.128094  0.366741
-0.419664  0.128838  0.367168
-0.419664  0.128893  0.367207
-0.419664  0.129638  0.367648
-0.419664  0.130165  0.367933
-0.419664  0.13022  0.367972
-0.419664  0.13098  0.368394
-0.419664  0.131033  0.368418
-0.419664  0.131762  0.368834
-0.419664  0.132289  0.369103
-0.419664  0.132348  0.36912
-0.419664  0.133028  0.369489
-0.419664  0.133082  0.369513
-0.419664  0.133814  0.369891
-0.419664  0.134274  0.370155
-0.419664  0.134313  0.370183
-0.419664  0.135063  0.370586
-0.419664  0.135117  0.370611
-0.419664  0.135886  0.370987
-0.419664  0.136419  0.371234
-0.419664  0.136473  0.371273
-0.419664  0.137262  0.371689
-0.419664  0.137316  0.371727
-0.419664  0.138029  0.372101
-0.419664  0.138084  0.37214
-0.419664  0.138778  0.372539
-0.419664  0.139252  0.372849
-0.419664  0.139306  0.372873
-0.419664  0.140096  0.373288
-0.419664  0.140607  0.373596
-0.419664  0.140644  0.37361
-0.419664  0.141392  0.374018
-0.419664  0.141429  0.374032
-0.419664  0.142165  0.374407
-0.419664  0.142686  0.374634
-0.419664  0.14274  0.374658
-0.419664  0.143517  0.374959
-0.419664  0.143555  0.374973
-0.419664  0.1443  0.375267
-0.419664  0.144837  0.37549
-0.419664  0.144892  0.375528
-0.419664  0.145633  0.375909
-0.419664  0.14567  0.375923
-0.419664  0.146408  0.376325
-0.419664  0.146926  0.376587
-0.419664  0.146965  0.376615
-0.419664  0.147688  0.37697
-0.419664  0.147743  0.377008
-0.419664  0.148442  0.377382
-0.419664  0.148964  0.377607
-0.419664  0.149001  0.37762
-0.419664  0.149794  0.377981
-0.419664  0.149831  0.377994
-0.419664  0.150664  0.378332
-0.419664  0.150719  0.37837
-0.419664  0.151461  0.378683
-0.419664  0.151536  0.37871
-0.419664  0.152258  0.379035
-0.419664  0.152759  0.379271
-0.419664  0.152813  0.379295
-0.419664  0.153502  0.379611
-0.419664  0.153557  0.37965
-0.419664  0.154285  0.379929
-0.419664  0.154769  0.38014
-0.419664  0.154807  0.380167
-0.419664  0.155568  0.380454
-0.419664  0.155606  0.380481
-0.419664  0.156409  0.380736
-0.419664  0.156949  0.380948
-0.419664  0.157004  0.380986
-0.419664  0.157791  0.381231
-0.419664  0.157829  0.381258
-0.419664  0.158555  0.381522
-0.419664  0.159115  0.381736
-0.419664  0.15917  0.381774
-0.419664  0.159486  0.381905
-0.419664  0.160212  0.382182
-0.419664  0.16075  0.382429
-0.419664  0.160825  0.382455
-0.419664  0.161546  0.382776
-0.419664  0.161601  0.382814
-0.419664  0.162344  0.383101
-0.419664  0.162399  0.383139
-0.419664  0.163142  0.383426
-0.419664  0.163681  0.383622
-0.419664  0.163754  0.383635
-0.419664  0.164459  0.383895
-0.419664  0.164516  0.38391
-0.419664  0.165293  0.384218
-0.419664  0.165794  0.384401
-0.419664  0.165849  0.384425
-0.419664  0.166592  0.384661
-0.419664  0.166647  0.384699
-0.419664  0.167349  0.38498
-0.419664  0.167404  0.385017
-0.419664  0.168125  0.385287
-0.419664  0.168683  0.385484
-0.419664  0.16872  0.385497
-0.419664  0.169518  0.38577
-0.419664  0.169555  0.385797
-0.419664  0.17028  0.386008
-0.419664  0.170334  0.386032
-0.419664  0.171037  0.386276
-0.419664  0.171111  0.386288
-0.419664  0.171796  0.386522
-0.419664  0.17235  0.386713
-0.419664  0.172407  0.386715
-0.419664  0.173143  0.386967
-0.419664  0.17318  0.38698
-0.419664  0.173883  0.387223
-0.419664  0.173939  0.387225
-0.419664  0.174623  0.387444
-0.419664  0.175141  0.387587
-0.419664  0.175178  0.387613
-0.419664  0.175957  0.387811
-0.419664  0.175994  0.387824
-0.419664  0.176752  0.388007
-0.419664  0.177232  0.388149
-0.419664  0.177269  0.388162
-0.419664  0.17799  0.388332
-0.419664  0.178044  0.388355
-0.419664  0.1788  0.38856
-0.419664  0.179279  0.388724
-0.419664  0.179353  0.388737
-0.419664  0.180052  0.388953
-0.419664  0.180089  0.388965
-0.419664  0.180808  0.38917
-0.419664  0.181342  0.389322
-0.419664  0.181398  0.389324
-0.419664  0.182136  0.38953
-0.419664  0.182173  0.389543
-0.419664  0.182891  0.389747
-0.419664  0.183388  0.3899
-0.419664  0.183443  0.389937
-0.419664  0.184159  0.390163
-0.419664  0.184214  0.390186
-0.419664  0.184968  0.390377
-0.419664  0.185481  0.390514
-0.419664  0.185518  0.390527
-0.419664  0.186216  0.390715
-0.419664  0.18629  0.390728
-0.419664  0.186988  0.390907
-0.419664  0.187522  0.391011
-0.419664  0.187558  0.391011
-0.419664  0.188367  0.391154
-0.419664  0.188404  0.391154
-0.419664  0.189158  0.391335
-0.419664  0.189231  0.391348
-0.419664  0.189946  0.391512
-0.419664  0.189983  0.391511
-0.419664  0.190753  0.391664
-0.419664  0.191249  0.391803
-0.419664  0.191304  0.391805
-0.419664  0.192019  0.391994
-0.419664  0.192056  0.392007
-0.419664  0.192845  0.392175
-0.419664  0.1929  0.392176
-0.419664  0.193633  0.392307
-0.419664  0.194165  0.39241
-0.419664  0.19422  0.392412
-0.419664  0.194917  0.392542
-0.419664  0.19499  0.392555
-0.419664  0.195704  0.39271
-0.419664  0.196235  0.392813
-0.419664  0.196308  0.392826
-0.419664  0.197021  0.392989
-0.419664  0.197076  0.392991
-0.419664  0.197789  0.393145
-0.419664  0.198301  0.393259
-0.419664  0.198356  0.393261
-0.419664  0.199106  0.39338
-0.419664  0.199142  0.393393
-0.419664  0.199891  0.393512
-0.419664  0.200403  0.393604
-0.419664  0.200457  0.393628
-0.419664  0.201133  0.393747
-0.419664  0.201206  0.393747
-0.419664  0.201935  0.393877
-0.419664  0.202482  0.394
-0.419664  0.202519  0.394013
-0.419664  0.203248  0.394152
-0.419664  0.203321  0.394165
-0.419664  0.204049  0.394292
-0.419664  0.204578  0.394357
-0.419664  0.204632  0.394358
-0.419664  0.205379  0.394439
-0.419664  0.205415  0.394439
-0.419664  0.206125  0.394568
-0.419664  0.206634  0.394647
-0.419664  0.20667  0.394647
-0.419664  0.207398  0.394739
-0.419664  0.207434  0.394752
-0.419664  0.208161  0.394866
-0.419664  0.208671  0.394977
-0.419664  0.208725  0.394978
-0.419664  0.209452  0.395092
-0.419664  0.209488  0.395105
-0.419664  0.210232  0.395186
-0.419664  0.210777  0.395253
-0.419664  0.210849  0.395266
-0.419664  0.211593  0.395359
-0.419664  0.211647  0.395361
-0.419664  0.212408  0.395466
-0.419664  0.212462  0.395467
-0.419664  0.213223  0.39555
-0.419664  0.213277  0.395552
-0.419664  0.213947  0.395667
-0.419664  0.214002  0.395679
-0.419664  0.214726  0.395783
-0.419664  0.215214  0.395849
-0.419664  0.215287  0.395861
-0.419664  0.21601  0.395919
-0.419664  0.216063  0.395921
-0.419664  0.216786  0.395978
-0.419664  0.217309  0.396009
-0.419664  0.217346  0.396009
-0.419664  0.218085  0.396056
-0.419664  0.218139  0.396058
-0.419664  0.21886  0.396128
-0.419664  0.219364  0.39616
-0.419664  0.2194  0.396161
-0.419664  0.220102  0.396208
-0.419664  0.220174  0.396208
-0.419664  0.22093  0.396266
-0.419664  0.221487  0.396288
-0.419664  0.221523  0.396288
-0.419664  0.22226  0.396335
-0.419664  0.222296  0.396348
-0.419664  0.223015  0.396406
-0.419664  0.223536  0.396437
-0.419664  0.223589  0.396426
-0.419664  0.224253  0.396461
-0.419664  0.224307  0.396485
-0.419664  0.225006  0.39652
-0.419664  0.225561  0.396529
-0.419664  0.225597  0.396542
-0.419664  0.22633  0.396555
-0.419664  0.226383  0.396544
-0.419664  0.227134  0.396569
-0.419664  0.227189  0.396592
-0.419664  0.227996  0.39665
-0.419664  0.228031  0.396663
-0.419664  0.228798  0.396676
-0.419664  0.2293  0.396719
-0.419664  0.229353  0.396708
-0.419664  0.230066  0.396733
-0.419664  0.230119  0.396722
-0.419664  0.23083  0.396725
-0.419664  0.231361  0.396689
-0.419664  0.231414  0.396691
-0.419664  0.232141  0.39667
-0.419664  0.232177  0.396671
-0.419664  0.232847  0.396617
-0.419664  0.233378  0.396616
-0.419664  0.233431  0.396605
-0.419664  0.234141  0.39663
-0.419664  0.234176  0.396643
-0.419664  0.234921  0.39668
-0.419664  0.235469  0.396703
-0.419664  0.235505  0.396703
-0.419664  0.236263  0.396708
-0.419664  0.236299  0.396708
-0.419664  0.23704  0.396712
-0.419664  0.237535  0.396733
-0.419664  0.237588  0.396735
-0.419664  0.238309  0.396715
-0.419664  0.238361  0.396717
-0.419664  0.23905  0.396753
-0.419664  0.239558  0.396741
-0.419664  0.239594  0.396742
-0.419664  0.24033  0.396724
-0.419664  0.240382  0.396713
-0.419664  0.241136  0.396706
-0.419664  0.241681  0.396729
-0.419664  0.241733  0.396719
-0.419664  0.24245  0.396712
-0.419664  0.242485  0.396724
-0.419664  0.243256  0.396729
-0.419664  0.243745  0.396729
-0.419664  0.243796  0.39673
-0.419664  0.244492  0.396712
-0.419664  0.244528  0.396713
-0.419664  0.245289  0.396652
-0.419664  0.245341  0.396653
-0.419664  0.246071  0.396624
-0.419664  0.246553  0.396568
-0.419664  0.246604  0.39657
-0.419664  0.247273  0.396485
-0.419664  0.247325  0.396475
-0.419664  0.248037  0.396456
-0.419664  0.248539  0.396434
-0.419664  0.24859  0.396435
-0.419664  0.249353  0.396395
-0.419664  0.249404  0.396397
-0.419664  0.250144  0.396323
-0.419664  0.250681  0.396289
-0.419664  0.250732  0.396291
-0.419664  0.251452  0.396195
-0.419664  0.251522  0.396208
-0.419664  0.252209  0.396133
-0.419664  0.25269  0.396088
-0.419664  0.25274  0.396089
-0.419664  0.25339  0.396014
-0.419664  0.253442  0.396004
-0.419664  0.254143  0.395907
-0.419664  0.254603  0.395851
-0.419664  0.254635  0.39583
-0.419664  0.255319  0.395744
-0.419664  0.25537  0.395733
-0.419664  0.25609  0.395636
-0.419664  0.256587  0.395591
-0.419664  0.256637  0.395592
-0.419664  0.257339  0.395506
-0.419664  0.25741  0.395507
-0.419664  0.258126  0.395423
-0.419664  0.25862  0.395344
-0.419664  0.25867  0.395345
-0.419664  0.259353  0.39527
-0.419664  0.259404  0.39526
-0.419664  0.2601  0.395153
-0.419664  0.26056  0.395095
-0.419664  0.26061  0.395097
-0.419664  0.261362  0.395024
-0.419664  0.261413  0.395014
-0.419664  0.262107  0.394895
-0.419664  0.262176  0.394908
-0.419664  0.262889  0.394801
-0.419664  0.263382  0.394756
-0.419664  0.263452  0.394757
-0.419664  0.264221  0.394684
-0.419664  0.264271  0.394674
-0.419664  0.264969  0.394611
-0.419664  0.265004  0.394612
-0.419664  0.265698  0.394516
-0.419664  0.266191  0.394448
-0.419664  0.26624  0.39445
-0.419664  0.26695  0.394332
-0.419664  0.267  0.394322
-0.419664  0.267688  0.394205
-0.419664  0.268191  0.394105
-0.419664  0.268241  0.394095
-0.419664  0.268944  0.393956
-0.419664  0.268994  0.393946
-0.419664  0.269681  0.393817
-0.419664  0.270243  0.393676
-0.419664  0.270313  0.393677
-0.419664  0.271077  0.39353
-0.419664  0.271127  0.39352
-0.419664  0.271851  0.393414
-0.419664  0.271885  0.393415
-0.419664  0.272555  0.393286
-0.419664  0.27262  0.393266
-0.419664  0.273341  0.39316
-0.419664  0.273391  0.393151
-0.419664  0.274069  0.39299
-0.419664  0.274598  0.392859
-0.419664  0.274648  0.392849
-0.419664  0.27537  0.392657
-0.419664  0.275419  0.392647
-0.419664  0.27608  0.392497
-0.419664  0.276607  0.392367
-0.419664  0.276656  0.392357
-0.419664  0.277316  0.392208
-0.419664  0.277345  0.392187
-0.419664  0.278019  0.392027
-0.419664  0.278523  0.391898
-0.419664  0.278572  0.391888
-0.419664  0.279258  0.391719
-0.419664  0.279308  0.391709
-0.419664  0.27995  0.391559
-0.419664  0.280473  0.39143
-0.419664  0.280522  0.39142
-0.419664  0.281191  0.391261
-0.419664  0.281241  0.39124
-0.419664  0.281929  0.391018
-0.419664  0.282475  0.390834
-0.419664  0.282524  0.390825
-0.419664  0.283239  0.390657
-0.419664  0.28329  0.390636
-0.419664  0.28395  0.390457
-0.419664  0.284013  0.390437
-0.419664  0.284663  0.39029
-0.419664  0.285151  0.390183
-0.419664  0.2852  0.390173
-0.419664  0.28594  0.389986
-0.419664  0.286003  0.389966
-0.419664  0.286694  0.389789
-0.419664  0.286744  0.389768
-0.419664  0.287385  0.389601
-0.419664  0.287886  0.389472
-0.419664  0.287915  0.389451
-0.419664  0.288576  0.389283
-0.419664  0.288624  0.389274
-0.419664  0.289274  0.389052
-0.419664  0.289749  0.38889
-0.419664  0.289792  0.388859
-0.419664  0.290421  0.388626
-0.419664  0.29086  0.388465
-0.419664  0.290908  0.388455
-0.419664  0.29153  0.388201
-0.419664  0.291545  0.388179
-0.419664  0.292171  0.387947
-0.419664  0.292603  0.387764
-0.419664  0.292652  0.387743
-0.419664  0.293265  0.387468
-0.419664  0.293308  0.387438
-0.419664  0.293891  0.387184
-0.419664  0.294321  0.387002
-0.419664  0.29435  0.386969
-0.419664  0.294957  0.386749
-0.419664  0.294985  0.386728
-0.419664  0.295572  0.386497
-0.419664  0.295979  0.386304
-0.419664  0.296041  0.386284
-0.419664  0.29662  0.386032
-0.419664  0.296647  0.386012
-0.419664  0.297219  0.385779
-0.419664  0.29763  0.385608
-0.419664  0.297677  0.385599
-0.419664  0.298198  0.385388
-0.419664  0.298247  0.385367
-0.419664  0.298828  0.385137
-0.419664  0.299243  0.384989
-0.419664  0.299292  0.384968
-0.419664  0.2999  0.384706
-0.419664  0.299947  0.384697
-0.419664  0.300486  0.384486
-0.419664  0.300513  0.384466
-0.419664  0.301065  0.384245
-0.419664  0.301433  0.384094
-0.419664  0.30148  0.384085
-0.419664  0.301997  0.383864
-0.419664  0.302043  0.383855
-0.419664  0.302614  0.383593
-0.419664  0.302662  0.383573
-0.419664  0.303176  0.383364
-0.419664  0.303555  0.383203
-0.419664  0.303582  0.383183
-0.419664  0.304124  0.382931
-0.419664  0.304138  0.382921
-0.419664  0.304604  0.382709
-0.419664  0.304651  0.382701
-0.419664  0.305143  0.382469
-0.419664  0.305191  0.382449
-0.419664  0.305683  0.382218
-0.419664  0.305716  0.382219
-0.419664  0.306176  0.381975
-0.419664  0.306486  0.381813
-0.419664  0.306521  0.381803
-0.419664  0.306946  0.381558
-0.419664  0.306993  0.381549
-0.419664  0.307398  0.381346
-0.419664  0.307695  0.381183
-0.419664  0.307722  0.381163
-0.419664  0.308139  0.38095
-0.419664  0.308167  0.380918
-0.419664  0.308579  0.380672
-0.419664  0.308908  0.38051
-0.419664  0.308935  0.38049
-0.419664  0.309319  0.380264
-0.419664  0.309352  0.380266
-0.419664  0.309723  0.38005
-0.419664  0.310019  0.379887
-0.419664  0.310047  0.379856
-0.419664  0.310404  0.37965
-0.419664  0.310417  0.37964
-0.419664  0.310787  0.379425
-0.419664  0.311051  0.379249
-0.419664  0.311064  0.379239
-0.419664  0.311441  0.378981
-0.419664  0.311487  0.378973
-0.419664  0.311847  0.378749
-0.419664  0.311875  0.378717
-0.419664  0.312194  0.378535
-0.419664  0.312472  0.378395
-0.419664  0.3125  0.378363
-0.419664  0.312644  0.378294
-0.419664  0.312995  0.378113
-0.419664  0.313202  0.378002
-0.419664  0.313216  0.37798
-0.419664  0.313554  0.37781
-0.419664  0.313567  0.3778
-0.419664  0.313878  0.377649
-0.419664  0.314111  0.377506
-0.419664  0.314157  0.377498
-0.419664  0.31448  0.377337
-0.419664  0.314495  0.377316
-0.419664  0.314831  0.377146
-0.419664  0.314844  0.377136
-0.419664  0.315154  0.376986
-0.419664  0.315359  0.376875
-0.419664  0.315406  0.376854
-0.419664  0.315696  0.376693
-0.419664  0.315721  0.376673
-0.419664  0.316011  0.376512
-0.419664  0.316216  0.376401
-0.419664  0.316228  0.376391
-0.419664  0.316507  0.376228
-0.419664  0.316711  0.376117
-0.419664  0.316724  0.376108
-0.419664  0.317014  0.375935
-0.419664  0.31704  0.375915
-0.419664  0.31733  0.375742
-0.419664  0.317343  0.375733
-0.419664  0.317613  0.375549
-0.419664  0.317779  0.375403
-0.419664  0.317812  0.375405
-0.419664  0.318049  0.37522
-0.419664  0.318064  0.375198
-0.419664  0.318302  0.375013
-0.419664  0.318447  0.374856
-0.419664  0.31848  0.374858
-0.419664  0.318699  0.374649
-0.419664  0.318712  0.374639
-0.419664  0.318906  0.374451
-0.419664  0.319085  0.374284
-0.419664  0.319098  0.374274
-0.419664  0.319338  0.374065
-0.419664  0.319351  0.374055
-0.419664  0.31957  0.373847
-0.419664  0.319584  0.373825
-0.419664  0.319822  0.373628
-0.419664  0.319837  0.373606
-0.419664  0.320055  0.373398
-0.419664  0.320216  0.373272
-0.419664  0.32023  0.37325
-0.419664  0.320443  0.373073
-0.419664  0.320456  0.373063
-0.419664  0.320656  0.372896
-0.419664  0.320815  0.372782
-0.419664  0.320815  0.372782
-0.419664  0.321057  0.372618
-0.419664  0.321071  0.372596
-0.419664  0.321276  0.372462
-0.419664  0.321442  0.372369
-0.419664  0.321442  0.372369
-0.419664  0.321679  0.372237
-0.419664  0.321681  0.372225
-0.419664  0.321918  0.372092
-0.419664  0.322082  0.372011
-0.419664  0.322096  0.37199
-0.419664  0.32235  0.37188
-0.419664  0.322365  0.371859
-0.419664  0.322621  0.371737
-0.419664  0.322784  0.371657
-0.419664  0.322797  0.371647
-0.419664  0.323065  0.371516
-0.419664  0.323079  0.371494
-0.419664  0.323301  0.371384
-0.419664  0.323466  0.371291
-0.419664  0.323498  0.371293
-0.419664  0.323702  0.371159
-0.419664  0.323879  0.371057
-0.419664  0.323881  0.371044
-0.419664  0.324131  0.37089
-0.419664  0.324143  0.370881
-0.419664  0.324363  0.370713
-0.419664  0.32451  0.370597
-0.419664  0.324524  0.370575
-0.419664  0.324744  0.370407
-0.419664  0.324756  0.370397
-0.419664  0.324976  0.370229
-0.419664  0.32499  0.370207
-0.419664  0.32519  0.370028
-0.419664  0.325363  0.36988
-0.419664  0.325363  0.36988
-0.419664  0.325589  0.36967
-0.419664  0.325728  0.369533
-0.419664  0.325742  0.369511
-0.419664  0.325953  0.369322
-0.419664  0.325967  0.3693
-0.419664  0.326171  0.369096
-0.419664  0.326185  0.369074
-0.419664  0.326366  0.368872
-0.419664  0.326511  0.368768
-0.419664  0.326525  0.368746
-0.419664  0.326721  0.368579
-0.419664  0.326735  0.368557
-0.419664  0.326956  0.368377
-0.419664  0.327104  0.368249
-0.419664  0.327116  0.368239
-0.419664  0.327327  0.368056
-0.419664  0.327327  0.368056
-0.419664  0.327566  0.367887
-0.419664  0.327712  0.367771
-0.419664  0.327746  0.367761
-0.419664  0.327954  0.36759
-0.419664  0.328112  0.367465
-0.419664  0.328126  0.367443
-0.419664  0.328363  0.367286
-0.419664  0.328377  0.367264
-0.419664  0.328607  0.367087
-0.419664  0.328621  0.367065
-0.419664  0.328852  0.366875
-0.419664  0.329043  0.366739
-0.419664  0.329057  0.366717
-0.419664  0.329274  0.366549
-0.419664  0.329288  0.366527
-0.419664  0.329521  0.366325
-0.419664  0.329541  0.366336
-0.419664  0.329784  0.366137
-0.419664  0.329943  0.365999
-0.419664  0.329955  0.36599
-0.419664  0.330195  0.365808
-0.419664  0.330207  0.365799
-0.419664  0.330426  0.365619
-0.419664  0.330596  0.365471
-0.419664  0.33061  0.365449
-0.419664  0.33084  0.36526
-0.419664  0.330852  0.36525
-0.419664  0.331074  0.36504
-0.419664  0.331225  0.364881
-0.419664  0.331239  0.364859
-0.419664  0.331472  0.364639
-0.419664  0.331486  0.364617
-0.419664  0.331688  0.364396
-0.419664  0.331852  0.364215
-0.419664  0.331864  0.364205
-0.419664  0.33207  0.363959
-0.419664  0.332084  0.363937
-0.419664  0.332299  0.363693
-0.419664  0.332451  0.363522
-0.419664  0.332465  0.3635
-0.419664  0.33265  0.363242
-0.419664  0.332664  0.36322
-0.419664  0.332867  0.362986
-0.419664  0.332983  0.362838
-0.419664  0.332997  0.362816
-0.419664  0.333197  0.362594
-0.419664  0.333211  0.362572
-0.419664  0.333416  0.362326
-0.419664  0.333571  0.362124
-0.419664  0.333585  0.362102
-0.419664  0.333796  0.361871
-0.419664  0.33381  0.361849
-0.419664  0.334012  0.361615
-0.419664  0.334026  0.361593
-0.419664  0.334238  0.361367
-0.419664  0.334403  0.361174
-0.419664  0.334417  0.361152
-0.419664  0.334618  0.360918
-0.419664  0.334632  0.360896
-0.419664  0.334822  0.360671
-0.419664  0.334961  0.360509
-0.419664  0.334975  0.360487
-0.419664  0.335153  0.360272
-0.419664  0.335292  0.36011
-0.419664  0.335325  0.3601
-0.419664  0.335496  0.359868
-0.419664  0.33551  0.359846
-0.419664  0.335712  0.359617
-0.419664  0.335723  0.359607
-0.419664  0.335936  0.359368
-0.419664  0.336075  0.359206
-0.419664  0.336089  0.359184
-0.419664  0.33628  0.358947
-0.419664  0.336313  0.358936
-0.419664  0.33649  0.358721
-0.419664  0.336629  0.358559
-0.419664  0.336642  0.358537
-0.419664  0.336811  0.3583
-0.419664  0.336813  0.358288
-0.419664  0.337013  0.358053
-0.419664  0.33714  0.357884
-0.419664  0.337154  0.357862
-0.419664  0.337333  0.357633
-0.419664  0.337453  0.357447
-0.419664  0.337465  0.357438
-0.419664  0.337624  0.357198
-0.419664  0.337637  0.357176
-0.419664  0.337827  0.356938
-0.419664  0.337839  0.356929
-0.419664  0.338011  0.356667
-0.419664  0.338131  0.356481
-0.419664  0.338145  0.356459
-0.419664  0.338308  0.356176
-0.419664  0.338431  0.355977
-0.419664  0.338442  0.355968
-0.419664  0.338616  0.355693
-0.419664  0.338598  0.355669
-0.419664  0.338759  0.355416
-0.419664  0.338772  0.355394
-0.419664  0.338935  0.355128
-0.419664  0.339043  0.354951
-0.419664  0.339057  0.354928
-0.419664  0.3392  0.354651
-0.419664  0.339213  0.354629
-0.419664  0.339373  0.354376
-0.419664  0.339468  0.354221
-0.419664  0.339481  0.354199
-0.419664  0.339632  0.353942
-0.419664  0.339643  0.353932
-0.419664  0.339794  0.353675
-0.419664  0.339902  0.353498
-0.419664  0.339916  0.353476
-0.419664  0.340095  0.353234
-0.419664  0.340108  0.353211
-0.419664  0.340257  0.352967
-0.419664  0.340375  0.35278
-0.419664  0.340389  0.352758
-0.419664  0.340539  0.352501
-0.419664  0.340553  0.352479
-0.419664  0.340703  0.352221
-0.419664  0.340824  0.352021
-0.419664  0.340826  0.352008
-0.419664  0.340974  0.351763
-0.419664  0.340987  0.351741
-0.419664  0.341104  0.351494
-0.419664  0.341118  0.351472
-0.419664  0.341254  0.351237
-0.419664  0.341375  0.351036
-0.419664  0.341386  0.351027
-0.419664  0.341536  0.350769
-0.419664  0.341549  0.350747
-0.419664  0.341685  0.350511
-0.419664  0.341699  0.350489
-0.419664  0.341829  0.35022
-0.419664  0.341947  0.350032
-0.419664  0.341949  0.350019
-0.419664  0.34209  0.34974
-0.419664  0.342103  0.349718
-0.419664  0.342241  0.349452
-0.419664  0.342361  0.349252
-0.419664  0.342375  0.349229
-0.419664  0.342537  0.348949
-0.419664  0.342551  0.348926
-0.419664  0.342704  0.348625
-0.419664  0.342813  0.348433
-0.419664  0.342826  0.348411
-0.419664  0.342986  0.348143
-0.419664  0.342999  0.348121
-0.419664  0.343139  0.347841
-0.419664  0.343257  0.347654
-0.419664  0.34327  0.347631
-0.419664  0.34344  0.347354
-0.419664  0.343454  0.347332
-0.419664  0.343611  0.347077
-0.419664  0.343728  0.346889
-0.419664  0.343741  0.346867
-0.419664  0.343894  0.346565
-0.419664  0.343907  0.346543
-0.419664  0.344072  0.346292
-0.419664  0.344191  0.346075
-0.419664  0.344204  0.346052
-0.419664  0.344363  0.345768
-0.419664  0.344376  0.345745
-0.419664  0.344534  0.345461
-0.419664  0.344644  0.345239
-0.419664  0.344658  0.345217
-0.419664  0.344818  0.344919
-0.419664  0.344831  0.344897
-0.419664  0.344981  0.344608
-0.419664  0.345069  0.344404
-0.419664  0.345082  0.344381
-0.419664  0.345253  0.344074
-0.419664  0.345266  0.344052
-0.419664  0.345426  0.343754
-0.419664  0.345428  0.34374
-0.419664  0.345577  0.343451
-0.419664  0.345684  0.343243
-0.419664  0.345697  0.34322
-0.419664  0.345869  0.3429
-0.419664  0.345882  0.342877
-0.419664  0.346065  0.342548
-0.419664  0.346089  0.342516
-0.419664  0.346259  0.342209
-0.419664  0.346409  0.34198
-0.419664  0.346422  0.341958
-0.419664  0.346572  0.341639
-0.419664  0.346585  0.341617
-0.419664  0.346769  0.341274
-0.419664  0.346782  0.341251
-0.419664  0.346923  0.340928
-0.419664  0.347042  0.340697
-0.419664  0.347055  0.340674
-0.419664  0.347218  0.340349
-0.419664  0.347231  0.340326
-0.419664  0.347369  0.340016
-0.419664  0.34748  0.33978
-0.419664  0.347493  0.339758
-0.419664  0.347655  0.339432
-0.419664  0.347668  0.339409
-0.419664  0.347832  0.339054
-0.419664  0.347965  0.338787
-0.419664  0.347961  0.338739
-0.419664  0.348126  0.33837
-0.419664  0.348139  0.338348
-0.419664  0.348294  0.337988
-0.419664  0.348307  0.337965
-0.419664  0.34845  0.337599
-0.419664  0.348543  0.337337
-0.419664  0.348547  0.33731
-0.419664  0.348705  0.336907
-0.419664  0.348729  0.336875
-0.419664  0.348863  0.336503
-0.419664  0.348876  0.336481
-0.419664  0.349036  0.336139
-0.419664  0.349158  0.33588
-0.419664  0.349151  0.335846
-0.419664  0.349353  0.335484
-0.419664  0.349366  0.335461
-0.419664  0.349541  0.335083
-0.419664  0.349685  0.334792
-0.419664  0.349709  0.334761
-0.419664  0.349913  0.334385
-0.419664  0.349906  0.334351
-0.419664  0.350091  0.333979
-0.419664  0.350212  0.33372
-0.419664  0.350235  0.333688
-0.419664  0.350413  0.333282
-0.419664  0.350544  0.333013
-0.419664  0.350557  0.332991
-0.419664  0.350729  0.332641
-0.419664  0.350722  0.332607
-0.419664  0.350914  0.332239
-0.419664  0.351043  0.331985
-0.419664  0.351055  0.331962
-0.419664  0.351257  0.331586
-0.419664  0.351273  0.331549
-0.419664  0.351472  0.331187
-0.419664  0.351615  0.330896
-0.419664  0.35163  0.330859
-0.419664  0.351821  0.330491
-0.419664  0.351836  0.330455
-0.419664  0.35201  0.330061
-0.419664  0.352162  0.329761
-0.419664  0.352175  0.329739
-0.419664  0.352363  0.329309
-0.419664  0.352376  0.329286
-0.419664  0.352551  0.328878
-0.419664  0.352695  0.328573
-0.419664  0.352708  0.32855
-0.419664  0.352901  0.328139
-0.419664  0.352924  0.328108
-0.419664  0.353118  0.327683
-0.419664  0.353258  0.327377
-0.419664  0.353271  0.327354
-0.419664  0.353448  0.326904
-0.419664  0.353463  0.326867
-0.419664  0.353679  0.326411
-0.419664  0.353672  0.326377
-0.419664  0.353891  0.325906
-0.419664  0.354029  0.325552
-0.419664  0.354042  0.325529
-0.419664  0.354232  0.325041
-0.419664  0.354247  0.325004
-0.419664  0.354435  0.32453
-0.419664  0.354448  0.324508
-0.419664  0.354668  0.323994
-0.419664  0.354693  0.323949
-0.419664  0.354898  0.323472
-0.419664  0.35503  0.323145
-0.419664  0.355042  0.323123
-0.419664  0.355239  0.32264
-0.419664  0.355264  0.322595
-0.419664  0.35547  0.322104
-0.419664  0.355482  0.322081
-0.419664  0.355693  0.321589
-0.419664  0.355717  0.321544
-0.419664  0.355915  0.321074
-0.419664  0.356083  0.320679
-0.419664  0.356098  0.320642
-0.419664  0.356322  0.32019
-0.419664  0.356324  0.320148
-0.419664  0.35655  0.319681
-0.419664  0.356563  0.319658
-0.419664  0.356757  0.319203
-0.419664  0.356899  0.318881
-0.419664  0.356913  0.318843
-0.419664  0.357134  0.318405
-0.419664  0.357146  0.318383
-0.419664  0.357329  0.317935
-0.419664  0.357473  0.317598
-0.419664  0.357488  0.317561
-0.419664  0.357724  0.317071
-0.419664  0.357736  0.317048
-0.419664  0.357938  0.316583
-0.419664  0.357951  0.316561
-0.419664  0.358184  0.316085
-0.419664  0.358342  0.315788
-0.419664  0.358334  0.315754
-0.419664  0.358565  0.31532
-0.419664  0.358703  0.315012
-0.419664  0.358727  0.314966
-0.419664  0.358935  0.314535
-0.419664  0.358947  0.314512
-0.419664  0.359127  0.314064
-0.419664  0.359152  0.314018
-0.419664  0.359364  0.313557
-0.419664  0.359513  0.313226
-0.419664  0.359525  0.313203
-0.419664  0.359756  0.312726
-0.419664  0.359931  0.312413
-0.419664  0.359945  0.312375
-0.419664  0.36013  0.311947
-0.419664  0.360154  0.311901
-0.419664  0.360362  0.311455
-0.419664  0.360517  0.31113
-0.419664  0.360529  0.311107
-0.419664  0.360744  0.310668
-0.419664  0.360738  0.310619
-0.419664  0.360946  0.310172
-0.419664  0.360967  0.310141
-0.419664  0.361173  0.309667
-0.419664  0.36133  0.309327
-0.419664  0.361351  0.309296
-0.419664  0.361581  0.308855
-0.419664  0.361744  0.308522
-0.419664  0.361756  0.308499
-0.419664  0.361956  0.308055
-0.419664  0.361978  0.308024
-0.419664  0.362187  0.307572
-0.419664  0.362211  0.307526
-0.419664  0.362429  0.307093
-0.419664  0.36256  0.306771
-0.419664  0.362581  0.30674
-0.419664  0.362811  0.306285
-0.419664  0.362963  0.305932
-0.419664  0.362984  0.305901
-0.419664  0.363077  0.305691
-0.419664  0.363313  0.305242
-0.419664  0.363471  0.304924
-0.419664  0.363473  0.304882
-0.419664  0.363703  0.304464
-0.419664  0.363717  0.304426
-0.419664  0.363927  0.303996
-0.419664  0.364053  0.30369
-0.419664  0.364074  0.303659
-0.419664  0.364307  0.303184
-0.419664  0.364328  0.303153
-0.419664  0.364555  0.302709
-0.419664  0.364728  0.30239
-0.419664  0.364749  0.30236
-0.419664  0.364959  0.301916
-0.419664  0.36498  0.301885
-0.419664  0.365201  0.301418
-0.419664  0.365366  0.301093
-0.419664  0.365377  0.30107
-0.419664  0.365584  0.300642
-0.419664  0.365605  0.300611
-0.419664  0.365802  0.300191
-0.419664  0.36597  0.299888
-0.419664  0.365981  0.299866
-0.419664  0.366202  0.299437
-0.419664  0.366223  0.299407
-0.419664  0.366442  0.299021
-0.419664  0.366583  0.2987
-0.419664  0.366604  0.29867
-0.419664  0.366834  0.298261
-0.419664  0.366854  0.29823
-0.419664  0.367055  0.297818
-0.419664  0.367212  0.297525
-0.419664  0.367232  0.297494
-0.419664  0.367453  0.297052
-0.419664  0.367453  0.29701
-0.419664  0.367678  0.296538
-0.419664  0.367698  0.296507
-0.419664  0.367897  0.296096
-0.419664  0.368078  0.295742
-0.419664  0.368098  0.295711
-0.419664  0.368318  0.295255
-0.419664  0.36833  0.295232
-0.419664  0.368527  0.294821
-0.419664  0.368547  0.29479
-0.419664  0.36879  0.294369
-0.419664  0.368791  0.294327
-0.419664  0.369027  0.293898
-0.419664  0.369038  0.293875
-0.419664  0.36926  0.293484
-0.419664  0.369393  0.293222
-0.419664  0.369413  0.293192
-0.419664  0.369639  0.29277
-0.419664  0.369776  0.292478
-0.419664  0.369796  0.292447
-0.419664  0.370006  0.292026
-0.419664  0.370028  0.29198
-0.419664  0.370227  0.29154
-0.419664  0.370249  0.291494
-0.419664  0.370475  0.291058
-0.419664  0.370622  0.290743
-0.419664  0.370642  0.290713
-0.419664  0.370822  0.290288
-0.419664  0.370842  0.290257
-0.419664  0.371033  0.28981
-0.419664  0.371184  0.289464
-0.419664  0.371195  0.289441
-0.419664  0.37126  0.289262
-0.419664  0.371453  0.288841
-0.419664  0.371581  0.28854
-0.419664  0.371603  0.288495
-0.419664  0.371802  0.288026
-0.419664  0.371815  0.287988
-0.419664  0.372011  0.287535
-0.419664  0.372157  0.287206
-0.419664  0.372168  0.287183
-0.419664  0.372387  0.28671
-0.419664  0.372398  0.286687
-0.419664  0.372604  0.286253
-0.419664  0.372625  0.286207
-0.419664  0.372833  0.285798
-0.419664  0.372844  0.285775
-0.419664  0.373036  0.28542
-0.419664  0.373165  0.285146
-0.419664  0.373179  0.285107
-0.419664  0.373386  0.284698
-0.419664  0.373405  0.284667
-0.419664  0.373614  0.284242
-0.419664  0.373775  0.28394
-0.419664  0.373794  0.28391
-0.419664  0.374005  0.283469
-0.419664  0.374035  0.283457
-0.419664  0.374233  0.283054
-0.419664  0.374385  0.282759
-0.419664  0.374396  0.282736
-0.419664  0.374629  0.28233
-0.419664  0.374642  0.282292
-0.419664  0.374851  0.281947
-0.419664  0.374992  0.281675
-0.419664  0.375011  0.281645
-0.419664  0.375205  0.281257
-0.419664  0.375357  0.280961
-0.419664  0.375367  0.280938
-0.419664  0.375582  0.280505
-0.419664  0.375601  0.280475
-0.419664  0.375826  0.280018
-0.419664  0.375839  0.279979
-0.419664  0.376063  0.279523
-0.419664  0.376074  0.2795
-0.419664  0.376299  0.279084
-0.419664  0.376459  0.278765
-0.419664  0.376472  0.278726
-0.419664  0.376683  0.278308
-0.419664  0.376694  0.278285
-0.419664  0.376901  0.277842
-0.419664  0.377082  0.277517
-0.419664  0.377093  0.277494
-0.419664  0.377299  0.277051
-0.419664  0.377312  0.277012
-0.419664  0.377543  0.276588
-0.419664  0.377711  0.276261
-0.419664  0.377724  0.276222
-0.419664  0.377943  0.27578
-0.419664  0.377953  0.275757
-0.419664  0.378178  0.275324
-0.419664  0.378342  0.275014
-0.419664  0.378355  0.274974
-0.419664  0.378587  0.274534
-0.419664  0.378605  0.274504
-0.419664  0.378823  0.274062
-0.419664  0.378965  0.273755
-0.419664  0.378978  0.273716
-0.419664  0.379182  0.27327
-0.419664  0.379192  0.273247
-0.419664  0.379396  0.272843
-0.419664  0.379552  0.272539
-0.419664  0.379562  0.272516
-0.419664  0.379794  0.272058
-0.419664  0.379805  0.272035
-0.419664  0.380028  0.271643
-0.419664  0.380038  0.27162
-0.419664  0.380251  0.271192
-0.419664  0.380269  0.271162
-0.419664  0.380483  0.270734
-0.419664  0.380656  0.27044
-0.419664  0.380669  0.270401
-0.419664  0.380879  0.269989
-0.419664  0.380899  0.269943
-0.419664  0.381127  0.269558
-0.419664  0.38128  0.269253
-0.419664  0.38129  0.26923
-0.419664  0.381535  0.268816
-0.419664  0.381547  0.268776
-0.419664  0.381807  0.268348
-0.419664  0.381977  0.268071
-0.419664  0.382008  0.268042
-0.419664  0.382233  0.267616
-0.419664  0.382243  0.267593
-0.419664  0.382478  0.267185
-0.419664  0.382488  0.267162
-0.419664  0.382713  0.266778
-0.419664  0.382872  0.266524
-0.419664  0.382882  0.266501
-0.419664  0.383093  0.266114
-0.419664  0.383103  0.266091
-0.419664  0.383297  0.265719
-0.419664  0.383465  0.265441
-0.419664  0.383477  0.265402
-0.419664  0.383702  0.265002
-0.419664  0.383712  0.264979
-0.419664  0.383932  0.264569
-0.419664  0.384087  0.26423
-0.419664  0.384104  0.2642
-0.419664  0.384312  0.263769
-0.419664  0.384322  0.263746
-0.419664  0.384516  0.263315
-0.419664  0.384526  0.263291
-0.419664  0.384736  0.262888
-0.419664  0.384868  0.262611
-0.419664  0.384878  0.262588
-0.419664  0.385069  0.262172
-0.419664  0.385079  0.262149
-0.419664  0.385273  0.261758
-0.419664  0.385412  0.261475
-0.419664  0.385422  0.261452
-0.419664  0.385624  0.260996
-0.419664  0.385641  0.260967
-0.419664  0.385825  0.26054
-0.419664  0.385837  0.2605
-0.419664  0.386038  0.260102
-0.419664  0.386171  0.259808
-0.419664  0.386183  0.259768
-0.419664  0.386372  0.259352
-0.419664  0.386381  0.259329
-0.419664  0.38657  0.258913
-0.419664  0.386582  0.258873
-0.419664  0.386772  0.25844
-0.419664  0.386784  0.2584
-0.419664  0.386981  0.258018
-0.419664  0.387099  0.257723
-0.419664  0.387108  0.257699
-0.419664  0.387317  0.257277
-0.419664  0.387434  0.256982
-0.419664  0.387446  0.256942
-0.419664  0.387625  0.256531
-0.419664  0.387654  0.25652
-0.419664  0.387823  0.256132
-0.419664  0.387933  0.255843
-0.419664  0.387935  0.255826
-0.419664  0.388118  0.255439
-0.419664  0.388129  0.255399
-0.419664  0.388317  0.254965
-0.419664  0.388329  0.254924
-0.419664  0.388487  0.25456
-0.419664  0.388499  0.25452
-0.419664  0.38866  0.254138
-0.419664  0.38879  0.253842
-0.419664  0.388801  0.253802
-0.419664  0.388978  0.253391
-0.419664  0.38899  0.25335
-0.419664  0.389186  0.25295
-0.419664  0.389313  0.252672
-0.419664  0.389322  0.252648
-0.419664  0.389525  0.252242
-0.419664  0.389534  0.252219
-0.419664  0.389724  0.251807
-0.419664  0.389736  0.251767
-0.419664  0.389914  0.251395
-0.419664  0.390042  0.251099
-0.419664  0.390052  0.251076
-0.419664  0.390119  0.250896
-0.419664  0.390299  0.250507
-0.419664  0.390418  0.250235
-0.419664  0.390427  0.250211
-0.419664  0.390587  0.249811
-0.419664  0.390596  0.249788
-0.419664  0.390773  0.249416
-0.419664  0.390903  0.249102
-0.419664  0.390912  0.249079
-0.419664  0.391084  0.248683
-0.419664  0.391112  0.248671
-0.419664  0.39128  0.248247
-0.419664  0.39129  0.248224
-0.419664  0.391455  0.247816
-0.419664  0.391465  0.247793
-0.419664  0.39165  0.247397
-0.419664  0.391748  0.247112
-0.419664  0.39175  0.247095
-0.419664  0.391908  0.246693
-0.419664  0.391919  0.246653
-0.419664  0.392087  0.246274
-0.419664  0.392203  0.246
-0.419664  0.392205  0.245983
-0.419664  0.39237  0.245575
-0.419664  0.392379  0.245552
-0.419664  0.392536  0.245149
-0.419664  0.392642  0.244841
-0.419664  0.392653  0.2448
-0.419664  0.392828  0.244351
-0.419664  0.392839  0.24431
-0.419664  0.392978  0.243879
-0.419664  0.393013  0.243861
-0.419664  0.393154  0.243412
-0.419664  0.393252  0.243108
-0.419664  0.393254  0.243091
-0.419664  0.393381  0.2427
-0.419664  0.39339  0.242676
-0.419664  0.393516  0.242238
-0.419664  0.393525  0.242215
-0.419664  0.393652  0.241823
-0.419664  0.393737  0.241514
-0.419664  0.393748  0.241473
-0.419664  0.393865  0.241057
-0.419664  0.393943  0.240753
-0.419664  0.393954  0.240712
-0.419664  0.394076  0.240243
-0.419664  0.394085  0.24022
-0.419664  0.394198  0.239774
-0.419664  0.394208  0.239733
-0.419664  0.394324  0.239316
-0.419664  0.394417  0.238982
-0.419664  0.394428  0.238941
-0.419664  0.394541  0.238541
-0.419664  0.394552  0.2385
-0.419664  0.394678  0.238042
-0.419664  0.394689  0.238
-0.419664  0.394808  0.237595
-0.419664  0.394819  0.237554
-0.419664  0.394928  0.237124
-0.419664  0.395033  0.236805
-0.419664  0.395042  0.236782
-0.419664  0.395153  0.236333
-0.419664  0.395235  0.236039
-0.419664  0.395245  0.235997
-0.419664  0.395361  0.23556
-0.419664  0.395369  0.235537
-0.419664  0.395511  0.235106
-0.419664  0.395521  0.235064
-0.419664  0.395629  0.234633
-0.419664  0.395725  0.234336
-0.419664  0.395733  0.234313
-0.419664  0.395843  0.233862
-0.419664  0.395851  0.233839
-0.419664  0.395963  0.23337
-0.419664  0.396038  0.233062
-0.419664  0.396049  0.23302
-0.419664  0.396161  0.232599
-0.419664  0.39619  0.232569
-0.419664  0.396295  0.232154
-0.419664  0.396369  0.231863
-0.419664  0.396379  0.231821
-0.419664  0.39649  0.231399
-0.419664  0.396492  0.231381
-0.419664  0.396595  0.230983
-0.419664  0.396669  0.230673
-0.419664  0.396678  0.23065
-0.419664  0.396796  0.230232
-0.419664  0.396805  0.230208
-0.419664  0.396903  0.229778
-0.419664  0.396905  0.22976
-0.419664  0.397021  0.229359
-0.419664  0.397093  0.229067
-0.419664  0.397097  0.229031
-0.419664  0.397217  0.228642
-0.419664  0.397226  0.228619
-0.419664  0.397322  0.228206
-0.419664  0.397398  0.227953
-0.419664  0.397406  0.22793
-0.419664  0.397494  0.22754
-0.419664  0.397559  0.227252
-0.419664  0.397588  0.227221
-0.419664  0.397675  0.226831
-0.419664  0.397685  0.226789
-0.419664  0.397772  0.226399
-0.419664  0.39778  0.226375
-0.419664  0.397884  0.226014
-0.419664  0.397955  0.22572
-0.419664  0.397957  0.225701
-0.419664  0.398047  0.225341
-0.419664  0.398057  0.225299
-0.419664  0.398141  0.224926
-0.419664  0.398228  0.22468
-0.419664  0.398229  0.224661
-0.419664  0.398325  0.224295
-0.419664  0.398327  0.224277
-0.419664  0.398419  0.223879
-0.419664  0.398427  0.223856
-0.419664  0.398511  0.223482
-0.419664  0.398566  0.223215
-0.419664  0.398574  0.223192
-0.419664  0.398656  0.222836
-0.419664  0.398658  0.222817
-0.419664  0.398746  0.222456
-0.419664  0.398797  0.222226
-0.419664  0.398806  0.222202
-0.419664  0.398885  0.221864
-0.419664  0.398893  0.22184
-0.419664  0.398975  0.221483
-0.419664  0.399032  0.221248
-0.419664  0.399034  0.221229
-0.419664  0.399112  0.220909
-0.419664  0.399164  0.22066
-0.419664  0.399172  0.220637
-0.419664  0.399234  0.220267
-0.419664  0.399242  0.220244
-0.419664  0.399327  0.219899
-0.419664  0.399365  0.219652
-0.419664  0.399367  0.219633
-0.419664  0.399451  0.219307
-0.419664  0.399452  0.219289
-0.419664  0.399542  0.218957
-0.419664  0.399578  0.218728
-0.419664  0.399586  0.218704
-0.419664  0.399669  0.218378
-0.419664  0.399679  0.218335
-0.419664  0.399743  0.217997
-0.419664  0.399805  0.217774
-0.419664  0.399813  0.217751
-0.419664  0.399876  0.217412
-0.419664  0.399884  0.217389
-0.419664  0.399947  0.21705
-0.419664  0.40001  0.216808
-0.419664  0.400012  0.21679
-0.419664  0.400073  0.21647
-0.419664  0.400081  0.216446
-0.419664  0.400143  0.216126
-0.419664  0.400204  0.215903
-0.419664  0.400212  0.215879
-0.419664  0.400278  0.215572
-0.419664  0.400279  0.215553
-0.419664  0.400359  0.215245
-0.419664  0.400412  0.215045
-0.419664  0.40042  0.215021
-0.419664  0.400479  0.21472
-0.419664  0.400487  0.214696
-0.419664  0.400548  0.214375
-0.419664  0.400607  0.21417
-0.419664  0.400615  0.214146
-0.419664  0.400694  0.213837
-0.419664  0.400683  0.213802
-0.419664  0.400769  0.213488
-0.419664  0.40081  0.213252
-0.419664  0.400818  0.213228
-0.419664  0.400878  0.212907
-0.419664  0.400886  0.212884
-0.419664  0.400979  0.212545
-0.419664  0.400987  0.212521
-0.419664  0.401033  0.212184
-0.419664  0.401041  0.21216
-0.419664  0.401118  0.211869
-0.419664  0.401151  0.211657
-0.419664  0.401152  0.211638
-0.419664  0.401209  0.211355
-0.419664  0.40121  0.211336
-0.419664  0.401269  0.211014
-0.419664  0.401316  0.2108
-0.419664  0.401323  0.210776
-0.419664  0.401394  0.21049
-0.419664  0.401401  0.210466
-0.419664  0.40146  0.210144
-0.419664  0.401514  0.209906
-0.419664  0.401517  0.209868
-0.419664  0.401572  0.209513
-0.419664  0.40158  0.209489
-0.419664  0.401646  0.209169
-0.419664  0.401653  0.209145
-0.419664  0.401709  0.208771
-0.419664  0.401745  0.208501
-0.419664  0.401753  0.208477
-0.419664  0.401831  0.208147
-0.419664  0.401833  0.208128
-0.419664  0.401889  0.207825
-0.419664  0.40189  0.207805
-0.419664  0.401948  0.207483
-0.419664  0.401949  0.207464
-0.419664  0.402008  0.207122
-0.419664  0.402009  0.207103
-0.419664  0.402066  0.20678
-0.419664  0.402074  0.206756
-0.419664  0.402126  0.206418
-0.419664  0.402161  0.206148
-0.419664  0.402163  0.206129
-0.419664  0.402235  0.205784
-0.419664  0.402217  0.205753
-0.419664  0.402265  0.205382
-0.419664  0.402273  0.205358
-0.419664  0.402318  0.205025
-0.419664  0.402346  0.204759
-0.419664  0.402348  0.204739
-0.419664  0.402376  0.204356
-0.419664  0.402384  0.204332
-0.419664  0.402409  0.203987
-0.419664  0.402411  0.203968
-0.419664  0.402446  0.20356
-0.419664  0.402454  0.203536
-0.419664  0.402479  0.20319
-0.419664  0.402506  0.202943
-0.419664  0.402513  0.202919
-0.419664  0.402555  0.202531
-0.419664  0.402562  0.202507
-0.419664  0.402604  0.202119
-0.419664  0.40263  0.201871
-0.419664  0.402633  0.201833
-0.419664  0.402679  0.201459
-0.419664  0.402724  0.201222
-0.419664  0.402726  0.201203
-0.419664  0.40277  0.200848
-0.419664  0.402772  0.200829
-0.419664  0.402814  0.200513
-0.419664  0.402842  0.200226
-0.419664  0.402849  0.200202
-0.419664  0.402896  0.1999
-0.419664  0.40294  0.199683
-0.419664  0.402941  0.199663
-0.419664  0.402999  0.199279
-0.419664  0.403  0.19926
-0.419664  0.403051  0.19888
-0.419664  0.403103  0.198618
-0.419664  0.40311  0.198594
-0.419664  0.403162  0.198195
-0.419664  0.403164  0.198175
-0.419664  0.403235  0.197787
-0.419664  0.403266  0.197533
-0.419664  0.403268  0.197494
-0.419664  0.403337  0.197144
-0.419664  0.403344  0.19712
-0.419664  0.403388  0.196744
-0.419664  0.403439  0.196481
-0.419664  0.403446  0.196457
-0.419664  0.403494  0.196115
-0.419664  0.403501  0.196091
-0.419664  0.403557  0.195705
-0.419664  0.403565  0.195681
-0.419664  0.403632  0.19533
-0.419664  0.40364  0.195306
-0.419664  0.403688  0.194944
-0.419664  0.403695  0.19492
-0.419664  0.403743  0.194558
-0.419664  0.403787  0.194299
-0.419664  0.403794  0.194275
-0.419664  0.403849  0.193888
-0.419664  0.403857  0.193864
-0.419664  0.403923  0.193513
-0.419664  0.403911  0.193477
-0.419664  0.403984  0.193121
-0.419664  0.404033  0.192877
-0.419664  0.404021  0.192841
-0.419664  0.404092  0.192505
-0.419664  0.404099  0.192481
-0.419664  0.404139  0.192097
-0.419664  0.404195  0.191829
-0.419664  0.404196  0.191809
-0.419664  0.404236  0.191405
-0.419664  0.404237  0.191385
-0.419664  0.404296  0.191013
-0.419664  0.404325  0.190757
-0.419664  0.404326  0.190737
-0.419664  0.404359  0.190357
-0.419664  0.404366  0.190333
-0.419664  0.404392  0.189977
-0.419664  0.404414  0.189725
-0.419664  0.404421  0.189701
-0.419664  0.404449  0.189305
-0.419664  0.404456  0.189281
-0.419664  0.404486  0.18894
-0.419664  0.404493  0.188916
-0.419664  0.404519  0.188539
-0.419664  0.404541  0.188287
-0.419664  0.404529  0.188251
-0.419664  0.404569  0.187871
-0.419664  0.404577  0.187826
-0.419664  0.404596  0.187474
-0.419664  0.404624  0.187197
-0.419664  0.404631  0.187173
-0.419664  0.404656  0.186796
-0.419664  0.404657  0.186776
-0.419664  0.404683  0.186399
-0.419664  0.404716  0.186137
-0.419664  0.404717  0.186117
-0.419664  0.404772  0.185762
-0.419664  0.404755  0.185711
-0.419664  0.404785  0.185554
-0.419664  0.404807  0.185236
-0.419664  0.404838  0.185014
-0.419664  0.404839  0.184994
-0.419664  0.404887  0.184643
-0.419664  0.404894  0.184619
-0.419664  0.404942  0.184268
-0.419664  0.404969  0.184011
-0.419664  0.404976  0.183986
-0.419664  0.405  0.183608
-0.419664  0.405001  0.183588
-0.419664  0.405049  0.183217
-0.419664  0.405074  0.182979
-0.419664  0.405081  0.182954
-0.419664  0.405123  0.182607
-0.419664  0.405124  0.182587
-0.419664  0.405165  0.18224
-0.419664  0.405191  0.181981
-0.419664  0.405198  0.181957
-0.419664  0.405233  0.181614
-0.419664  0.405233  0.181593
-0.419664  0.405243  0.181243
-0.419664  0.405282  0.181
-0.419664  0.405283  0.180979
-0.419664  0.405312  0.18062
-0.419664  0.405313  0.180599
-0.419664  0.405342  0.18026
-0.419664  0.405355  0.180009
-0.419664  0.405357  0.179968
-0.419664  0.405402  0.17968
-0.419664  0.405403  0.17966
-0.419664  0.40543  0.17936
-0.419664  0.405438  0.179073
-0.419664  0.405445  0.179048
-0.419664  0.405459  0.178756
-0.419664  0.405466  0.178732
-0.419664  0.405501  0.178411
-0.419664  0.405508  0.178387
-0.419664  0.405525  0.178013
-0.419664  0.405557  0.177773
-0.419664  0.405557  0.177753
-0.419664  0.405579  0.177395
-0.419664  0.40558  0.177375
-0.419664  0.405622  0.176987
-0.419664  0.405654  0.176727
-0.419664  0.405636  0.176695
-0.419664  0.405677  0.176327
-0.419664  0.405678  0.176307
-0.419664  0.405719  0.17596
-0.419664  0.405744  0.175723
-0.419664  0.405744  0.175703
-0.419664  0.405759  0.175368
-0.419664  0.405765  0.175344
-0.419664  0.405799  0.175021
-0.419664  0.405824  0.174763
-0.419664  0.405825  0.174742
-0.419664  0.40584  0.174387
-0.419664  0.40584  0.174366
-0.419664  0.405868  0.174026
-0.419664  0.405869  0.174006
-0.419664  0.405903  0.173641
-0.419664  0.405923  0.173365
-0.419664  0.405923  0.173345
-0.419664  0.405951  0.172983
-0.419664  0.405952  0.172963
-0.419664  0.405985  0.172597
-0.419664  0.406004  0.172342
-0.419664  0.406005  0.172321
-0.419664  0.406037  0.171976
-0.419664  0.406038  0.171955
-0.419664  0.406065  0.171613
-0.419664  0.406089  0.171354
-0.419664  0.406089  0.171333
-0.419664  0.406097  0.170979
-0.419664  0.406097  0.170958
-0.419664  0.406129  0.170612
-0.419664  0.406128  0.170344
-0.419664  0.406129  0.170324
-0.419664  0.406162  0.169935
-0.419664  0.406162  0.169914
-0.419664  0.406169  0.169539
-0.419664  0.406193  0.169278
-0.419664  0.406193  0.169258
-0.419664  0.406218  0.168935
-0.419664  0.406219  0.168893
-0.419664  0.40625  0.168545
-0.419664  0.406249  0.168276
-0.419664  0.406249  0.168256
-0.419664  0.406274  0.16789
-0.419664  0.406275  0.167869
-0.419664  0.4063  0.167525
-0.419664  0.4063  0.167504
-0.419664  0.406325  0.167138
-0.419664  0.406342  0.16688
-0.419664  0.406348  0.166855
-0.419664  0.406374  0.166447
-0.419664  0.406374  0.166426
-0.419664  0.406379  0.166048
-0.419664  0.40638  0.166007
-0.419664  0.406404  0.16566
-0.419664  0.40642  0.165423
-0.419664  0.406426  0.165377
-0.419664  0.40645  0.165031
-0.419664  0.406451  0.164989
-0.419664  0.40648  0.164659
-0.419664  0.406496  0.1644
-0.419664  0.406496  0.164379
-0.419664  0.406519  0.164053
-0.419664  0.406525  0.164007
-0.419664  0.406548  0.163659
-0.419664  0.406545  0.163388
-0.419664  0.406545  0.163367
-0.419664  0.406568  0.162977
-0.419664  0.406568  0.162956
-0.419664  0.406591  0.162587
-0.419664  0.406612  0.162323
-0.419664  0.406613  0.162281
-0.419664  0.406659  0.16194
-0.419664  0.40666  0.161898
-0.419664  0.406682  0.161549
-0.419664  0.406702  0.161284
-0.419664  0.406703  0.161263
-0.419664  0.40673  0.160889
-0.419664  0.406731  0.160847
-0.419664  0.406752  0.160497
-0.419664  0.406772  0.160232
-0.419664  0.406773  0.160211
-0.419664  0.4068  0.159794
-0.419664  0.4068  0.159773
-0.419664  0.406827  0.159376
-0.419664  0.406827  0.159355
-0.419664  0.406848  0.158962
-0.419664  0.406887  0.158708
-0.419664  0.406887  0.158686
-0.419664  0.406908  0.158293
-0.419664  0.406914  0.158247
-0.419664  0.406934  0.157853
-0.419664  0.40694  0.157828
-0.419664  0.40696  0.157434
-0.419664  0.40696  0.157413
-0.419664  0.406986  0.156993
-0.419664  0.406986  0.156972
-0.419664  0.407012  0.156573
-0.419664  0.407025  0.15631
-0.419664  0.407025  0.156267
-0.419664  0.40705  0.155868
-0.419664  0.40705  0.155847
-0.419664  0.407075  0.155469
-0.419664  0.407093  0.155223
-0.419664  0.407093  0.155201
-0.419664  0.407117  0.154845
-0.419664  0.407117  0.154823
-0.419664  0.407141  0.154466
-0.419664  0.407141  0.154445
-0.419664  0.407165  0.154087
-0.419664  0.407183  0.153798
-0.419664  0.407183  0.153776
-0.419664  0.407226  0.153408
-0.419664  0.407243  0.15314
-0.419664  0.407243  0.153118
-0.419664  0.407272  0.152713
-0.419664  0.407272  0.152692
-0.419664  0.407301  0.152287
-0.419664  0.407301  0.152244
-0.419664  0.407329  0.15186
-0.419664  0.407346  0.151612
-0.419664  0.407346  0.151591
-0.419664  0.407369  0.151232
-0.419664  0.407404  0.150995
-0.419664  0.407404  0.150974
-0.419664  0.407426  0.150636
-0.419664  0.407426  0.150592
-0.419664  0.407448  0.150233
-0.419664  0.407478  0.149999
-0.419664  0.407483  0.149974
-0.419664  0.407499  0.149618
-0.419664  0.407499  0.149596
-0.419664  0.40752  0.149236
-0.419664  0.40752  0.149214
-0.419664  0.407536  0.148835
-0.419664  0.40757  0.148576
-0.419664  0.40757  0.148554
-0.419664  0.407585  0.148197
-0.419664  0.407601  0.147969
-0.419664  0.407601  0.147947
-0.419664  0.407616  0.147611
-0.419664  0.407615  0.147568
-0.419664  0.40763  0.147275
-0.419664  0.407665  0.147058
-0.419664  0.407665  0.147037
-0.419664  0.407679  0.1467
-0.419664  0.407679  0.146678
-0.419664  0.407693  0.146363
-0.419664  0.407708  0.146135
-0.419664  0.407708  0.146113
-0.419664  0.407722  0.145797
-0.419664  0.407722  0.145776
-0.419664  0.407742  0.145435
-0.419664  0.40775  0.145188
-0.419664  0.407769  0.145177
-0.419664  0.407789  0.144858
-0.419664  0.407788  0.144836
-0.419664  0.407807  0.144495
-0.419664  0.407817  0.144291
-0.419664  0.407822  0.144266
-0.419664  0.40786  0.143979
-0.419664  0.40786  0.143957
-0.419664  0.407879  0.143681
-0.419664  0.407894  0.143452
-0.419664  0.407899  0.143449
-0.419664  0.407918  0.143128
-0.419664  0.407918  0.143106
-0.419664  0.407937  0.14283
-0.419664  0.407937  0.14283
-0.419664  0.407955  0.142531
-0.419664  0.407961  0.142506
-0.419664  0.407974  0.14221
-0.419664  0.408001  0.141996
-0.419664  0.408  0.141974
-0.419664  0.408018  0.141631
-0.419664  0.408017  0.141609
-0.419664  0.40803  0.141313
-0.419664  0.408029  0.141291
-0.419664  0.408061  0.141028
-0.419664  0.408075  0.14082
-0.419664  0.408074  0.140798
-0.419664  0.408087  0.140524
-0.419664  0.408086  0.140502
-0.419664  0.408118  0.140239
-0.419664  0.408126  0.140056
-0.419664  0.408125  0.140034
-0.419664  0.408138  0.139759
-0.419664  0.408137  0.139737
-0.419664  0.408168  0.139452
-0.419664  0.408176  0.139269
-0.419664  0.408175  0.139247
-0.419664  0.408187  0.138994
-0.419664  0.408187  0.138972
-0.419664  0.408199  0.138697
-0.419664  0.408225  0.138525
-0.419664  0.408225  0.138503
-0.419664  0.408242  0.138224
-0.419664  0.408241  0.138202
-0.419664  0.408277  0.137935
-0.419664  0.408285  0.137751
-0.419664  0.408284  0.137729
-0.419664  0.40832  0.137461
-0.419664  0.408325  0.137436
-0.419664  0.408337  0.137182
-0.419664  0.408336  0.13716
-0.419664  0.408372  0.136915
-0.419664  0.408385  0.136728
-0.419664  0.408385  0.136705
-0.419664  0.408415  0.136485
-0.419664  0.40842  0.13646
-0.419664  0.408432  0.136228
-0.419664  0.408437  0.136203
-0.419664  0.408473  0.135957
-0.419664  0.408472  0.135935
-0.419664  0.408489  0.135699
-0.419664  0.408502  0.135534
-0.419664  0.408502  0.135512
-0.419664  0.408543  0.135285
-0.419664  0.408543  0.135285
-0.419664  0.40856  0.135027
-0.419664  0.408573  0.134862
-0.419664  0.408578  0.134836
-0.419664  0.408594  0.134579
-0.419664  0.408606  0.134391
-0.419664  0.408606  0.134391
-0.419664  0.408641  0.134145
-0.419664  0.408646  0.134141
-0.419664  0.408663  0.133906
-0.419664  0.408662  0.133883
-0.419664  0.408684  0.133645
-0.419664  0.408697  0.133479
-0.419664  0.408697  0.133479
-0.419664  0.408713  0.133243
-0.419664  0.408725  0.133077
-0.419664  0.408725  0.133055
-0.419664  0.40876  0.132853
-0.419664  0.408765  0.132827
-0.419664  0.408782  0.132614
-0.419664  0.408794  0.132448
-0.419664  0.408793  0.132425
-0.419664  0.408815  0.132186
-0.419664  0.408814  0.132164
-0.419664  0.408835  0.131924
-0.419664  0.408853  0.131755
-0.419664  0.408853  0.131755
-0.419664  0.408874  0.131516
-0.419664  0.40886  0.131479
-0.419664  0.408881  0.131239
-0.419664  0.408893  0.131073
-0.419664  0.408898  0.131048
-0.419664  0.408919  0.130808
-0.419664  0.408918  0.130785
-0.419664  0.408944  0.130543
-0.419664  0.408961  0.130373
-0.419664  0.408961  0.130351
-0.419664  0.408987  0.130108
-0.419664  0.408986  0.130086
-0.419664  0.409013  0.129865
-0.419664  0.409055  0.129726
-0.419664  0.409054  0.129704
-0.419664  0.409081  0.129484
-0.419664  0.409086  0.12948
-0.419664  0.409118  0.129257
-0.419664  0.409117  0.129098
-0.419664  0.409116  0.129076
-0.419664  0.409149  0.128875
-0.419664  0.409149  0.128875
-0.419664  0.409175  0.128654
-0.419664  0.409198  0.128504
-0.419664  0.409197  0.128481
-0.419664  0.40923  0.128394
-0.419664  0.409255  0.128151
-0.419664  0.409278  0.128
-0.419664  0.409278  0.128
-0.419664  0.409309  0.127777
-0.419664  0.409314  0.127751
-0.419664  0.40934  0.127553
-0.419664  0.409345  0.127527
-0.419664  0.409358  0.127315
-0.419664  0.40938  0.127142
-0.419664  0.40938  0.127142
-0.419664  0.409416  0.126915
-0.419664  0.409416  0.126915
-0.419664  0.409434  0.126677
-0.419664  0.409451  0.126529
-0.419664  0.409455  0.126504
-0.419664  0.409487  0.126303
-0.419664  0.409486  0.12628
-0.419664  0.409518  0.126079
-0.419664  0.409534  0.125931
-0.419664  0.40954  0.125928
-0.419664  0.409584  0.125742
-0.419664  0.409584  0.125742
-0.419664  0.409611  0.125566
-0.419664  0.409615  0.125427
-0.419664  0.409614  0.125404
-0.419664  0.40964  0.125206
-0.419664  0.409645  0.125203
-0.419664  0.409652  0.124993
-0.419664  0.409652  0.124993
-0.419664  0.409678  0.124817
-0.419664  0.409677  0.124794
-0.419664  0.409704  0.124619
-0.419664  0.409721  0.124494
-0.419664  0.40972  0.124471
-0.419664  0.40975  0.124247
-0.419664  0.409754  0.124222
-0.419664  0.409775  0.124049
-0.419664  0.409779  0.124023
-0.419664  0.409781  0.123839
-0.419664  0.409792  0.123694
-0.419664  0.409797  0.123692
-0.419664  0.409817  0.123496
-0.419664  0.409816  0.123473
-0.419664  0.409835  0.123278
-0.419664  0.409839  0.123252
-0.419664  0.409859  0.123056
-0.419664  0.409849  0.122878
-0.419664  0.409854  0.122852
-0.419664  0.40989  0.122623
-0.419664  0.40989  0.122623
-0.419664  0.409908  0.122404
-0.419664  0.409907  0.122382
-0.419664  0.409926  0.122186
-0.419664  0.409936  0.122041
-0.419664  0.409941  0.122015
-0.419664  0.409953  0.1218
-0.419664  0.409959  0.121797
-0.419664  0.409978  0.121601
-0.419664  0.409978  0.121601
-0.419664  0.409996  0.121405
-0.419664  0.410013  0.12128
-0.419664  0.410013  0.12128
-0.419664  0.410031  0.121084
-0.419664  0.410031  0.121084
-0.419664  0.410051  0.120911
-0.419664  0.410062  0.120789
-0.419664  0.410061  0.120766
-0.419664  0.410099  0.120604
-0.419664  0.410099  0.120604
-0.419664  0.410118  0.120408
-0.419664  0.410128  0.120286
-0.419664  0.410133  0.12026
-0.419664  0.410147  0.12009
-0.419664  0.410147  0.12009
-0.419664  0.410162  0.119942
-0.419664  0.410172  0.11982
-0.419664  0.410171  0.119797
-0.419664  0.410166  0.119615
-0.419664  0.410166  0.119615
-0.419664  0.410175  0.119448
-0.419664  0.410179  0.119305
-0.419664  0.410179  0.119305
-0.419664  0.410186  0.119115
-0.419664  0.410185  0.119092
-0.419664  0.41021  0.11889
-0.419664  0.410214  0.118747
-0.419664  0.410213  0.118725
-0.419664  0.410215  0.118537
-0.419664  0.410215  0.118537
-0.419664  0.410217  0.118371
-0.419664  0.410222  0.118252
-0.419664  0.410221  0.118229
-0.419664  0.410228  0.118038
-0.419664  0.410228  0.118038
-0.419664  0.41023  0.11785
-0.419664  0.410235  0.11773
-0.419664  0.410235  0.11773
-0.419664  0.410238  0.117588
-0.419664  0.410237  0.117565
-0.419664  0.410241  0.117422
-0.419664  0.41024  0.117399
-0.419664  0.410249  0.117254
-0.419664  0.410249  0.117254
-0.419664  0.410252  0.117111
-0.419664  0.410258  0.117014
-0.419664  0.410258  0.117014
-0.419664  0.410262  0.116872
-0.419664  0.410273  0.116772
-0.419664  0.410273  0.116772
-0.419664  0.410281  0.116604
-0.419664  0.410281  0.116604
-0.419664  0.410307  0.116447
-0.419664  0.410307  0.116447
-0.419664  0.410316  0.116301
-0.419664  0.410322  0.116204
-0.419664  0.410327  0.116201
-0.419664  0.410336  0.116056
-0.419664  0.410336  0.116056
-0.419664  0.410363  0.115922
-0.419664  0.410368  0.115802
-0.419664  0.410366  0.115779
-0.419664  0.410374  0.11561
-0.419664  0.410403  0.115522
-0.419664  0.410402  0.115499
-0.419664  0.410415  0.115328
-0.419664  0.410415  0.115328
-0.419664  0.410447  0.115191
-0.419664  0.410446  0.115168
-0.419664  0.41046  0.115019
-0.419664  0.410469  0.114897
-0.419664  0.410469  0.114897
-0.419664  0.410506  0.114734
-0.419664  0.410516  0.114634
-0.419664  0.410515  0.114611
-0.419664  0.410529  0.114463
-0.419664  0.410527  0.11444
-0.419664  0.41056  0.114303
-0.419664  0.41056  0.114303
-0.419664  0.410573  0.114154
-0.419664  0.410584  0.114054
-0.419664  0.410584  0.114054
-0.419664  0.410597  0.113906
-0.419664  0.410597  0.113906
-0.419664  0.41061  0.113757
-0.419664  0.410621  0.113657
-0.419664  0.410619  0.113634
-0.419664  0.410634  0.113509
-0.419664  0.410633  0.113486
-0.419664  0.410647  0.11336
-0.419664  0.410654  0.113286
-0.419664  0.410652  0.113263
-0.419664  0.410667  0.113137
-0.419664  0.410667  0.113137
-0.419664  0.410681  0.113012
-0.419664  0.410681  0.113012
-0.419664  0.410694  0.112863
-0.419664  0.410694  0.112863
-0.419664  0.410703  0.11274
-0.419664  0.410714  0.11264
-0.419664  0.410694  0.112606
-0.419664  0.410708  0.11248
-0.419664  0.410708  0.11248
-0.419664  0.410735  0.112369
-0.419664  0.410739  0.112343
-0.419664  0.41075  0.112243
-0.419664  0.410755  0.112146
-0.419664  0.41076  0.112143
-0.419664  0.410769  0.11202
-0.419664  0.410774  0.111923
-0.419664  0.410774  0.111923
-0.419664  0.410781  0.111777
-0.419664  0.410786  0.111774
-0.419664  0.410794  0.111628
-0.419664  0.410799  0.11153
-0.419664  0.410799  0.11153
-0.419664  0.4108  0.111459
-0.419664  0.410807  0.111313
-0.419664  0.410835  0.111201
-0.419664  0.410833  0.111178
-0.419664  0.410835  0.111034
-0.419664  0.410839  0.111009
-0.419664  0.410848  0.110885
-0.419664  0.410847  0.110862
-0.419664  0.410855  0.110739
-0.419664  0.41086  0.110642
-0.419664  0.41086  0.110642
-0.419664  0.410886  0.110507
-0.419664  0.410886  0.110507
-0.419664  0.410893  0.110361
-0.419664  0.410898  0.110263
-0.419664  0.410898  0.110263
-0.419664  0.41091  0.110114
-0.419664  0.410908  0.110091
-0.419664  0.410917  0.109968
-0.419664  0.410917  0.109968
-0.419664  0.410925  0.109845
-0.419664  0.41093  0.109747
-0.419664  0.410934  0.109722
-0.419664  0.410942  0.109598
-0.419664  0.410946  0.109501
-0.419664  0.410946  0.109501
-0.419664  0.410955  0.109377
-0.419664  0.410955  0.109377
-0.419664  0.410968  0.109252
-0.419664  0.410974  0.109177
-0.419664  0.410974  0.109177
-0.419664  0.410987  0.109051
-0.419664  0.410986  0.109028
-0.419664  0.410975  0.108894
-0.419664  0.410998  0.108879
-0.419664  0.411006  0.108756
-0.419664  0.411004  0.108733
-0.419664  0.411016  0.108584
-0.419664  0.411016  0.108584
-0.419664  0.411029  0.108458
-0.419664  0.41104  0.108381
-0.419664  0.41104  0.108381
-0.419664  0.411055  0.108278
-0.419664  0.411055  0.108278
-0.419664  0.411068  0.108152
-0.419664  0.411079  0.108075
-0.419664  0.411079  0.108075
-0.419664  0.411092  0.107949
-0.419664  0.411077  0.107912
-0.419664  0.411095  0.107784
-0.419664  0.411094  0.107761
-0.419664  0.411112  0.107632
-0.419664  0.411126  0.10753
-0.419664  0.411126  0.10753
-0.419664  0.411163  0.107412
-0.419664  0.411161  0.107389
-0.419664  0.411166  0.107247
-0.419664  0.411164  0.107224
-0.419664  0.411187  0.107093
-0.419664  0.411186  0.10707
-0.419664  0.411209  0.106939
-0.419664  0.411209  0.106939
-0.419664  0.411231  0.106808
-0.419664  0.411246  0.106705
-0.419664  0.411246  0.106705
-0.419664  0.411268  0.106575
-0.419664  0.411268  0.106575
-0.419664  0.411286  0.106446
-0.419664  0.411302  0.106367
-0.419664  0.4113  0.106343
-0.419664  0.411323  0.106213
-0.419664  0.411304  0.106201
-0.419664  0.411325  0.106047
-0.419664  0.411346  0.105965
-0.419664  0.411346  0.105965
-0.419664  0.411374  0.105832
-0.419664  0.411374  0.105832
-0.419664  0.411396  0.105701
-0.419664  0.411417  0.105619
-0.419664  0.411417  0.105619
-0.419664  0.411442  0.105463
-0.419664  0.411447  0.105461
-0.419664  0.411471  0.105353
-0.419664  0.41147  0.10533
-0.419664  0.411494  0.105222
-0.419664  0.411514  0.10514
-0.419664  0.411512  0.105117
-0.419664  0.411536  0.10501
-0.419664  0.41154  0.104984
-0.419664  0.411568  0.104874
-0.419664  0.411587  0.104769
-0.419664  0.411592  0.104767
-0.419664  0.411619  0.104634
-0.419664  0.411617  0.10461
-0.419664  0.411639  0.10448
-0.419664  0.411626  0.104466
-0.419664  0.411653  0.104333
-0.419664  0.411658  0.104331
-0.419664  0.411686  0.104221
-0.419664  0.411711  0.104137
-0.419664  0.411711  0.104137
-0.419664  0.411745  0.104025
-0.419664  0.411748  0.103999
-0.419664  0.411781  0.103887
-0.419664  0.411782  0.103794
-0.419664  0.411782  0.103794
-0.419664  0.411814  0.103659
-0.419664  0.411819  0.103656
-0.419664  0.411847  0.103547
-0.419664  0.41187  0.10344
-0.419664  0.41187  0.10344
-0.419664  0.411903  0.103328
-0.419664  0.411902  0.103304
-0.419664  0.411916  0.103181
-0.419664  0.411921  0.103179
-0.419664  0.411947  0.103046
-0.419664  0.411967  0.102965
-0.419664  0.411953  0.102951
-0.419664  0.411986  0.102839
-0.419664  0.411991  0.102837
-0.419664  0.412  0.102716
-0.419664  0.412019  0.102635
-0.419664  0.412022  0.102609
-0.419664  0.412032  0.102489
-0.419664  0.412032  0.102489
-0.419664  0.412059  0.102379
-0.419664  0.41206  0.102287
-0.419664  0.41206  0.102287
-0.419664  0.412074  0.102164
-0.419664  0.412074  0.102164
-0.419664  0.412101  0.102055
-0.419664  0.412106  0.102052
-0.419664  0.412113  0.101909
-0.419664  0.412116  0.10184
-0.419664  0.412114  0.101816
-0.419664  0.412146  0.101705
-0.419664  0.412147  0.101612
-0.419664  0.412152  0.10161
-0.419664  0.412165  0.101487
-0.419664  0.412165  0.101487
-0.419664  0.412178  0.101365
-0.419664  0.412177  0.101342
-0.419664  0.412204  0.101232
-0.419664  0.412209  0.101138
-0.419664  0.412209  0.101138
-0.419664  0.412239  0.101003
-0.419664  0.412239  0.101003
-0.419664  0.412251  0.100858
-0.419664  0.412251  0.100858
-0.419664  0.412262  0.100804
-0.419664  0.41227  0.100684
-0.419664  0.412284  0.100605
-0.419664  0.412289  0.100603
-0.419664  0.412315  0.100494
-0.419664  0.412314  0.100471
-0.419664  0.41234  0.100362
-0.419664  0.412343  0.100336
-0.419664  0.412365  0.10023
-0.419664  0.412368  0.100204
-0.419664  0.412393  0.100072
-0.419664  0.412407  0.0999933
-0.419664  0.41241  0.0999677
-0.419664  0.412432  0.0998612
-0.419664  0.412432  0.0998612
-0.419664  0.412453  0.0997546
-0.419664  0.412467  0.0996759
-0.419664  0.412472  0.0996736
-0.419664  0.412475  0.099556
-0.419664  0.412473  0.0995327
-0.419664  0.412495  0.0994262
-0.419664  0.412508  0.0993474
-0.419664  0.412508  0.0993474
-0.419664  0.41253  0.0992409
-0.419664  0.41253  0.0992409
-0.419664  0.412531  0.0991
-0.419664  0.412545  0.0990213
-0.419664  0.412549  0.0990191
-0.419664  0.412569  0.0988894
-0.419664  0.412569  0.0988894
-0.419664  0.412576  0.0987696
-0.419664  0.412588  0.0986676
-0.419664  0.412593  0.0986654
-0.419664  0.4126  0.0985457
-0.419664  0.4126  0.0985457
-0.419664  0.412612  0.0984239
-0.419664  0.41263  0.0983431
-0.419664  0.412635  0.0983409
-0.419664  0.412642  0.0982213
-0.419664  0.412647  0.0982192
-0.419664  0.412661  0.0981208
-0.419664  0.41266  0.0980289
-0.419664  0.412665  0.0980267
-0.419664  0.412679  0.0979284
-0.419664  0.412683  0.0979263
-0.419664  0.412677  0.0977935
-0.419664  0.412683  0.0977229
-0.419664  0.412687  0.0977208
-0.419664  0.41271  0.0976183
-0.419664  0.412715  0.0976162
-0.419664  0.412724  0.0975006
-0.419664  0.412724  0.0975006
-0.419664  0.412734  0.0974084
-0.419664  0.412739  0.0974063
-0.419664  0.412743  0.0972929
-0.419664  0.412763  0.0972162
-0.419664  0.412768  0.0972141
-0.419664  0.412783  0.09712
-0.419664  0.412787  0.0971179
-0.419664  0.412814  0.0970138
-0.419664  0.412819  0.0970117
-0.419664  0.412834  0.0969178
-0.419664  0.412853  0.0968413
-0.419664  0.412858  0.0968393
-0.419664  0.412879  0.0968055
-0.419664  0.412898  0.0967098
-0.419664  0.412917  0.0966335
-0.419664  0.412922  0.0966314
-0.419664  0.412943  0.0965591
-0.419664  0.412962  0.096483
-0.419664  0.412966  0.0964809
-0.419664  0.412985  0.0963855
-0.419664  0.412971  0.0963724
-0.419664  0.412996  0.0962984
-0.419664  0.413015  0.0962225
-0.419664  0.41302  0.0962204
-0.419664  0.413017  0.0961397
-0.419664  0.413022  0.0961376
-0.419664  0.41304  0.0960427
-0.419664  0.413045  0.0959539
-0.419664  0.413031  0.0959408
-0.419664  0.413053  0.0958441
-0.419664  0.41304  0.0958311
-0.419664  0.413046  0.0957467
-0.419664  0.41305  0.0957447
-0.419664  0.41305  0.0956392
-0.419664  0.413056  0.0955741
-0.419664  0.413042  0.0955611
-0.419664  0.413043  0.0954791
-0.419664  0.413047  0.0954771
-0.419664  0.41303  0.0953843
-0.419664  0.413028  0.095361
-0.419664  0.41302  0.0952832
-0.419664  0.413005  0.0952326
-0.419664  0.41301  0.0952307
-0.419664  0.412992  0.0951381
-0.419664  0.412997  0.0951362
-0.419664  0.412975  0.0950457
-0.419664  0.412959  0.0950096
-0.419664  0.412939  0.0949425
-0.419664  0.41294  0.09488
-0.419664  0.412944  0.0948781
-0.419664  0.412926  0.094786
-0.419664  0.412931  0.0947841
-0.419664  0.412937  0.0947244
-0.419664  0.412924  0.0946493
-0.419664  0.412929  0.0946474
-0.419664  0.412935  0.0945879
-0.419664  0.412939  0.094586
-0.419664  0.412944  0.0945034
-0.419664  0.412942  0.0944665
-0.419664  0.412947  0.0944646
-0.419664  0.412946  0.0943841
-0.419664  0.412946  0.0943841
-0.419664  0.412944  0.0943289
-0.419664  0.412963  0.0942778
-0.419664  0.412967  0.094276
-0.419664  0.412971  0.0941939
-0.419664  0.412971  0.0941939
-0.419664  0.412986  0.0941498
-0.419664  0.412982  0.0940899
-0.419664  0.412987  0.0940881
-0.419664  0.412986  0.0940082
-0.419664  0.41299  0.0940063
-0.419664  0.413005  0.0939624
-0.419664  0.413005  0.093901
-0.419664  0.41301  0.0938991
-0.419664  0.413009  0.0938195
-0.419664  0.413013  0.0938177
-0.419664  0.413016  0.0937364
-0.419664  0.413018  0.0936983
-0.419664  0.413022  0.0936965
-0.419664  0.413021  0.0936172
-0.419664  0.413025  0.0936154
-0.419664  0.41302  0.093538
-0.419664  0.413019  0.0934769
-0.419664  0.413024  0.0934751
-0.419664  0.413014  0.0933997
-0.419664  0.413018  0.0933979
-0.419664  0.413022  0.0933404
-0.419664  0.413027  0.0933386
-0.419664  0.413039  0.0932724
-0.419664  0.413038  0.0932117
-0.419664  0.413038  0.0932117
-0.419664  0.413038  0.0931562
-0.419664  0.413043  0.0931545
-0.419664  0.413061  0.0931099
-0.419664  0.41307  0.0930689
-0.419664  0.413074  0.0930672
-0.419664  0.41309  0.0929996
-0.419664  0.41311  0.0929731
-0.419664  0.413114  0.0929713
-0.419664  0.413118  0.0929146
-0.419664  0.413122  0.0929128
-0.419664  0.413139  0.0928687
-0.419664  0.413139  0.0928687
-0.419664  0.413153  0.0928264
-0.419664  0.413149  0.0927911
-0.419664  0.413153  0.0927893
-0.419664  0.413162  0.0927489
-0.419664  0.413148  0.0927364
-0.419664  0.413166  0.0926926
-0.419664  0.413162  0.0926575
-0.419664  0.413162  0.0926575
-0.419664  0.413171  0.0926172
-0.419664  0.413175  0.0926155
-0.419664  0.413178  0.0925539
-0.419664  0.413174  0.0925189
-0.419664  0.413178  0.0925172
-0.419664  0.413187  0.0924771
-0.419664  0.413191  0.0924755
-0.419664  0.413198  0.0924124
-0.419664  0.413212  0.0923882
-0.419664  0.413216  0.0923865
-0.419664  0.413225  0.0923466
-0.419664  0.413229  0.0923449
-0.419664  0.413235  0.0922821
-0.419664  0.413248  0.0922349
-0.419664  0.413248  0.0922349
-0.419664  0.41325  0.0921738
-0.419664  0.413254  0.0921721
-0.419664  0.413254  0.0921359
-0.419664  0.413258  0.0920922
-0.419664  0.413262  0.0920905
-0.419664  0.413256  0.0920329
-0.419664  0.413258  0.0920081
-0.419664  0.413271  0.0919612
-0.419664  0.413275  0.0919176
-0.419664  0.413279  0.091916
-0.419664  0.413291  0.0918691
-0.419664  0.413291  0.0918691
-0.419664  0.413299  0.0918239
-0.419664  0.413299  0.091782
-0.419664  0.413303  0.0917804
-0.419664  0.413307  0.0917369
-0.419664  0.413307  0.0917369
-0.419664  0.413309  0.0916703
-0.419664  0.413327  0.0916391
-0.419664  0.413327  0.0916391
-0.419664  0.413329  0.0915726
-0.419664  0.413329  0.0915726
-0.419664  0.413333  0.0915292
-0.419664  0.413345  0.0914766
-0.419664  0.413327  0.0914659
-0.419664  0.413343  0.0914117
-0.419664  0.413343  0.0914117
-0.419664  0.413345  0.0913453
-0.419664  0.413345  0.0913453
-0.419664  0.413341  0.0912574
-0.419664  0.413349  0.0912065
-0.419664  0.413349  0.0912065
-0.419664  0.413345  0.0911186
-0.419664  0.413345  0.0911186
-0.419664  0.413353  0.0910199
-0.419664  0.413343  0.0909584
-0.419664  0.413343  0.0909584
-0.419664  0.413351  0.0908597
-0.419664  0.413351  0.0908597
-0.419664  0.413354  0.0907395
-0.419664  0.41336  0.0906655
-0.419664  0.41336  0.0906655
-0.419664  0.413362  0.0905453
-0.419664  0.413344  0.0904392
-0.419664  0.413348  0.0904376
-0.419664  0.413346  0.090319
-0.419664  0.41335  0.0903175
-0.419664  0.41335  0.0901742
-0.419664  0.41335  0.0901742
-0.419664  0.413371  0.0900645
-0.419664  0.413373  0.0899921
-0.419664  0.413371  0.089969
-0.419664  0.413373  0.0898487
-0.419664  0.413373  0.0898487
-0.419664  0.413379  0.0897269
-0.419664  0.413379  0.0897269
-0.419664  0.413381  0.0896067
-0.419664  0.413383  0.0895342
-0.419664  0.413381  0.0895111
-0.419664  0.413368  0.0893786
-0.419664  0.413368  0.0893786
-0.419664  0.41337  0.0892584
-0.419664  0.413374  0.0891612
-0.419664  0.413374  0.0891612
-0.419664  0.41338  0.0890393
-0.419664  0.413384  0.0890378
-0.419664  0.413389  0.0889159
-0.419664  0.413395  0.0888419
-0.419664  0.413395  0.0888419
-0.419664  0.413405  0.0887185
-0.419664  0.413409  0.088717
-0.419664  0.413418  0.0885936
-0.419664  0.413432  0.0885165
-0.419664  0.413432  0.0885165
-0.419664  0.413427  0.088381
-0.419664  0.413431  0.0883794
-0.419664  0.413446  0.0882777
-0.419664  0.413456  0.0882021
-0.419664  0.41346  0.0882006
-0.419664  0.413455  0.0880652
-0.419664  0.413459  0.0880637
-0.419664  0.413474  0.087962
-0.419664  0.413478  0.0879604
-0.419664  0.413477  0.0878235
-0.419664  0.413494  0.087745
-0.419664  0.413494  0.087745
-0.419664  0.413498  0.0876298
-0.419664  0.413502  0.0876283
-0.419664  0.413513  0.0875348
-0.419664  0.413513  0.0875348
-0.419664  0.413509  0.0874293
-0.419664  0.41351  0.0873635
-0.419664  0.413514  0.087362
-0.419664  0.413528  0.0872672
-0.419664  0.41351  0.0872566
-0.419664  0.413531  0.0871835
-0.419664  0.413517  0.0871058
-0.419664  0.413519  0.0870812
-0.419664  0.413511  0.0869775
-0.419664  0.413515  0.086976
-0.419664  0.413505  0.0868492
-0.419664  0.41351  0.0867821
-0.419664  0.413512  0.0867575
-0.419664  0.413502  0.0866308
-0.419664  0.413488  0.0866188
-0.419664  0.413478  0.0864922
-0.419664  0.413484  0.0864007
-0.419664  0.413488  0.0863992
-0.419664  0.413459  0.0862622
-0.419664  0.413463  0.0862607
-0.419664  0.413455  0.0861574
-0.419664  0.413457  0.0860675
-0.419664  0.413439  0.086057
-0.419664  0.413435  0.0859523
-0.419664  0.413439  0.0859509
-0.419664  0.413436  0.0858695
-0.419664  0.413425  0.0858155
-0.419664  0.413423  0.0857923
-0.419664  0.413426  0.0857328
-0.419664  0.41343  0.0857314
-0.419664  0.413415  0.0856614
-0.419664  0.413421  0.085618
-0.419664  0.413425  0.0856166
-0.419664  0.41341  0.0855468
-0.419664  0.413414  0.0855454
-0.419664  0.413401  0.0854988
-0.419664  0.413392  0.0854682
-0.419664  0.413395  0.0854668
-0.419664  0.413382  0.0854203
-0.419664  0.413382  0.0854203
-0.419664  0.413372  0.085397
-0.419664  0.413362  0.0853666
-0.419664  0.413365  0.0853652
-0.419664  0.413356  0.0853176
-0.419664  0.41336  0.0853162
-0.419664  0.413367  0.0853035
-0.419664  0.413361  0.0852718
-0.419664  0.413364  0.0852705
-0.419664  0.413371  0.0852579
-0.419664  0.413375  0.0852565
-0.419664  0.413367  0.0852322
-0.419664  0.413382  0.0852097
-0.419664  0.413386  0.0852084
-0.419664  0.413386  0.0851816
-0.419664  0.413389  0.0851802
-0.419664  0.413389  0.0851535
-0.419664  0.413413  0.0851516
-0.419664  0.413399  0.0851399
-0.419664  0.41342  0.0851224
-0.419664  0.413406  0.0851107
-0.419664  0.413409  0.0850829
-0.419664  0.413415  0.0850708
-0.419664  0.413418  0.0850695
-0.419664  0.413425  0.0850406
-0.419664  0.413414  0.0850277
-0.419664  0.413444  0.085031
-0.419664  0.413432  0.0850088
-0.419664  0.413439  0.0850062
-0.419664  0.413468  0.0850098
-0.419664  0.413472  0.0850085
-0.419664  0.413485  0.0849775
-0.419664  0.413519  0.0849724
-0.419664  0.413522  0.0849711
-0.419664  0.413563  0.0849469
-0.419664  0.413567  0.0849456
-0.419664  0.413597  0.0849253
-0.419664  0.413582  0.0849138
-0.419664  0.41363  0.0849039
-0.419664  0.413642  0.0848901
-0.419664  0.413646  0.0848889
-0.419664  0.413661  0.0848575
-0.419664  0.413664  0.0848562
-0.419664  0.413674  0.0848504
-0.419664  0.413683  0.0848381
