-0.419664  -0.0468176  0.150604
-0.419664  -0.0468176  0.150604
-0.419664  -0.0463139  0.150305
-0.419664  -0.0457468  0.14998
-0.419664  -0.0456774  0.149959
-0.419664  -0.04511  0.150352
-0.419664  -0.0450753  0.150369
-0.419664  -0.044084  0.150362
-0.419664  -0.043293  0.150202
-0.419664  -0.0432407  0.150227
-0.419664  -0.0427017  0.150814
-0.419664  -0.0426736  0.150883
-0.419664  -0.0419229  0.151134
-0.419664  -0.0414503  0.151357
-0.419664  -0.0414321  0.15142
-0.419664  -0.0412212  0.152381
-0.419664  -0.0411994  0.152418
-0.419664  -0.0405923  0.152593
-0.419664  -0.040179  0.152815
-0.419664  -0.04015  0.152883
-0.419664  -0.0397702  0.153683
-0.419664  -0.0397168  0.153709
-0.419664  -0.0387279  0.153834
-0.419664  -0.0382242  0.154236
-0.419664  -0.0381946  0.154304
-0.419664  -0.0375951  0.155071
-0.419664  -0.0375204  0.155081
-0.419664  -0.0366257  0.155373
-0.419664  -0.0361752  0.155933
-0.419664  -0.036161  0.156046
-0.419664  -0.0355464  0.156812
-0.419664  -0.0354741  0.156847
-0.419664  -0.0346771  0.157382
-0.419664  -0.0343423  0.158093
-0.419664  -0.0343006  0.158138
-0.419664  -0.033603  0.158705
-0.419664  -0.0335273  0.158715
-0.419664  -0.032909  0.159456
-0.419664  -0.032605  0.160203
-0.419664  -0.0325735  0.160271
-0.419664  -0.0318597  0.160822
-0.419664  -0.0317862  0.160857
-0.419664  -0.03125  0.161661
-0.419664  -0.0309055  0.162191
-0.419664  -0.0308735  0.162259
-0.419664  -0.030317  0.16281
-0.419664  -0.0302747  0.162884
-0.419664  -0.0299912  0.163875
-0.419664  -0.0297555  0.164481
-0.419664  -0.0297416  0.164539
-0.419664  -0.0293643  0.165211
-0.419664  -0.0293401  0.165275
-0.419664  -0.0291506  0.166219
-0.419664  -0.0288674  0.166693
-0.419664  -0.0288532  0.166751
-0.419664  -0.0285543  0.167515
-0.419664  -0.0285609  0.167589
-0.419664  -0.028342  0.168391
-0.419664  -0.0281082  0.168787
-0.419664  -0.0280835  0.168851
-0.419664  -0.0279752  0.1697
-0.419664  -0.0279713  0.16978
-0.419664  -0.0277805  0.170489
-0.419664  -0.0276493  0.170963
-0.419664  -0.0276534  0.171012
-0.419664  -0.0276196  0.171848
-0.419664  -0.0276134  0.171903
-0.419664  -0.0274619  0.172512
-0.419664  -0.027402  0.173026
-0.419664  -0.0273978  0.173105
-0.419664  -0.0272927  0.173819
-0.419664  -0.0272966  0.173867
-0.419664  -0.0270869  0.174401
-0.419664  -0.0270509  0.17485
-0.419664  -0.0270235  0.174889
-0.419664  -0.0268885  0.17536
-0.419664  -0.0268611  0.175399
-0.419664  -0.0267778  0.175895
-0.419664  -0.0267597  0.176334
-0.419664  -0.0267425  0.176367
-0.419664  -0.0266165  0.176831
-0.419664  -0.0266201  0.176879
-0.419664  -0.0265932  0.177472
-0.419664  -0.0265112  0.177863
-0.419664  -0.026492  0.177871
-0.419664  -0.0263611  0.178285
-0.419664  -0.0263437  0.178318
-0.419664  -0.0262682  0.178805
-0.419664  -0.0261483  0.179086
-0.419664  -0.0261188  0.179101
-0.419664  -0.0260074  0.179502
-0.419664  -0.0259882  0.17951
-0.419664  -0.0258362  0.179904
-0.419664  -0.0256912  0.18012
-0.419664  -0.025672  0.180129
-0.419664  -0.025575  0.180595
-0.419664  -0.0255766  0.180619
-0.419664  -0.0253886  0.180926
-0.419664  -0.0252862  0.18117
-0.419664  -0.0252685  0.181202
-0.419664  -0.0251202  0.181516
-0.419664  -0.0251026  0.181549
-0.419664  -0.024875  0.181873
-0.419664  -0.0247632  0.182146
-0.419664  -0.0247664  0.182194
-0.419664  -0.0245624  0.18258
-0.419664  -0.024543  0.182589
-0.419664  -0.0243642  0.183063
-0.419664  -0.0243448  0.183071
-0.419664  -0.0241638  0.183521
-0.419664  -0.0239686  0.183755
-0.419664  -0.0239492  0.183763
-0.419664  -0.0237823  0.184132
-0.419664  -0.0237541  0.184171
-0.419664  -0.0235419  0.184461
-0.419664  -0.0234058  0.184693
-0.419664  -0.0234073  0.184717
-0.419664  -0.0232184  0.18507
-0.419664  -0.0231989  0.185078
-0.419664  -0.0229951  0.185365
-0.419664  -0.0229966  0.185389
-0.419664  -0.0228373  0.185755
-0.419664  -0.0226677  0.185954
-0.419664  -0.0226482  0.185962
-0.419664  -0.0224571  0.186318
-0.419664  -0.0224585  0.186342
-0.419664  -0.0222657  0.186674
-0.419664  -0.0220942  0.186849
-0.419664  -0.0220956  0.186872
-0.419664  -0.021892  0.18721
-0.419664  -0.0218933  0.187234
-0.419664  -0.0216854  0.187501
-0.419664  -0.0215763  0.187721
-0.419664  -0.0215464  0.187736
-0.419664  -0.0213826  0.188081
-0.419664  -0.0213839  0.188104
-0.419664  -0.0212173  0.188401
-0.419664  -0.0212083  0.188431
-0.419664  -0.0210636  0.188767
-0.419664  -0.0209632  0.188985
-0.419664  -0.0209645  0.189008
-0.419664  -0.0208182  0.18932
-0.419664  -0.0208195  0.189344
-0.419664  -0.0206716  0.189632
-0.419664  -0.0205683  0.189802
-0.419664  -0.0205592  0.189832
-0.419664  -0.0204295  0.190088
-0.419664  -0.0204308  0.190112
-0.419664  -0.0203022  0.190391
-0.419664  -0.0202392  0.190568
-0.419664  -0.0202404  0.190592
-0.419664  -0.0201498  0.19083
-0.419664  -0.0200764  0.191014
-0.419664  -0.0200776  0.191037
-0.419664  -0.0199986  0.191321
-0.419664  -0.0199883  0.191327
-0.419664  -0.0199067  0.191564
-0.419664  -0.019854  0.191762
-0.419664  -0.019854  0.191762
-0.419664  -0.0197841  0.192044
-0.419664  -0.0197631  0.192028
-0.419664  -0.0196931  0.19231
-0.419664  -0.0196495  0.192506
-0.419664  -0.0196507  0.19253
-0.419664  -0.0195678  0.19277
-0.419664  -0.0195689  0.192794
-0.419664  -0.0195068  0.19305
-0.419664  -0.0194723  0.193216
-0.419664  -0.0194631  0.193246
-0.419664  -0.0193798  0.193486
-0.419664  -0.0193694  0.193493
-0.419664  -0.0193174  0.193742
-0.419664  -0.019307  0.193748
-0.419664  -0.0192538  0.193974
-0.419664  -0.0191991  0.194149
-0.419664  -0.0191887  0.194155
-0.419664  -0.0191365  0.194404
-0.419664  -0.0191376  0.194428
-0.419664  -0.0190631  0.194639
-0.419664  -0.0190178  0.194811
-0.419664  -0.0190178  0.194811
-0.419664  -0.0189338  0.195052
-0.419664  -0.0189338  0.195052
-0.419664  -0.0188487  0.195269
-0.419664  -0.0187926  0.195419
-0.419664  -0.0187832  0.195449
-0.419664  -0.0186979  0.195666
-0.419664  -0.0186979  0.195666
-0.419664  -0.0186125  0.195883
-0.419664  -0.0185468  0.196064
-0.419664  -0.0185363  0.19607
-0.419664  -0.0184507  0.196287
-0.419664  -0.0184414  0.196317
-0.419664  -0.0183347  0.196519
-0.419664  -0.0182887  0.196691
-0.419664  -0.0182572  0.196683
-0.419664  -0.0181619  0.19693
-0.419664  -0.0181524  0.196959
-0.419664  -0.0180664  0.197176
-0.419664  -0.0179887  0.19734
-0.419664  -0.0179677  0.197325
-0.419664  -0.017871  0.197548
-0.419664  -0.0178616  0.197578
-0.419664  -0.0177321  0.19777
-0.419664  -0.0176542  0.197934
-0.419664  -0.0176436  0.19794
-0.419664  -0.017536  0.19817
-0.419664  -0.0175255  0.198177
-0.419664  -0.0174072  0.198413
-0.419664  -0.0173184  0.198583
-0.419664  -0.0173184  0.198583
-0.419664  -0.0172008  0.198843
-0.419664  -0.0171913  0.198873
-0.419664  -0.0170715  0.199086
-0.419664  -0.0170725  0.199109
-0.419664  -0.016943  0.199353
-0.419664  -0.0169334  0.199382
-0.419664  -0.0168134  0.199596
-0.419664  -0.016745  0.199781
-0.419664  -0.0167354  0.199811
-0.419664  -0.0166161  0.200048
-0.419664  -0.0166054  0.200054
-0.419664  -0.0164859  0.200291
-0.419664  -0.0164163  0.200453
-0.419664  -0.0164066  0.200483
-0.419664  -0.0162762  0.200726
-0.419664  -0.0162665  0.200756
-0.419664  -0.0161676  0.201008
-0.419664  -0.016088  0.2012
-0.419664  -0.0160783  0.20123
-0.419664  -0.0159473  0.201473
-0.419664  -0.0159376  0.201503
-0.419664  -0.0158275  0.201762
-0.419664  -0.0157157  0.201946
-0.419664  -0.0157059  0.201975
-0.419664  -0.015574  0.202247
-0.419664  -0.0155633  0.202254
-0.419664  -0.0154316  0.202497
-0.419664  -0.0153512  0.20269
-0.419664  -0.0153404  0.202696
-0.419664  -0.0151869  0.202953
-0.419664  -0.015177  0.202983
-0.419664  -0.0150551  0.203249
-0.419664  -0.0149532  0.203426
-0.419664  -0.0149424  0.203433
-0.419664  -0.0148329  0.203738
-0.419664  -0.014822  0.203745
-0.419664  -0.0146903  0.204012
-0.419664  -0.0146091  0.204204
-0.419664  -0.0145992  0.204234
-0.419664  -0.0144562  0.204508
-0.419664  -0.0144454  0.204515
-0.419664  -0.0143249  0.204798
-0.419664  -0.0142452  0.205037
-0.419664  -0.0142452  0.205037
-0.419664  -0.0141026  0.205334
-0.419664  -0.0140926  0.205364
-0.419664  -0.0139196  0.205699
-0.419664  -0.0138184  0.205923
-0.419664  -0.0138084  0.205953
-0.419664  -0.0136359  0.206311
-0.419664  -0.0136258  0.206341
-0.419664  -0.0134437  0.2067
-0.419664  -0.0133117  0.206962
-0.419664  -0.0133017  0.206992
-0.419664  -0.0131511  0.20736
-0.419664  -0.0131199  0.207375
-0.419664  -0.0129251  0.207718
-0.419664  -0.0128036  0.207973
-0.419664  -0.0127943  0.208026
-0.419664  -0.0126228  0.208402
-0.419664  -0.0126126  0.208432
-0.419664  -0.0123984  0.208829
-0.419664  -0.0123882  0.208859
-0.419664  -0.0121856  0.209272
-0.419664  -0.012043  0.209535
-0.419664  -0.0120336  0.209588
-0.419664  -0.0118303  0.210002
-0.419664  -0.0118209  0.210054
-0.419664  -0.011618  0.210491
-0.419664  -0.0114558  0.210859
-0.419664  -0.0114455  0.210889
-0.419664  -0.0112309  0.211332
-0.419664  -0.0112205  0.211362
-0.419664  -0.0110063  0.211827
-0.419664  -0.0109748  0.211842
-0.419664  -0.0107924  0.212316
-0.419664  -0.010782  0.212346
-0.419664  -0.010545  0.212773
-0.419664  -0.0105354  0.212826
-0.419664  -0.0103303  0.213262
-0.419664  -0.010187  0.21357
-0.419664  -0.0101773  0.213622
-0.419664  -0.00999462  0.214067
-0.419664  -0.00998486  0.214119
-0.419664  -0.00977162  0.214624
-0.419664  -0.00977231  0.214647
-0.419664  -0.00954674  0.215135
-0.419664  -0.00940316  0.215466
-0.419664  -0.00938271  0.215474
-0.419664  -0.00919076  0.215964
-0.419664  -0.00917029  0.215972
-0.419664  -0.00894428  0.216408
-0.419664  -0.00878011  0.216769
-0.419664  -0.00874901  0.216807
-0.419664  -0.00852295  0.217265
-0.419664  -0.00835885  0.217649
-0.419664  -0.00836008  0.217694
-0.419664  -0.00811375  0.21828
-0.419664  -0.00811435  0.218302
-0.419664  -0.00788827  0.218806
-0.419664  -0.00785701  0.218843
-0.419664  -0.00763103  0.219369
-0.419664  -0.00744391  0.219714
-0.419664  -0.00742333  0.219722
-0.419664  -0.00717487  0.22021
-0.419664  -0.0071435  0.220247
-0.419664  -0.00687396  0.220743
-0.419664  -0.00687449  0.220765
-0.419664  -0.00659569  0.221284
-0.419664  -0.00640988  0.221644
-0.419664  -0.00639954  0.221696
-0.419664  -0.00615187  0.222199
-0.419664  -0.00613169  0.222229
-0.419664  -0.00585244  0.222792
-0.419664  -0.00585337  0.222837
-0.419664  -0.00557173  0.223309
-0.419664  -0.00535253  0.223683
-0.419664  -0.00532088  0.223721
-0.419664  -0.00522807  0.223945
-0.419664  -0.00497881  0.224468
-0.419664  -0.0048121  0.224842
-0.419664  -0.00479176  0.224872
-0.419664  -0.00451925  0.225431
-0.419664  -0.00448708  0.225446
-0.419664  -0.00421439  0.226028
-0.419664  -0.00421513  0.226072
-0.419664  -0.00394043  0.226564
-0.419664  -0.00391998  0.226594
-0.419664  -0.00366631  0.227122
-0.419664  -0.00346568  0.227509
-0.419664  -0.00343374  0.227546
-0.419664  -0.00319129  0.22811
-0.419664  -0.00318016  0.22814
-0.419664  -0.00293659  0.22866
-0.419664  -0.002777  0.229052
-0.419664  -0.00274495  0.229089
-0.419664  -0.00252175  0.229623
-0.419664  -0.00248966  0.22966
-0.419664  -0.00223333  0.230186
-0.419664  -0.00206314  0.230556
-0.419664  -0.00205214  0.230607
-0.419664  -0.00180698  0.231169
-0.419664  -0.00177477  0.231206
-0.419664  -0.00152887  0.231746
-0.419664  -0.00134624  0.232122
-0.419664  -0.00131396  0.232159
-0.419664  -0.00105571  0.232705
-0.419664  -0.00102339  0.232742
-0.419664  -0.000775982  0.233258
-0.419664  -0.000592263  0.233612
-0.419664  -0.000559878  0.233649
-0.419664  -0.000321337  0.234186
-0.419664  -0.000288911  0.234223
-0.419664  -2.88525e-05  0.234767
-0.419664  0.000145998  0.235164
-0.419664  0.000178494  0.235201
-0.419664  0.000441599  0.235729
-0.419664  0.000462668  0.235737
-0.419664  0.000726136  0.236287
-0.419664  0.000902015  0.236661
-0.419664  0.000901921  0.236683
-0.419664  0.00116628  0.237211
-0.419664  0.00118731  0.237241
-0.419664  0.00141925  0.237797
-0.419664  0.00162876  0.238185
-0.419664  0.00164028  0.238236
-0.419664  0.00189428  0.238755
-0.419664  0.00190584  0.238806
-0.419664  0.00218155  0.239268
-0.419664  0.00238035  0.239626
-0.419664  0.0023803  0.23967
-0.419664  0.00266836  0.24016
-0.419664  0.00270123  0.240175
-0.419664  0.00294515  0.240664
-0.419664  0.00312358  0.241036
-0.419664  0.0031236  0.241079
-0.419664  0.00337994  0.241618
-0.419664  0.00339169  0.241669
-0.419664  0.00366016  0.242172
-0.419664  0.00386064  0.242529
-0.419664  0.00387241  0.242558
-0.419664  0.00416287  0.243068
-0.419664  0.00417472  0.243119
-0.419664  0.00446551  0.243586
-0.419664  0.00467851  0.243928
-0.419664  0.00469987  0.243957
-0.419664  0.00498201  0.244467
-0.419664  0.00500339  0.244496
-0.419664  0.0052957  0.245047
-0.419664  0.00548857  0.245446
-0.419664  0.00551  0.245475
-0.419664  0.00581508  0.246056
-0.419664  0.00584822  0.246071
-0.419664  0.00615399  0.246672
-0.419664  0.00616608  0.246722
-0.419664  0.0064932  0.247245
-0.419664  0.00650534  0.247295
-0.419664  0.00681191  0.247853
-0.419664  0.0070491  0.248244
-0.419664  0.00704944  0.248287
-0.419664  0.0073781  0.24883
-0.419664  0.00739034  0.24888
-0.419664  0.00769733  0.24933
-0.419664  0.00789322  0.249769
-0.419664  0.00792655  0.249784
-0.419664  0.0082232  0.250311
-0.419664  0.00823554  0.250362
-0.419664  0.00854481  0.250917
-0.419664  0.00872954  0.251327
-0.419664  0.00876318  0.251363
-0.419664  0.00904966  0.251923
-0.419664  0.0090621  0.251973
-0.419664  0.00940565  0.2525
-0.419664  0.00962397  0.252861
-0.419664  0.00965771  0.252897
-0.419664  0.0099569  0.253422
-0.419664  0.00996944  0.253472
-0.419664  0.0102931  0.254012
-0.419664  0.0105006  0.254385
-0.419664  0.0105132  0.254435
-0.419664  0.0108047  0.255001
-0.419664  0.0108386  0.255037
-0.419664  0.0111518  0.255589
-0.419664  0.0113719  0.255948
-0.419664  0.0114055  0.255963
-0.419664  0.0117313  0.256502
-0.419664  0.011964  0.256868
-0.419664  0.011998  0.256904
-0.419664  0.0123338  0.25742
-0.419664  0.0123462  0.257449
-0.419664  0.0126707  0.257978
-0.419664  0.0127044  0.257993
-0.419664  0.0130203  0.258543
-0.419664  0.0132637  0.258908
-0.419664  0.0132978  0.258944
-0.419664  0.0136011  0.259423
-0.419664  0.0136353  0.259459
-0.419664  0.0139277  0.259971
-0.419664  0.014172  0.260335
-0.419664  0.014185  0.260385
-0.419664  0.0145024  0.260913
-0.419664  0.0145245  0.260941
-0.419664  0.014818  0.261452
-0.419664  0.0150419  0.261829
-0.419664  0.0150762  0.261865
-0.419664  0.0154156  0.262357
-0.419664  0.0154287  0.262406
-0.419664  0.0157667  0.262815
-0.419664  0.0160036  0.2632
-0.419664  0.016038  0.263236
-0.419664  0.0164125  0.263742
-0.419664  0.0164465  0.263757
-0.419664  0.0167545  0.264275
-0.419664  0.0167894  0.264331
-0.419664  0.0170888  0.264869
-0.419664  0.0173152  0.265265
-0.419664  0.0173498  0.265301
-0.419664  0.0176701  0.265784
-0.419664  0.0176835  0.265833
-0.419664  0.018025  0.266282
-0.419664  0.0182634  0.266644
-0.419664  0.0182763  0.266673
-0.419664  0.0186307  0.26713
-0.419664  0.0188568  0.267463
-0.419664  0.0188702  0.267512
-0.419664  0.0192254  0.267968
-0.419664  0.0192389  0.268017
-0.419664  0.0195614  0.268499
-0.419664  0.0195961  0.268534
-0.419664  0.0199438  0.269032
-0.419664  0.0201815  0.269312
-0.419664  0.0201951  0.269361
-0.419664  0.0205305  0.26983
-0.419664  0.0205441  0.269879
-0.419664  0.0208923  0.270355
-0.419664  0.0211325  0.270696
-0.419664  0.0211456  0.270724
-0.419664  0.0214845  0.271274
-0.419664  0.0214975  0.271302
-0.419664  0.0218232  0.271803
-0.419664  0.0220436  0.272176
-0.419664  0.0220573  0.272225
-0.419664  0.0223943  0.272672
-0.419664  0.0224293  0.272707
-0.419664  0.0227203  0.273151
-0.419664  0.0229746  0.273499
-0.419664  0.0229884  0.273548
-0.419664  0.0233264  0.273994
-0.419664  0.0233615  0.274029
-0.419664  0.0237137  0.274524
-0.419664  0.0239695  0.274892
-0.419664  0.0240046  0.274927
-0.419664  0.0243809  0.275469
-0.419664  0.0243948  0.275517
-0.419664  0.0247482  0.276012
-0.419664  0.0247622  0.27606
-0.419664  0.0251387  0.276581
-0.419664  0.0251527  0.276629
-0.419664  0.0255149  0.277081
-0.419664  0.0257588  0.277419
-0.419664  0.0257942  0.277454
-0.419664  0.0261704  0.277934
-0.419664  0.0264029  0.278284
-0.419664  0.0264383  0.278319
-0.419664  0.026804  0.27883
-0.419664  0.0268174  0.278858
-0.419664  0.0272041  0.279335
-0.419664  0.0274832  0.279668
-0.419664  0.027518  0.279683
-0.419664  0.0278968  0.280182
-0.419664  0.0279323  0.280217
-0.419664  0.028298  0.280687
-0.419664  0.0285652  0.28101
-0.419664  0.0286008  0.281045
-0.419664  0.0289679  0.281534
-0.419664  0.0290028  0.28155
-0.419664  0.0293719  0.282078
-0.419664  0.0296185  0.282414
-0.419664  0.0296542  0.282449
-0.419664  0.030008  0.28289
-0.419664  0.0300437  0.282925
-0.419664  0.030403  0.283415
-0.419664  0.030658  0.283709
-0.419664  0.0306937  0.283744
-0.419664  0.0310493  0.284203
-0.419664  0.031063  0.284231
-0.419664  0.0314538  0.284706
-0.419664  0.0317377  0.285075
-0.419664  0.0317514  0.285104
-0.419664  0.0321362  0.285638
-0.419664  0.032172  0.285673
-0.419664  0.0325189  0.286114
-0.419664  0.0325334  0.286162
-0.419664  0.0329036  0.286628
-0.419664  0.0331518  0.286943
-0.419664  0.0331877  0.286978
-0.419664  0.0335577  0.287424
-0.419664  0.0335723  0.287472
-0.419664  0.0339305  0.287929
-0.419664  0.0341894  0.288261
-0.419664  0.0342032  0.288289
-0.419664  0.0345971  0.288761
-0.419664  0.034611  0.288789
-0.419664  0.0349692  0.289226
-0.419664  0.0352409  0.289546
-0.419664  0.0352769  0.28958
-0.419664  0.0356357  0.290017
-0.419664  0.0356848  0.29006
-0.419664  0.0360569  0.290505
-0.419664  0.0363423  0.290833
-0.419664  0.0363784  0.290868
-0.419664  0.036752  0.291332
-0.419664  0.0367669  0.291379
-0.419664  0.0371196  0.291855
-0.419664  0.0373926  0.292174
-0.419664  0.0374075  0.292222
-0.419664  0.0377933  0.292655
-0.419664  0.0378295  0.292689
-0.419664  0.0382044  0.293152
-0.419664  0.0384559  0.293464
-0.419664  0.0384922  0.293499
-0.419664  0.0388808  0.29397
-0.419664  0.0389161  0.293985
-0.419664  0.0392929  0.294466
-0.419664  0.039561  0.294844
-0.419664  0.039576  0.294891
-0.419664  0.0399657  0.295361
-0.419664  0.0399807  0.295409
-0.419664  0.0403626  0.2959
-0.419664  0.0406518  0.296245
-0.419664  0.0406882  0.29628
-0.419664  0.0410779  0.29673
-0.419664  0.0411143  0.296764
-0.419664  0.041492  0.297224
-0.419664  0.0417597  0.297563
-0.419664  0.0417962  0.297597
-0.419664  0.0422119  0.29811
-0.419664  0.0422475  0.298125
-0.419664  0.0426484  0.298591
-0.419664  0.0426636  0.298637
-0.419664  0.0431108  0.29907
-0.419664  0.0433894  0.299424
-0.419664  0.0434249  0.299439
-0.419664  0.0438391  0.299893
-0.419664  0.0438747  0.299908
-0.419664  0.0442892  0.300363
-0.419664  0.0445808  0.300706
-0.419664  0.0445951  0.300734
-0.419664  0.0450256  0.301235
-0.419664  0.0450613  0.30125
-0.419664  0.0454778  0.301722
-0.419664  0.0457913  0.302052
-0.419664  0.045827  0.302067
-0.419664  0.046243  0.30252
-0.419664  0.0462797  0.302554
-0.419664  0.0467153  0.302957
-0.419664  0.0470161  0.303277
-0.419664  0.0470306  0.303305
-0.419664  0.0474802  0.303716
-0.419664  0.0474957  0.303762
-0.419664  0.0479005  0.304224
-0.419664  0.0482387  0.304578
-0.419664  0.0482755  0.304611
-0.419664  0.0484655  0.304811
-0.419664  0.0489349  0.305324
-0.419664  0.0489853  0.305367
-0.419664  0.0494889  0.305857
-0.419664  0.0495258  0.305891
-0.419664  0.0499793  0.306338
-0.419664  0.0503795  0.306687
-0.419664  0.0503941  0.306714
-0.419664  0.0508706  0.307167
-0.419664  0.0508863  0.307213
-0.419664  0.051342  0.307678
-0.419664  0.0513789  0.307712
-0.419664  0.0518137  0.308189
-0.419664  0.0521355  0.308529
-0.419664  0.0521725  0.308562
-0.419664  0.0526079  0.309039
-0.419664  0.0526237  0.309085
-0.419664  0.0530856  0.309562
-0.419664  0.0534443  0.309916
-0.419664  0.053459  0.309943
-0.419664  0.0539801  0.31044
-0.419664  0.053996  0.310486
-0.419664  0.0544962  0.310995
-0.419664  0.0548494  0.311389
-0.419664  0.0548865  0.311422
-0.419664  0.0553504  0.311898
-0.419664  0.0553802  0.311953
-0.419664  0.0558307  0.312419
-0.419664  0.0558817  0.312461
-0.419664  0.0563475  0.312954
-0.419664  0.0566934  0.31328
-0.419664  0.0567094  0.313325
-0.419664  0.0572121  0.313833
-0.419664  0.0572409  0.31387
-0.419664  0.0578091  0.314429
-0.419664  0.0578464  0.314462
-0.419664  0.0583478  0.314933
-0.419664  0.0587109  0.315303
-0.419664  0.0587622  0.315346
-0.419664  0.0592644  0.315816
-0.419664  0.0593018  0.315849
-0.419664  0.0597843  0.316349
-0.419664  0.0601321  0.316674
-0.419664  0.0601623  0.316729
-0.419664  0.0606539  0.317225
-0.419664  0.0606913  0.317258
-0.419664  0.0611561  0.317806
-0.419664  0.0615421  0.318163
-0.419664  0.0615724  0.318218
-0.419664  0.062166  0.318762
-0.419664  0.0622035  0.318795
-0.419664  0.062746  0.319296
-0.419664  0.0627623  0.319342
-0.419664  0.06327  0.319846
-0.419664  0.0636455  0.320228
-0.419664  0.0636759  0.320282
-0.419664  0.0642008  0.320778
-0.419664  0.0642384  0.320811
-0.419664  0.0647695  0.321319
-0.419664  0.0651516  0.321661
-0.419664  0.0651892  0.321693
-0.419664  0.065728  0.322179
-0.419664  0.0657656  0.322212
-0.419664  0.0663555  0.322722
-0.419664  0.0667677  0.3231
-0.419664  0.0668054  0.323132
-0.419664  0.0673852  0.323685
-0.419664  0.0677768  0.324074
-0.419664  0.0678288  0.324117
-0.419664  0.0683715  0.324636
-0.419664  0.0684235  0.324678
-0.419664  0.06895  0.325152
-0.419664  0.0690009  0.325177
-0.419664  0.0695786  0.325675
-0.419664  0.0699615  0.325996
-0.419664  0.0700136  0.326038
-0.419664  0.0705731  0.326583
-0.419664  0.0705898  0.326628
-0.419664  0.0711629  0.327164
-0.419664  0.0715918  0.327548
-0.419664  0.0716296  0.327581
-0.419664  0.0721902  0.328124
-0.419664  0.0726264  0.328486
-0.419664  0.0726642  0.328518
-0.419664  0.0732454  0.329031
-0.419664  0.0732832  0.329063
-0.419664  0.0738714  0.329553
-0.419664  0.0739093  0.329585
-0.419664  0.0744899  0.33008
-0.419664  0.0748511  0.330376
-0.419664  0.0749035  0.330418
-0.419664  0.0754491  0.330914
-0.419664  0.0758643  0.331269
-0.419664  0.0759168  0.331311
-0.419664  0.0764798  0.33185
-0.419664  0.0765323  0.331892
-0.419664  0.0771366  0.332389
-0.419664  0.0775338  0.33279
-0.419664  0.0775706  0.332805
-0.419664  0.0781456  0.333301
-0.419664  0.0781625  0.333345
-0.419664  0.0787297  0.333809
-0.419664  0.0791451  0.334145
-0.419664  0.0791977  0.334187
-0.419664  0.0797508  0.33464
-0.419664  0.0798023  0.334665
-0.419664  0.0803715  0.335145
-0.419664  0.0808108  0.335502
-0.419664  0.0808488  0.335534
-0.419664  0.0814518  0.335977
-0.419664  0.0815046  0.336018
-0.419664  0.0820523  0.336492
-0.419664  0.0824541  0.336817
-0.419664  0.0824922  0.336849
-0.419664  0.0830551  0.337331
-0.419664  0.083092  0.337346
-0.419664  0.0836404  0.337819
-0.419664  0.0840796  0.338157
-0.419664  0.0840968  0.338201
-0.419664  0.0846456  0.338673
-0.419664  0.0846826  0.338687
-0.419664  0.0852442  0.339135
-0.419664  0.0857099  0.339548
-0.419664  0.0857617  0.339572
-0.419664  0.0863621  0.340051
-0.419664  0.0863793  0.340094
-0.419664  0.0869738  0.340594
-0.419664  0.0870281  0.340652
-0.419664  0.0876141  0.34112
-0.419664  0.0880769  0.341461
-0.419664  0.0881151  0.341492
-0.419664  0.0886634  0.341928
-0.419664  0.0887154  0.341952
-0.419664  0.0892549  0.342355
-0.419664  0.0892931  0.342387
-0.419664  0.0898639  0.342826
-0.419664  0.089916  0.34285
-0.419664  0.0904672  0.343318
-0.419664  0.0908715  0.343638
-0.419664  0.0909248  0.343679
-0.419664  0.0915194  0.344138
-0.419664  0.0915518  0.344191
-0.419664  0.0921234  0.344629
-0.419664  0.092505  0.344927
-0.419664  0.0925583  0.344969
-0.419664  0.0931082  0.345401
-0.419664  0.0931465  0.345432
-0.419664  0.0937315  0.345846
-0.419664  0.0941355  0.346148
-0.419664  0.0941738  0.346179
-0.419664  0.094766  0.346586
-0.419664  0.0948194  0.346627
-0.419664  0.095427  0.347045
-0.419664  0.0958826  0.347354
-0.419664  0.0959361  0.347395
-0.419664  0.0965046  0.347765
-0.419664  0.096557  0.34779
-0.419664  0.0971606  0.348244
-0.419664  0.0976027  0.34856
-0.419664  0.097641  0.34859
-0.419664  0.0982365  0.349028
-0.419664  0.098276  0.349075
-0.419664  0.0988814  0.349544
-0.419664  0.0992605  0.349889
-0.419664  0.0992989  0.349919
-0.419664  0.0998662  0.350357
-0.419664  0.0999046  0.350388
-0.419664  0.100546  0.350838
-0.419664  0.100997  0.351168
-0.419664  0.101035  0.351198
-0.419664  0.101656  0.35166
-0.419664  0.102135  0.351971
-0.419664  0.102189  0.352012
-0.419664  0.102818  0.352483
-0.419664  0.102856  0.352513
-0.419664  0.10349  0.352961
-0.419664  0.103544  0.353002
-0.419664  0.104155  0.353429
-0.419664  0.104623  0.353777
-0.419664  0.104677  0.353817
-0.419664  0.105342  0.354284
-0.419664  0.105417  0.354313
-0.419664  0.106081  0.354764
-0.419664  0.106118  0.354778
-0.419664  0.106769  0.355234
-0.419664  0.106823  0.355274
-0.419664  0.107458  0.355719
-0.419664  0.107917  0.35604
-0.419664  0.107954  0.356054
-0.419664  0.108684  0.356499
-0.419664  0.108722  0.356529
-0.419664  0.109391  0.35694
-0.419664  0.109444  0.356965
-0.419664  0.110135  0.357379
-0.419664  0.110617  0.357702
-0.419664  0.110655  0.357732
-0.419664  0.111359  0.358209
-0.419664  0.111413  0.358249
-0.419664  0.112064  0.358685
-0.419664  0.112565  0.35898
-0.419664  0.112619  0.35902
-0.419664  0.113305  0.359439
-0.419664  0.113342  0.359453
-0.419664  0.114008  0.359898
-0.419664  0.114511  0.360208
-0.419664  0.114549  0.360237
-0.419664  0.115221  0.36066
-0.419664  0.115739  0.360979
-0.419664  0.115797  0.360981
-0.419664  0.116534  0.361392
-0.419664  0.116573  0.361421
-0.419664  0.117275  0.361848
-0.419664  0.117329  0.361888
-0.419664  0.118014  0.362288
-0.419664  0.118512  0.362602
-0.419664  0.118565  0.362627
-0.419664  0.119253  0.363057
-0.419664  0.119772  0.363374
-0.419664  0.119809  0.363389
-0.419664  0.120491  0.363825
-0.419664  0.120546  0.363864
-0.419664  0.121246  0.364258
-0.419664  0.121301  0.364298
-0.419664  0.122019  0.364717
-0.419664  0.122519  0.364977
-0.419664  0.122578  0.364995
-0.419664  0.1233  0.365376
-0.419664  0.123354  0.365416
-0.419664  0.124062  0.365816
-0.419664  0.124596  0.366127
-0.419664  0.124635  0.366156
-0.419664  0.125428  0.366602
-0.419664  0.125482  0.366626
-0.419664  0.12622  0.367017
-0.419664  0.126274  0.367056
-0.419664  0.127029  0.367457
-0.419664  0.127601  0.36778
-0.419664  0.127655  0.367805
-0.419664  0.128394  0.368209
-0.419664  0.128449  0.368248
-0.419664  0.129159  0.368595
-0.419664  0.129213  0.368634
-0.419664  0.129953  0.369037
-0.419664  0.130458  0.369273
-0.419664  0.130496  0.369302
-0.419664  0.131214  0.369687
-0.419664  0.131269  0.369726
-0.419664  0.132003  0.370121
-0.419664  0.132479  0.370397
-0.419664  0.132514  0.370448
-0.419664  0.133248  0.370828
-0.419664  0.133306  0.370845
-0.419664  0.134004  0.37124
-0.419664  0.134519  0.371544
-0.419664  0.134557  0.371557
-0.419664  0.135275  0.371941
-0.419664  0.135792  0.372193
-0.419664  0.135866  0.372206
-0.419664  0.136642  0.372576
-0.419664  0.136717  0.372604
-0.419664  0.137474  0.372934
-0.419664  0.137512  0.372962
-0.419664  0.13827  0.373307
-0.419664  0.138788  0.373558
-0.419664  0.138843  0.373597
-0.419664  0.139512  0.373947
-0.419664  0.13955  0.373975
-0.419664  0.140274  0.374349
-0.419664  0.140796  0.374606
-0.419664  0.140851  0.374645
-0.419664  0.141569  0.375011
-0.419664  0.141623  0.375035
-0.419664  0.142382  0.375378
-0.419664  0.142915  0.375625
-0.419664  0.142969  0.375649
-0.419664  0.143785  0.375994
-0.419664  0.143839  0.376018
-0.419664  0.144563  0.376311
-0.419664  0.144637  0.376324
-0.419664  0.145376  0.376677
-0.419664  0.145861  0.376919
-0.419664  0.145915  0.376958
-0.419664  0.146615  0.377334
-0.419664  0.146672  0.377336
-0.419664  0.147502  0.377726
-0.419664  0.147577  0.377754
-0.419664  0.148332  0.378102
-0.419664  0.148869  0.378325
-0.419664  0.148923  0.37835
-0.419664  0.149704  0.378643
-0.419664  0.149778  0.378656
-0.419664  0.150575  0.378945
-0.419664  0.151137  0.379112
-0.419664  0.151192  0.37915
-0.419664  0.151972  0.379442
-0.419664  0.152009  0.379456
-0.419664  0.152767  0.379781
-0.419664  0.153321  0.380014
-0.419664  0.153378  0.380017
-0.419664  0.154138  0.380319
-0.419664  0.154193  0.380358
-0.419664  0.154913  0.380655
-0.419664  0.155469  0.380865
-0.419664  0.155506  0.380879
-0.419664  0.156302  0.381153
-0.419664  0.156357  0.381191
-0.419664  0.157153  0.381464
-0.419664  0.157745  0.381674
-0.419664  0.157819  0.381687
-0.419664  0.158613  0.381996
-0.419664  0.15865  0.38201
-0.419664  0.159427  0.382308
-0.419664  0.159981  0.38249
-0.419664  0.160055  0.382503
-0.419664  0.160832  0.382801
-0.419664  0.160869  0.382814
-0.419664  0.161645  0.383098
-0.419664  0.162199  0.38328
-0.419664  0.162254  0.383318
-0.419664  0.163068  0.383565
-0.419664  0.163123  0.383603
-0.419664  0.163972  0.383886
-0.419664  0.164601  0.384094
-0.419664  0.164638  0.384107
-0.419664  0.165416  0.384382
-0.419664  0.165471  0.384406
-0.419664  0.166248  0.384667
-0.419664  0.166322  0.38468
-0.419664  0.167116  0.384938
-0.419664  0.16765  0.38513
-0.419664  0.167725  0.385156
-0.419664  0.168556  0.385441
-0.419664  0.16863  0.385454
-0.419664  0.169534  0.385724
-0.419664  0.169571  0.385737
-0.419664  0.170422  0.385961
-0.419664  0.170479  0.385977
-0.419664  0.171274  0.386212
-0.419664  0.171886  0.386385
-0.419664  0.17196  0.386412
-0.419664  0.172757  0.386651
-0.419664  0.172811  0.386675
-0.419664  0.173552  0.386913
-0.419664  0.174125  0.387059
-0.419664  0.174163  0.387086
-0.419664  0.175068  0.387324
-0.419664  0.175105  0.387337
-0.419664  0.176012  0.387553
-0.419664  0.176068  0.387555
-0.419664  0.176862  0.387767
-0.419664  0.176936  0.38778
-0.419664  0.177712  0.38798
-0.419664  0.177767  0.388018
-0.419664  0.178563  0.388198
-0.419664  0.179116  0.388369
-0.419664  0.179153  0.388382
-0.419664  0.179911  0.388584
-0.419664  0.179967  0.388586
-0.419664  0.180778  0.388799
-0.419664  0.181386  0.388931
-0.419664  0.181459  0.388944
-0.419664  0.182288  0.389132
-0.419664  0.182344  0.389134
-0.419664  0.183135  0.389358
-0.419664  0.183705  0.389503
-0.419664  0.183779  0.389516
-0.419664  0.18457  0.389704
-0.419664  0.184625  0.389705
-0.419664  0.185433  0.389926
-0.419664  0.186004  0.390062
-0.419664  0.186077  0.390075
-0.419664  0.186996  0.39029
-0.419664  0.187069  0.390303
-0.419664  0.187949  0.390527
-0.419664  0.188023  0.39054
-0.419664  0.188866  0.390738
-0.419664  0.189489  0.390871
-0.419664  0.189544  0.390873
-0.419664  0.190386  0.391084
-0.419664  0.190441  0.391086
-0.419664  0.191375  0.391259
-0.419664  0.191979  0.391358
-0.419664  0.192052  0.391371
-0.419664  0.193021  0.391526
-0.419664  0.193094  0.391539
-0.419664  0.194043  0.391736
-0.419664  0.194116  0.391749
-0.419664  0.195011  0.391925
-0.419664  0.195084  0.391938
-0.419664  0.195941  0.392149
-0.419664  0.196014  0.392162
-0.419664  0.19687  0.392326
-0.419664  0.197544  0.392425
-0.419664  0.197617  0.392437
-0.419664  0.198508  0.392578
-0.419664  0.198563  0.39258
-0.419664  0.199472  0.392754
-0.419664  0.200144  0.392862
-0.419664  0.200216  0.392875
-0.419664  0.201178  0.393038
-0.419664  0.201251  0.39305
-0.419664  0.202158  0.393211
-0.419664  0.202828  0.39331
-0.419664  0.202919  0.393312
-0.419664  0.203823  0.393393
-0.419664  0.203896  0.393419
-0.419664  0.2048  0.393523
-0.419664  0.205468  0.393573
-0.419664  0.20554  0.393586
-0.419664  0.206407  0.393721
-0.419664  0.206479  0.393734
-0.419664  0.2074  0.393833
-0.419664  0.208085  0.393895
-0.419664  0.208157  0.393907
-0.419664  0.209093  0.393998
-0.419664  0.209166  0.394011
-0.419664  0.210082  0.394091
-0.419664  0.210154  0.394104
-0.419664  0.211106  0.394184
-0.419664  0.211806  0.394248
-0.419664  0.211878  0.39426
-0.419664  0.212827  0.394365
-0.419664  0.212881  0.394367
-0.419664  0.213884  0.394458
-0.419664  0.214564  0.394533
-0.419664  0.214636  0.394546
-0.419664  0.215047  0.394602
-0.419664  0.215976  0.394693
-0.419664  0.216654  0.394742
-0.419664  0.216708  0.394744
-0.419664  0.217742  0.394801
-0.419664  0.217813  0.394814
-0.419664  0.218773  0.394848
-0.419664  0.218826  0.39485
-0.419664  0.219751  0.394941
-0.419664  0.22048  0.394967
-0.419664  0.220552  0.39498
-0.419664  0.221494  0.39507
-0.419664  0.221582  0.395071
-0.419664  0.222539  0.395128
-0.419664  0.223282  0.395156
-0.419664  0.223335  0.395158
-0.419664  0.224307  0.395204
-0.419664  0.224378  0.395217
-0.419664  0.225419  0.395276
-0.419664  0.22549  0.395288
-0.419664  0.226425  0.395356
-0.419664  0.227257  0.39543
-0.419664  0.227345  0.395432
-0.419664  0.228348  0.395454
-0.419664  0.228419  0.395467
-0.419664  0.229441  0.395522
-0.419664  0.230144  0.395526
-0.419664  0.230232  0.395528
-0.419664  0.231161  0.395538
-0.419664  0.23123  0.395516
-0.419664  0.232207  0.395506
-0.419664  0.232901  0.395444
-0.419664  0.232972  0.395457
-0.419664  0.234018  0.395435
-0.419664  0.234105  0.395437
-0.419664  0.23515  0.395415
-0.419664  0.235221  0.395428
-0.419664  0.236212  0.395405
-0.419664  0.236264  0.395406
-0.419664  0.237374  0.395364
-0.419664  0.237442  0.395355
-0.419664  0.23843  0.395332
-0.419664  0.239244  0.395306
-0.419664  0.239331  0.395296
-0.419664  0.240282  0.395273
-0.419664  0.240369  0.395263
-0.419664  0.241511  0.395232
-0.419664  0.241597  0.395234
-0.419664  0.242668  0.39519
-0.419664  0.242735  0.395181
-0.419664  0.24389  0.395128
-0.419664  0.24396  0.395141
-0.419664  0.245007  0.395086
-0.419664  0.245078  0.395087
-0.419664  0.246105  0.395022
-0.419664  0.246822  0.39496
-0.419664  0.246889  0.39494
-0.419664  0.247895  0.394852
-0.419664  0.247981  0.394842
-0.419664  0.249027  0.394787
-0.419664  0.249795  0.394725
-0.419664  0.249881  0.394728
-0.419664  0.250991  0.39464
-0.419664  0.251077  0.394642
-0.419664  0.252131  0.394544
-0.419664  0.252876  0.394484
-0.419664  0.252962  0.394474
-0.419664  0.254026  0.394344
-0.419664  0.254111  0.394346
-0.419664  0.25519  0.394193
-0.419664  0.255936  0.394132
-0.419664  0.256021  0.394135
-0.419664  0.257119  0.394016
-0.419664  0.257185  0.393995
-0.419664  0.258246  0.393876
-0.419664  0.259053  0.393761
-0.419664  0.259117  0.393753
-0.419664  0.260188  0.39359
-0.419664  0.260273  0.393581
-0.419664  0.261371  0.393409
-0.419664  0.262169  0.393274
-0.419664  0.262254  0.393265
-0.419664  0.263364  0.393072
-0.419664  0.263449  0.393063
-0.419664  0.264516  0.392912
-0.419664  0.265265  0.392797
-0.419664  0.26535  0.392788
-0.419664  0.266466  0.392552
-0.419664  0.26655  0.392543
-0.419664  0.267665  0.392296
-0.419664  0.268416  0.392129
-0.419664  0.268515  0.39211
-0.419664  0.269547  0.391883
-0.419664  0.269645  0.391875
-0.419664  0.270734  0.391607
-0.419664  0.271565  0.39142
-0.419664  0.271629  0.3914
-0.419664  0.272723  0.391176
-0.419664  0.272802  0.391146
-0.419664  0.274013  0.390828
-0.419664  0.274076  0.390808
-0.419664  0.275215  0.390489
-0.419664  0.275298  0.39048
-0.419664  0.276356  0.390192
-0.419664  0.277124  0.389996
-0.419664  0.277207  0.389987
-0.419664  0.27832  0.389647
-0.419664  0.278397  0.389617
-0.419664  0.279559  0.389302
-0.419664  0.279621  0.389282
-0.419664  0.28069  0.388996
-0.419664  0.281475  0.388748
-0.419664  0.281571  0.388729
-0.419664  0.282645  0.388401
-0.419664  0.282721  0.388371
-0.419664  0.283752  0.388033
-0.419664  0.284538  0.387796
-0.419664  0.284614  0.387766
-0.419664  0.285704  0.387387
-0.419664  0.285799  0.387368
-0.419664  0.286857  0.387022
-0.419664  0.287618  0.386763
-0.419664  0.287713  0.386745
-0.419664  0.288823  0.386347
-0.419664  0.288884  0.386328
-0.419664  0.289942  0.38594
-0.419664  0.290705  0.385693
-0.419664  0.29078  0.385663
-0.419664  0.291917  0.385205
-0.419664  0.291993  0.385163
-0.419664  0.2931  0.384714
-0.419664  0.293174  0.384685
-0.419664  0.294171  0.384265
-0.419664  0.294246  0.384224
-0.419664  0.295273  0.383765
-0.419664  0.295987  0.383446
-0.419664  0.296042  0.383393
-0.419664  0.297011  0.382965
-0.419664  0.297084  0.382936
-0.419664  0.298157  0.382416
-0.419664  0.298218  0.382385
-0.419664  0.299149  0.381893
-0.419664  0.29981  0.381573
-0.419664  0.299871  0.381543
-0.419664  0.300843  0.381043
-0.419664  0.300917  0.381003
-0.419664  0.301834  0.380533
-0.419664  0.30248  0.380201
-0.419664  0.302551  0.380172
-0.419664  0.303474  0.379649
-0.419664  0.303545  0.37962
-0.419664  0.304451  0.379108
-0.419664  0.305054  0.378743
-0.419664  0.305112  0.378725
-0.419664  0.305938  0.378209
-0.419664  0.30601  0.378169
-0.419664  0.306833  0.377654
-0.419664  0.307445  0.37727
-0.419664  0.307498  0.377218
-0.419664  0.30828  0.376722
-0.419664  0.308332  0.376671
-0.419664  0.309134  0.376111
-0.419664  0.309673  0.375745
-0.419664  0.309733  0.375714
-0.419664  0.310466  0.375217
-0.419664  0.310505  0.375175
-0.419664  0.311238  0.374666
-0.419664  0.311756  0.374278
-0.419664  0.311815  0.374248
-0.419664  0.312531  0.373692
-0.419664  0.312589  0.373662
-0.419664  0.31324  0.373168
-0.419664  0.313279  0.373127
-0.419664  0.31394  0.372623
-0.419664  0.314408  0.372244
-0.419664  0.314469  0.372202
-0.419664  0.315129  0.371687
-0.419664  0.315168  0.371646
-0.419664  0.315756  0.371172
-0.419664  0.315814  0.371142
-0.419664  0.316394  0.370653
-0.419664  0.316809  0.370313
-0.419664  0.316867  0.370283
-0.419664  0.317437  0.369774
-0.419664  0.317465  0.36973
-0.419664  0.318008  0.369252
-0.419664  0.318053  0.369232
-0.419664  0.318531  0.368757
-0.419664  0.318893  0.368411
-0.419664  0.318938  0.368391
-0.419664  0.319449  0.3679
-0.419664  0.319475  0.367868
-0.419664  0.319966  0.367429
-0.419664  0.320319  0.367126
-0.419664  0.320345  0.367095
-0.419664  0.320806  0.3667
-0.419664  0.320854  0.366667
-0.419664  0.321286  0.366258
-0.419664  0.321588  0.366
-0.419664  0.321633  0.36598
-0.419664  0.322073  0.365574
-0.419664  0.322099  0.365543
-0.419664  0.322535  0.365167
-0.419664  0.322828  0.364894
-0.419664  0.322854  0.364863
-0.419664  0.323257  0.364485
-0.419664  0.323302  0.364465
-0.419664  0.323662  0.364095
-0.419664  0.323956  0.36381
-0.419664  0.323982  0.363779
-0.419664  0.324368  0.363436
-0.419664  0.324393  0.363405
-0.419664  0.32477  0.363041
-0.419664  0.325034  0.362812
-0.419664  0.325048  0.36279
-0.419664  0.32541  0.362449
-0.419664  0.325436  0.362417
-0.419664  0.325755  0.362084
-0.419664  0.325973  0.361875
-0.419664  0.325987  0.361853
-0.419664  0.3263  0.361562
-0.419664  0.326325  0.36153
-0.419664  0.326618  0.361228
-0.419664  0.326827  0.360999
-0.419664  0.32685  0.36098
-0.419664  0.327145  0.360665
-0.419664  0.327387  0.360425
-0.419664  0.32741  0.360407
-0.419664  0.32767  0.360103
-0.419664  0.327695  0.360071
-0.419664  0.327974  0.359774
-0.419664  0.328166  0.359579
-0.419664  0.32818  0.359558
-0.419664  0.328442  0.359295
-0.419664  0.328465  0.359276
-0.419664  0.328729  0.359001
-0.419664  0.328912  0.358786
-0.419664  0.328934  0.358767
-0.419664  0.329209  0.358483
-0.419664  0.329231  0.358464
-0.419664  0.32949  0.358215
-0.419664  0.329676  0.358046
-0.419664  0.329687  0.358037
-0.419664  0.329986  0.35778
-0.419664  0.330009  0.357761
-0.419664  0.330264  0.357525
-0.419664  0.330275  0.357515
-0.419664  0.33056  0.357281
-0.419664  0.330767  0.357094
-0.419664  0.330789  0.357076
-0.419664  0.331074  0.356824
-0.419664  0.331085  0.356815
-0.419664  0.331391  0.356546
-0.419664  0.331403  0.356536
-0.419664  0.33164  0.356318
-0.419664  0.331841  0.356157
-0.419664  0.331863  0.356139
-0.419664  0.33211  0.355912
-0.419664  0.332278  0.355761
-0.419664  0.3323  0.355743
-0.419664  0.332546  0.355516
-0.419664  0.332557  0.355507
-0.419664  0.332806  0.355251
-0.419664  0.332983  0.355092
-0.419664  0.333005  0.355074
-0.419664  0.333117  0.35497
-0.419664  0.333355  0.354711
-0.419664  0.333532  0.354552
-0.419664  0.333553  0.354534
-0.419664  0.333802  0.354266
-0.419664  0.333813  0.354257
-0.419664  0.334047  0.354011
-0.419664  0.334227  0.353811
-0.419664  0.334249  0.353793
-0.419664  0.334496  0.353526
-0.419664  0.334506  0.353517
-0.419664  0.33472  0.353261
-0.419664  0.334731  0.353252
-0.419664  0.334944  0.353013
-0.419664  0.335069  0.352858
-0.419664  0.335093  0.352828
-0.419664  0.335307  0.35256
-0.419664  0.33532  0.352538
-0.419664  0.335513  0.352305
-0.419664  0.335524  0.352296
-0.419664  0.335728  0.352053
-0.419664  0.335899  0.351839
-0.419664  0.335909  0.35183
-0.419664  0.336155  0.351568
-0.419664  0.336168  0.351547
-0.419664  0.336404  0.351265
-0.419664  0.33656  0.351102
-0.419664  0.336553  0.351069
-0.419664  0.336766  0.350835
-0.419664  0.336787  0.350817
-0.419664  0.336991  0.350563
-0.419664  0.337137  0.350396
-0.419664  0.337148  0.350387
-0.419664  0.337343  0.35013
-0.419664  0.337353  0.350121
-0.419664  0.337567  0.349876
-0.419664  0.337723  0.3497
-0.419664  0.337734  0.349691
-0.419664  0.33796  0.349424
-0.419664  0.33797  0.349415
-0.419664  0.338185  0.349157
-0.419664  0.338354  0.34896
-0.419664  0.338367  0.348938
-0.419664  0.33855  0.348707
-0.419664  0.338573  0.348677
-0.419664  0.338801  0.348397
-0.419664  0.338821  0.34838
-0.419664  0.339018  0.348098
-0.419664  0.339031  0.348076
-0.419664  0.339247  0.347806
-0.419664  0.339258  0.347797
-0.419664  0.3395  0.347455
-0.419664  0.339513  0.347434
-0.419664  0.339749  0.347146
-0.419664  0.339772  0.347116
-0.419664  0.339965  0.346848
-0.419664  0.340103  0.346665
-0.419664  0.340116  0.346644
-0.419664  0.340303  0.346359
-0.419664  0.340313  0.34635
-0.419664  0.340519  0.346077
-0.419664  0.340637  0.345884
-0.419664  0.34065  0.345862
-0.419664  0.340831  0.345561
-0.419664  0.340852  0.345544
-0.419664  0.341043  0.345234
-0.419664  0.341056  0.345212
-0.419664  0.341263  0.344926
-0.419664  0.341257  0.344894
-0.419664  0.341467  0.344595
-0.419664  0.341596  0.34438
-0.419664  0.341609  0.344359
-0.419664  0.341776  0.34408
-0.419664  0.341787  0.344071
-0.419664  0.341969  0.343757
-0.419664  0.341979  0.343748
-0.419664  0.342166  0.343452
-0.419664  0.342275  0.343255
-0.419664  0.342287  0.343233
-0.419664  0.342444  0.342963
-0.419664  0.342457  0.342941
-0.419664  0.342613  0.342671
-0.419664  0.342743  0.342472
-0.419664  0.342753  0.342463
-0.419664  0.342922  0.342171
-0.419664  0.342934  0.34215
-0.419664  0.343093  0.341867
-0.419664  0.343232  0.341659
-0.419664  0.343245  0.341638
-0.419664  0.343403  0.341354
-0.419664  0.343415  0.341333
-0.419664  0.343583  0.341069
-0.419664  0.343693  0.34086
-0.419664  0.343705  0.340838
-0.419664  0.343879  0.340579
-0.419664  0.343892  0.340557
-0.419664  0.344047  0.340287
-0.419664  0.344144  0.340099
-0.419664  0.344157  0.340077
-0.419664  0.344333  0.339805
-0.419664  0.344345  0.339784
-0.419664  0.344492  0.339509
-0.419664  0.344599  0.339312
-0.419664  0.344621  0.339282
-0.419664  0.344804  0.339015
-0.419664  0.344817  0.338993
-0.419664  0.344983  0.338701
-0.419664  0.345099  0.338496
-0.419664  0.345112  0.338474
-0.419664  0.345265  0.338204
-0.419664  0.345275  0.338196
-0.419664  0.345457  0.337928
-0.419664  0.345604  0.337713
-0.419664  0.345614  0.337704
-0.419664  0.345779  0.337413
-0.419664  0.345792  0.337391
-0.419664  0.345963  0.337132
-0.419664  0.346089  0.336947
-0.419664  0.346101  0.336925
-0.419664  0.346301  0.336669
-0.419664  0.346433  0.336489
-0.419664  0.346455  0.336458
-0.419664  0.346634  0.336204
-0.419664  0.346653  0.336188
-0.419664  0.346838  0.335938
-0.419664  0.34697  0.335758
-0.419664  0.346979  0.335749
-0.419664  0.347152  0.335522
-0.419664  0.347164  0.3355
-0.419664  0.347355  0.335256
-0.419664  0.347491  0.335093
-0.419664  0.347503  0.335072
-0.419664  0.347682  0.334849
-0.419664  0.347694  0.334828
-0.419664  0.347902  0.33458
-0.419664  0.347914  0.334558
-0.419664  0.348133  0.334289
-0.419664  0.348142  0.334281
-0.419664  0.348342  0.334001
-0.419664  0.3485  0.333796
-0.419664  0.34851  0.333787
-0.419664  0.348689  0.333525
-0.419664  0.348711  0.333495
-0.419664  0.348869  0.333234
-0.419664  0.34889  0.333204
-0.419664  0.349076  0.332946
-0.419664  0.349183  0.332741
-0.419664  0.349192  0.332733
-0.419664  0.349361  0.332451
-0.419664  0.349371  0.332443
-0.419664  0.349541  0.33212
-0.419664  0.349657  0.331907
-0.419664  0.349669  0.331885
-0.419664  0.349838  0.331563
-0.419664  0.34986  0.331533
-0.419664  0.350022  0.331207
-0.419664  0.350043  0.331177
-0.419664  0.350194  0.330872
-0.419664  0.350313  0.330633
-0.419664  0.350323  0.330624
-0.419664  0.350475  0.330306
-0.419664  0.350487  0.330285
-0.419664  0.350636  0.32998
-0.419664  0.350752  0.329755
-0.419664  0.350774  0.329725
-0.419664  0.350934  0.329399
-0.419664  0.350946  0.329378
-0.419664  0.351125  0.329063
-0.419664  0.351232  0.328846
-0.419664  0.351253  0.328817
-0.419664  0.351413  0.328519
-0.419664  0.351422  0.328511
-0.419664  0.351603  0.328183
-0.419664  0.351612  0.328175
-0.419664  0.351787  0.32787
-0.419664  0.351914  0.327652
-0.419664  0.351923  0.327644
-0.419664  0.352102  0.327357
-0.419664  0.352238  0.327131
-0.419664  0.352249  0.327109
-0.419664  0.352436  0.326815
-0.419664  0.352448  0.326794
-0.419664  0.352647  0.326506
-0.419664  0.352668  0.326476
-0.419664  0.352857  0.326196
-0.419664  0.352968  0.325981
-0.419664  0.352986  0.325965
-0.419664  0.353187  0.325664
-0.419664  0.353198  0.325642
-0.419664  0.353381  0.325357
-0.419664  0.35351  0.325153
-0.419664  0.353522  0.325132
-0.419664  0.353713  0.324839
-0.419664  0.353724  0.324818
-0.419664  0.353918  0.324512
-0.419664  0.354036  0.324288
-0.419664  0.354057  0.324259
-0.419664  0.35425  0.323953
-0.419664  0.354261  0.323931
-0.419664  0.354428  0.323609
-0.419664  0.354543  0.323367
-0.419664  0.354552  0.323359
-0.419664  0.354704  0.322999
-0.419664  0.354716  0.322977
-0.419664  0.354846  0.32266
-0.419664  0.354944  0.322421
-0.419664  0.354956  0.322399
-0.419664  0.35509  0.322055
-0.419664  0.355102  0.322033
-0.419664  0.355219  0.321705
-0.419664  0.355317  0.321465
-0.419664  0.355329  0.321444
-0.419664  0.355477  0.321137
-0.419664  0.355488  0.321116
-0.419664  0.355632  0.32079
-0.419664  0.355742  0.320529
-0.419664  0.355753  0.320507
-0.419664  0.355794  0.320375
-0.419664  0.355962  0.320033
-0.419664  0.355974  0.320011
-0.419664  0.356111  0.31968
-0.419664  0.356219  0.319458
-0.419664  0.356231  0.319437
-0.419664  0.356387  0.319116
-0.419664  0.356399  0.319094
-0.419664  0.356579  0.318757
-0.419664  0.356591  0.318735
-0.419664  0.35676  0.318419
-0.419664  0.356859  0.318206
-0.419664  0.35687  0.318184
-0.419664  0.357031  0.317909
-0.419664  0.357043  0.317887
-0.419664  0.357206  0.317598
-0.419664  0.357322  0.317369
-0.419664  0.357334  0.317347
-0.419664  0.357517  0.317029
-0.419664  0.357539  0.317026
-0.419664  0.357713  0.316715
-0.419664  0.357725  0.316693
-0.419664  0.357896  0.316396
-0.419664  0.357908  0.316374
-0.419664  0.358073  0.316071
-0.419664  0.358194  0.315854
-0.419664  0.358205  0.315832
-0.419664  0.358381  0.315507
-0.419664  0.358393  0.315485
-0.419664  0.358575  0.315166
-0.419664  0.358673  0.314951
-0.419664  0.358685  0.314929
-0.419664  0.358858  0.314617
-0.419664  0.358869  0.314596
-0.419664  0.359049  0.31429
-0.419664  0.35906  0.314268
-0.419664  0.359228  0.313984
-0.419664  0.359346  0.313739
-0.419664  0.359357  0.313718
-0.419664  0.359547  0.31339
-0.419664  0.359558  0.313368
-0.419664  0.359732  0.313015
-0.419664  0.359839  0.312752
-0.419664  0.359852  0.312716
-0.419664  0.360022  0.312343
-0.419664  0.360034  0.312321
-0.419664  0.360201  0.311961
-0.419664  0.360304  0.311677
-0.419664  0.360315  0.311656
-0.419664  0.360499  0.31128
-0.419664  0.36051  0.311258
-0.419664  0.360674  0.310912
-0.419664  0.36079  0.310667
-0.419664  0.360801  0.310645
-0.419664  0.360976  0.310277
-0.419664  0.360987  0.310255
-0.419664  0.361165  0.309908
-0.419664  0.36129  0.309654
-0.419664  0.361312  0.309611
-0.419664  0.361514  0.309246
-0.419664  0.361533  0.309217
-0.419664  0.361718  0.308826
-0.419664  0.361845  0.308558
-0.419664  0.361856  0.308537
-0.419664  0.362047  0.308153
-0.419664  0.36219  0.30791
-0.419664  0.362212  0.307867
-0.419664  0.362399  0.307496
-0.419664  0.36241  0.307475
-0.419664  0.362581  0.30712
-0.419664  0.362594  0.307084
-0.419664  0.362781  0.306713
-0.419664  0.362932  0.306463
-0.419664  0.362943  0.306441
-0.419664  0.363132  0.306056
-0.419664  0.363154  0.306013
-0.419664  0.363345  0.305614
-0.419664  0.363509  0.305327
-0.419664  0.363523  0.305291
-0.419664  0.363706  0.304899
-0.419664  0.363725  0.30487
-0.419664  0.363907  0.304478
-0.419664  0.364073  0.304176
-0.419664  0.364084  0.304155
-0.419664  0.364293  0.303766
-0.419664  0.364307  0.30373
-0.419664  0.364486  0.303351
-0.419664  0.364516  0.303341
-0.419664  0.364698  0.302948
-0.419664  0.364852  0.302668
-0.419664  0.364866  0.302632
-0.419664  0.365087  0.302206
-0.419664  0.365098  0.302184
-0.419664  0.365328  0.301751
-0.419664  0.365471  0.301452
-0.419664  0.365482  0.30143
-0.419664  0.365692  0.301026
-0.419664  0.365703  0.301004
-0.419664  0.365924  0.300578
-0.419664  0.365943  0.300549
-0.419664  0.366141  0.300126
-0.419664  0.366275  0.299834
-0.419664  0.366289  0.299798
-0.419664  0.366498  0.299393
-0.419664  0.366642  0.299079
-0.419664  0.366656  0.299042
-0.419664  0.366875  0.298615
-0.419664  0.366886  0.298593
-0.419664  0.367091  0.298162
-0.419664  0.367243  0.297841
-0.419664  0.367257  0.297804
-0.419664  0.367451  0.297395
-0.419664  0.367472  0.297351
-0.419664  0.36769  0.296923
-0.419664  0.367842  0.296601
-0.419664  0.367852  0.296579
-0.419664  0.368053  0.296125
-0.419664  0.368075  0.296081
-0.419664  0.368268  0.295635
-0.419664  0.368432  0.295316
-0.419664  0.368453  0.295272
-0.419664  0.368669  0.294803
-0.419664  0.36868  0.294781
-0.419664  0.368912  0.294338
-0.419664  0.368925  0.294301
-0.419664  0.369155  0.293873
-0.419664  0.369168  0.293836
-0.419664  0.369392  0.2934
-0.419664  0.369549  0.29307
-0.419664  0.369562  0.293033
-0.419664  0.369809  0.292537
-0.419664  0.369819  0.292515
-0.419664  0.370032  0.292063
-0.419664  0.370194  0.291743
-0.419664  0.370212  0.291714
-0.419664  0.370419  0.291291
-0.419664  0.370432  0.291254
-0.419664  0.370673  0.290828
-0.419664  0.37084  0.290516
-0.419664  0.370851  0.290494
-0.419664  0.371091  0.290067
-0.419664  0.371104  0.29003
-0.419664  0.37132  0.289584
-0.419664  0.371338  0.289555
-0.419664  0.37158  0.289075
-0.419664  0.371757  0.288741
-0.419664  0.371769  0.288703
-0.419664  0.372016  0.288231
-0.419664  0.372029  0.288194
-0.419664  0.372249  0.287755
-0.419664  0.372412  0.287458
-0.419664  0.372451  0.287424
-0.419664  0.372686  0.286972
-0.419664  0.372696  0.28695
-0.419664  0.372962  0.28651
-0.419664  0.372972  0.286488
-0.419664  0.373198  0.286042
-0.419664  0.373375  0.285691
-0.419664  0.373396  0.285647
-0.419664  0.37365  0.28519
-0.419664  0.373668  0.285161
-0.419664  0.373888  0.284707
-0.419664  0.374059  0.284386
-0.419664  0.374071  0.284349
-0.419664  0.374311  0.283889
-0.419664  0.374328  0.28386
-0.419664  0.374567  0.2834
-0.419664  0.37458  0.283363
-0.419664  0.374818  0.282903
-0.419664  0.374974  0.28254
-0.419664  0.374987  0.282503
-0.419664  0.375222  0.282019
-0.419664  0.375382  0.281665
-0.419664  0.375395  0.281627
-0.419664  0.375639  0.281121
-0.419664  0.375652  0.281083
-0.419664  0.375878  0.280645
-0.419664  0.375888  0.280623
-0.419664  0.376129  0.280132
-0.419664  0.376146  0.280103
-0.419664  0.376377  0.279673
-0.419664  0.376535  0.279319
-0.419664  0.376548  0.279281
-0.419664  0.37678  0.278797
-0.419664  0.3768  0.278752
-0.419664  0.377042  0.278245
-0.419664  0.377219  0.277902
-0.419664  0.377238  0.277857
-0.419664  0.377469  0.277372
-0.419664  0.377479  0.27735
-0.419664  0.377724  0.276851
-0.419664  0.377876  0.276528
-0.419664  0.377896  0.276484
-0.419664  0.378128  0.276023
-0.419664  0.378293  0.275701
-0.419664  0.378306  0.275663
-0.419664  0.378537  0.275218
-0.419664  0.378549  0.27518
-0.419664  0.378775  0.274709
-0.419664  0.378935  0.274379
-0.419664  0.378947  0.274341
-0.419664  0.379177  0.273894
-0.419664  0.379197  0.27385
-0.419664  0.379436  0.273381
-0.419664  0.379455  0.273337
-0.419664  0.379704  0.272887
-0.419664  0.379879  0.272527
-0.419664  0.379896  0.272498
-0.419664  0.380144  0.272007
-0.419664  0.380312  0.271653
-0.419664  0.380341  0.271642
-0.419664  0.380566  0.271155
-0.419664  0.380575  0.271133
-0.419664  0.38081  0.270679
-0.419664  0.380829  0.270635
-0.419664  0.381037  0.270176
-0.419664  0.381211  0.269816
-0.419664  0.381227  0.269787
-0.419664  0.381467  0.269272
-0.419664  0.381498  0.269245
-0.419664  0.381726  0.268725
-0.419664  0.38189  0.268387
-0.419664  0.381902  0.268349
-0.419664  0.38212  0.267851
-0.419664  0.382269  0.267525
-0.419664  0.382288  0.267481
-0.419664  0.382504  0.267025
-0.419664  0.382516  0.266987
-0.419664  0.382728  0.266521
-0.419664  0.382883  0.26623
-0.419664  0.382894  0.266192
-0.419664  0.383145  0.265663
-0.419664  0.383164  0.265618
-0.419664  0.383409  0.265079
-0.419664  0.383444  0.265062
-0.419664  0.383659  0.264563
-0.419664  0.383675  0.264535
-0.419664  0.383887  0.264052
-0.419664  0.384028  0.263702
-0.419664  0.384047  0.263658
-0.419664  0.384282  0.263154
-0.419664  0.384301  0.263109
-0.419664  0.384502  0.262648
-0.419664  0.384514  0.26261
-0.419664  0.384726  0.262111
-0.419664  0.384881  0.261761
-0.419664  0.38489  0.261739
-0.419664  0.385121  0.261293
-0.419664  0.38513  0.261271
-0.419664  0.38533  0.26081
-0.419664  0.385468  0.260531
-0.419664  0.385486  0.260486
-0.419664  0.385676  0.260047
-0.419664  0.385688  0.260009
-0.419664  0.385903  0.259574
-0.419664  0.385915  0.259536
-0.419664  0.3861  0.259086
-0.419664  0.386242  0.258731
-0.419664  0.38626  0.258687
-0.419664  0.386473  0.258226
-0.419664  0.386484  0.258187
-0.419664  0.386694  0.257742
-0.419664  0.386844  0.257407
-0.419664  0.386853  0.257385
-0.419664  0.387043  0.256929
-0.419664  0.387052  0.256906
-0.419664  0.387254  0.256467
-0.419664  0.387387  0.25616
-0.419664  0.387396  0.256138
-0.419664  0.387597  0.255642
-0.419664  0.387606  0.25562
-0.419664  0.387784  0.255158
-0.419664  0.387795  0.255119
-0.419664  0.387977  0.254667
-0.419664  0.388103  0.254366
-0.419664  0.388114  0.254328
-0.419664  0.388293  0.253892
-0.419664  0.388311  0.253847
-0.419664  0.388494  0.253379
-0.419664  0.388626  0.253072
-0.419664  0.388637  0.253033
-0.419664  0.388817  0.25258
-0.419664  0.388826  0.252558
-0.419664  0.388976  0.252089
-0.419664  0.389103  0.251771
-0.419664  0.389114  0.251731
-0.419664  0.389285  0.251301
-0.419664  0.389294  0.251278
-0.419664  0.389453  0.250842
-0.419664  0.389552  0.250535
-0.419664  0.389561  0.250512
-0.419664  0.38972  0.250076
-0.419664  0.389731  0.250037
-0.419664  0.389913  0.249622
-0.419664  0.390017  0.249308
-0.419664  0.390028  0.249269
-0.419664  0.390193  0.248826
-0.419664  0.390204  0.248787
-0.419664  0.390369  0.248344
-0.419664  0.390377  0.248321
-0.419664  0.390535  0.247884
-0.419664  0.390649  0.247603
-0.419664  0.39066  0.247564
-0.419664  0.390809  0.247148
-0.419664  0.390817  0.247125
-0.419664  0.390953  0.246693
-0.419664  0.391067  0.246411
-0.419664  0.391078  0.246372
-0.419664  0.391207  0.245945
-0.419664  0.391299  0.245624
-0.419664  0.391307  0.245601
-0.419664  0.391438  0.245156
-0.419664  0.391447  0.245134
-0.419664  0.391602  0.244694
-0.419664  0.391611  0.244672
-0.419664  0.391743  0.244254
-0.419664  0.391754  0.244215
-0.419664  0.391879  0.243803
-0.419664  0.391975  0.243493
-0.419664  0.391983  0.24347
-0.419664  0.392115  0.243053
-0.419664  0.392201  0.242765
-0.419664  0.39221  0.242742
-0.419664  0.392337  0.242312
-0.419664  0.392347  0.242273
-0.419664  0.392461  0.241826
-0.419664  0.392463  0.241809
-0.419664  0.392598  0.241402
-0.419664  0.392703  0.241125
-0.419664  0.392711  0.241102
-0.419664  0.392827  0.240712
-0.419664  0.392837  0.240672
-0.419664  0.392967  0.240253
-0.419664  0.392975  0.24023
-0.419664  0.393079  0.239805
-0.419664  0.393171  0.239511
-0.419664  0.393185  0.239483
-0.419664  0.393316  0.239046
-0.419664  0.393412  0.238763
-0.419664  0.393422  0.238723
-0.419664  0.39355  0.23835
-0.419664  0.393559  0.238327
-0.419664  0.393683  0.237942
-0.419664  0.393771  0.237664
-0.419664  0.39376  0.23763
-0.419664  0.393878  0.23725
-0.419664  0.393886  0.237228
-0.419664  0.394024  0.236814
-0.419664  0.394108  0.236524
-0.419664  0.394116  0.236501
-0.419664  0.394243  0.236081
-0.419664  0.394251  0.236058
-0.419664  0.39438  0.23562
-0.419664  0.394463  0.235329
-0.419664  0.394472  0.235307
-0.419664  0.394608  0.234893
-0.419664  0.394616  0.23487
-0.419664  0.394727  0.23445
-0.419664  0.394818  0.234183
-0.419664  0.394828  0.234143
-0.419664  0.394937  0.23374
-0.419664  0.394945  0.233718
-0.419664  0.395049  0.233302
-0.419664  0.395135  0.233023
-0.419664  0.395143  0.233001
-0.419664  0.395247  0.232585
-0.419664  0.395257  0.232545
-0.419664  0.395381  0.232123
-0.419664  0.395466  0.231814
-0.419664  0.395474  0.231791
-0.419664  0.395592  0.231374
-0.419664  0.3956  0.231351
-0.419664  0.395698  0.230923
-0.419664  0.395778  0.230648
-0.419664  0.395786  0.230626
-0.419664  0.39589  0.230191
-0.419664  0.3959  0.230151
-0.419664  0.396021  0.229746
-0.419664  0.396089  0.229437
-0.419664  0.396097  0.229414
-0.419664  0.396221  0.228973
-0.419664  0.396225  0.228938
-0.419664  0.396343  0.228502
-0.419664  0.396401  0.228185
-0.419664  0.396409  0.228163
-0.419664  0.396513  0.227754
-0.419664  0.39652  0.227731
-0.419664  0.39663  0.227317
-0.419664  0.39671  0.227024
-0.419664  0.396699  0.22699
-0.419664  0.396802  0.22658
-0.419664  0.396806  0.226544
-0.419664  0.396882  0.226146
-0.419664  0.396966  0.225817
-0.419664  0.396968  0.225799
-0.419664  0.397014  0.225614
-0.419664  0.397094  0.22518
-0.419664  0.397144  0.224867
-0.419664  0.397154  0.224826
-0.419664  0.397247  0.224363
-0.419664  0.397254  0.224341
-0.419664  0.39735  0.223934
-0.419664  0.39736  0.223894
-0.419664  0.397439  0.223458
-0.419664  0.397493  0.223157
-0.419664  0.397494  0.223139
-0.419664  0.397577  0.222716
-0.419664  0.397586  0.222675
-0.419664  0.397658  0.222243
-0.419664  0.39771  0.221911
-0.419664  0.397712  0.221893
-0.419664  0.397789  0.221456
-0.419664  0.397797  0.221433
-0.419664  0.397887  0.221011
-0.419664  0.397961  0.220703
-0.419664  0.397969  0.22068
-0.419664  0.398064  0.220253
-0.419664  0.398066  0.220235
-0.419664  0.398154  0.219831
-0.419664  0.398156  0.219812
-0.419664  0.398244  0.219408
-0.419664  0.398305  0.219108
-0.419664  0.398313  0.219085
-0.419664  0.398385  0.218632
-0.419664  0.398387  0.218614
-0.419664  0.398476  0.218191
-0.419664  0.398535  0.217908
-0.419664  0.398543  0.217885
-0.419664  0.398624  0.217484
-0.419664  0.398631  0.217461
-0.419664  0.398716  0.217073
-0.419664  0.398782  0.216767
-0.419664  0.398784  0.216748
-0.419664  0.398851  0.21633
-0.419664  0.398859  0.216308
-0.419664  0.39892  0.215894
-0.419664  0.398986  0.215587
-0.419664  0.398988  0.215569
-0.419664  0.399058  0.215113
-0.419664  0.399041  0.215084
-0.419664  0.3991  0.214688
-0.419664  0.399101  0.214669
-0.419664  0.399162  0.214255
-0.419664  0.399212  0.213993
-0.419664  0.39922  0.21397
-0.419664  0.399276  0.213541
-0.419664  0.399283  0.213518
-0.419664  0.399336  0.213125
-0.419664  0.399393  0.21284
-0.419664  0.399397  0.212803
-0.419664  0.399458  0.212369
-0.419664  0.39946  0.21235
-0.419664  0.399517  0.211901
-0.419664  0.399549  0.211609
-0.419664  0.399552  0.211572
-0.419664  0.399604  0.211178
-0.419664  0.399607  0.211141
-0.419664  0.399657  0.210765
-0.419664  0.399684  0.210476
-0.419664  0.399692  0.210435
-0.419664  0.399738  0.210044
-0.419664  0.39974  0.210025
-0.419664  0.399811  0.209623
-0.419664  0.399837  0.209334
-0.419664  0.399846  0.209292
-0.419664  0.399901  0.20884
-0.419664  0.399903  0.208822
-0.419664  0.399974  0.208418
-0.419664  0.399977  0.208381
-0.419664  0.400025  0.208003
-0.419664  0.40007  0.207724
-0.419664  0.400077  0.2077
-0.419664  0.400106  0.207538
-0.419664  0.400156  0.20714
-0.419664  0.400204  0.206875
-0.419664  0.400207  0.206838
-0.419664  0.400274  0.20647
-0.419664  0.400276  0.206451
-0.419664  0.400325  0.206053
-0.419664  0.400377  0.205731
-0.419664  0.40038  0.205694
-0.419664  0.400423  0.205299
-0.419664  0.400425  0.205281
-0.419664  0.400476  0.204844
-0.419664  0.400499  0.204571
-0.419664  0.400501  0.204552
-0.419664  0.400542  0.204176
-0.419664  0.400588  0.203928
-0.419664  0.400589  0.203909
-0.419664  0.40061  0.20354
-0.419664  0.400617  0.203517
-0.419664  0.400655  0.203177
-0.419664  0.400662  0.203154
-0.419664  0.400721  0.202788
-0.419664  0.400749  0.202509
-0.419664  0.40075  0.20249
-0.419664  0.400792  0.202094
-0.419664  0.400814  0.201819
-0.419664  0.400821  0.201796
-0.419664  0.400864  0.201379
-0.419664  0.400865  0.201361
-0.419664  0.40093  0.200989
-0.419664  0.400931  0.20097
-0.419664  0.400982  0.200582
-0.419664  0.401009  0.200303
-0.419664  0.40101  0.200284
-0.419664  0.401053  0.199919
-0.419664  0.40106  0.199896
-0.419664  0.401111  0.199507
-0.419664  0.401112  0.199488
-0.419664  0.401163  0.199081
-0.419664  0.401204  0.198754
-0.419664  0.40121  0.19873
-0.419664  0.401238  0.198565
-0.419664  0.401294  0.198153
-0.419664  0.401326  0.197867
-0.419664  0.401333  0.197844
-0.419664  0.401386  0.19747
-0.419664  0.401393  0.197446
-0.419664  0.401422  0.197064
-0.419664  0.401453  0.196779
-0.419664  0.40146  0.196756
-0.419664  0.401509  0.196438
-0.419664  0.40154  0.196152
-0.419664  0.401541  0.196133
-0.419664  0.401595  0.195738
-0.419664  0.401598  0.1957
-0.419664  0.401639  0.195271
-0.419664  0.401695  0.194972
-0.419664  0.401683  0.194938
-0.419664  0.401739  0.194504
-0.419664  0.401746  0.19448
-0.419664  0.401793  0.194089
-0.419664  0.401829  0.193798
-0.419664  0.401811  0.193768
-0.419664  0.401869  0.193368
-0.419664  0.401877  0.193325
-0.419664  0.401907  0.192976
-0.419664  0.401941  0.192704
-0.419664  0.401947  0.192681
-0.419664  0.401985  0.192288
-0.419664  0.401991  0.192265
-0.419664  0.402029  0.191872
-0.419664  0.402058  0.191585
-0.419664  0.402064  0.191561
-0.419664  0.402102  0.191149
-0.419664  0.402109  0.191126
-0.419664  0.40214  0.190737
-0.419664  0.402175  0.190445
-0.419664  0.402176  0.190426
-0.419664  0.402225  0.190048
-0.419664  0.402226  0.190028
-0.419664  0.402259  0.1896
-0.419664  0.402291  0.189346
-0.419664  0.402292  0.189327
-0.419664  0.402322  0.188937
-0.419664  0.40233  0.188894
-0.419664  0.402365  0.1885
-0.419664  0.4024  0.188188
-0.419664  0.402382  0.188157
-0.419664  0.402437  0.187755
-0.419664  0.402438  0.187735
-0.419664  0.402468  0.187345
-0.419664  0.402502  0.187032
-0.419664  0.402508  0.187009
-0.419664  0.402537  0.186618
-0.419664  0.402544  0.186595
-0.419664  0.402592  0.186195
-0.419664  0.402599  0.186172
-0.419664  0.402627  0.185781
-0.419664  0.402664  0.185503
-0.419664  0.402665  0.185483
-0.419664  0.402723  0.185095
-0.419664  0.402729  0.185072
-0.419664  0.402765  0.184637
-0.419664  0.402797  0.184343
-0.419664  0.402803  0.184319
-0.419664  0.402837  0.183904
-0.419664  0.402839  0.183864
-0.419664  0.40289  0.18348
-0.419664  0.402916  0.183209
-0.419664  0.402923  0.183166
-0.419664  0.40295  0.182773
-0.419664  0.402956  0.18275
-0.419664  0.402997  0.182352
-0.419664  0.403004  0.182329
-0.419664  0.40304  0.18203
-0.419664  0.40307  0.181755
-0.419664  0.403077  0.181712
-0.419664  0.403123  0.18131
-0.419664  0.403105  0.181279
-0.419664  0.403146  0.180881
-0.419664  0.403147  0.180861
-0.419664  0.403188  0.180443
-0.419664  0.403207  0.180155
-0.419664  0.403214  0.180132
-0.419664  0.403229  0.179725
-0.419664  0.403236  0.179702
-0.419664  0.403276  0.179283
-0.419664  0.403282  0.179259
-0.419664  0.403317  0.178844
-0.419664  0.403336  0.178575
-0.419664  0.403318  0.178544
-0.419664  0.403356  0.178165
-0.419664  0.403363  0.178121
-0.419664  0.403377  0.177734
-0.419664  0.403391  0.177428
-0.419664  0.403397  0.177405
-0.419664  0.403412  0.176997
-0.419664  0.403412  0.176977
-0.419664  0.403424  0.176629
-0.419664  0.403436  0.176363
-0.419664  0.403437  0.176343
-0.419664  0.403464  0.17597
-0.419664  0.403451  0.175935
-0.419664  0.403471  0.175585
-0.419664  0.40348  0.175282
-0.419664  0.403486  0.175258
-0.419664  0.403483  0.17486
-0.419664  0.403489  0.174837
-0.419664  0.403513  0.174385
-0.419664  0.403519  0.174362
-0.419664  0.403537  0.173934
-0.419664  0.403524  0.173899
-0.419664  0.403564  0.173499
-0.419664  0.403571  0.173215
-0.419664  0.403577  0.173191
-0.419664  0.403616  0.17281
-0.419664  0.403617  0.17279
-0.419664  0.403642  0.172414
-0.419664  0.403671  0.172158
-0.419664  0.403678  0.172114
-0.419664  0.403703  0.171717
-0.419664  0.403704  0.171677
-0.419664  0.403747  0.171332
-0.419664  0.403777  0.171034
-0.419664  0.403778  0.171014
-0.419664  0.403822  0.170608
-0.419664  0.403823  0.170567
-0.419664  0.403867  0.170161
-0.419664  0.403921  0.16987
-0.419664  0.403921  0.16985
-0.419664  0.403969  0.169459
-0.419664  0.40397  0.169419
-0.419664  0.404023  0.169045
-0.419664  0.404038  0.168752
-0.419664  0.404038  0.168732
-0.419664  0.404091  0.168337
-0.419664  0.404092  0.168296
-0.419664  0.404144  0.167922
-0.419664  0.404163  0.167625
-0.419664  0.404169  0.167601
-0.419664  0.404221  0.167186
-0.419664  0.404227  0.167162
-0.419664  0.404279  0.166746
-0.419664  0.404318  0.166439
-0.419664  0.404324  0.166415
-0.419664  0.404375  0.166019
-0.419664  0.40438  0.165996
-0.419664  0.404412  0.165588
-0.419664  0.404444  0.165325
-0.419664  0.40445  0.165281
-0.419664  0.404482  0.164874
-0.419664  0.404482  0.164853
-0.419664  0.404514  0.164445
-0.419664  0.404527  0.164171
-0.419664  0.404532  0.164147
-0.419664  0.404545  0.163686
-0.419664  0.404546  0.163645
-0.419664  0.404577  0.163216
-0.419664  0.404578  0.163196
-0.419664  0.404585  0.162759
-0.419664  0.404598  0.162463
-0.419664  0.404604  0.162418
-0.419664  0.404623  0.162016
-0.419664  0.404624  0.161975
-0.419664  0.404643  0.161593
-0.419664  0.404651  0.161279
-0.419664  0.404656  0.161255
-0.419664  0.404656  0.160862
-0.419664  0.404657  0.16082
-0.419664  0.404681  0.160434
-0.419664  0.404688  0.16012
-0.419664  0.404693  0.160096
-0.419664  0.404712  0.159651
-0.419664  0.404718  0.159627
-0.419664  0.404736  0.159202
-0.419664  0.404747  0.158904
-0.419664  0.404753  0.15888
-0.419664  0.404757  0.158441
-0.419664  0.404758  0.15842
-0.419664  0.404785  0.158009
-0.419664  0.404796  0.157711
-0.419664  0.404801  0.157687
-0.419664  0.404829  0.157254
-0.419664  0.404868  0.156981
-0.419664  0.404868  0.156961
-0.419664  0.404881  0.156534
-0.419664  0.404886  0.156489
-0.419664  0.404913  0.156077
-0.419664  0.404918  0.156053
-0.419664  0.404945  0.155619
-0.419664  0.404969  0.155311
-0.419664  0.404975  0.155287
-0.419664  0.404992  0.154836
-0.419664  0.404997  0.154812
-0.419664  0.405032  0.154413
-0.419664  0.405014  0.15436
-0.419664  0.405049  0.15394
-0.419664  0.405055  0.153895
-0.419664  0.405084  0.153479
-0.419664  0.405098  0.153155
-0.419664  0.405103  0.153131
-0.419664  0.405128  0.152717
-0.419664  0.405133  0.152672
-0.419664  0.405167  0.152251
-0.419664  0.405185  0.151945
-0.419664  0.405185  0.151924
-0.419664  0.405214  0.15157
-0.419664  0.405219  0.151546
-0.419664  0.405252  0.151146
-0.419664  0.405269  0.150882
-0.419664  0.405274  0.150857
-0.419664  0.405312  0.150475
-0.419664  0.405312  0.150454
-0.419664  0.405331  0.15004
-0.419664  0.405366  0.149766
-0.419664  0.405371  0.149741
-0.419664  0.405384  0.14933
-0.419664  0.405389  0.149306
-0.419664  0.40544  0.148895
-0.419664  0.405461  0.148585
-0.419664  0.405466  0.148561
-0.419664  0.405497  0.14816
-0.419664  0.405523  0.147889
-0.419664  0.405528  0.147865
-0.419664  0.405569  0.147501
-0.419664  0.405569  0.14748
-0.419664  0.405604  0.147097
-0.419664  0.405609  0.147073
-0.419664  0.405644  0.146711
-0.419664  0.405688  0.146451
-0.419664  0.405688  0.14643
-0.419664  0.405727  0.146044
-0.419664  0.405727  0.146022
-0.419664  0.405785  0.145669
-0.419664  0.405809  0.145398
-0.419664  0.405814  0.145352
-0.419664  0.405848  0.144969
-0.419664  0.405891  0.144687
-0.419664  0.405895  0.144663
-0.419664  0.405933  0.144234
-0.419664  0.405938  0.14421
-0.419664  0.405971  0.143848
-0.419664  0.405971  0.143827
-0.419664  0.406004  0.143464
-0.419664  0.406023  0.143196
-0.419664  0.406028  0.143172
-0.419664  0.40606  0.142831
-0.419664  0.406065  0.142806
-0.419664  0.406078  0.142412
-0.419664  0.406097  0.142143
-0.419664  0.406096  0.142122
-0.419664  0.406123  0.141762
-0.419664  0.406128  0.141738
-0.419664  0.406131  0.141348
-0.419664  0.406136  0.141324
-0.419664  0.406162  0.1409
-0.419664  0.40617  0.140636
-0.419664  0.406175  0.140612
-0.419664  0.406182  0.140198
-0.419664  0.406187  0.140174
-0.419664  0.406194  0.139803
-0.419664  0.406206  0.139558
-0.419664  0.406206  0.139537
-0.419664  0.406232  0.139198
-0.419664  0.406236  0.139173
-0.419664  0.406239  0.138848
-0.419664  0.406251  0.138603
-0.419664  0.406237  0.138567
-0.419664  0.406234  0.138244
-0.419664  0.406239  0.13822
-0.419664  0.406236  0.137897
-0.419664  0.406236  0.137875
-0.419664  0.406233  0.137531
-0.419664  0.406235  0.137291
-0.419664  0.406239  0.137267
-0.419664  0.40625  0.136914
-0.419664  0.406233  0.136641
-0.419664  0.406232  0.13662
-0.419664  0.406247  0.136264
-0.419664  0.406251  0.13624
-0.419664  0.406243  0.135919
-0.419664  0.406247  0.135895
-0.419664  0.406252  0.135565
-0.419664  0.406254  0.135347
-0.419664  0.406235  0.135314
-0.419664  0.40624  0.135007
-0.419664  0.406245  0.134982
-0.419664  0.406244  0.134634
-0.419664  0.406249  0.13461
-0.419664  0.406253  0.13428
-0.419664  0.406253  0.134259
-0.419664  0.406252  0.133931
-0.419664  0.406248  0.133693
-0.419664  0.406248  0.133672
-0.419664  0.406265  0.133312
-0.419664  0.406264  0.13329
-0.419664  0.406277  0.132933
-0.419664  0.406286  0.132708
-0.419664  0.406285  0.132665
-0.419664  0.406298  0.132329
-0.419664  0.406297  0.132307
-0.419664  0.406314  0.13199
-0.419664  0.406324  0.131765
-0.419664  0.406323  0.131743
-0.419664  0.406335  0.131428
-0.419664  0.406339  0.131404
-0.419664  0.406351  0.131067
-0.419664  0.40636  0.130842
-0.419664  0.406359  0.13082
-0.419664  0.406394  0.130492
-0.419664  0.406393  0.13047
-0.419664  0.406404  0.130133
-0.419664  0.406403  0.130111
-0.419664  0.406437  0.12976
-0.419664  0.406436  0.129738
-0.419664  0.406465  0.129412
-0.419664  0.406469  0.129387
-0.419664  0.406498  0.129082
-0.419664  0.406525  0.128867
-0.419664  0.406525  0.128845
-0.419664  0.406559  0.128559
-0.419664  0.406558  0.128537
-0.419664  0.406588  0.128254
-0.419664  0.40661  0.128063
-0.419664  0.406614  0.128038
-0.419664  0.406639  0.127757
-0.419664  0.406638  0.127735
-0.419664  0.406666  0.127429
-0.419664  0.406688  0.127238
-0.419664  0.406688  0.127216
-0.419664  0.406712  0.126934
-0.419664  0.406711  0.126912
-0.419664  0.406735  0.12663
-0.419664  0.406756  0.126395
-0.419664  0.40676  0.12637
-0.419664  0.40676  0.126058
-0.419664  0.406764  0.126055
-0.419664  0.406787  0.125751
-0.419664  0.406787  0.125729
-0.419664  0.406791  0.125436
-0.419664  0.406791  0.125414
-0.419664  0.406796  0.125142
-0.419664  0.406796  0.12512
-0.419664  0.406796  0.124851
-0.419664  0.4068  0.12467
-0.419664  0.406799  0.124648
-0.419664  0.406804  0.124376
-0.419664  0.406804  0.124354
-0.419664  0.406822  0.124095
-0.419664  0.406825  0.123892
-0.419664  0.406824  0.123869
-0.419664  0.406829  0.123597
-0.419664  0.406829  0.123597
-0.419664  0.406834  0.123325
-0.419664  0.406837  0.123143
-0.419664  0.406836  0.123121
-0.419664  0.40684  0.122849
-0.419664  0.406839  0.122827
-0.419664  0.406844  0.122554
-0.419664  0.406869  0.122358
-0.419664  0.406868  0.122336
-0.419664  0.406871  0.122041
-0.419664  0.406871  0.122041
-0.419664  0.406881  0.121788
-0.419664  0.40688  0.121766
-0.419664  0.406906  0.121501
-0.419664  0.406906  0.121479
-0.419664  0.406914  0.121203
-0.419664  0.406918  0.121179
-0.419664  0.406946  0.120959
-0.419664  0.406953  0.120774
-0.419664  0.406957  0.120772
-0.419664  0.406969  0.120493
-0.419664  0.406969  0.120493
-0.419664  0.407005  0.120224
-0.419664  0.407004  0.120201
-0.419664  0.407022  0.119965
-0.419664  0.407056  0.119786
-0.419664  0.40706  0.119762
-0.419664  0.407077  0.119503
-0.419664  0.407081  0.119479
-0.419664  0.407098  0.11922
-0.419664  0.407131  0.119019
-0.419664  0.407134  0.118995
-0.419664  0.407156  0.118733
-0.419664  0.407155  0.118711
-0.419664  0.40718  0.118448
-0.419664  0.407214  0.118269
-0.419664  0.407213  0.118247
-0.419664  0.407235  0.118008
-0.419664  0.407255  0.117838
-0.419664  0.407254  0.117816
-0.419664  0.40728  0.117574
-0.419664  0.407279  0.117552
-0.419664  0.407306  0.117333
-0.419664  0.407305  0.117311
-0.419664  0.407327  0.117072
-0.419664  0.407342  0.116904
-0.419664  0.407346  0.11688
-0.419664  0.407392  0.116602
-0.419664  0.407392  0.116602
-0.419664  0.407427  0.116356
-0.419664  0.407446  0.116187
-0.419664  0.40745  0.116162
-0.419664  0.407475  0.115921
-0.419664  0.407474  0.115898
-0.419664  0.407527  0.115663
-0.419664  0.40753  0.115639
-0.419664  0.407558  0.115373
-0.419664  0.407585  0.115176
-0.419664  0.407585  0.115176
-0.419664  0.407641  0.114917
-0.419664  0.407645  0.114914
-0.419664  0.407688  0.114687
-0.419664  0.407716  0.114513
-0.419664  0.407715  0.11449
-0.419664  0.407757  0.11424
-0.419664  0.40776  0.114215
-0.419664  0.407785  0.113977
-0.419664  0.407814  0.113848
-0.419664  0.407818  0.113823
-0.419664  0.407852  0.113622
-0.419664  0.407856  0.113598
-0.419664  0.407895  0.113395
-0.419664  0.40792  0.113268
-0.419664  0.407923  0.113243
-0.419664  0.407959  0.113065
-0.419664  0.407962  0.11304
-0.419664  0.407986  0.112825
-0.419664  0.40801  0.112675
-0.419664  0.408013  0.112651
-0.419664  0.408053  0.11247
-0.419664  0.408052  0.112448
-0.419664  0.408092  0.11229
-0.419664  0.408107  0.112148
-0.419664  0.408107  0.112148
-0.419664  0.408149  0.111944
-0.419664  0.408152  0.111919
-0.419664  0.408176  0.111704
-0.419664  0.408212  0.111548
-0.419664  0.408215  0.111524
-0.419664  0.408243  0.111306
-0.419664  0.408247  0.111304
-0.419664  0.408293  0.111098
-0.419664  0.408297  0.111074
-0.419664  0.408325  0.110879
-0.419664  0.408328  0.110854
-0.419664  0.408371  0.110673
-0.419664  0.408356  0.110637
-0.419664  0.408398  0.110456
-0.419664  0.408412  0.110314
-0.419664  0.408416  0.110312
-0.419664  0.408467  0.110127
-0.419664  0.408467  0.110127
-0.419664  0.408495  0.109932
-0.419664  0.408527  0.109825
-0.419664  0.40853  0.1098
-0.419664  0.408555  0.109631
-0.419664  0.408558  0.109606
-0.419664  0.408612  0.109419
-0.419664  0.408627  0.1093
-0.419664  0.40863  0.109276
-0.419664  0.408676  0.109115
-0.419664  0.40868  0.109113
-0.419664  0.408707  0.10892
-0.419664  0.40874  0.108812
-0.419664  0.408743  0.108788
-0.419664  0.408761  0.108598
-0.419664  0.408765  0.108596
-0.419664  0.408801  0.108395
-0.419664  0.408806  0.10828
-0.419664  0.408809  0.108256
-0.419664  0.408843  0.108102
-0.419664  0.408847  0.1081
-0.419664  0.408865  0.10791
-0.419664  0.408888  0.107807
-0.419664  0.408887  0.107784
-0.419664  0.408916  0.107632
-0.419664  0.408897  0.107599
-0.419664  0.408924  0.107424
-0.419664  0.408942  0.1073
-0.419664  0.408942  0.1073
-0.419664  0.408969  0.107103
-0.419664  0.408969  0.107103
-0.419664  0.408971  0.106874
-0.419664  0.408988  0.106728
-0.419664  0.408988  0.106728
-0.419664  0.409012  0.106508
-0.419664  0.409011  0.106485
-0.419664  0.409037  0.106288
-0.419664  0.409037  0.106288
-0.419664  0.409057  0.10607
-0.419664  0.409057  0.10607
-0.419664  0.409079  0.105875
-0.419664  0.409092  0.105753
-0.419664  0.409095  0.105728
-0.419664  0.409118  0.105556
-0.419664  0.409118  0.105556
-0.419664  0.409136  0.105385
-0.419664  0.409131  0.105252
-0.419664  0.409134  0.105228
-0.419664  0.40915  0.105081
-0.419664  0.409152  0.105057
-0.419664  0.409172  0.104908
-0.419664  0.409185  0.104786
-0.419664  0.409185  0.104786
-0.419664  0.409204  0.104615
-0.419664  0.409202  0.104593
-0.419664  0.409201  0.104389
-0.419664  0.409218  0.104265
-0.419664  0.409218  0.104265
-0.419664  0.40924  0.104092
-0.419664  0.40924  0.104092
-0.419664  0.409262  0.103919
-0.419664  0.409262  0.103919
-0.419664  0.40928  0.103749
-0.419664  0.409292  0.103627
-0.419664  0.409295  0.103602
-0.419664  0.409313  0.103431
-0.419664  0.409315  0.103407
-0.419664  0.409333  0.103236
-0.419664  0.409367  0.103123
-0.419664  0.40937  0.103099
-0.419664  0.409387  0.102928
-0.419664  0.40939  0.102903
-0.419664  0.409411  0.102731
-0.419664  0.409432  0.102605
-0.419664  0.40943  0.102583
-0.419664  0.409455  0.102408
-0.419664  0.409455  0.102408
-0.419664  0.40948  0.102234
-0.419664  0.4095  0.102109
-0.419664  0.409499  0.102086
-0.419664  0.409528  0.10191
-0.419664  0.409526  0.101887
-0.419664  0.409552  0.101736
-0.419664  0.40957  0.101635
-0.419664  0.409572  0.10161
-0.419664  0.409601  0.101435
-0.419664  0.409605  0.101433
-0.419664  0.409631  0.101282
-0.419664  0.40965  0.101156
-0.419664  0.40965  0.101156
-0.419664  0.409664  0.100968
-0.419664  0.409668  0.100966
-0.419664  0.409702  0.100812
-0.419664  0.4097  0.100789
-0.419664  0.409729  0.100636
-0.419664  0.40975  0.100534
-0.419664  0.409753  0.100509
-0.419664  0.409786  0.100355
-0.419664  0.40981  0.100251
-0.419664  0.409813  0.100226
-0.419664  0.409833  0.100082
-0.419664  0.409833  0.100082
-0.419664  0.409875  0.0999473
-0.419664  0.409885  0.0998311
-0.419664  0.409889  0.0998294
-0.419664  0.409931  0.0996946
-0.419664  0.409915  0.0996597
-0.419664  0.409961  0.0995233
-0.419664  0.409967  0.0994089
-0.419664  0.40997  0.0994073
-0.419664  0.409998  0.0992605
-0.419664  0.409978  0.0992272
-0.419664  0.410005  0.0990805
-0.419664  0.41002  0.0989858
-0.419664  0.410022  0.0989615
-0.419664  0.410049  0.098815
-0.419664  0.410053  0.0988134
-0.419664  0.410058  0.0986581
-0.419664  0.410089  0.0985514
-0.419664  0.410093  0.0985498
-0.419664  0.410101  0.0983931
-0.419664  0.410108  0.0983899
-0.419664  0.410119  0.0982091
-0.419664  0.410137  0.0981132
-0.419664  0.410143  0.0980874
-0.419664  0.410158  0.0979279
-0.419664  0.410162  0.0979263
-0.419664  0.410177  0.097767
-0.419664  0.410177  0.0976609
-0.419664  0.410181  0.0976594
-0.419664  0.410213  0.0975108
-0.419664  0.410199  0.0974988
-0.419664  0.410237  0.0973716
-0.419664  0.410258  0.0972748
-0.419664  0.41026  0.0972506
-0.419664  0.41028  0.0971131
-0.419664  0.410284  0.0971116
-0.419664  0.410307  0.0969728
-0.419664  0.410335  0.0968734
-0.419664  0.410324  0.0968599
-0.419664  0.410349  0.0966973
-0.419664  0.410356  0.0966944
-0.419664  0.41039  0.0965517
-0.419664  0.410397  0.0964663
-0.419664  0.410403  0.0964407
-0.419664  0.410419  0.0963107
-0.419664  0.410403  0.0962761
-0.419664  0.410441  0.0961554
-0.419664  0.410427  0.0961434
-0.419664  0.410438  0.0959927
-0.419664  0.41045  0.0958824
-0.419664  0.410454  0.095881
-0.419664  0.410462  0.0957372
-0.419664  0.410467  0.0957117
-0.419664  0.41047  0.095547
-0.419664  0.410477  0.0955442
-0.419664  0.410476  0.0953812
-0.419664  0.410474  0.0952599
-0.419664  0.410481  0.0952571
-0.419664  0.410477  0.095072
-0.419664  0.410484  0.0950693
-0.419664  0.410483  0.0949071
-0.419664  0.410478  0.0948103
-0.419664  0.410461  0.0947759
-0.419664  0.410464  0.0946356
-0.419664  0.410466  0.0946116
-0.419664  0.410472  0.0944702
-0.419664  0.410468  0.09435
-0.419664  0.410475  0.0943474
-0.419664  0.410456  0.0941988
-0.419664  0.410458  0.0941749
-0.419664  0.410453  0.0940383
-0.419664  0.410448  0.0939187
-0.419664  0.410455  0.0939161
-0.419664  0.410446  0.0937812
-0.419664  0.410448  0.0937573
-0.419664  0.410442  0.0936214
-0.419664  0.410452  0.093514
-0.419664  0.410441  0.0935011
-0.419664  0.410454  0.0933521
-0.419664  0.410461  0.0933496
-0.419664  0.410476  0.0932235
-0.419664  0.410464  0.0931075
-0.419664  0.41047  0.093105
-0.419664  0.410463  0.0929702
-0.419664  0.41047  0.0929678
-0.419664  0.410445  0.092823
-0.419664  0.410449  0.0928218
-0.419664  0.410417  0.0926798
-0.419664  0.41041  0.0925858
-0.419664  0.410413  0.0925846
-0.419664  0.410409  0.0924496
-0.419664  0.410415  0.0924472
-0.419664  0.410412  0.0923351
-0.419664  0.410419  0.0923327
-0.419664  0.410425  0.0922108
-0.419664  0.410428  0.0922097
-0.419664  0.410431  0.0920892
-0.419664  0.410416  0.0919984
-0.419664  0.410423  0.0919961
-0.419664  0.410424  0.0918996
-0.419664  0.410427  0.0918985
-0.419664  0.410402  0.0917717
-0.419664  0.410402  0.0916926
-0.419664  0.410405  0.0916915
-0.419664  0.410379  0.0915887
-0.419664  0.410383  0.0915639
-0.419664  0.410374  0.0914715
-0.419664  0.410375  0.0914152
-0.419664  0.410378  0.091414
-0.419664  0.410353  0.091288
-0.419664  0.410356  0.0912869
-0.419664  0.410364  0.091205
-0.419664  0.41036  0.0911275
-0.419664  0.410346  0.0911163
-0.419664  0.410354  0.0910346
-0.419664  0.410357  0.0910335
-0.419664  0.410339  0.0909214
-0.419664  0.410342  0.0909203
-0.419664  0.410344  0.090841
-0.419664  0.410347  0.0908399
-0.419664  0.410328  0.0907516
-0.419664  0.410332  0.0906879
-0.419664  0.410317  0.0906767
-0.419664  0.410313  0.0905997
-0.419664  0.410316  0.0905987
-0.419664  0.410308  0.0905228
-0.419664  0.410294  0.0904492
-0.419664  0.410297  0.0904481
-0.419664  0.410292  0.0903713
-0.419664  0.410292  0.0903713
-0.419664  0.410286  0.0903182
-0.419664  0.410272  0.0902447
-0.419664  0.410272  0.0902447
-0.419664  0.410265  0.0901916
-0.419664  0.410269  0.0901905
-0.419664  0.410257  0.0901161
-0.419664  0.410239  0.0900672
-0.419664  0.41024  0.0900437
-0.419664  0.410228  0.0899929
-0.419664  0.410231  0.0899918
-0.419664  0.410216  0.0899185
-0.419664  0.410212  0.0898809
-0.419664  0.410198  0.0898698
-0.419664  0.410201  0.0898066
-0.419664  0.410201  0.0898066
-0.419664  0.410189  0.0897324
-0.419664  0.410188  0.0896938
-0.419664  0.410188  0.0896938
-0.419664  0.410174  0.0896206
-0.419664  0.410174  0.0896206
-0.419664  0.410174  0.0895586
-0.419664  0.410168  0.0894986
-0.419664  0.410153  0.0894875
-0.419664  0.410151  0.0894031
-0.419664  0.410154  0.0894021
-0.419664  0.410157  0.0893391
-0.419664  0.410169  0.0892892
-0.419664  0.41017  0.0892657
-0.419664  0.410171  0.0891803
-0.419664  0.410171  0.0891803
-0.419664  0.410178  0.0891549
-0.419664  0.410198  0.0890561
-0.419664  0.410212  0.0890052
-0.419664  0.410212  0.0890052
-0.419664  0.410211  0.0888974
-0.419664  0.410212  0.088874
-0.419664  0.41023  0.0887987
-0.419664  0.410243  0.0887254
-0.419664  0.410243  0.0887254
-0.419664  0.410261  0.0886502
-0.419664  0.410264  0.0886493
-0.419664  0.410282  0.0885741
-0.419664  0.410291  0.0885019
-0.419664  0.410291  0.0885019
-0.419664  0.410309  0.0884267
-0.419664  0.410321  0.088377
-0.419664  0.410322  0.0883535
-0.419664  0.410337  0.0882794
-0.419664  0.410337  0.0882794
-0.419664  0.410353  0.0881819
-0.419664  0.410356  0.0881809
-0.419664  0.410354  0.0880734
-0.419664  0.410366  0.0880003
-0.419664  0.410366  0.0880003
-0.419664  0.410379  0.0879038
-0.419664  0.410378  0.0878813
-0.419664  0.410388  0.0877857
-0.419664  0.410397  0.0877136
-0.419664  0.410397  0.0877136
-0.419664  0.410387  0.0875856
-0.419664  0.410387  0.0875856
-0.419664  0.410395  0.0874675
-0.419664  0.410384  0.0873864
-0.419664  0.410387  0.0873855
-0.419664  0.410374  0.0872584
-0.419664  0.410377  0.0872575
-0.419664  0.410382  0.0871404
-0.419664  0.410371  0.0870592
-0.419664  0.410371  0.0870592
-0.419664  0.410376  0.0869421
-0.419664  0.410376  0.0869421
-0.419664  0.410366  0.0868142
-0.419664  0.410369  0.0867439
-0.419664  0.410372  0.086743
-0.419664  0.410359  0.086616
-0.419664  0.410359  0.086616
-0.419664  0.410347  0.0864889
-0.419664  0.410348  0.0863962
-0.419664  0.410351  0.0863953
-0.419664  0.410338  0.0862682
-0.419664  0.410338  0.0862682
-0.419664  0.410327  0.0861638
-0.419664  0.410333  0.0860926
-0.419664  0.410331  0.0860701
-0.419664  0.410323  0.0859647
-0.419664  0.410323  0.0859647
-0.419664  0.41031  0.0858377
-0.419664  0.410316  0.0857666
-0.419664  0.410314  0.0857441
-0.419664  0.410303  0.0856396
-0.419664  0.410306  0.0856388
-0.419664  0.410307  0.0855226
-0.419664  0.410313  0.0854515
-0.419664  0.410313  0.0854515
-0.419664  0.410319  0.085357
-0.419664  0.41032  0.0853336
-0.419664  0.410309  0.0852291
-0.419664  0.410313  0.0851355
-0.419664  0.410313  0.0851355
-0.419664  0.410318  0.084995
-0.419664  0.410318  0.084995
-0.419664  0.410323  0.0848546
-0.419664  0.410324  0.0848312
-0.419664  0.410328  0.0847141
-0.419664  0.410331  0.0847133
-0.419664  0.410335  0.0845963
-0.419664  0.410338  0.0845954
-0.419664  0.410324  0.0844919
-0.419664  0.410324  0.0843991
-0.419664  0.410327  0.0843982
-0.419664  0.410329  0.084282
-0.419664  0.410327  0.0842595
-0.419664  0.410326  0.0841207
-0.419664  0.410306  0.0840188
-0.419664  0.410309  0.084018
-0.419664  0.410305  0.08388
-0.419664  0.410305  0.08388
-0.419664  0.410304  0.0837411
-0.419664  0.410304  0.0837411
-0.419664  0.410283  0.0835932
-0.419664  0.410283  0.0835004
-0.419664  0.410281  0.0834778
-0.419664  0.410277  0.0833397
-0.419664  0.410274  0.0832476
-0.419664  0.410274  0.0832476
-0.419664  0.410288  0.0831194
-0.419664  0.410286  0.0830968
-0.419664  0.410279  0.0829595
-0.419664  0.410279  0.0829595
-0.419664  0.410272  0.0828222
-0.419664  0.410266  0.0827309
-0.419664  0.410264  0.0827082
-0.419664  0.410254  0.0825716
-0.419664  0.410254  0.0825716
-0.419664  0.41025  0.0824569
-0.419664  0.410244  0.0823655
-0.419664  0.410244  0.0823655
-0.419664  0.410236  0.0822515
-0.419664  0.410234  0.0822288
-0.419664  0.410249  0.0821465
-0.419664  0.410243  0.0820551
-0.419664  0.410243  0.0820551
-0.419664  0.410235  0.0819411
-0.419664  0.410233  0.0819184
-0.419664  0.410228  0.0818035
-0.419664  0.410228  0.0818035
-0.419664  0.410235  0.0816766
-0.419664  0.410229  0.0815851
-0.419664  0.410229  0.0815851
-0.419664  0.410219  0.0814483
-0.419664  0.410219  0.0814483
-0.419664  0.410226  0.0813213
-0.419664  0.410218  0.0812071
-0.419664  0.410218  0.0812071
-0.419664  0.410225  0.0810801
-0.419664  0.410225  0.0810801
-0.419664  0.410232  0.080953
-0.419664  0.41023  0.0809303
-0.419664  0.410237  0.0808032
-0.419664  0.410231  0.0807116
-0.419664  0.410229  0.0806889
-0.419664  0.410236  0.0805617
-0.419664  0.410234  0.080539
-0.419664  0.410241  0.0804118
-0.419664  0.410232  0.0802974
-0.419664  0.410232  0.0802974
-0.419664  0.410237  0.0801474
-0.419664  0.410237  0.0801474
-0.419664  0.410227  0.0799867
-0.419664  0.410233  0.0798829
-0.419664  0.410231  0.0798601
-0.419664  0.410221  0.0796994
-0.419664  0.410219  0.0796766
-0.419664  0.410223  0.0795265
-0.419664  0.410223  0.0795265
-0.419664  0.41023  0.0793755
-0.419664  0.410239  0.0792708
-0.419664  0.410239  0.0792708
-0.419664  0.410248  0.0791426
-0.419664  0.410248  0.0791426
-0.419664  0.410255  0.079015
-0.419664  0.410246  0.0789004
-0.419664  0.410246  0.0789004
-0.419664  0.41025  0.07875
-0.419664  0.410248  0.0787272
-0.419664  0.410252  0.0785768
-0.419664  0.410258  0.0784726
-0.419664  0.410258  0.0784726
-0.419664  0.410264  0.0783449
-0.419664  0.410264  0.0783449
-0.419664  0.410253  0.0782073
-0.419664  0.410258  0.0781031
-0.419664  0.410258  0.0781031
-0.419664  0.410264  0.0779753
-0.419664  0.410262  0.0779525
-0.419664  0.410248  0.077792
-0.419664  0.410239  0.0777006
-0.419664  0.410237  0.0776778
-0.419664  0.410245  0.0775727
-0.419664  0.410238  0.0774806
-0.419664  0.410238  0.0774806
-0.419664  0.410242  0.0773534
-0.419664  0.410242  0.0773534
-0.419664  0.41023  0.0772156
