9.90845  -0.348833  
9.90836  -0.348639  
9.33881  -0.0847489  
9.26205  -0.0498042  
8.34087  0.363982  
8.12697  0.400802  
8.12137  0.397183  
7.12614  0.782636  
7.02344  0.827604  
5.53353  1.46159  
4.98528  1.64802  
4.94034  1.66141  
0.384691  3.49584  
0.202994  3.30954  
-0.966791  3.25797  
-0.957453  3.21985  
-1.09439  3.11982  
-1.13354  3.13058  
-1.00645  2.7564  
-0.312964  2.20581  
-0.228631  2.15305  
0.748741  1.77018  
0.780717  1.75059  
1.71068  1.29354  
1.75337  1.27744  
2.67743  0.881571  
3.10786  0.716642  
3.08808  0.737435  
3.3699  0.538278  
3.37873  0.527898  
3.48889  0.463044  
3.29903  0.539374  
3.27297  0.546054  
3.06992  0.627955  
2.56868  0.738011  
2.06649  0.916215  
2.03193  0.923342  
1.17262  1.20084  
1.0497  1.22109  
0.201523  1.44018  
-0.531556  1.64714  
-0.539192  1.6356  
-1.11289  1.70106  
-1.15866  1.65355  
-1.37499  1.5818  
-1.37755  1.56632  
-1.42948  1.57064  
-1.36029  1.53947  
-1.33349  1.52596  
-0.764072  1.29887  
-0.707567  1.27304  
-0.187473  1.07499  
0.21895  0.959463  
0.240184  0.954853  
0.765989  0.738916  
0.986494  0.62114  
0.991772  0.617789  
1.30867  0.404157  
1.31105  0.402234  
1.29489  0.399046  
1.28863  0.397538  
1.0389  0.54438  
0.866787  0.585487  
0.863526  0.582275  
0.529076  0.735883  
0.489265  0.759873  
0.217057  0.889041  
0.218136  0.883191  
0.156422  0.893244  
0.134553  0.907417  
0.1363  0.900918  
0.366135  0.769067  
0.394518  0.751803  
0.635419  0.647891  
0.804992  0.633508  
0.807715  0.628705  
1.19729  0.416289  
1.20908  0.40863  
1.454  0.313563  
1.53921  0.257158  
1.59018  0.242395  
1.76005  0.132054  
1.74891  0.138511  
1.76673  0.147061  
1.77557  0.100996  
1.80174  0.0521167  
1.74225  0.0688301  
1.71126  0.0805549  
1.62562  0.103193  
1.53578  0.100327  
1.53049  0.108632  
1.40692  0.156302  
1.3431  0.205656  
1.2963  0.190692  
1.24334  0.153115  
1.24044  0.160732  
1.27116  0.0114716  
1.27438  0.00773694  
1.34896  -0.147226  
1.36645  -0.162232  
1.39939  -0.247187  
1.49447  -0.402744  
1.49865  -0.405249  
1.5377  -0.569779  
1.55103  -0.598934  
1.58063  -0.720533  
1.58836  -0.793418  
1.56072  -0.771628  
1.53986  -0.892671  
1.52065  -0.88508  
1.44474  -0.944439  
1.35154  -0.971622  
1.30306  -0.987752  
1.17649  -1.02116  
1.18478  -1.04393  
1.07153  -1.09008  
1.01239  -1.08687  
0.973626  -1.10941  
0.943978  -1.19744  
0.941827  -1.23468  
0.840801  -1.23724  
0.801078  -1.27147  
0.792513  -1.27057  
0.758722  -1.31284  
0.749345  -1.32137  
0.688875  -1.2922  
0.694974  -1.38253  
0.72064  -1.40375  
0.626739  -1.33241  
0.61726  -1.32871  
0.654051  -1.42048  
0.640005  -1.44221  
0.639239  -1.44573  
0.52307  -1.34684  
0.540425  -1.36452  
0.450224  -1.33055  
0.377948  -1.27715  
0.360812  -1.2546  
0.296346  -1.22597  
0.324924  -1.25662  
0.211338  -1.16862  
0.219968  -1.1643  
0.230065  -1.17548  
0.211355  -1.17464  
0.23848  -1.19473  
0.278838  -1.23269  
0.304743  -1.21485  
0.303163  -1.2141  
0.358158  -1.21643  
0.394659  -1.24094  
0.414903  -1.21495  
0.504894  -1.20509  
0.493015  -1.19063  
0.588439  -1.19853  
0.612176  -1.22208  
0.666184  -1.1735  
0.662099  -1.17514  
0.763874  -1.2091  
0.798968  -1.20069  
0.812161  -1.211  
0.900885  -1.25323  
0.888335  -1.24113  
0.940631  -1.24941  
0.952679  -1.23359  
0.957328  -1.23018  
0.983602  -1.20816  
0.995275  -1.22018  
1.0409  -1.20332  
1.10254  -1.22523  
1.09576  -1.21731  
1.17232  -1.18463  
1.20939  -1.19545  
1.20566  -1.1937  
1.26131  -1.19523  
1.27414  -1.16119  
1.30406  -1.16525  
1.34188  -1.15984  
1.34469  -1.16101  
1.40778  -1.16593  
1.41038  -1.16762  
1.41885  -1.14508  
1.41737  -1.14413  
1.4529  -1.15697  
1.47218  -1.15783  
1.47827  -1.15814  
1.50255  -1.17237  
1.50518  -1.17556  
1.56189  -1.20702  
1.57464  -1.22227  
1.57463  -1.21286  
1.6038  -1.25262  
1.60621  -1.25565  
1.61301  -1.24671  
1.61784  -1.23584  
1.61872  -1.22871  
1.64575  -1.22337  
1.65505  -1.21757  
1.66167  -1.21636  
1.67099  -1.21916  
1.69991  -1.22031  
1.71554  -1.21415  
1.71908  -1.217  
1.7405  -1.22444  
1.75853  -1.21528  
1.75126  -1.2132  
1.74586  -1.19427  
1.7553  -1.20081  
1.75402  -1.16878  
1.75825  -1.16142  
1.74198  -1.11011  
1.75147  -1.11268  
1.7487  -1.05502  
1.73061  -0.967803  
1.73655  -0.973538  
1.75569  -0.943497  
1.73692  -0.917091  
1.73109  -0.879832  
1.74836  -0.863942  
1.73868  -0.857316  
1.73954  -0.83913  
1.75272  -0.838351  
1.74064  -0.835066  
1.71617  -0.828459  
1.70275  -0.81638  
1.66426  -0.768263  
1.66176  -0.761786  
1.64532  -0.755198  
1.61307  -0.733703  
1.60456  -0.712995  
1.58643  -0.718398  
1.58527  -0.720031  
1.5973  -0.743897  
1.57894  -0.738139  
1.58028  -0.733043  
1.60151  -0.780265  
1.59843  -0.801958  
1.6035  -0.831659  
1.59467  -0.825018  
1.60501  -0.881232  
1.59619  -0.874039  
1.59169  -0.893153  
1.5841  -0.899001  
1.57553  -0.891653  
1.59327  -0.955674  
1.5822  -0.948151  
1.58555  -1.01155  
1.58373  -1.00237  
1.56402  -1.0255  
1.55753  -1.006  
1.55909  -1.00083  
1.53487  -0.973654  
1.5327  -0.971795  
1.50916  -0.955436  
1.51299  -0.961218  
1.50971  -0.984619  
1.51949  -1.03274  
1.51726  -1.00712  
1.52621  -1.00741  
1.53947  -1.03307  
1.55682  -1.04241  
1.52749  -1.05342  
1.53125  -1.05856  
1.52533  -1.09339  
1.52912  -1.09813  
1.51992  -1.08866  
1.49853  -1.02635  
1.50252  -1.03191  
1.46725  -1.04479  
1.46529  -1.05111  
1.44022  -1.07558  
1.43282  -1.10971  
1.43095  -1.13083  
1.40175  -1.10774  
1.37757  -1.08327  
1.3462  -1.07631  
1.32979  -1.09983  
1.32901  -1.10529  
1.329  -1.14175  
1.33438  -1.14587  
1.3194  -1.11992  
1.31378  -1.11062  
1.28685  -1.06086  
1.28508  -1.08862  
1.29547  -1.09932  
1.29289  -1.14716  
1.29231  -1.15221  
1.27059  -1.16191  
1.25596  -1.15028  
1.25732  -1.13924  
1.20422  -1.1011  
1.1982  -1.10901  
1.13498  -1.08674  
1.11604  -1.12606  
1.11178  -1.11576  
1.08667  -1.12805  
1.07767  -1.1201  
1.05132  -1.09325  
1.02159  -1.11497  
1.01853  -1.11984  
1.01931  -1.1765  
1.00236  -1.16671  
1.01394  -1.18037  
0.997209  -1.16346  
0.966161  -1.11184  
0.967905  -1.11611  
0.924183  -1.08475  
0.908078  -1.08855  
0.886411  -1.05646  
0.827347  -1.00113  
0.829906  -1.00574  
0.776874  -0.932394  
0.756857  -0.910204  
0.748062  -0.91229  
0.73368  -0.922958  
0.685407  -0.886282  
0.688799  -0.891235  
0.676932  -0.885001  
0.680449  -0.890079  
0.709583  -0.943512  
0.720655  -0.939909  
0.724217  -0.979146  
0.730412  -1.01562  
0.727847  -1.00402  
0.684727  -0.928509  
0.687914  -0.933049  
0.657022  -0.873899  
0.64604  -0.871963  
0.643209  -0.867162  
0.608483  -0.809755  
0.612136  -0.815146  
0.584885  -0.769421  
0.573294  -0.749099  
0.568674  -0.745036  
0.535845  -0.714432  
0.543163  -0.727573  
0.574903  -0.793197  
0.59389  -0.825145  
0.590133  -0.829042  
0.589201  -0.840709  
0.587008  -0.830334  
0.602015  -0.845383  
0.59393  -0.835755  
0.599991  -0.841521  
0.603549  -0.846775  
0.619163  -0.858539  
0.626332  -0.879746  
0.624089  -0.869497  
0.595281  -0.845582  
0.606965  -0.859354  
0.610659  -0.866436  
0.613245  -0.882169  
0.613413  -0.897223  
0.642016  -0.925125  
0.664329  -0.953476  
0.67652  -0.955245  
0.678672  -0.9183  
0.691149  -0.918717  
0.684432  -0.87532  
0.690529  -0.870385  
0.706405  -0.883913  
0.73204  -0.911725  
0.727129  -0.899018  
0.739926  -0.882837  
0.750911  -0.879612  
0.748574  -0.871788  
0.758559  -0.857725  
0.756188  -0.850082  
0.78238  -0.872911  
0.801629  -0.882498  
0.800374  -0.859564  
0.802391  -0.844207  
0.799031  -0.83952  
0.79352  -0.830247  
0.785568  -0.813434  
0.782294  -0.807986  
0.800135  -0.822035  
0.794865  -0.814302  
0.796245  -0.797396  
0.793811  -0.781206  
0.809058  -0.797225  
0.822323  -0.81004  
0.838348  -0.821371  
0.857931  -0.82826  
0.851698  -0.839204  
0.866274  -0.855059  
0.869653  -0.850968  
0.885612  -0.87935  
0.899506  -0.89492  
0.877971  -0.877458  
0.866241  -0.856246  
0.866801  -0.845468  
0.864504  -0.840489  
0.878742  -0.861263  
0.890144  -0.872587  
0.899126  -0.891059  
0.911378  -0.897862  
0.89362  -0.88107  
0.875688  -0.85741  
0.890062  -0.874046  
0.901137  -0.873309  
0.89376  -0.871187  
0.890051  -0.857372  
0.898441  -0.844269  
0.891121  -0.842623  
0.872704  -0.814621  
0.886808  -0.83174  
0.886286  -0.832707  
0.896346  -0.834408  
0.88913  -0.833231  
0.855317  -0.795887  
0.848464  -0.77702  
0.838246  -0.777356  
0.827199  -0.762402  
0.830585  -0.754562  
0.833156  -0.755979  
0.83617  -0.753164  
0.830554  -0.731113  
0.836015  -0.737502  
0.862148  -0.789282  
0.875848  -0.82142  
0.874205  -0.818291  
0.879343  -0.843758  
0.877271  -0.851433  
0.868913  -0.871785  
0.849812  -0.878592  
0.85734  -0.899978  
0.848204  -0.918561  
0.850446  -0.922829  
0.863843  -0.941504  
0.852273  -0.94036  
0.858567  -0.958615  
0.850385  -0.924751  
0.865317  -0.924688  
0.85753  -0.89754  
0.840811  -0.864264  
0.848112  -0.877405  
0.813877  -0.824748  
0.825779  -0.842216  
0.788938  -0.79329  
0.783319  -0.793487  
0.788615  -0.806024  
0.788899  -0.825992  
0.780854  -0.826397  
0.771806  -0.833712  
0.772977  -0.829593  
0.776299  -0.827379  
0.759852  -0.82391  
0.752856  -0.828947  
0.751  -0.809793  
0.751504  -0.813333  
0.731466  -0.775456  
0.687452  -0.714634  
0.703872  -0.734263  
0.702191  -0.721392  
0.692503  -0.71947  
0.701159  -0.751769  
0.699538  -0.731506  
0.698955  -0.710595  
0.665397  -0.692884  
0.659515  -0.674751  
0.652316  -0.693791  
0.61176  -0.651729  
0.610904  -0.649998  
0.580828  -0.628003  
0.574205  -0.62302  
0.570483  -0.605323  
0.530782  -0.578373  
0.520615  -0.572159  
0.518687  -0.545551  
0.518048  -0.551567  
0.520759  -0.54719  
0.539086  -0.567973  
0.53849  -0.571382  
0.533564  -0.576965  
0.549246  -0.597915  
0.538475  -0.601651  
0.540934  -0.608771  
0.570039  -0.65173  
0.569891  -0.637722  
0.576203  -0.672851  
0.54072  -0.606711  
0.549166  -0.621493  
0.5452  -0.586407  
0.552806  -0.607026  
0.550705  -0.607171  
0.527658  -0.59203  
0.523805  -0.592081  
0.52364  -0.615715  
0.494192  -0.619398  
0.485625  -0.61149  
0.482022  -0.62562  
0.479226  -0.626076  
0.470396  -0.621633  
0.467876  -0.629454  
0.47232  -0.645006  
0.47549  -0.628797  
0.475085  -0.628051  
0.475033  -0.634293  
0.473952  -0.623218  
0.47248  -0.62589  
0.479514  -0.612055  
0.468813  -0.597247  
0.471345  -0.602657  
0.480347  -0.610943  
0.463141  -0.599932  
0.477005  -0.631915  
0.481882  -0.62847  
0.473617  -0.641948  
0.473894  -0.649429  
0.446214  -0.654803  
0.403695  -0.632912  
0.404088  -0.640529  
0.384012  -0.616819  
0.389093  -0.643732  
0.384437  -0.586203  
0.349907  -0.540791  
0.342008  -0.529075  
0.354814  -0.493507  
0.3566  -0.481643  
0.377929  -0.496173  
0.41462  -0.517727  
0.414883  -0.518373  
0.415889  -0.505584  
0.40833  -0.499654  
0.412706  -0.540812  
0.408228  -0.525313  
0.433307  -0.571747  
0.430256  -0.592545  
0.413339  -0.572534  
0.399628  -0.542736  
0.398527  -0.54602  
0.367299  -0.536782  
0.361746  -0.523775  
0.340472  -0.517766  
0.327579  -0.504739  
0.333631  -0.509932  
0.311038  -0.470169  
0.316715  -0.468128  
0.32068  -0.455082  
0.328352  -0.437899  
0.330497  -0.430698  
0.348323  -0.449976  
0.362329  -0.448576  
0.352001  -0.46105  
0.372197  -0.479123  
0.363509  -0.468879  
0.354916  -0.490372  
0.324108  -0.47193  
0.324187  -0.47694  
0.314498  -0.483434  
0.31074  -0.490187  
0.296224  -0.460135  
0.278803  -0.434164  
0.279456  -0.439822  
0.298984  -0.486357  
0.302172  -0.493502  
0.311848  -0.478554  
0.313973  -0.490735  
0.319264  -0.492464  
0.320756  -0.517256  
0.316662  -0.506687  
0.312162  -0.484521  
0.307504  -0.478138  
0.328734  -0.512436  
0.325407  -0.514948  
0.326002  -0.521833  
0.329902  -0.553955  
0.33056  -0.560875  
0.317914  -0.555218  
0.28452  -0.498513  
0.29119  -0.499042  
0.286105  -0.510117  
0.282883  -0.500891  
0.268759  -0.476067  
0.266239  -0.486492  
0.260197  -0.465783  
0.276236  -0.496578  
0.269817  -0.488874  
0.303421  -0.559935  
0.319366  -0.600266  
0.330356  -0.622534  
0.319071  -0.596508  
0.317753  -0.60982  
0.320841  -0.595045  
0.350553  -0.634277  
0.351473  -0.64325  
0.326561  -0.603225  
0.331226  -0.59217  
0.344979  -0.600043  
0.339807  -0.575354  
0.328682  -0.559266  
0.329867  -0.576265  
0.331886  -0.582536  
0.328642  -0.616743  
0.317522  -0.605287  
0.31252  -0.60008  
0.307422  -0.619202  
0.306166  -0.616073  
0.289652  -0.63197  
0.277612  -0.610402  
0.271945  -0.593955  
0.29406  -0.580292  
0.297982  -0.571715  
0.297032  -0.532664  
0.32418  -0.542332  
0.330501  -0.549048  
0.335623  -0.545874  
0.333703  -0.542032  
0.310626  -0.518704  
0.301431  -0.485791  
0.306217  -0.497626  
0.292941  -0.524612  
0.295621  -0.539819  
0.304581  -0.552057  
0.302066  -0.57202  
0.30505  -0.617466  
0.342273  -0.683633  
0.34168  -0.682246  
0.340189  -0.723337  
0.359549  -0.793945  
0.363045  -0.783692  
0.366556  -0.831103  
0.371003  -0.816078  
0.366127  -0.836656  
0.358637  -0.785878  
0.357506  -0.783542  
0.300643  -0.681498  
0.305167  -0.673912  
0.305894  -0.580203  
0.289105  -0.521401  
0.291463  -0.538526  
0.291688  -0.580895  
0.299769  -0.556047  
0.31205  -0.634369  
0.312269  -0.667681  
0.319046  -0.677464  
0.342749  -0.731659  
0.344228  -0.748553  
0.364353  -0.84464  
0.357215  -0.826495  
0.373244  -0.832337  
0.37305  -0.825418  
0.372597  -0.823652  
0.348011  -0.767248  
0.349327  -0.784981  
0.353946  -0.761372  
0.345694  -0.759481  
0.32947  -0.750607  
0.34322  -0.762001  
0.342722  -0.764094  
0.347057  -0.789114  
0.348264  -0.808176  
0.343877  -0.783989  
0.373817  -0.791113  
0.379708  -0.802349  
0.370173  -0.775684  
0.376424  -0.783316  
0.348078  -0.711571  
0.332568  -0.694238  
0.333993  -0.715035  
0.291784  -0.635052  
0.298764  -0.648121  
0.305605  -0.622221  
0.287592  -0.618593  
0.28441  -0.636754  
0.290878  -0.650401  
0.296431  -0.649548  
0.3328  -0.706024  
0.325438  -0.708517  
0.346282  -0.776946  
0.347194  -0.798428  
0.355977  -0.822242  
0.356633  -0.843634  
0.346881  -0.86379  
0.337034  -0.870959  
0.328558  -0.857198  
0.336083  -0.852558  
0.334002  -0.846841  
0.332747  -0.873958  
0.33594  -0.856574  
0.336507  -0.854104  
0.333595  -0.820784  
0.335143  -0.835059  
0.350642  -0.868659  
0.352556  -0.893853  
0.366072  -0.918246  
0.365131  -0.931169  
0.369826  -0.928849  
0.35769  -0.929569  
0.36304  -0.943755  
0.361512  -0.904855  
0.360737  -0.912756  
0.37444  -0.915366  
0.366241  -0.905858  
0.379273  -0.901849  
0.37829  -0.915753  
0.375714  -0.897387  
0.362126  -0.915035  
0.366866  -0.914383  
0.375143  -0.933655  
0.374243  -0.918519  
0.385442  -0.930623  
0.378601  -0.909268  
0.391044  -0.92657  
0.376391  -0.875319  
0.380924  -0.875767  
0.368783  -0.839109  
0.37412  -0.829153  
0.378707  -0.830182  
0.37046  -0.773942  
0.370961  -0.791559  
0.345517  -0.786384  
0.354123  -0.818192  
0.346246  -0.813014  
0.353967  -0.85194  
0.358748  -0.853465  
0.365417  -0.878066  
0.352155  -0.894684  
0.339671  -0.881931  
0.331755  -0.915542  
0.33675  -0.916936  
0.349324  -0.930522  
0.34862  -0.955871  
0.348692  -0.976769  
0.342156  -1.01673  
0.334921  -1.03475  
0.329158  -1.03356  
0.32894  -1.03813  
0.3319  -1.04329  
0.338851  -1.05822  
0.33211  -1.05794  
0.343128  -1.05885  
0.324988  -1.02628  
0.330387  -1.01295  
0.319307  -0.930761  
0.325925  -0.912535  
0.343435  -0.907825  
0.335841  -0.90683  
0.330452  -0.898529  
0.335606  -0.88692  
0.31164  -0.870531  
0.32251  -0.907836  
0.321516  -0.896399  
0.318929  -0.963864  
0.323706  -0.967933  
0.322622  -0.987174  
0.321735  -0.975643  
0.312761  -0.947052  
0.298587  -0.948042  
0.297998  -0.936954  
0.322152  -0.923926  
0.309792  -0.924426  
0.310725  -0.933976  
0.298155  -0.918531  
0.290915  -0.920235  
0.296021  -0.950634  
0.296215  -0.944705  
0.298137  -0.96665  
0.295452  -1.00221  
0.304399  -0.997768  
0.285459  -0.990195  
0.297666  -0.993763  
0.285866  -0.976  
0.291683  -0.977653  
0.289526  -0.995642  
0.310739  -0.992186  
0.303341  -0.968294  
0.29748  -0.974919  
0.28199  -1.01196  
0.286803  -1.0183  
0.290392  -1.05541  
0.282831  -1.05939  
0.279824  -1.07534  
0.280503  -1.06251  
0.276264  -1.05265  
0.255047  -1.01567  
0.261349  -1.00725  
0.271661  -1.03483  
0.281706  -1.03875  
0.286142  -1.01234  
0.29125  -0.994796  
0.292552  -0.998036  
0.29869  -1.00752  
0.295137  -1.06362  
0.299237  -1.06233  
0.297544  -1.092  
0.2999  -1.11201  
0.290616  -1.10282  
0.280155  -1.09531  
0.268893  -1.09884  
0.268741  -1.10881  
0.26867  -1.10321  
0.274541  -1.1071  
0.274388  -1.10194  
0.276528  -1.08812  
0.276362  -1.08342  
0.291068  -1.12199  
0.288892  -1.12883  
0.292204  -1.16171  
0.308284  -1.17702  
0.299664  -1.18562  
0.292441  -1.1703  
0.291958  -1.16628  
0.290386  -1.15455  
0.289151  -1.13517  
0.291845  -1.13402  
0.287041  -1.11459  
0.27407  -1.09641  
0.277865  -1.10592  
0.271789  -1.08026  
0.285576  -1.07069  
0.293678  -1.06703  
0.286893  -1.06382  
0.279575  -1.0759  
0.264778  -1.06874  
0.265042  -1.0675  
0.265557  -1.07461  
0.269955  -1.08656  
0.269222  -1.09828  
0.268561  -1.10897  
0.264746  -1.08896  
0.278798  -1.08898  
0.275498  -1.11434  
0.297116  -1.10643  
0.318656  -1.08974  
0.316704  -1.10356  
0.322484  -1.08104  
0.319341  -1.06246  
0.305408  -1.05362  
0.300038  -1.07993  
0.288452  -1.1196  
0.291781  -1.1316  
0.252295  -1.13022  
0.254239  -1.1593  
0.256568  -1.14522  
0.250327  -1.15113  
0.253278  -1.14541  
0.262509  -1.13537  
0.278536  -1.07343  
0.278324  -1.07469  
0.298288  -1.02151  
0.298951  -1.01596  
0.347548  -0.940877  
0.336838  -0.941918  
0.342415  -0.912066  
0.341587  -0.939526  
0.344764  -0.958767  
0.325795  -1.0117  
0.312861  -1.06296  
0.318325  -1.06276  
0.307876  -1.08252  
0.310974  -1.09007  
0.294006  -1.11555  
0.282165  -1.17078  
0.281794  -1.17307  
0.282026  -1.16069  
0.281666  -1.16331  
0.288156  -1.19721  
0.293048  -1.19336  
0.31085  -1.18438  
0.315414  -1.18229  
0.317239  -1.17183  
0.305432  -1.18826  
0.281895  -1.23042  
0.282218  -1.21614  
0.279016  -1.23377  
0.282541  -1.25684  
0.256432  -1.2936  
0.255533  -1.30421  
0.243251  -1.31006  
0.248534  -1.32217  
0.260171  -1.33104  
0.285434  -1.29639  
0.284401  -1.30101  
0.291837  -1.29951  
0.312548  -1.26014  
0.30641  -1.2602  
0.360312  -1.18917  
0.361416  -1.18189  
0.35301  -1.20373  
0.338968  -1.21518  
0.337236  -1.22174  
0.315874  -1.25205  
0.311472  -1.25938  
0.31491  -1.236  
0.290362  -1.26292  
0.289027  -1.26974  
0.278201  -1.25118  
0.266203  -1.27343  
0.286927  -1.25712  
0.296292  -1.24682  
0.290031  -1.24945  
0.337576  -1.22245  
0.33879  -1.21721  
0.361082  -1.1915  
0.377305  -1.18899  
0.406037  -1.15204  
0.42011  -1.1476  
0.421418  -1.14981  
0.423584  -1.12933  
0.412242  -1.1442  
0.412545  -1.15014  
0.398105  -1.16367  
0.383489  -1.16933  
0.377078  -1.18577  
0.382326  -1.17153  
0.364848  -1.1844  
0.360155  -1.21654  
0.352159  -1.21399  
0.36035  -1.20686  
0.376196  -1.20938  
0.374086  -1.21575  
0.362393  -1.25554  
0.371164  -1.24797  
0.384137  -1.22909  
0.369619  -1.25674  
0.356157  -1.2656  
0.347348  -1.29253  
0.335769  -1.306  
0.307525  -1.3682  
0.308058  -1.3658  
0.278918  -1.41222  
0.282522  -1.41814  
0.274789  -1.43883  
0.265989  -1.45852  
0.271417  -1.45919  
0.267294  -1.46742  
0.26736  -1.46746  
0.274832  -1.45362  
0.272827  -1.43868  
0.284508  -1.42784  
0.285738  -1.41142  
0.280075  -1.39785  
0.274769  -1.40416  
0.281295  -1.35213  
0.268054  -1.36868  
0.259035  -1.3757  
0.258687  -1.37652  
0.224214  -1.42133  
0.227018  -1.42968  
0.228661  -1.44852  
0.22502  -1.44209  
0.210648  -1.49871  
0.209953  -1.49966  
0.210663  -1.48813  
0.209865  -1.48003  
0.208932  -1.48153  
0.208073  -1.45976  
0.210477  -1.45146  
0.218396  -1.4488  
0.19927  -1.44197  
0.197976  -1.44457  
0.194248  -1.43634  
0.206622  -1.42342  
0.201667  -1.4395  
0.190944  -1.44312  
0.19665  -1.44485  
0.195132  -1.46601  
0.193462  -1.46854  
0.183547  -1.48746  
0.15862  -1.49843  
0.170369  -1.50383  
0.143022  -1.5274  
0.13969  -1.52197  
0.134949  -1.48965  
0.138674  -1.46406  
0.136414  -1.46723  
0.0966225  -1.50281  
0.0982123  -1.495  
0.0736999  -1.50099  
0.0674977  -1.49985  
0.0490814  -1.54028  
0.0301501  -1.57419  
0.0269557  -1.58247  
-0.0116035  -1.63845  
-0.0183518  -1.63743  
-0.0412246  -1.68135  
-0.0405812  -1.6756  
-0.0527993  -1.70126  
-0.0881186  -1.73085  
-0.0761912  -1.72051  
-0.115423  -1.74654  
-0.119273  -1.75172  
-0.112696  -1.72735  
-0.124706  -1.72407  
-0.108882  -1.70714  
-0.0996128  -1.69043  
-0.0871204  -1.66738  
-0.0924228  -1.67403  
-0.094774  -1.64273  
-0.058572  -1.61841  
-0.074066  -1.61532  
-0.0635447  -1.57869  
-0.0660253  -1.57678  
-0.0423476  -1.53884  
-0.037109  -1.52687  
-0.0293156  -1.51269  
-0.0356517  -1.50632  
-0.0190747  -1.48138  
-0.0455462  -1.51  
-0.0489646  -1.50743  
-0.0563808  -1.5132  
-0.0613888  -1.50165  
-0.0623984  -1.50421  
-0.0742002  -1.504  
-0.0614721  -1.50915  
-0.085881  -1.52152  
-0.0967322  -1.53537  
-0.105628  -1.54461  
-0.105499  -1.5646  
-0.107594  -1.5594  
-0.144151  -1.57524  
-0.183361  -1.61537  
-0.189025  -1.61498  
-0.208211  -1.6266  
-0.223967  -1.63803  
-0.248788  -1.66334  
-0.247413  -1.66017  
-0.274791  -1.67474  
-0.293358  -1.68926  
-0.303545  -1.69814  
-0.309451  -1.71011  
-0.315989  -1.716  
-0.328009  -1.71901  
-0.335527  -1.71913  
-0.354402  -1.73776  
-0.365435  -1.75379  
-0.359492  -1.74879  
-0.368086  -1.74693  
-0.357548  -1.74624  
-0.369131  -1.75276  
-0.381472  -1.76193  
-0.387859  -1.7753  
-0.397339  -1.776  
-0.404612  -1.78303  
-0.412329  -1.7961  
-0.426369  -1.78838  
-0.417474  -1.78104  
-0.422728  -1.78599  
-0.412945  -1.76789  
-0.427199  -1.77751  
-0.430913  -1.78569  
-0.436127  -1.78178  
-0.422069  -1.77689  
-0.431888  -1.78219  
-0.411271  -1.76856  
-0.4094  -1.75985  
-0.456265  -1.76958  
-0.444483  -1.76668  
-0.449208  -1.75829  
-0.447997  -1.77731  
-0.452697  -1.77821  
-0.4752  -1.77405  
-0.471214  -1.76279  
-0.468715  -1.76551  
-0.461778  -1.76614  
-0.474295  -1.77471  
-0.448569  -1.76697  
-0.442787  -1.76906  
-0.442057  -1.75031  
-0.456307  -1.75436  
-0.473501  -1.74888  
-0.471486  -1.73944  
-0.46085  -1.7597  
-0.493646  -1.77548  
-0.491915  -1.76474  
-0.501039  -1.77738  
-0.531561  -1.80797  
-0.531277  -1.83682  
-0.52396  -1.82936  
-0.544116  -1.8618  
-0.539237  -1.86195  
-0.563708  -1.89762  
-0.564878  -1.90197  
-0.584229  -1.91082  
-0.608581  -1.93548  
-0.599134  -1.92658  
-0.62907  -1.94581  
-0.628793  -1.9492  
-0.671392  -1.96968  
-0.677384  -1.98039  
-0.695534  -1.98128  
-0.718166  -1.9907  
-0.720538  -1.98703  
-0.730403  -1.99801  
-0.737136  -2.00682  
-0.736807  -2.01034  
-0.735445  -2.01977  
-0.757915  -2.02736  
-0.754621  -2.02738  
-0.778259  -2.03339  
-0.766996  -2.02768  
-0.799624  -2.03384  
-0.790481  -2.03489  
-0.802453  -2.02752  
-0.78664  -2.00561  
-0.803389  -2.01814  
-0.799349  -2.00338  
-0.799481  -1.99494  
-0.79271  -1.981  
-0.756112  -1.95114  
-0.771812  -1.96411  
-0.759182  -1.94023  
-0.735607  -1.93763  
-0.714156  -1.92146  
-0.698427  -1.89767  
-0.697489  -1.89881  
-0.70224  -1.88632  
-0.701421  -1.88746  
-0.699098  -1.8622  
-0.696914  -1.85596  
-0.707356  -1.85862  
-0.705249  -1.85236  
-0.718139  -1.83224  
-0.738928  -1.83361  
-0.736664  -1.82746  
-0.739982  -1.82503  
-0.739284  -1.8263  
-0.744989  -1.83063  
-0.760578  -1.84845  
-0.752876  -1.8529  
-0.787425  -1.86589  
-0.785843  -1.86236  
-0.801011  -1.89416  
-0.828991  -1.91518  
-0.817642  -1.92362  
-0.864226  -1.95071  
-0.853303  -1.9498  
-0.902859  -1.97673  
-0.929506  -2.00244  
-0.927589  -1.99497  
-0.988404  -2.03154  
-0.98118  -2.02979  
-1.03859  -2.06226  
-1.07094  -2.08119  
-1.06974  -2.08103  
-1.13558  -2.10247  
-1.13316  -2.09491  
-1.16201  -2.12041  
-1.18071  -2.13209  
-1.2085  -2.14756  
-1.22181  -2.14633  
-1.24339  -2.15743  
-1.23415  -2.15364  
-1.27646  -2.15624  
-1.27534  -2.15645  
-1.27895  -2.14953  
-1.27638  -2.14036  
-1.27473  -2.13352  
-1.2936  -2.1273  
-1.29297  -2.12795  
-1.316  -2.114  
-1.31445  -2.10745  
-1.31743  -2.09467  
-1.33771  -2.08535  
-1.32074  -2.08365  
-1.34064  -2.06206  
-1.3426  -2.05733  
-1.34426  -2.0433  
-1.36252  -2.03782  
-1.35852  -2.02907  
-1.36707  -2.01519  
-1.36252  -2.00527  
-1.36007  -1.98386  
-1.36694  -2.00255  
-1.36142  -2.001  
-1.37729  -2.00829  
-1.37232  -2.00599  
-1.40464  -2.01662  
-1.41595  -2.01962  
-1.41593  -2.02134  
-1.43792  -2.03205  
-1.43039  -2.03727  
-1.48585  -2.05742  
-1.50695  -2.06196  
-1.52352  -2.0706  
-1.55205  -2.07322  
-1.57339  -2.08101  
-1.57238  -2.07517  
-1.61429  -2.09711  
-1.617  -2.09302  
-1.65129  -2.1004  
-1.66134  -2.09188  
-1.68508  -2.09138  
-1.72624  -2.09848  
-1.71682  -2.09308  
-1.74886  -2.10311  
-1.74982  -2.09606  
-1.76799  -2.0931  
-1.77697  -2.10992  
-1.81425  -2.11251  
-1.83181  -2.11604  
-1.831  -2.11806  
-1.86217  -2.12936  
-1.86143  -2.13142  
-1.88598  -2.14626  
-1.91632  -2.13847  
-1.91566  -2.13611  
-1.95127  -2.14407  
-1.95043  -2.13754  
-1.96386  -2.13636  
-1.97261  -2.12946  
-1.97191  -2.12121  
-1.99902  -2.10921  
-1.9991  -2.1014  
-2.0083  -2.08144  
-2.01932  -2.06508  
-2.01869  -2.06822  
-2.02836  -2.04615  
-2.02138  -2.03616  
-2.04874  -2.0183  
-2.04964  -2.00551  
-2.04885  -2.00169  
-2.03198  -1.97463  
-2.03145  -1.97098  
-2.04674  -1.96136  
-2.03119  -1.97097  
-2.02849  -1.96292  
-2.04057  -1.96955  
-2.04041  -1.96579  
-2.04799  -1.95911  
-2.04967  -1.94733  
-2.04964  -1.94366  
-2.07804  -1.95249  
-2.07791  -1.94875  
-2.09439  -1.94157  
-2.09426  -1.93792  
-2.13099  -1.93735  
-2.15671  -1.91902  
-2.15624  -1.91565  
-2.16402  -1.92345  
-2.16368  -1.92  
-2.17777  -1.92301  
-2.18157  -1.92149  
-2.18285  -1.91906  
-2.17971  -1.92339  
-2.19382  -1.9218  
-2.21081  -1.92928  
-2.18763  -1.93966  
-2.18789  -1.93593  
-2.212  -1.93819  
-2.20665  -1.94377  
-2.23837  -1.94274  
-2.25109  -1.94004  
-2.25129  -1.93638  
-2.27257  -1.92546  
-2.29012  -1.93297  
-2.28776  -1.93641  
-2.30562  -1.93867  
-2.31052  -1.93504  
-2.30333  -1.92665  
-2.29594  -1.92655  
-2.31001  -1.9277  
-2.31466  -1.92447  
-2.31332  -1.92038  
-2.31539  -1.92196  
-2.31735  -1.90182  
-2.31814  -1.90575  
-2.31052  -1.89387  
-2.30739  -1.88687  
-2.32807  -1.8873  
-2.33787  -1.88767  
-2.33425  -1.86632  
-2.33309  -1.85417  
-2.33402  -1.85116  
-2.32661  -1.81608  
-2.32895  -1.80148  
-2.33245  -1.80195  
-2.34518  -1.77526  
-2.3198  -1.76661  
-2.31136  -1.75273  
-2.31349  -1.74647  
-2.31108  -1.73361  
-2.30718  -1.73278  
-2.30645  -1.72927  
-2.28877  -1.71352  
-2.28891  -1.71257  
-2.29031  -1.70758  
-2.27269  -1.72142  
-2.2744  -1.71884  
-2.2804  -1.71041  
-2.28414  -1.71118  
-2.2808  -1.705  
-2.27869  -1.69945  
-2.28042  -1.69685  
-2.30685  -1.71026  
-2.30843  -1.70756  
-2.30684  -1.703  
-2.31788  -1.68949  
-2.32163  -1.68582  
-2.32242  -1.67589  
-2.32393  -1.67338  
-2.32569  -1.66024  
-2.32819  -1.65426  
-2.32191  -1.655  
-2.31054  -1.65141  
-2.31231  -1.64896  
-2.29016  -1.63456  
-2.29047  -1.63396  
-2.2801  -1.63709  
-2.28747  -1.62748  
-2.28942  -1.63231  
-2.28369  -1.6343  
-2.2858  -1.63173  
-2.28528  -1.62823  
-2.28602  -1.62626  
-2.27229  -1.60479  
-2.29464  -1.59651  
-2.28885  -1.59719  
-2.28123  -1.57673  
-2.28332  -1.57446  
-2.27064  -1.56257  
-2.28734  -1.54471  
-2.28776  -1.54434  
-2.30595  -1.51835  
-2.30638  -1.518  
-2.31472  -1.49149  
-2.31715  -1.48295  
-2.31889  -1.48146  
-2.33831  -1.47207  
-2.33987  -1.4707  
-2.32947  -1.4583  
-2.3404  -1.46053  
-2.34089  -1.46029  
-2.35266  -1.4602  
-2.35316  -1.46  
-2.35912  -1.47803  
-2.37077  -1.47717  
-2.36961  -1.47907  
-2.36777  -1.45569  
-2.36662  -1.45629  
-2.38821  -1.46936  
-2.3929  -1.45361  
-2.39435  -1.45235  
-2.3963  -1.44853  
-2.39392  -1.44668  
-2.39827  -1.43835  
-2.39684  -1.41303  
-2.39833  -1.41217  
-2.40236  -1.40963  
-2.40381  -1.40878  
-2.40247  -1.39422  
-2.38044  -1.3858  
-2.37801  -1.38888  
-2.38363  -1.38616  
-2.38426  -1.38623  
-2.38852  -1.37741  
-2.38134  -1.38033  
-2.37824  -1.38241  
-2.37231  -1.3835  
-2.37418  -1.38273  
-2.38267  -1.376  
-2.38445  -1.37533  
-2.4177  -1.34797  
-2.42691  -1.34494  
-2.43299  -1.34007  
-2.47044  -1.33647  
-2.47154  -1.33645  
-2.46956  -1.31764  
-2.47028  -1.31788  
-2.48426  -1.30175  
-2.48521  -1.30212  
-2.46267  -1.29405  
-2.46419  -1.2929  
-2.45971  -1.29766  
-2.45841  -1.28787  
-2.45917  -1.28819  
-2.42825  -1.29146  
-2.42798  -1.28199  
-2.42875  -1.28234  
-2.42806  -1.27798  
-2.42569  -1.2793  
-2.42941  -1.26352  
-2.43615  -1.25255  
-2.41902  -1.23576  
-2.41705  -1.21199  
-2.41785  -1.21243  
-2.41921  -1.18236  
-2.42047  -1.18373  
-2.39965  -1.15652  
-2.37941  -1.13829  
-2.37264  -1.13444  
-2.35046  -1.11432  
-2.35972  -1.11355  
-2.32544  -1.09896  
-2.32703  -1.10085  
-2.32641  -1.11235  
-2.33052  -1.10825  
-2.31304  -1.09886  
-2.34961  -1.10415  
-2.34833  -1.11046  
-2.37219  -1.09299  
-2.38624  -1.0831  
-2.39239  -1.09024  
-2.41773  -1.09319  
-2.41512  -1.08142  
-2.42547  -1.07841  
-2.43009  -1.07042  
-2.43825  -1.07033  
-2.43514  -1.05493  
-2.43369  -1.05744  
-2.434  -1.06002  
-2.42652  -1.08123  
-2.40374  -1.07651  
-2.40603  -1.08809  
-2.41105  -1.09984  
-2.41167  -1.10206  
-2.43479  -1.10531  
-2.43478  -1.10169  
-2.45293  -1.12854  
-2.46234  -1.12217  
-2.4629  -1.11765  
-2.47304  -1.12333  
-2.48164  -1.11095  
-2.47503  -1.109  
-2.49843  -1.08927  
-2.49833  -1.09222  
-2.49179  -1.0699  
-2.4917  -1.07311  
-2.47694  -1.06686  
-2.48098  -1.05983  
-2.47795  -1.06456  
-2.48256  -1.05192  
-2.49027  -1.05302  
-2.49914  -1.04563  
-2.49489  -1.04652  
-2.49342  -1.04804  
-2.47545  -1.03623  
-2.4766  -1.0316  
-2.49155  -1.02914  
-2.46662  -1.03069  
-2.48455  -1.00936  
-2.4662  -0.994239  
-2.46586  -0.998649  
-2.44882  -0.972128  
-2.4487  -0.970075  
-2.44079  -0.947287  
-2.44034  -0.952225  
-2.44201  -0.942908  
-2.44929  -0.938879  
-2.45697  -0.925434  
-2.43487  -0.926915  
-2.43417  -0.932203  
-2.42998  -0.921721  
-2.43611  -0.923764  
-2.42752  -0.92822  
-2.4266  -0.933555  
-2.41456  -0.948186  
-2.4214  -0.944381  
-2.40402  -0.951782  
-2.40319  -0.943384  
-2.40238  -0.94202  
-2.41896  -0.958607  
-2.40663  -0.952698  
-2.42317  -0.962594  
-2.42195  -0.96778  
-2.41374  -0.973498  
-2.40908  -0.97723  
-2.40281  -0.981223  
-2.41678  -1.00366  
-2.41787  -1.01725  
-2.3868  -1.03179  
-2.38182  -1.03251  
-2.37528  -1.03193  
-2.37685  -1.04253  
-2.37571  -1.04722  
-2.37133  -1.04993  
-2.37015  -1.05459  
-2.38912  -1.05399  
-2.39507  -1.06862  
-2.37652  -1.06074  
-2.40699  -1.07877  
-2.39803  -1.09462  
-2.40413  -1.09002  
-2.398  -1.10633  
-2.3959  -1.11559  
-2.3733  -1.11698  
-2.37804  -1.11587  
-2.36562  -1.12717  
-2.35998  -1.11854  
-2.35861  -1.123  
-2.37244  -1.11517  
-2.40005  -1.13343  
-2.39409  -1.12593  
-2.3731  -1.13234  
-2.37893  -1.12778  
-2.38938  -1.12975  
-2.38566  -1.13728  
-2.38391  -1.14174  
-2.38454  -1.15814  
-2.36481  -1.15074  
-2.34981  -1.16324  
-2.35312  -1.17294  
-2.33145  -1.16872  
-2.33681  -1.16389  
-2.34451  -1.16275  
-2.35621  -1.17281  
-2.36398  -1.17765  
-2.36421  -1.17822  
-2.34863  -1.19364  
-2.35478  -1.18427  
-2.35218  -1.19042  
-2.35986  -1.1876  
-2.36538  -1.20749  
-2.33791  -1.22089  
-2.34054  -1.22283  
-2.34326  -1.22641  
-2.33036  -1.21707  
-2.33311  -1.22318  
-2.33395  -1.21493  
-2.35795  -1.21741  
-2.34958  -1.233  
-2.3348  -1.22693  
-2.35836  -1.24268  
-2.35556  -1.24027  
-2.34559  -1.2546  
-2.31853  -1.26755  
-2.32327  -1.26931  
-2.31101  -1.28643  
-2.31408  -1.29603  
-2.31068  -1.30641  
-2.32729  -1.3163  
-2.33184  -1.31775  
-2.31756  -1.31366  
-2.32226  -1.3176  
-2.32196  -1.30684  
-2.33738  -1.30167  
-2.33452  -1.30582  
-2.32274  -1.31648  
-2.32489  -1.31807  
-2.29592  -1.33306  
-2.31182  -1.34022  
-2.29796  -1.35008  
-2.3013  -1.3622  
-2.30336  -1.36372  
-2.30547  -1.40497  
-2.28234  -1.40804  
-2.28676  -1.40886  
-2.30672  -1.41789  
-2.31029  -1.42245  
-2.3027  -1.4294  
-2.29866  -1.43849  
-2.30282  -1.43916  
-2.30085  -1.43509  
-2.28521  -1.42792  
-2.27673  -1.40812  
-2.28478  -1.39822  
-2.27061  -1.4131  
-2.26897  -1.40271  
-2.27076  -1.40402  
-2.26195  -1.40076  
-2.25911  -1.4043  
-2.24196  -1.40996  
-2.24587  -1.41108  
-2.2503  -1.44503  
-2.23457  -1.4381  
-2.24465  -1.45144  
-2.24189  -1.45447  
-2.2564  -1.47237  
-2.23461  -1.50832  
-2.23852  -1.50849  
-2.25058  -1.50257  
-2.2404  -1.50371  
-2.24411  -1.50398  
-2.23122  -1.49593  
-2.23439  -1.48934  
-2.20689  -1.48892  
-2.21007  -1.48238  
-2.20965  -1.4748  
-2.2045  -1.45796  
-2.21754  -1.44418  
-2.17256  -1.44102  
-2.17616  -1.44197  
-2.1497  -1.42612  
-2.12355  -1.42268  
-2.1207  -1.42607  
-2.0994  -1.42869  
-2.06823  -1.43029  
-2.03414  -1.44011  
-2.03753  -1.43394  
-2.0181  -1.41655  
-2.01485  -1.41286  
-1.99805  -1.39616  
-1.98372  -1.38796  
-1.98106  -1.39133  
-1.96919  -1.38749  
-1.97539  -1.38527  
-1.95749  -1.38993  
-1.96035  -1.38408  
-1.95824  -1.39645  
-1.95533  -1.3996  
-1.94471  -1.44673  
-1.93218  -1.46018  
-1.92864  -1.45569  
-1.91802  -1.47411  
-1.9217  -1.47405  
-1.91719  -1.47107  
-1.92949  -1.46653  
-1.92858  -1.47322  
-1.91883  -1.45877  
-1.93613  -1.46848  
-1.9322  -1.46025  
-1.93393  -1.44437  
-1.93995  -1.44351  
-1.95833  -1.44766  
-1.9523  -1.44361  
-1.95794  -1.47931  
-1.94668  -1.4856  
-1.94673  -1.49149  
-1.92286  -1.50157  
-1.92113  -1.50535  
-1.91805  -1.50711  
-1.9136  -1.4949  
-1.91672  -1.4946  
-1.89985  -1.48371  
-1.89595  -1.4824  
-1.89381  -1.44745  
-1.89054  -1.44987  
-1.90329  -1.44544  
-1.90617  -1.42947  
-1.90175  -1.42519  
-1.90138  -1.4178  
-1.8978  -1.42054  
-1.88297  -1.41025  
-1.89908  -1.40308  
-1.89604  -1.40874  
-1.88134  -1.39804  
-1.87951  -1.3907  
-1.88589  -1.38895  
-1.8866  -1.38508  
-1.88183  -1.38114  
-1.8791  -1.37602  
-1.87698  -1.37552  
-1.87525  -1.37486  
-1.87661  -1.38022  
-1.87176  -1.37625  
-1.88665  -1.37238  
-1.88885  -1.37325  
-1.87789  -1.36683  
-1.85762  -1.37238  
-1.85079  -1.36835  
-1.83041  -1.3655  
-1.8266  -1.3685  
-1.81536  -1.37527  
-1.81129  -1.38104  
-1.80609  -1.38277  
-1.79473  -1.38671  
-1.79126  -1.38937  
-1.79215  -1.42442  
-1.78886  -1.42661  
-1.79351  -1.43036  
-1.79637  -1.43028  
-1.79722  -1.41922  
-1.82252  -1.42478  
-1.818  -1.41995  
-1.81423  -1.41548  
-1.81598  -1.40856  
-1.83891  -1.41824  
-1.84617  -1.40146  
-1.84239  -1.4039  
-1.8767  -1.40757  
-1.87189  -1.40289  
-1.90547  -1.41667  
-1.91804  -1.42592  
-1.93488  -1.43127  
-1.94805  -1.42465  
-1.94114  -1.4333  
-1.96283  -1.42664  
-1.95807  -1.42919  
-1.9789  -1.44239  
-1.98512  -1.46708  
-1.98108  -1.46897  
-1.9809  -1.47088  
-1.97181  -1.47819  
-1.95265  -1.48725  
-1.96894  -1.50377  
-1.96758  -1.49606  
-1.97786  -1.50155  
-1.97721  -1.50116  
-1.98548  -1.49685  
-1.98152  -1.46542  
-1.98436  -1.46507  
-1.99022  -1.44309  
-1.98684  -1.44521  
-1.97984  -1.41165  
-1.97653  -1.41408  
-1.98517  -1.42038  
-1.97051  -1.42199  
-1.96995  -1.4216  
-1.95779  -1.41404  
-1.95487  -1.41633  
-1.95393  -1.42983  
-1.95061  -1.43643  
-1.94911  -1.44007  
-1.94209  -1.43599  
-1.94777  -1.43337  
-1.93178  -1.42049  
-1.93073  -1.41278  
-1.94752  -1.40828  
-1.94793  -1.40412  
-1.94474  -1.39891  
-1.94655  -1.38268  
-1.94393  -1.38499  
-1.93819  -1.3892  
-1.93516  -1.38408  
-1.91743  -1.3847  
-1.91462  -1.37954  
-1.93196  -1.39789  
-1.91903  -1.39294  
-1.91686  -1.39486  
-1.94429  -1.38388  
-1.92804  -1.38183  
-1.92536  -1.37651  
-1.9297  -1.36221  
-1.94763  -1.37459  
-1.93756  -1.37546  
-1.92359  -1.37035  
-1.91562  -1.37428  
-1.92014  -1.38899  
-1.91954  -1.38122  
-1.9073  -1.38181  
-1.90517  -1.37615  
-1.89152  -1.39711  
-1.88962  -1.39119  
-1.88771  -1.38655  
-1.89354  -1.37661  
-1.8917  -1.37081  
-1.90414  -1.35789  
-1.90224  -1.35224  
-1.93727  -1.34321  
-1.94503  -1.3433  
-1.94204  -1.3469  
-1.9767  -1.33965  
-1.9831  -1.333  
-2.0038  -1.32821  
-2.0014  -1.32691  
-2.01292  -1.33911  
-2.01274  -1.35233  
-2.01089  -1.35391  
-2.00166  -1.34318  
-2.01473  -1.34694  
-2.01071  -1.35004  
-2.00919  -1.35153  
-1.99835  -1.34617  
-1.99704  -1.34763  
-2.01314  -1.35528  
-2.02113  -1.33967  
-2.01986  -1.34114  
-2.03688  -1.33537  
-2.05553  -1.34306  
-2.05807  -1.32428  
-2.05833  -1.32393  
-2.06329  -1.32514  
-2.06201  -1.32667  
-2.08707  -1.31984  
-2.07585  -1.31091  
-2.06856  -1.31473  
-2.07452  -1.30145  
-2.07271  -1.30175  
-2.08371  -1.29788  
-2.08738  -1.30484  
-2.08029  -1.30864  
-2.09721  -1.29189  
-2.09628  -1.29354  
-2.097  -1.28604  
-2.09406  -1.26855  
-2.09784  -1.26402  
-2.11668  -1.24534  
-2.11508  -1.24417  
-2.10185  -1.21685  
-2.12611  -1.22707  
-2.1207  -1.18811  
-2.11066  -1.17714  
-2.10508  -1.17909  
-2.08933  -1.1777  
-2.08995  -1.1774  
-2.05187  -1.18422  
-2.05173  -1.18644  
-2.04155  -1.19712  
-2.02761  -1.19002  
-2.01747  -1.1819  
-1.99475  -1.18665  
-1.97972  -1.17464  
-1.98044  -1.16889  
-1.97  -1.12462  
-1.97041  -1.12701  
-1.95655  -1.10098  
-1.95729  -1.09584  
-1.95  -1.08033  
-1.94109  -1.06974  
-1.94007  -1.06871  
-1.93253  -1.06664  
-1.93155  -1.06563  
-1.92517  -1.05924  
-1.92607  -1.05422  
-1.91953  -1.06812  
-1.92052  -1.06289  
-1.90834  -1.05666  
-1.92621  -1.04049  
-1.92675  -1.04299  
-1.91296  -1.02919  
-1.91072  -1.02304  
-1.91179  -1.01791  
-1.90605  -1.00484  
-1.90714  -1.00811  
-1.91949  -1.01145  
-1.9206  -1.00627  
-1.91135  -1.00077  
-1.9142  -1.00168  
-1.91537  -1.00146  
-1.907  -0.991246  
-1.9082  -0.99103  
-1.89889  -0.96884  
-1.89175  -0.964897  
-1.89357  -0.95699  
-1.88422  -0.949136  
-1.90522  -0.94741  
-1.89815  -0.948619  
-1.88797  -0.944554  
-1.88961  -0.939448  
-1.89069  -0.935585  
-1.88416  -0.945247  
-1.87652  -0.951759  
-1.87246  -0.957699  
-1.87163  -0.964729  
-1.88118  -0.959224  
-1.87279  -0.963323  
-1.86792  -0.947639  
-1.86147  -0.954382  
-1.8733  -0.956071  
-1.86906  -0.956618  
-1.86834  -0.948181  
-1.89007  -0.946489  
-1.88936  -0.95362  
-1.88472  -0.945035  
-1.88583  -0.951968  
-1.88613  -0.964381  
-1.87522  -0.972484  
-1.87516  -0.961969  
-1.89684  -0.960937  
-1.88021  -0.964107  
-1.88286  -0.95775  
-1.87592  -0.952524  
-1.8696  -0.957498  
-1.88247  -0.963752  
-1.87953  -0.963173  
-1.87487  -0.965269  
-1.8785  -0.971972  
-1.8811  -0.964013  
-1.86784  -0.972115  
-1.89412  -0.983391  
-1.88732  -0.99285  
-1.89812  -0.997763  
-1.89354  -0.999875  
-1.89504  -0.980973  
-1.90012  -0.978261  
-1.89928  -0.973175  
-1.89622  -0.964965  
-1.89863  -0.965871  
-1.89648  -0.970668  
-1.89338  -0.977737  
-1.89424  -0.96787  
-1.88566  -0.978975  
-1.89086  -0.976259  
-1.88649  -0.997208  
-1.8884  -0.997162  
-1.89098  -0.998292  
-1.89567  -1.00688  
-1.89099  -1.01203  
-1.894  -1.02361  
-1.89578  -1.01767  
-1.89877  -1.0176  
-1.88616  -1.00304  
-1.88928  -1.00307  
-1.90154  -0.996952  
-1.88701  -0.995019  
-1.88398  -0.997111  
-1.89477  -1.00149  
-1.89169  -1.00359  
-1.91517  -0.993442  
-1.90526  -0.99411  
-1.906  -0.999175  
-1.92501  -1.0057  
-1.92743  -1.00416  
-1.92084  -1.00254  
-1.93331  -1.00592  
-1.94238  -1.00883  
-1.93911  -0.999191  
-1.93926  -1.00112  
-1.93575  -0.99215  
-1.94669  -0.990662  
-1.95123  -0.987473  
-1.9461  -0.993479  
-1.94764  -0.988174  
-1.94688  -1.00382  
-1.9592  -1.0029  
-1.96037  -0.998975  
-1.9693  -1.0049  
-1.9607  -1.01192  
-1.97854  -1.01236  
-1.98357  -1.03882  
-1.9872  -1.0379  
-1.98759  -1.03683  
-1.99331  -1.04123  
-1.99341  -1.03362  
-2.00857  -1.0456  
-2.01225  -1.04452  
-2.03174  -1.03505  
-2.01746  -1.03624  
-2.04121  -1.03247  
-2.04103  -1.01767  
-2.04471  -1.01444  
-2.04989  -1.00434  
-2.05352  -1.00367  
-2.08544  -1.0037  
-2.08775  -1.00379  
-2.0698  -0.99319  
-2.07347  -0.992619  
-2.0945  -1.00372  
-2.07893  -1.01127  
-2.07655  -1.01255  
-2.07536  -1.03522  
-2.07311  -1.03618  
-2.07592  -1.02946  
-2.07765  -1.03345  
-2.08003  -1.03356  
-2.1024  -1.04168  
-2.10828  -1.04181  
-2.11295  -1.02607  
-2.12577  -1.02498  
-2.12636  -1.01634  
-2.1332  -0.983401  
-2.13863  -0.98095  
-2.15411  -0.977601  
-2.15791  -0.977006  
-2.15694  -0.946358  
-2.15109  -0.926311  
-2.15495  -0.926266  
-2.17939  -0.928536  
-2.17702  -0.930535  
-2.17667  -0.936825  
-2.17441  -0.938727  
-2.17642  -0.958559  
-2.17424  -0.960169  
-2.18139  -0.963254  
-2.17925  -0.964756  
-2.17584  -0.983493  
-2.17985  -0.982743  
-2.18495  -0.971971  
-2.18199  -0.968626  
-2.18001  -0.969981  
-2.20615  -0.948812  
-2.18564  -0.945544  
-2.18456  -0.929078  
-2.18868  -0.928778  
-2.18577  -0.899096  
-2.18344  -0.882465  
-2.17983  -0.884717  
-2.16006  -0.870922  
-2.16438  -0.871191  
-2.14656  -0.869018  
-2.13945  -0.873929  
-2.12552  -0.857962  
-2.13006  -0.858285  
-2.10962  -0.864587  
-2.10714  -0.862283  
-2.1118  -0.862487  
-2.11727  -0.845711  
-2.1218  -0.846078  
-2.12148  -0.826968  
-2.12449  -0.82131  
-2.12538  -0.812654  
-2.12911  -0.818333  
-2.15038  -0.81391  
-2.14851  -0.816546  
-2.14977  -0.815131  
-2.15276  -0.812615  
-2.14817  -0.827886  
-2.14158  -0.832723  
-2.14587  -0.833067  
-2.15303  -0.855045  
-2.16448  -0.87498  
-2.16271  -0.876811  
-2.17061  -0.877417  
-2.17004  -0.877207  
-2.17979  -0.864504  
-2.20635  -0.853006  
-2.21038  -0.853079  
-2.22134  -0.833308  
-2.21791  -0.835562  
-2.25117  -0.796492  
-2.25122  -0.781031  
-2.2522  -0.772299  
-2.27638  -0.783145  
-2.28084  -0.772072  
-2.2759  -0.769872  
-2.28811  -0.783125  
-2.29196  -0.783985  
-2.29394  -0.80496  
-2.29783  -0.805548  
-2.29577  -0.817754  
-2.29977  -0.818176  
-2.32575  -0.818722  
-2.32963  -0.819142  
-2.32875  -0.820205  
-2.3327  -0.820597  
-2.33817  -0.824665  
-2.34912  -0.816099  
-2.35266  -0.810406  
-2.36398  -0.807428  
-2.36727  -0.807057  
-2.38993  -0.810504  
-2.3736  -0.808405  
-2.39869  -0.804296  
-2.41834  -0.810019  
-2.40287  -0.805539  
-2.43209  -0.815693  
-2.43561  -0.822024  
-2.43035  -0.806416  
-2.45754  -0.806022  
-2.45434  -0.803879  
-2.44948  -0.78752  
-2.45196  -0.786935  
-2.46644  -0.776976  
-2.4571  -0.776299  
-2.45507  -0.779234  
-2.45239  -0.769922  
-2.45159  -0.765476  
-2.44046  -0.774944  
-2.42352  -0.78499  
-2.42784  -0.785711  
-2.41823  -0.785242  
-2.42259  -0.785935  
-2.41216  -0.79626  
-2.41424  -0.798476  
-2.4073  -0.788012  
-2.40444  -0.797256  
-2.39079  -0.793185  
-2.39999  -0.77976  
-2.40601  -0.771639  
-2.39178  -0.772436  
-2.39892  -0.770481  
-2.40154  -0.777306  
-2.39633  -0.759606  
-2.39485  -0.762506  
-2.38838  -0.759843  
-2.39684  -0.766383  
-2.40023  -0.771984  
-2.41161  -0.802017  
-2.39353  -0.791119  
-2.4159  -0.78423  
-2.40193  -0.809542  
-2.40892  -0.831558  
-2.40751  -0.833451  
-2.42618  -0.840838  
-2.43055  -0.840677  
-2.44458  -0.841253  
-2.45164  -0.832782  
-2.4559  -0.832707  
-2.44843  -0.820696  
-2.44688  -0.822606  
-2.4661  -0.801858  
-2.46696  -0.799325  
-2.47262  -0.795074  
-2.47617  -0.792946  
-2.47659  -0.796579  
-2.48035  -0.794228  
-2.48046  -0.795569  
-2.48628  -0.797638  
-2.49118  -0.805909  
-2.48889  -0.813346  
-2.46652  -0.806496  
-2.47908  -0.819747  
-2.47758  -0.819967  
-2.4707  -0.818403  
-2.47107  -0.816363  
-2.46585  -0.821064  
-2.4587  -0.815758  
-2.45598  -0.813744  
-2.4742  -0.841974  
-2.46846  -0.837275  
-2.46677  -0.860985  
-2.45412  -0.84773  
-2.45875  -0.847274  
-2.4432  -0.875397  
-2.44794  -0.874587  
-2.45516  -0.880429  
-2.45984  -0.879549  
-2.45163  -0.87346  
-2.46018  -0.854706  
-2.45966  -0.854563  
-2.45783  -0.83541  
-2.45658  -0.836973  
-2.47547  -0.816083  
-2.49039  -0.793784  
-2.4782  -0.781766  
-2.49051  -0.767144  
-2.4885  -0.762625  
-2.50169  -0.771561  
-2.50301  -0.778439  
-2.50117  -0.775222  
-2.48566  -0.783122  
-2.49513  -0.782119  
-2.49717  -0.79335  
-2.49611  -0.802495  
-2.49142  -0.811045  
-2.47749  -0.828822  
-2.47693  -0.828667  
-2.47237  -0.831414  
-2.4718  -0.831258  
-2.47825  -0.816431  
-2.48528  -0.797858  
-2.4821  -0.7999  
-2.483  -0.782141  
-2.48242  -0.781978  
-2.48632  -0.777609  
-2.49317  -0.764108  
-2.49162  -0.766238  
-2.4985  -0.760052  
-2.49692  -0.762209  
-2.49621  -0.76478  
-2.49649  -0.774933  
-2.49494  -0.776863  
-2.47573  -0.77745  
-2.47428  -0.779309  
-2.47618  -0.784658  
-2.45907  -0.77423  
-2.45562  -0.780384  
-2.46392  -0.761628  
-2.46011  -0.759886  
-2.44336  -0.741774  
-2.44978  -0.737096  
-2.44388  -0.742466  
-2.44918  -0.756531  
-2.44886  -0.743542  
-2.4518  -0.745864  
-2.43619  -0.747925  
-2.43551  -0.747738  
-2.42929  -0.756449  
-2.42861  -0.756259  
-2.432  -0.766461  
-2.4295  -0.775367  
-2.42805  -0.762093  
-2.42833  -0.745662  
-2.43162  -0.752654  
-2.4289  -0.73343  
-2.4274  -0.735383  
-2.41676  -0.718145  
-2.4163  -0.710938  
-2.41339  -0.715077  
-2.41097  -0.715528  
-2.41709  -0.704054  
-2.40877  -0.721704  
-2.40827  -0.714406  
-2.40973  -0.725923  
-2.40533  -0.732896  
-2.40458  -0.732679  
-2.40571  -0.751831  
-2.40997  -0.749484  
-2.40731  -0.746557  
-2.38817  -0.730774  
-2.38305  -0.741826  
-2.38366  -0.71575  
-2.38212  -0.71775  
-2.38135  -0.701963  
-2.38186  -0.693569  
-2.38119  -0.686148  
-2.40099  -0.6899  
-2.40354  -0.666387  
-2.39675  -0.671247  
-2.40548  -0.67096  
-2.40358  -0.673124  
-2.40405  -0.674431  
-2.40305  -0.667026  
-2.39751  -0.668858  
-2.39527  -0.674728  
-2.39586  -0.669953  
-2.38756  -0.652968  
-2.38494  -0.661951  
-2.38805  -0.637299  
-2.38462  -0.639106  
-2.38016  -0.624929  
-2.39688  -0.626978  
-2.39424  -0.635976  
-2.38678  -0.624259  
-2.3913  -0.61524  
-2.38442  -0.610626  
-2.38808  -0.611151  
-2.38073  -0.603066  
-2.37868  -0.605502  
-2.37193  -0.609749  
-2.36992  -0.612004  
-2.3635  -0.592447  
-2.35793  -0.585936  
-2.35667  -0.578895  
-2.35201  -0.574126  
-2.35208  -0.570762  
-2.34814  -0.566339  
-2.34597  -0.579623  
-2.34498  -0.579305  
-2.33931  -0.584718  
-2.33736  -0.593131  
-2.33352  -0.601096  
-2.32958  -0.606894  
-2.32646  -0.613855  
-2.32362  -0.600688  
-2.32035  -0.614663  
-2.33357  -0.607668  
-2.33286  -0.602139  
-2.33215  -0.598205  
-2.33558  -0.56874  
-2.33393  -0.571216  
-2.33498  -0.552293  
-2.33607  -0.534185  
-2.33565  -0.527136  
-2.33318  -0.5235  
-2.33084  -0.532197  
-2.32415  -0.534876  
-2.33142  -0.542892  
-2.32912  -0.544983  
-2.32102  -0.553929  
-2.317  -0.559933  
-2.30814  -0.566536  
-2.31284  -0.59006  
-2.31623  -0.589533  
-2.3036  -0.590599  
-2.30143  -0.591815  
-2.29662  -0.584296  
-2.29445  -0.585506  
-2.27819  -0.561837  
-2.2945  -0.546699  
-2.29228  -0.54823  
-2.27967  -0.55156  
-2.27583  -0.557102  
-2.26946  -0.553045  
-2.25651  -0.557818  
-2.25599  -0.548081  
-2.24405  -0.562126  
-2.25826  -0.582838  
-2.25621  -0.583517  
-2.24261  -0.590147  
-2.23328  -0.601102  
-2.22328  -0.606588  
-2.2188  -0.611132  
-2.21859  -0.609038  
-2.20797  -0.613324  
-2.20693  -0.612716  
-2.20403  -0.595917  
-2.18971  -0.580802  
-2.20703  -0.581803  
-2.20269  -0.576488  
-2.20124  -0.58289  
-2.19681  -0.567501  
-2.18993  -0.572095  
-2.19257  -0.570376  
-2.20547  -0.576949  
-2.20643  -0.575564  
-2.20024  -0.586738  
-2.19306  -0.612188  
-2.1907  -0.616425  
-2.18458  -0.609866  
-2.18324  -0.609353  
-2.17718  -0.623357  
-2.17496  -0.632664  
-2.16681  -0.645781  
-2.17043  -0.642826  
-2.15551  -0.62574  
-2.16516  -0.617523  
-2.16321  -0.616516  
-2.15632  -0.592063  
-2.15435  -0.59126  
-2.14385  -0.586776  
-2.1419  -0.585943  
-2.14816  -0.588412  
-2.14704  -0.574393  
-2.14503  -0.573568  
-2.13593  -0.57695  
-2.13451  -0.576386  
-2.1356  -0.58617  
-2.12521  -0.608333  
-2.1233  -0.606858  
-2.1144  -0.611124  
-2.1125  -0.609521  
-2.11578  -0.592522  
-2.10684  -0.598704  
-2.10548  -0.600262  
-2.09771  -0.605102  
-2.09583  -0.603333  
-2.08161  -0.594077  
-2.09234  -0.598916  
-2.09219  -0.592448  
-2.08775  -0.58988  
-2.08782  -0.58323  
-2.09537  -0.586598  
-2.08755  -0.586026  
-2.08767  -0.580063  
-2.10237  -0.575964  
-2.10636  -0.573602  
-2.09758  -0.576931  
-2.09606  -0.576299  
-2.10434  -0.571493  
-2.0999  -0.584055  
-2.09782  -0.581838  
-2.09864  -0.600051  
-2.10207  -0.595867  
-2.09314  -0.60539  
-2.09658  -0.60101  
-2.10211  -0.605384  
-2.10008  -0.602658  
-2.08968  -0.604904  
-2.09041  -0.598855  
-2.08843  -0.596063  
-2.10636  -0.604064  
-2.106  -0.615076  
-2.09545  -0.593709  
-2.09678  -0.5885  
-2.09828  -0.587978  
-2.09447  -0.566859  
-2.08683  -0.562358  
-2.08507  -0.569852  
-2.09773  -0.557795  
-2.10335  -0.560643  
-2.09705  -0.551576  
-2.09072  -0.54153  
-2.09113  -0.539483  
-2.08688  -0.53665  
-2.08501  -0.550939  
-2.08037  -0.548305  
-2.07602  -0.560099  
-2.07403  -0.556882  
-2.08106  -0.558177  
-2.08556  -0.559778  
-2.08083  -0.559148  
-2.0783  -0.551432  
-2.07633  -0.548214  
-2.07583  -0.546372  
-2.07383  -0.542994  
-2.07656  -0.526978  
-2.07773  -0.515266  
-2.07767  -0.528117  
-2.07403  -0.508082  
-2.05954  -0.498264  
-2.05966  -0.483595  
-2.05681  -0.48314  
-2.0603  -0.474076  
-2.05975  -0.464787  
-2.05688  -0.466389  
-2.06016  -0.464743  
-2.06244  -0.45827  
-2.05889  -0.452139  
-2.063  -0.441363  
-2.06184  -0.432504  
-2.07047  -0.445505  
-2.09451  -0.444635  
-2.09176  -0.451359  
-2.09622  -0.44523  
-2.0987  -0.45967  
-2.10536  -0.463843  
-2.08865  -0.464129  
-2.0866  -0.464811  
-2.09379  -0.474937  
-2.09218  -0.488662  
-2.09496  -0.477908  
-2.09114  -0.481422  
-2.08938  -0.480599  
-2.11082  -0.47809  
-2.11199  -0.455342  
-2.11516  -0.461461  
-2.11343  -0.468489  
-2.12452  -0.466113  
-2.12735  -0.460527  
-2.13287  -0.447879  
-2.13564  -0.442427  
-2.12659  -0.434601  
-2.13067  -0.422712  
-2.1222  -0.428652  
-2.13313  -0.429154  
-2.13094  -0.430903  
-2.12647  -0.410436  
-2.12555  -0.412109  
-2.12872  -0.400204  
-2.13505  -0.404097  
-2.13154  -0.39836  
-2.1395  -0.39745  
-2.14152  -0.404355  
-2.145  -0.40992  
-2.16425  -0.408401  
-2.16209  -0.416276  
-2.16325  -0.425334  
-2.15551  -0.439566  
-2.15318  -0.434788  
-2.15083  -0.44258  
-2.15484  -0.451463  
-2.13806  -0.4416  
-2.13663  -0.447846  
-2.13855  -0.458954  
-2.13641  -0.453718  
-2.13546  -0.448693  
-2.13589  -0.446584  
-2.13384  -0.441358  
-2.14796  -0.416139  
-2.15083  -0.409749  
-2.14891  -0.415663  
-2.1518  -0.409126  
-2.14189  -0.398781  
-2.13781  -0.38761  
-2.14154  -0.3926  
-2.1404  -0.381216  
-2.1382  -0.376279  
-2.13639  -0.369245  
-2.13775  -0.360066  
-2.13223  -0.371343  
-2.11189  -0.33449  
-2.11293  -0.333712  
-2.13412  -0.313745  
-2.13277  -0.320637  
-2.1304  -0.297071  
-2.12813  -0.292683  
-2.12769  -0.289216  
-2.12585  -0.273325  
-2.12685  -0.272523  
-2.11899  -0.26606  
-2.12269  -0.271723  
-2.12709  -0.282998  
-2.12573  -0.289841  
-2.11806  -0.286676  
-2.11917  -0.299306  
-2.11821  -0.309915  
-2.11746  -0.307075  
-2.11622  -0.313493  
-2.1153  -0.319906  
-2.11447  -0.325324  
-2.11218  -0.323238  
-2.12889  -0.329257  
-2.12765  -0.335214  
-2.12768  -0.322134  
-2.12432  -0.314981  
-2.12715  -0.312114  
-2.12302  -0.307792  
-2.12198  -0.318058  
-2.11928  -0.323351  
-2.11806  -0.318808  
-2.11645  -0.30875  
-2.0956  -0.297637  
-2.08764  -0.304441  
-2.08039  -0.299711  
-2.07309  -0.285597  
-2.06799  -0.303445  
-2.06202  -0.280771  
-2.05743  -0.280507  
-2.06623  -0.249992  
-2.0588  -0.235739  
-2.05741  -0.22443  
-2.04412  -0.209957  
-2.0497  -0.213141  
-2.03845  -0.218114  
-2.03403  -0.213145  
-2.03179  -0.208055  
-2.02502  -0.194258  
-2.02416  -0.204515  
-2.01178  -0.197277  
-1.99856  -0.21628  
-1.99776  -0.227061  
-1.98959  -0.242522  
-1.98831  -0.230654  
-1.97814  -0.247704  
-1.97617  -0.241325  
-1.97359  -0.249873  
-1.97291  -0.255131  
-1.96539  -0.265335  
-1.96214  -0.272166  
-1.9615  -0.277033  
-1.95373  -0.274475  
-1.95713  -0.271425  
-1.95637  -0.282252  
-1.9522  -0.261521  
-1.95316  -0.268811  
-1.96577  -0.254172  
-1.9657  -0.256806  
-1.96371  -0.246693  
-1.96112  -0.242652  
-1.96617  -0.243725  
-1.96128  -0.245224  
-1.96227  -0.23765  
-1.97594  -0.233895  
-1.97031  -0.229739  
-1.96897  -0.225368  
-1.96269  -0.211465  
-1.97673  -0.216533  
-1.97441  -0.209709  
-1.97551  -0.177348  
-1.97459  -0.182649  
-1.99199  -0.177542  
-1.98951  -0.170739  
-1.98523  -0.15313  
-1.98515  -0.146456  
-1.98419  -0.151941  
-2.00554  -0.153649  
-2.00268  -0.150699  
-1.99709  -0.138312  
-1.99551  -0.13788  
-1.99294  -0.142028  
-2.009  -0.136434  
-2.00322  -0.137525  
-2.00165  -0.136088  
-2.00112  -0.142056  
-2.00063  -0.149331  
-1.99201  -0.143065  
-1.99077  -0.151051  
-1.98927  -0.147191  
-1.98996  -0.142843  
-1.98732  -0.145763  
-1.98793  -0.146667  
-1.97905  -0.139789  
-1.97926  -0.137564  
-1.97799  -0.144481  
-1.97498  -0.138163  
-1.97436  -0.148922  
-1.97436  -0.148922  
-1.97445  -0.154875  
-1.97394  -0.165918  
-1.97232  -0.159653  
-1.97166  -0.163944  
-1.96809  -0.155845  
-1.96794  -0.151709  
-1.94801  -0.137564  
-1.94908  -0.12794  
-1.94852  -0.132411  
-1.96196  -0.141531  
-1.96435  -0.13239  
-1.96431  -0.134883  
-1.95932  -0.131988  
-1.96409  -0.130703  
-1.96162  -0.125321  
-1.95661  -0.122402  
-1.96209  -0.138276  
-1.95592  -0.122047  
-1.96067  -0.120771  
-1.95009  -0.101725  
-1.94627  -0.0852715  
-1.94573  -0.0896241  
-1.94187  -0.0807215  
-1.9361  -0.0595999  
-1.95278  -0.0527526  
-1.95025  -0.0452771  
-1.94157  -0.0237761  
-1.94375  -0.0152988  
-1.93947  -0.0172012  
-1.93694  -0.00995963  
-1.93398  -0.0118888  
-1.93063  -0.00735538  
-1.93078  -0.0170495  
-1.94337  -0.0167851  
-1.94305  -0.02796  
-1.93068  -0.0193638  
-1.92694  -0.0148003  
-1.92681  -0.0309613  
-1.92644  -0.0228637  
-1.92386  -0.0150117  
-1.92101  -0.00938842  
-1.92074  -0.0205903  
-1.918  -0.00950036  
-1.909  -0.000799157  
-1.91116  0.00824356  
-1.908  0.00269105  
-1.90452  0.00730627  
-1.90452  0.00730627  
-1.90149  0.0084987  
-1.89954  0.000348096  
-1.90155  0.000413144  
-1.90043  -0.000948934  
-1.89997  -0.00507778  
-1.90136  -0.00492796  
-1.89724  -0.00507392  
-1.87657  0.00732074  
-1.8963  0.0100589  
-1.89357  0.00883577  
-1.89094  0.0170545  
-1.88858  0.035009  
-1.88811  0.0306709  
-1.88978  0.0434648  
-1.89346  0.0465581  
-1.89297  0.042185  
-1.89533  0.0352902  
-1.89579  0.0327888  
-1.89592  0.0312604  
-1.89874  0.0317041  
-1.89864  0.0204103  
-1.89765  0.0265868  
-1.88293  0.0352224  
-1.88725  0.042013  
-1.88497  0.0545991  
-1.88917  0.0680461  
-1.8931  0.0897552  
-1.89259  0.0852599  
-1.91499  0.0897677  
-1.91207  0.0977894  
-1.90369  0.117178  
-1.90077  0.124977  
-1.91355  0.115348  
-1.91055  0.123176  
-1.91632  0.133141  
-1.9157  0.128478  
-1.92335  0.130505  
-1.91967  0.142783  
-1.91909  0.138063  
-1.9265  0.13809  
-1.92591  0.133492  
-1.93298  0.125768  
-1.93714  0.128896  
-1.93474  0.130198  
-1.94056  0.145308  
-1.922  0.142462  
-1.92649  0.162584  
-1.93507  0.156379  
-1.93324  0.15342  
-1.94438  0.162764  
-1.94331  0.164512  
-1.94926  0.168167  
-1.95853  0.175516  
-1.9579  0.170897  
-1.97154  0.178051  
-1.97536  0.174576  
-1.9819  0.15887  
-1.9786  0.167305  
-1.98496  0.162997  
-1.99278  0.162999  
-1.99017  0.175728  
-1.99752  0.168443  
-1.99771  0.180986  
-2.0097  0.182782  
-2.01386  0.179116  
-2.01667  0.178925  
-2.02582  0.185468  
-2.02244  0.193875  
-2.02606  0.202459  
-2.01212  0.206151  
-2.0209  0.224002  
-2.02472  0.220575  
-2.0354  0.217744  
-2.04648  0.221828  
-2.04582  0.217485  
-2.06024  0.207216  
-2.06127  0.216711  
-2.07656  0.21169  
-2.06712  0.214565  
-2.07148  0.207981  
-2.0838  0.217393  
-2.08757  0.215404  
-2.09718  0.214596  
-2.10339  0.23967  
-2.10275  0.238211  
-2.11603  0.233106  
-2.11154  0.250564  
-2.10471  0.248899  
-2.10913  0.249913  
-2.12193  0.257852  
-2.12696  0.251859  
-2.11189  0.258804  
-2.12573  0.263913  
-2.12889  0.25226  
-2.12112  0.260532  
-2.12612  0.258141  
-2.12708  0.267829  
-2.12354  0.276791  
-2.12302  0.272513  
-2.13166  0.268134  
-2.12003  0.278541  
-2.11961  0.274356  
-2.11864  0.283078  
-2.11824  0.278909  
-2.13241  0.280562  
-2.13633  0.277453  
-2.12519  0.290496  
-2.11884  0.293894  
-2.11802  0.293994  
-2.13334  0.304772  
-2.12365  0.315751  
-2.1303  0.305085  
-2.13037  0.310862  
-2.13037  0.310862  
-2.12592  0.323284  
-2.12127  0.335025  
-2.13696  0.322284  
-2.13504  0.339691  
-2.13559  0.328197  
-2.14875  0.338523  
-2.14833  0.334383  
-2.14032  0.355263  
-2.13997  0.35111  
-2.14444  0.354071  
-2.13987  0.355321  
-2.14516  0.358338  
-2.14906  0.355177  
-2.16208  0.344087  
-2.15851  0.353014  
-2.16865  0.349117  
-2.16754  0.358569  
-2.17991  0.356016  
-2.18049  0.365087  
-2.18647  0.388605  
-2.19422  0.385436  
-2.19475  0.394947  
-2.19972  0.402718  
-2.19922  0.398427  
-2.20526  0.391749  
-2.20773  0.399244  
-2.21065  0.398026  
-2.19865  0.402832  
-2.19454  0.410263  
-2.20061  0.407864  
-2.20293  0.399957  
-2.2014  0.384482  
-2.20808  0.393125  
-2.20732  0.3891  
-2.19401  0.406012  
-2.19565  0.408622  
-2.1976  0.417622  
-2.20233  0.42596  
-2.20713  0.417988  
-2.20045  0.43312  
-2.20015  0.448615  
-2.20274  0.444323  
-2.19664  0.461697  
-2.19473  0.457237  
-2.19381  0.464295  
-2.20533  0.462456  
-2.20927  0.459141  
-2.20067  0.463629  
-2.20465  0.460371  
-2.21098  0.450515  
-2.19898  0.458757  
-2.20296  0.455674  
-2.20581  0.452589  
-2.20976  0.449635  
-2.18934  0.466007  
-2.18971  0.470483  
-2.19023  0.462699  
-2.19942  0.461565  
-2.2053  0.458313  
-2.20006  0.475666  
-2.19991  0.471861  
-2.2018  0.461128  
-2.20301  0.461742  
-2.19645  0.474304  
-2.2118  0.463224  
-2.21569  0.460582  
-2.21774  0.461982  
-2.2216  0.459432  
-2.23585  0.46031  
-2.23964  0.457828  
-2.24417  0.466295  
-2.25258  0.473661  
-2.25631  0.471074  
-2.27541  0.464657  
-2.27995  0.466261  
-2.28325  0.485024  
-2.2869  0.48239  
-2.29991  0.467917  
-2.30629  0.47037  
-2.30887  0.470202  
-2.31532  0.475219  
-2.29993  0.482471  
-2.31035  0.471451  
-2.31561  0.4766  
-2.31918  0.474346  
-2.30336  0.480571  
-2.30641  0.470085  
-2.31066  0.484509  
-2.30088  0.496033  
-2.28546  0.503302  
-2.29914  0.504739  
-2.28495  0.509698  
-2.27779  0.511383  
-2.2817  0.508891  
-2.2657  0.534488  
-2.26657  0.538575  
-2.25257  0.543306  
-2.24747  0.535324  
-2.25149  0.532748  
-2.22833  0.531992  
-2.22319  0.54759  
-2.21039  0.534856  
-2.19113  0.535288  
-2.19365  0.53512  
-2.17189  0.535578  
-2.17297  0.534545  
-2.1538  0.534493  
-2.1332  0.560283  
-2.11167  0.555402  
-2.11364  0.547781  
-2.11808  0.545496  
-2.09587  0.561369  
-2.10035  0.558989  
-2.10914  0.554278  
-2.09501  0.564812  
-2.09937  0.562484  
-2.1093  0.552538  
-2.11351  0.550395  
-2.11858  0.546472  
-2.11963  0.542546  
-2.12506  0.534418  
-2.12254  0.541558  
-2.12467  0.532257  
-2.11509  0.535383  
-2.12718  0.53893  
-2.13836  0.522941  
-2.13241  0.537801  
-2.13271  0.537861  
-2.14239  0.521869  
-2.13314  0.534669  
-2.13874  0.535365  
-2.12883  0.549379  
-2.13556  0.539694  
-2.14428  0.535054  
-2.14054  0.549576  
-2.14158  0.545241  
-2.13138  0.559185  
-2.13686  0.548795  
-2.13165  0.56407  
-2.13151  0.566734  
-2.13221  0.565436  
-2.12341  0.577046  
-2.12869  0.569767  
-2.11742  0.581536  
-2.10702  0.594478  
-2.11091  0.592515  
-2.09577  0.597606  
-2.09969  0.595662  
-2.09986  0.587171  
-2.10226  0.587015  
-2.10836  0.593924  
-2.10479  0.598266  
-2.10343  0.597523  
-2.101  0.591516  
-2.10482  0.589797  
-2.11935  0.576451  
-2.12506  0.578539  
-2.13387  0.567838  
-2.14154  0.576807  
-2.15717  0.561099  
-2.16059  0.559884  
-2.15843  0.564704  
-2.16096  0.557144  
-2.17074  0.556259  
-2.1749  0.552721  
-2.1805  0.551858  
-2.16795  0.557967  
-2.17277  0.55337  
-2.16939  0.54659  
-2.15859  0.54963  
-2.16319  0.55418  
-2.15618  0.556314  
-2.15636  0.551896  
-2.15983  0.550187  
-2.15996  0.552746  
-2.15741  0.563061  
-2.14595  0.569873  
-2.15151  0.568174  
-2.15664  0.566176  
-2.16285  0.563885  
-2.15641  0.57891  
-2.16926  0.574132  
-2.17574  0.570715  
-2.17982  0.570448  
-2.18175  0.572989  
-2.18186  0.584437  
-2.19114  0.585409  
-2.19095  0.583716  
-2.18453  0.598845  
-2.18799  0.597563  
-2.18346  0.594229  
-2.17893  0.600284  
-2.18245  0.599035  
-2.16865  0.613218  
-2.16826  0.624639  
-2.17606  0.613812  
-2.17208  0.62518  
-2.1744  0.61968  
-2.18208  0.620576  
-2.18247  0.614584  
-2.18559  0.622142  
-2.18132  0.616931  
-2.18516  0.622588  
-2.18674  0.612644  
-2.18735  0.617145  
-2.18056  0.620758  
-2.19448  0.613355  
-2.19319  0.612701  
-2.1862  0.626522  
-2.1862  0.626522  
-2.18449  0.628217  
-2.19214  0.635498  
-2.17293  0.642335  
-2.18284  0.649476  
-2.18284  0.649476  
-2.17852  0.652694  
-2.17853  0.650794  
-2.16782  0.670914  
-2.16672  0.682067  
-2.16672  0.682067  
-2.15438  0.711959  
-2.15452  0.709476  
-2.15398  0.733086  
-2.13768  0.740511  
-2.13768  0.740511  
-2.14206  0.750322  
-2.1372  0.761449  
-2.12795  0.78901  
-2.13139  0.79807  
-2.12915  0.799413  
-2.12581  0.819259  
-2.09734  0.854682  
-2.10111  0.851615  
-2.09199  0.872928  
-2.09585  0.869543  
-2.08182  0.904212  
-2.08218  0.900074  
-2.09378  0.899755  
-2.08873  0.907491  
-2.08472  0.91617  
-2.0778  0.927537  
-2.07813  0.923345  
-2.08098  0.92027  
-2.08208  0.913307  
-2.07437  0.927455  
-2.07365  0.913581  
-2.06928  0.9263  
-2.0413  0.947352  
-2.0413  0.947352  
-2.0357  0.950265  
-2.03189  0.96083  
-2.03189  0.96083  
-2.02772  0.97673  
-2.03097  0.968367  
-2.02791  0.977843  
-2.02772  0.982538  
-2.02915  0.973597  
-2.02942  0.980363  
-2.03876  0.971649  
-2.03784  0.982837  
-2.04493  0.977626  
-2.04653  0.973616  
-2.02951  0.992462  
-2.03278  0.992865  
-2.03785  0.99917  
-2.04196  0.992643  
-2.0456  0.98928  
-2.02697  1.00753  
-2.03069  1.00409  
-2.03494  1.00204  
-2.03861  0.998729  
-2.02339  1.01735  
-2.03817  1.0125  
-2.03691  1.01198  
-2.02806  1.02568  
-2.03155  1.02608  
-2.03141  1.01589  
-2.03159  1.01235  
-2.02266  1.01687  
-2.01529  1.01856  
-2.0175  1.01844  
-2.02761  1.00271  
-2.00803  1.00974  
-2.01885  0.998476  
-2.00086  0.999568  
-1.99838  1.01206  
-1.98654  1.0209  
-1.98327  1.02836  
-1.96629  1.04739  
-1.96584  1.05162  
-1.96468  1.06106  
-1.94744  1.08132  
-1.92407  1.09318  
-1.90826  1.11139  
-1.9064  1.13733  
-1.9105  1.13351  
-1.87562  1.15291  
-1.87982  1.14902  
-1.86828  1.14828  
-1.86162  1.16471  
-1.84385  1.16798  
-1.83778  1.15658  
-1.84203  1.1529  
-1.84147  1.13685  
-1.83486  1.12076  
-1.82716  1.12999  
-1.83418  1.10578  
-1.84351  1.09534  
-1.82281  1.09695  
-1.83412  1.07395  
-1.8374  1.06564  
-1.82273  1.06517  
-1.83307  1.04955  
-1.81929  1.03937  
-1.81024  1.0374  
-1.81751  1.02896  
-1.80685  1.02133  
-1.80417  1.01667  
-1.79732  0.998684  
-1.7915  0.9912  
-1.78829  0.995369  
-1.77965  1.00025  
-1.78698  0.987089  
-1.79557  0.97526  
-1.78978  0.977532  
-1.79559  0.973872  
-1.8047  0.962765  
-1.81159  0.957426  
-1.80502  0.955319  
-1.81922  0.960917  
-1.82735  0.954236  
-1.82473  0.953546  
-1.83094  0.945989  
-1.82699  0.955663  
-1.85278  0.937536  
-1.8376  0.94475  
-1.8525  0.946375  
-1.83734  0.953486  
-1.83717  0.953434  
-1.83997  0.952569  
-1.84321  0.952039  
-1.84621  0.954448  
-1.83434  0.961737  
-1.86378  0.944288  
-1.84771  0.950558  
-1.84733  0.95788  
-1.87445  0.939338  
-1.87843  0.939631  
-1.89356  0.935964  
-1.92092  0.929608  
-1.92678  0.92904  
-1.96094  0.923523  
-1.96877  0.917119  
-1.98399  0.927651  
-1.97483  0.929155  
-2.01328  0.92151  
-2.01536  0.932536  
-2.01733  0.932407  
-2.02525  0.93362  
-2.02605  0.93313  
-2.02208  0.932882  
-2.02391  0.927847  
