-0.419728  -0.0467691  0.150592
-0.419723  -0.0468154  0.150592
-0.419723  -0.0468154  0.150592
-0.419723  -0.0468154  0.150592
-0.419728  -0.0467691  0.150592
-0.419728  -0.0467691  0.150592
-0.419723  -0.0468154  0.150592
-0.419723  -0.0468154  0.150592
-0.419723  -0.0468154  0.150592
-0.419727  -0.0467642  0.150593
-0.419727  -0.0467642  0.150593
-0.419724  -0.0467665  0.150597
-0.419724  -0.0467665  0.150597
-0.419723  -0.0467389  0.150608
-0.419723  -0.0467389  0.150608
-0.419723  -0.0467389  0.150608
-0.419722  -0.0467046  0.150625
-0.419722  -0.0467046  0.150625
-0.419721  -0.0466659  0.150653
-0.419721  -0.0466659  0.150653
-0.419721  -0.0466659  0.150653
-0.419719  -0.0466233  0.150687
-0.419719  -0.0466233  0.150687
-0.419718  -0.0465752  0.150731
-0.419718  -0.0465752  0.150731
-0.419718  -0.0465752  0.150731
-0.419716  -0.0465215  0.15078
-0.419716  -0.0465215  0.15078
-0.419716  -0.0465215  0.15078
-0.419714  -0.0464612  0.150838
-0.419714  -0.0464612  0.150838
-0.419712  -0.0463944  0.150901
-0.419712  -0.0463944  0.150901
-0.419712  -0.0463944  0.150901
-0.41971  -0.0463213  0.150974
-0.41971  -0.0463213  0.150974
-0.419708  -0.0462431  0.151055
-0.419708  -0.0462431  0.151055
-0.419708  -0.0462431  0.151055
-0.419705  -0.0461584  0.151144
-0.419705  -0.0461584  0.151144
-0.419703  -0.0460687  0.151242
-0.419703  -0.0460687  0.151242
-0.419703  -0.0460687  0.151242
-0.4197  -0.0459736  0.151348
-0.4197  -0.0459736  0.151348
-0.419697  -0.0458741  0.151461
-0.419697  -0.0458741  0.151461
-0.419697  -0.0458741  0.151461
-0.419694  -0.0457705  0.151583
-0.419694  -0.0457705  0.151583
-0.419691  -0.0456624  0.151712
-0.419691  -0.0456624  0.151712
-0.419691  -0.0456624  0.151712
-0.419688  -0.0455514  0.151849
-0.419688  -0.0455514  0.151849
-0.419685  -0.0454374  0.151993
-0.419685  -0.0454374  0.151993
-0.419685  -0.0454374  0.151993
-0.419682  -0.0453215  0.152144
-0.419682  -0.0453215  0.152144
-0.419679  -0.0452036  0.1523
-0.419679  -0.0452036  0.1523
-0.419679  -0.0452036  0.1523
-0.419675  -0.0450837  0.152463
-0.419675  -0.0450837  0.152463
-0.419672  -0.044962  0.152633
-0.419672  -0.044962  0.152633
-0.419672  -0.044962  0.152633
-0.419668  -0.0448392  0.152808
-0.419668  -0.0448392  0.152808
-0.419665  -0.0447158  0.152989
-0.419665  -0.0447158  0.152989
-0.419665  -0.0447158  0.152989
-0.419662  -0.0445916  0.153176
-0.419662  -0.0445916  0.153176
-0.419658  -0.044467  0.153369
-0.419658  -0.044467  0.153369
-0.419658  -0.044467  0.153369
-0.419655  -0.044342  0.153566
-0.419655  -0.044342  0.153566
-0.419651  -0.0442159  0.15377
-0.419651  -0.0442159  0.15377
-0.419651  -0.0442159  0.15377
-0.419647  -0.0440892  0.153978
-0.419647  -0.0440892  0.153978
-0.419644  -0.0439616  0.154192
-0.419644  -0.0439616  0.154192
-0.419644  -0.0439616  0.154192
-0.41964  -0.0438339  0.15441
-0.41964  -0.0438339  0.15441
-0.419637  -0.0437052  0.154635
-0.419637  -0.0437052  0.154635
-0.419637  -0.0437052  0.154635
-0.419633  -0.043576  0.154863
-0.419633  -0.043576  0.154863
-0.419629  -0.0434457  0.155097
-0.419629  -0.0434457  0.155097
-0.419629  -0.0434457  0.155097
-0.419626  -0.0433142  0.155335
-0.419626  -0.0433142  0.155335
-0.419622  -0.0431814  0.155577
-0.419622  -0.0431814  0.155577
-0.419622  -0.0431814  0.155577
-0.419618  -0.0430475  0.155824
-0.419618  -0.0430475  0.155824
-0.419618  -0.0430475  0.155824
-0.419614  -0.0429122  0.156075
-0.419614  -0.0429122  0.156075
-0.41961  -0.0427751  0.15633
-0.41961  -0.0427751  0.15633
-0.41961  -0.0427751  0.15633
-0.419607  -0.0426359  0.156588
-0.419607  -0.0426359  0.156588
-0.419603  -0.0424946  0.156851
-0.419603  -0.0424946  0.156851
-0.419603  -0.0424946  0.156851
-0.419599  -0.0423513  0.157118
-0.419599  -0.0423513  0.157118
-0.419595  -0.042206  0.157389
-0.419595  -0.042206  0.157389
-0.41959  -0.0420587  0.157664
-0.41959  -0.0420587  0.157664
-0.41959  -0.0420587  0.157664
-0.419586  -0.0419093  0.157943
-0.419586  -0.0419093  0.157943
-0.419586  -0.0419093  0.157943
-0.419582  -0.0417578  0.158225
-0.419582  -0.0417578  0.158225
-0.419578  -0.0416039  0.15851
-0.419578  -0.0416039  0.15851
-0.419573  -0.041448  0.158799
-0.419573  -0.041448  0.158799
-0.419573  -0.041448  0.158799
-0.419569  -0.0412902  0.159092
-0.419569  -0.0412902  0.159092
-0.419569  -0.0412902  0.159092
-0.419565  -0.0411309  0.159388
-0.41956  -0.04097  0.159689
-0.41956  -0.04097  0.159689
-0.41956  -0.04097  0.159689
-0.41956  -0.04097  0.159689
-0.419556  -0.0408076  0.159993
-0.419556  -0.0408076  0.159993
-0.419551  -0.0406434  0.160301
-0.419551  -0.0406434  0.160301
-0.419551  -0.0406434  0.160301
-0.419547  -0.0404776  0.160613
-0.419547  -0.0404776  0.160613
-0.419542  -0.040311  0.160929
-0.419542  -0.040311  0.160929
-0.419542  -0.040311  0.160929
-0.419538  -0.0401434  0.16125
-0.419538  -0.0401434  0.16125
-0.419533  -0.039975  0.161575
-0.419533  -0.039975  0.161575
-0.419528  -0.0398055  0.161904
-0.419528  -0.0398055  0.161904
-0.419528  -0.0398055  0.161904
-0.419524  -0.0396353  0.162238
-0.419524  -0.0396353  0.162238
-0.419519  -0.0394642  0.162576
-0.419519  -0.0394642  0.162576
-0.419519  -0.0394642  0.162576
-0.419514  -0.0392924  0.162919
-0.419514  -0.0392924  0.162919
-0.41951  -0.03912  0.163266
-0.41951  -0.03912  0.163266
-0.41951  -0.03912  0.163266
-0.419505  -0.0389468  0.163617
-0.419505  -0.0389468  0.163617
-0.4195  -0.0387732  0.163972
-0.4195  -0.0387732  0.163972
-0.4195  -0.0387732  0.163972
-0.419495  -0.0385992  0.164332
-0.419495  -0.0385992  0.164332
-0.41949  -0.0384248  0.164696
-0.41949  -0.0384248  0.164696
-0.41949  -0.0384248  0.164696
-0.419486  -0.0382499  0.165063
-0.419486  -0.0382499  0.165063
-0.419481  -0.0380745  0.165434
-0.419481  -0.0380745  0.165434
-0.419481  -0.0380745  0.165434
-0.419476  -0.0378984  0.165808
-0.419476  -0.0378984  0.165808
-0.419471  -0.0377218  0.166186
-0.419471  -0.0377218  0.166186
-0.419471  -0.0377218  0.166186
-0.419466  -0.0375447  0.166568
-0.419466  -0.0375447  0.166568
-0.419461  -0.037367  0.166953
-0.419461  -0.037367  0.166953
-0.419461  -0.037367  0.166953
-0.419456  -0.0371887  0.16734
-0.419456  -0.0371887  0.16734
-0.419451  -0.0370097  0.167731
-0.419451  -0.0370097  0.167731
-0.419451  -0.0370097  0.167731
-0.419447  -0.0368303  0.168124
-0.419447  -0.0368303  0.168124
-0.419442  -0.0366501  0.16852
-0.419442  -0.0366501  0.16852
-0.419442  -0.0366501  0.16852
-0.419437  -0.0364694  0.168919
-0.419437  -0.0364694  0.168919
-0.419432  -0.0362877  0.16932
-0.419432  -0.0362877  0.16932
-0.419432  -0.0362877  0.16932
-0.419427  -0.0361052  0.169722
-0.419427  -0.0361052  0.169722
-0.419422  -0.0359217  0.170128
-0.419422  -0.0359217  0.170128
-0.419422  -0.0359217  0.170128
-0.419417  -0.0357373  0.170535
-0.419417  -0.0357373  0.170535
-0.419412  -0.0355518  0.170944
-0.419412  -0.0355518  0.170944
-0.419412  -0.0355518  0.170944
-0.419407  -0.0353654  0.171355
-0.419407  -0.0353654  0.171355
-0.419402  -0.0351776  0.171768
-0.419402  -0.0351776  0.171768
-0.419402  -0.0351776  0.171768
-0.419397  -0.0349888  0.172182
-0.419397  -0.0349888  0.172182
-0.419392  -0.0347986  0.172599
-0.419392  -0.0347986  0.172599
-0.419392  -0.0347986  0.172599
-0.419387  -0.0346072  0.173018
-0.419387  -0.0346072  0.173018
-0.419382  -0.0344145  0.173439
-0.419382  -0.0344145  0.173439
-0.419382  -0.0344145  0.173439
-0.419377  -0.0342207  0.173861
-0.419377  -0.0342207  0.173861
-0.419377  -0.0342207  0.173861
-0.419372  -0.0340251  0.174286
-0.419372  -0.0340251  0.174286
-0.419367  -0.0338281  0.174713
-0.419367  -0.0338281  0.174713
-0.419367  -0.0338281  0.174713
-0.419362  -0.0336296  0.175143
-0.419362  -0.0336296  0.175143
-0.419356  -0.0334295  0.175576
-0.419356  -0.0334295  0.175576
-0.419356  -0.0334295  0.175576
-0.419351  -0.0332279  0.176011
-0.419351  -0.0332279  0.176011
-0.419346  -0.0330246  0.176449
-0.419346  -0.0330246  0.176449
-0.419341  -0.03282  0.176889
-0.419341  -0.03282  0.176889
-0.419341  -0.03282  0.176889
-0.419336  -0.0326138  0.177332
-0.419336  -0.0326138  0.177332
-0.419331  -0.0324058  0.177779
-0.419331  -0.0324058  0.177779
-0.419331  -0.0324058  0.177779
-0.419326  -0.0321962  0.178228
-0.419326  -0.0321962  0.178228
-0.41932  -0.0319848  0.178682
-0.41932  -0.0319848  0.178682
-0.41932  -0.0319848  0.178682
-0.419315  -0.0317717  0.179138
-0.419315  -0.0317717  0.179138
-0.41931  -0.0315567  0.179597
-0.41931  -0.0315567  0.179597
-0.41931  -0.0315567  0.179597
-0.419305  -0.0313398  0.18006
-0.419305  -0.0313398  0.18006
-0.419299  -0.0311208  0.180526
-0.419299  -0.0311208  0.180526
-0.419299  -0.0311208  0.180526
-0.419294  -0.0309001  0.180996
-0.419294  -0.0309001  0.180996
-0.419289  -0.0306777  0.181469
-0.419289  -0.0306777  0.181469
-0.419289  -0.0306777  0.181469
-0.419283  -0.0304535  0.181946
-0.419283  -0.0304535  0.181946
-0.419278  -0.0302276  0.182426
-0.419278  -0.0302276  0.182426
-0.419278  -0.0302276  0.182426
-0.419273  -0.0299997  0.182909
-0.419273  -0.0299997  0.182909
-0.419267  -0.0297698  0.183396
-0.419267  -0.0297698  0.183396
-0.419267  -0.0297698  0.183396
-0.419262  -0.0295379  0.183887
-0.419262  -0.0295379  0.183887
-0.419257  -0.029304  0.184382
-0.419257  -0.029304  0.184382
-0.419257  -0.029304  0.184382
-0.419251  -0.0290683  0.18488
-0.419251  -0.0290683  0.18488
-0.419246  -0.0288303  0.185382
-0.419246  -0.0288303  0.185382
-0.419246  -0.0288303  0.185382
-0.419241  -0.0285902  0.185889
-0.419241  -0.0285902  0.185889
-0.419235  -0.0283482  0.186398
-0.419235  -0.0283482  0.186398
-0.419235  -0.0283482  0.186398
-0.41923  -0.0281033  0.186913
-0.41923  -0.0281033  0.186913
-0.419224  -0.0278565  0.18743
-0.419224  -0.0278565  0.18743
-0.419224  -0.0278565  0.18743
-0.419219  -0.0276067  0.187952
-0.419219  -0.0276067  0.187952
-0.419214  -0.0273541  0.188479
-0.419214  -0.0273541  0.188479
-0.419214  -0.0273541  0.188479
-0.419208  -0.0270988  0.189009
-0.419208  -0.0270988  0.189009
-0.419203  -0.0268412  0.189543
-0.419203  -0.0268412  0.189543
-0.419203  -0.0268412  0.189543
-0.419197  -0.0265802  0.190081
-0.419197  -0.0265802  0.190081
-0.419192  -0.0263166  0.190624
-0.419192  -0.0263166  0.190624
-0.419192  -0.0263166  0.190624
-0.419186  -0.0260503  0.191171
-0.419186  -0.0260503  0.191171
-0.419181  -0.0257811  0.191722
-0.419181  -0.0257811  0.191722
-0.419181  -0.0257811  0.191722
-0.419175  -0.0255092  0.192276
-0.419175  -0.0255092  0.192276
-0.41917  -0.0252341  0.192835
-0.41917  -0.0252341  0.192835
-0.41917  -0.0252341  0.192835
-0.419165  -0.0249561  0.193397
-0.419165  -0.0249561  0.193397
-0.419159  -0.0246757  0.193963
-0.419159  -0.0246757  0.193963
-0.419159  -0.0246757  0.193963
-0.419154  -0.0243919  0.194535
-0.419154  -0.0243919  0.194535
-0.419148  -0.0241056  0.195109
-0.419148  -0.0241056  0.195109
-0.419148  -0.0241056  0.195109
-0.419143  -0.0238156  0.195688
-0.419143  -0.0238156  0.195688
-0.419138  -0.0235228  0.19627
-0.419138  -0.0235228  0.19627
-0.419138  -0.0235228  0.19627
-0.419133  -0.023226  0.196857
-0.419133  -0.023226  0.196857
-0.419127  -0.0229268  0.197447
-0.419127  -0.0229268  0.197447
-0.419127  -0.0229268  0.197447
-0.419122  -0.0226235  0.198041
-0.419122  -0.0226235  0.198041
-0.419117  -0.0223176  0.198639
-0.419117  -0.0223176  0.198639
-0.419117  -0.0223176  0.198639
-0.419112  -0.022008  0.199241
-0.419112  -0.022008  0.199241
-0.419107  -0.0216958  0.199846
-0.419107  -0.0216958  0.199846
-0.419107  -0.0216958  0.199846
-0.419102  -0.0213806  0.200454
-0.419102  -0.0213806  0.200454
-0.419097  -0.0210616  0.201066
-0.419097  -0.0210616  0.201066
-0.419097  -0.0210616  0.201066
-0.419092  -0.020739  0.201682
-0.419092  -0.020739  0.201682
-0.419087  -0.0204131  0.202302
-0.419087  -0.0204131  0.202302
-0.419087  -0.0204131  0.202302
-0.419082  -0.0200837  0.202925
-0.419082  -0.0200837  0.202925
-0.419077  -0.0197512  0.20355
-0.419077  -0.0197512  0.20355
-0.419077  -0.0197512  0.20355
-0.419073  -0.0194149  0.20418
-0.419073  -0.0194149  0.20418
-0.419068  -0.0190754  0.204812
-0.419068  -0.0190754  0.204812
-0.419068  -0.0190754  0.204812
-0.419064  -0.018732  0.205447
-0.419064  -0.018732  0.205447
-0.419059  -0.0183855  0.206084
-0.419059  -0.0183855  0.206084
-0.419055  -0.0180353  0.206725
-0.419055  -0.0180353  0.206725
-0.419055  -0.0180353  0.206725
-0.419051  -0.0176825  0.207368
-0.419051  -0.0176825  0.207368
-0.419051  -0.0176825  0.207368
-0.419047  -0.0173257  0.208014
-0.419047  -0.0173257  0.208014
-0.419043  -0.0169653  0.208663
-0.419043  -0.0169653  0.208663
-0.419043  -0.0169653  0.208663
-0.419039  -0.0166021  0.209315
-0.419039  -0.0166021  0.209315
-0.419039  -0.0166021  0.209315
-0.419035  -0.0162353  0.209969
-0.419035  -0.0162353  0.209969
-0.419031  -0.015865  0.210626
-0.419031  -0.015865  0.210626
-0.419031  -0.015865  0.210626
-0.419028  -0.0154917  0.211284
-0.419028  -0.0154917  0.211284
-0.419024  -0.0151143  0.211946
-0.419024  -0.0151143  0.211946
-0.419021  -0.0147342  0.212609
-0.419021  -0.0147342  0.212609
-0.419021  -0.0147342  0.212609
-0.419018  -0.0143505  0.213274
-0.419018  -0.0143505  0.213274
-0.419015  -0.0139642  0.213941
-0.419015  -0.0139642  0.213941
-0.419015  -0.0139642  0.213941
-0.419012  -0.0135741  0.21461
-0.419012  -0.0135741  0.21461
-0.41901  -0.0131812  0.215281
-0.41901  -0.0131812  0.215281
-0.41901  -0.0131812  0.215281
-0.419007  -0.0127847  0.215954
-0.419007  -0.0127847  0.215954
-0.419005  -0.0123854  0.216627
-0.419005  -0.0123854  0.216627
-0.419005  -0.0123854  0.216627
-0.419003  -0.0119831  0.217303
-0.419003  -0.0119831  0.217303
-0.419001  -0.0115776  0.217979
-0.419001  -0.0115776  0.217979
-0.419001  -0.0115776  0.217979
-0.418999  -0.0111683  0.218658
-0.418999  -0.0111683  0.218658
-0.418998  -0.0107555  0.219338
-0.418998  -0.0107555  0.219338
-0.418998  -0.0107555  0.219338
-0.418996  -0.0103401  0.22002
-0.418996  -0.0103401  0.22002
-0.418995  -0.00992091  0.220703
-0.418995  -0.00992091  0.220703
-0.418995  -0.00992091  0.220703
-0.418994  -0.00949895  0.221387
-0.418994  -0.00949895  0.221387
-0.418993  -0.00907294  0.222074
-0.418993  -0.00907294  0.222074
-0.418993  -0.00907294  0.222074
-0.418993  -0.00864389  0.22276
-0.418993  -0.00864389  0.22276
-0.418992  -0.00821182  0.223448
-0.418992  -0.00821182  0.223448
-0.418992  -0.00821182  0.223448
-0.418992  -0.00777652  0.224138
-0.418992  -0.00777652  0.224138
-0.418992  -0.00733833  0.224828
-0.418992  -0.00733833  0.224828
-0.418992  -0.00733833  0.224828
-0.418993  -0.00689695  0.225519
-0.418993  -0.00689695  0.225519
-0.418993  -0.00645108  0.226213
-0.418993  -0.00645108  0.226213
-0.418993  -0.00645108  0.226213
-0.418994  -0.00600222  0.226907
-0.418994  -0.00600222  0.226907
-0.418995  -0.00554982  0.227602
-0.418995  -0.00554982  0.227602
-0.418995  -0.00554982  0.227602
-0.418996  -0.00509371  0.228299
-0.418996  -0.00509371  0.228299
-0.418997  -0.0046346  0.228996
-0.418997  -0.0046346  0.228996
-0.418997  -0.0046346  0.228996
-0.418999  -0.00417205  0.229694
-0.418999  -0.00417205  0.229694
-0.419001  -0.0037073  0.230392
-0.419001  -0.0037073  0.230392
-0.419001  -0.0037073  0.230392
-0.419003  -0.00323762  0.231093
-0.419003  -0.00323762  0.231093
-0.419006  -0.00276549  0.231794
-0.419006  -0.00276549  0.231794
-0.419006  -0.00276549  0.231794
-0.419008  -0.00228885  0.232497
-0.419008  -0.00228885  0.232497
-0.419008  -0.00228885  0.232497
-0.419011  -0.00180968  0.2332
-0.419011  -0.00180968  0.2332
-0.419014  -0.00132669  0.233904
-0.419014  -0.00132669  0.233904
-0.419018  -0.000840852  0.234609
-0.419018  -0.000840852  0.234609
-0.419018  -0.000840852  0.234609
-0.419022  -0.000350488  0.235316
-0.419022  -0.000350488  0.235316
-0.419026  0.000142434  0.236023
-0.419026  0.000142434  0.236023
-0.419026  0.000142434  0.236023
-0.41903  0.000639587  0.236731
-0.41903  0.000639587  0.236731
-0.419034  0.00113959  0.23744
-0.419034  0.00113959  0.23744
-0.419034  0.00113959  0.23744
-0.419039  0.00164418  0.23815
-0.419039  0.00164418  0.23815
-0.419044  0.00215148  0.23886
-0.419044  0.00215148  0.23886
-0.419044  0.00215148  0.23886
-0.41905  0.00266283  0.239571
-0.41905  0.00266283  0.239571
-0.41905  0.00266283  0.239571
-0.419055  0.00317811  0.240283
-0.419055  0.00317811  0.240283
-0.419061  0.00369781  0.240997
-0.419061  0.00369781  0.240997
-0.419068  0.00422088  0.241712
-0.419068  0.00422088  0.241712
-0.419068  0.00422088  0.241712
-0.419074  0.00474722  0.242427
-0.419074  0.00474722  0.242427
-0.419081  0.00527779  0.243142
-0.419081  0.00527779  0.243142
-0.419081  0.00527779  0.243142
-0.419088  0.00581129  0.243857
-0.419088  0.00581129  0.243857
-0.419088  0.00581129  0.243857
-0.419096  0.00634725  0.244573
-0.419096  0.00634725  0.244573
-0.419103  0.00688785  0.245289
-0.419103  0.00688785  0.245289
-0.419103  0.00688785  0.245289
-0.419112  0.00743132  0.246006
-0.419112  0.00743132  0.246006
-0.41912  0.00797914  0.246723
-0.41912  0.00797914  0.246723
-0.41912  0.00797914  0.246723
-0.419129  0.0085299  0.247441
-0.419129  0.0085299  0.247441
-0.419138  0.00908473  0.248159
-0.419138  0.00908473  0.248159
-0.419147  0.00964251  0.248876
-0.419147  0.00964251  0.248876
-0.419147  0.00964251  0.248876
-0.419156  0.0102036  0.249594
-0.419156  0.0102036  0.249594
-0.419166  0.0107687  0.250313
-0.419166  0.0107687  0.250313
-0.419166  0.0107687  0.250313
-0.419177  0.0113374  0.251032
-0.419177  0.0113374  0.251032
-0.419187  0.0119088  0.25175
-0.419187  0.0119088  0.25175
-0.419187  0.0119088  0.25175
-0.419198  0.012484  0.25247
-0.419198  0.012484  0.25247
-0.419209  0.0130635  0.25319
-0.419209  0.0130635  0.25319
-0.419209  0.0130635  0.25319
-0.419221  0.0136459  0.253909
-0.419221  0.0136459  0.253909
-0.419232  0.0142324  0.254629
-0.419232  0.0142324  0.254629
-0.419232  0.0142324  0.254629
-0.419245  0.0148216  0.255349
-0.419245  0.0148216  0.255349
-0.419257  0.0154154  0.256069
-0.419257  0.0154154  0.256069
-0.419257  0.0154154  0.256069
-0.41927  0.0160119  0.256789
-0.41927  0.0160119  0.256789
-0.419283  0.0166125  0.257509
-0.419283  0.0166125  0.257509
-0.419296  0.0172164  0.258228
-0.419296  0.0172164  0.258228
-0.419296  0.0172164  0.258228
-0.41931  0.0178239  0.258948
-0.41931  0.0178239  0.258948
-0.419324  0.0184352  0.259667
-0.419324  0.0184352  0.259667
-0.419324  0.0184352  0.259667
-0.419324  0.0184352  0.259667
-0.419338  0.0190502  0.260386
-0.419338  0.0190502  0.260386
-0.419352  0.0196686  0.261106
-0.419352  0.0196686  0.261106
-0.419352  0.0196686  0.261106
-0.419367  0.0202895  0.261824
-0.419367  0.0202895  0.261824
-0.419382  0.0209156  0.262542
-0.419382  0.0209156  0.262542
-0.419382  0.0209156  0.262542
-0.419398  0.0215447  0.26326
-0.419398  0.0215447  0.26326
-0.419413  0.022177  0.263977
-0.419413  0.022177  0.263977
-0.419429  0.0228127  0.264693
-0.419429  0.0228127  0.264693
-0.419429  0.0228127  0.264693
-0.419446  0.0234526  0.26541
-0.419446  0.0234526  0.26541
-0.419462  0.024097  0.266127
-0.419462  0.024097  0.266127
-0.419462  0.024097  0.266127
-0.419479  0.0247436  0.266842
-0.419479  0.0247436  0.266842
-0.419496  0.0253952  0.267557
-0.419496  0.0253952  0.267557
-0.419496  0.0253952  0.267557
-0.419514  0.0260496  0.268272
-0.419514  0.0260496  0.268272
-0.419514  0.0260496  0.268272
-0.419531  0.0267078  0.268985
-0.419531  0.0267078  0.268985
-0.419549  0.0273699  0.269699
-0.419549  0.0273699  0.269699
-0.419549  0.0273699  0.269699
-0.419567  0.0280358  0.270411
-0.419567  0.0280358  0.270411
-0.419586  0.0287057  0.271123
-0.419586  0.0287057  0.271123
-0.419586  0.0287057  0.271123
-0.419605  0.0293795  0.271835
-0.419605  0.0293795  0.271835
-0.419624  0.0300567  0.272546
-0.419624  0.0300567  0.272546
-0.419624  0.0300567  0.272546
-0.419643  0.0307376  0.273256
-0.419643  0.0307376  0.273256
-0.419662  0.0314219  0.273965
-0.419662  0.0314219  0.273965
-0.419662  0.0314219  0.273965
-0.419682  0.0321102  0.274674
-0.419682  0.0321102  0.274674
-0.419702  0.0328026  0.275381
-0.419702  0.0328026  0.275381
-0.419702  0.0328026  0.275381
-0.419722  0.0334989  0.276087
-0.419722  0.0334989  0.276087
-0.419742  0.0341989  0.276792
-0.419742  0.0341989  0.276792
-0.419742  0.0341989  0.276792
-0.419763  0.0349025  0.277496
-0.419763  0.0349025  0.277496
-0.419784  0.0356101  0.2782
-0.419784  0.0356101  0.2782
-0.419805  0.0363213  0.278902
-0.419805  0.0363213  0.278902
-0.419805  0.0363213  0.278902
-0.419826  0.0370366  0.279602
-0.419826  0.0370366  0.279602
-0.419847  0.0377551  0.280302
-0.419847  0.0377551  0.280302
-0.419847  0.0377551  0.280302
-0.419869  0.0384776  0.281
-0.419869  0.0384776  0.281
-0.419891  0.0392052  0.281698
-0.419891  0.0392052  0.281698
-0.419891  0.0392052  0.281698
-0.419913  0.0399363  0.282393
-0.419913  0.0399363  0.282393
-0.419935  0.0406721  0.283087
-0.419935  0.0406721  0.283087
-0.419935  0.0406721  0.283087
-0.419957  0.0414109  0.28378
-0.419957  0.0414109  0.28378
-0.419979  0.0421541  0.284471
-0.419979  0.0421541  0.284471
-0.419979  0.0421541  0.284471
-0.420002  0.0429009  0.285162
-0.420002  0.0429009  0.285162
-0.420002  0.0429009  0.285162
-0.420025  0.0436518  0.28585
-0.420025  0.0436518  0.28585
-0.420048  0.0444071  0.286538
-0.420048  0.0444071  0.286538
-0.420071  0.0451662  0.287224
-0.420071  0.0451662  0.287224
-0.420071  0.0451662  0.287224
-0.420094  0.0459292  0.287908
-0.420094  0.0459292  0.287908
-0.420117  0.0466952  0.288591
-0.420117  0.0466952  0.288591
-0.420117  0.0466952  0.288591
-0.42014  0.0474657  0.289273
-0.42014  0.0474657  0.289273
-0.420164  0.0482409  0.289953
-0.420164  0.0482409  0.289953
-0.420164  0.0482409  0.289953
-0.420187  0.0490201  0.290631
-0.420187  0.0490201  0.290631
-0.420211  0.0498036  0.291308
-0.420211  0.0498036  0.291308
-0.420211  0.0498036  0.291308
-0.420234  0.0505897  0.291984
-0.420234  0.0505897  0.291984
-0.420258  0.051382  0.292658
-0.420258  0.051382  0.292658
-0.420258  0.051382  0.292658
-0.420282  0.0521775  0.29333
-0.420282  0.0521775  0.29333
-0.420306  0.0529783  0.294001
-0.420306  0.0529783  0.294001
-0.420306  0.0529783  0.294001
-0.42033  0.0537825  0.29467
-0.42033  0.0537825  0.29467
-0.420354  0.0545919  0.295337
-0.420354  0.0545919  0.295337
-0.420354  0.0545919  0.295337
-0.420378  0.0554047  0.296002
-0.420378  0.0554047  0.296002
-0.420378  0.0554047  0.296002
-0.420402  0.0562219  0.296666
-0.420402  0.0562219  0.296666
-0.420426  0.0570438  0.297328
-0.420426  0.0570438  0.297328
-0.420426  0.0570438  0.297328
-0.42045  0.0578702  0.297988
-0.42045  0.0578702  0.297988
-0.420474  0.0587012  0.298646
-0.420474  0.0587012  0.298646
-0.420474  0.0587012  0.298646
-0.420498  0.0595365  0.299302
-0.420498  0.0595365  0.299302
-0.420522  0.0603764  0.299956
-0.420522  0.0603764  0.299956
-0.420522  0.0603764  0.299956
-0.420546  0.0612208  0.300608
-0.420546  0.0612208  0.300608
-0.42057  0.0620699  0.301257
-0.42057  0.0620699  0.301257
-0.42057  0.0620699  0.301257
-0.420593  0.0629234  0.301904
-0.420593  0.0629234  0.301904
-0.420617  0.0637815  0.302549
-0.420617  0.0637815  0.302549
-0.420641  0.0646442  0.303191
-0.420641  0.0646442  0.303191
-0.420641  0.0646442  0.303191
-0.420665  0.0655118  0.303832
-0.420665  0.0655118  0.303832
-0.420688  0.0663839  0.30447
-0.420688  0.0663839  0.30447
-0.420712  0.0672607  0.305105
-0.420712  0.0672607  0.305105
-0.420712  0.0672607  0.305105
-0.420735  0.0681427  0.305738
-0.420735  0.0681427  0.305738
-0.420735  0.0681427  0.305738
-0.420758  0.0690296  0.306369
-0.420758  0.0690296  0.306369
-0.420758  0.0690296  0.306369
-0.420781  0.0699196  0.306997
-0.420781  0.0699196  0.306997
-0.420804  0.0708162  0.307622
-0.420804  0.0708162  0.307622
-0.420804  0.0708162  0.307622
-0.420827  0.0717172  0.308244
-0.420827  0.0717172  0.308244
-0.42085  0.072624  0.308864
-0.42085  0.072624  0.308864
-0.420873  0.0735349  0.309481
-0.420873  0.0735349  0.309481
-0.420873  0.0735349  0.309481
-0.420895  0.0744507  0.310096
-0.420895  0.0744507  0.310096
-0.420917  0.075372  0.310708
-0.420917  0.075372  0.310708
-0.420917  0.075372  0.310708
-0.420939  0.0762982  0.311317
-0.420939  0.0762982  0.311317
-0.420961  0.0772299  0.311923
-0.420961  0.0772299  0.311923
-0.420961  0.0772299  0.311923
-0.420983  0.0781666  0.312526
-0.420983  0.0781666  0.312526
-0.421004  0.0791085  0.313126
-0.421004  0.0791085  0.313126
-0.421004  0.0791085  0.313126
-0.421025  0.0800553  0.313722
-0.421025  0.0800553  0.313722
-0.421046  0.0810075  0.314316
-0.421046  0.0810075  0.314316
-0.421046  0.0810075  0.314316
-0.421067  0.0819645  0.314906
-0.421067  0.0819645  0.314906
-0.421087  0.0829268  0.315493
-0.421087  0.0829268  0.315493
-0.421087  0.0829268  0.315493
-0.421107  0.0838946  0.316077
-0.421107  0.0838946  0.316077
-0.421127  0.084868  0.316658
-0.421127  0.084868  0.316658
-0.421127  0.084868  0.316658
-0.421147  0.0858461  0.317234
-0.421147  0.0858461  0.317234
-0.421147  0.0858461  0.317234
-0.421166  0.0868292  0.317807
-0.421166  0.0868292  0.317807
-0.421185  0.087817  0.318376
-0.421185  0.087817  0.318376
-0.421185  0.087817  0.318376
-0.421203  0.0888101  0.318942
-0.421203  0.0888101  0.318942
-0.421222  0.0898082  0.319504
-0.421222  0.0898082  0.319504
-0.421239  0.0908114  0.320062
-0.421239  0.0908114  0.320062
-0.421239  0.0908114  0.320062
-0.421257  0.0918194  0.320616
-0.421257  0.0918194  0.320616
-0.421257  0.0918194  0.320616
-0.421274  0.0928333  0.321167
-0.421274  0.0928333  0.321167
-0.421291  0.0938519  0.321713
-0.421291  0.0938519  0.321713
-0.421307  0.0948756  0.322256
-0.421307  0.0948756  0.322256
-0.421307  0.0948756  0.322256
-0.421323  0.0959037  0.322794
-0.421323  0.0959037  0.322794
-0.421339  0.0969374  0.323328
-0.421339  0.0969374  0.323328
-0.421339  0.0969374  0.323328
-0.421354  0.0979756  0.323858
-0.421354  0.0979756  0.323858
-0.421368  0.0990191  0.324384
-0.421368  0.0990191  0.324384
-0.421368  0.0990191  0.324384
-0.421383  0.100067  0.324905
-0.421383  0.100067  0.324905
-0.421396  0.10112  0.325422
-0.421396  0.10112  0.325422
-0.421396  0.10112  0.325422
-0.42141  0.102179  0.325935
-0.42141  0.102179  0.325935
-0.421422  0.103242  0.326443
-0.421422  0.103242  0.326443
-0.421422  0.103242  0.326443
-0.421435  0.10431  0.326946
-0.421435  0.10431  0.326946
-0.421447  0.105382  0.327446
-0.421447  0.105382  0.327446
-0.421447  0.105382  0.327446
-0.421458  0.106458  0.32794
-0.421458  0.106458  0.32794
-0.421469  0.107541  0.32843
-0.421469  0.107541  0.32843
-0.421469  0.107541  0.32843
-0.421479  0.108627  0.328915
-0.421479  0.108627  0.328915
-0.421489  0.109718  0.329395
-0.421489  0.109718  0.329395
-0.421489  0.109718  0.329395
-0.421498  0.110813  0.32987
-0.421498  0.110813  0.32987
-0.421506  0.111913  0.33034
-0.421506  0.111913  0.33034
-0.421514  0.113016  0.330804
-0.421514  0.113016  0.330804
-0.421514  0.113016  0.330804
-0.421514  0.113016  0.330804
-0.421522  0.114122  0.331264
-0.421522  0.114122  0.331264
-0.421529  0.115234  0.331718
-0.421529  0.115234  0.331718
-0.421529  0.115234  0.331718
-0.421535  0.116348  0.332167
-0.421535  0.116348  0.332167
-0.421541  0.117468  0.33261
-0.421541  0.117468  0.33261
-0.421541  0.117468  0.33261
-0.421546  0.11859  0.333048
-0.421546  0.11859  0.333048
-0.42155  0.119717  0.33348
-0.42155  0.119717  0.33348
-0.421554  0.120846  0.333906
-0.421554  0.120846  0.333906
-0.421554  0.120846  0.333906
-0.421557  0.121979  0.334327
-0.421557  0.121979  0.334327
-0.421557  0.121979  0.334327
-0.42156  0.123115  0.334742
-0.42156  0.123115  0.334742
-0.421562  0.124255  0.335152
-0.421562  0.124255  0.335152
-0.421563  0.125398  0.335557
-0.421563  0.125398  0.335557
-0.421563  0.125398  0.335557
-0.421563  0.126544  0.335955
-0.421563  0.126544  0.335955
-0.421563  0.127692  0.336348
-0.421563  0.127692  0.336348
-0.421563  0.127692  0.336348
-0.421563  0.128843  0.336735
-0.421563  0.128843  0.336735
-0.421561  0.129995  0.337116
-0.421561  0.129995  0.337116
-0.421561  0.129995  0.337116
-0.421559  0.131151  0.337491
-0.421559  0.131151  0.337491
-0.421556  0.132307  0.33786
-0.421556  0.132307  0.33786
-0.421553  0.133466  0.338224
-0.421553  0.133466  0.338224
-0.421553  0.133466  0.338224
-0.421549  0.134626  0.338582
-0.421549  0.134626  0.338582
-0.421549  0.134626  0.338582
-0.421544  0.135788  0.338933
-0.421544  0.135788  0.338933
-0.421538  0.136951  0.339279
-0.421538  0.136951  0.339279
-0.421538  0.136951  0.339279
-0.421532  0.138115  0.339619
-0.421532  0.138115  0.339619
-0.421525  0.139279  0.339953
-0.421525  0.139279  0.339953
-0.421525  0.139279  0.339953
-0.421518  0.140445  0.340281
-0.421518  0.140445  0.340281
-0.421509  0.141609  0.340603
-0.421509  0.141609  0.340603
-0.421509  0.141609  0.340603
-0.4215  0.142774  0.34092
-0.4215  0.142774  0.34092
-0.421491  0.143939  0.34123
-0.421491  0.143939  0.34123
-0.421491  0.143939  0.34123
-0.42148  0.145104  0.341535
-0.42148  0.145104  0.341535
-0.421469  0.146268  0.341835
-0.421469  0.146268  0.341835
-0.421469  0.146268  0.341835
-0.421458  0.147431  0.342129
-0.421458  0.147431  0.342129
-0.421445  0.148594  0.342417
-0.421445  0.148594  0.342417
-0.421445  0.148594  0.342417
-0.421432  0.149755  0.3427
-0.421432  0.149755  0.3427
-0.421419  0.150915  0.342978
-0.421419  0.150915  0.342978
-0.421419  0.150915  0.342978
-0.421404  0.152073  0.343251
-0.421404  0.152073  0.343251
-0.421389  0.153229  0.343519
-0.421389  0.153229  0.343519
-0.421389  0.153229  0.343519
-0.421374  0.154383  0.343783
-0.421374  0.154383  0.343783
-0.421374  0.154383  0.343783
-0.421358  0.155535  0.344042
-0.421358  0.155535  0.344042
-0.421341  0.156685  0.344295
-0.421341  0.156685  0.344295
-0.421341  0.156685  0.344295
-0.421323  0.157834  0.344544
-0.421323  0.157834  0.344544
-0.421305  0.158979  0.344789
-0.421305  0.158979  0.344789
-0.421287  0.160123  0.34503
-0.421287  0.160123  0.34503
-0.421287  0.160123  0.34503
-0.421267  0.161263  0.345267
-0.421267  0.161263  0.345267
-0.421247  0.162401  0.345501
-0.421247  0.162401  0.345501
-0.421247  0.162401  0.345501
-0.421227  0.163535  0.345731
-0.421227  0.163535  0.345731
-0.421227  0.163535  0.345731
-0.421206  0.164667  0.345957
-0.421206  0.164667  0.345957
-0.421184  0.165795  0.34618
-0.421184  0.165795  0.34618
-0.421162  0.16692  0.346399
-0.421162  0.16692  0.346399
-0.421162  0.16692  0.346399
-0.42114  0.16804  0.346616
-0.42114  0.16804  0.346616
-0.421116  0.169157  0.346829
-0.421116  0.169157  0.346829
-0.421093  0.170269  0.347038
-0.421093  0.170269  0.347038
-0.421093  0.170269  0.347038
-0.421068  0.171377  0.347244
-0.421068  0.171377  0.347244
-0.421044  0.172481  0.347447
-0.421044  0.172481  0.347447
-0.421044  0.172481  0.347447
-0.421019  0.17358  0.347647
-0.421019  0.17358  0.347647
-0.420993  0.174674  0.347844
-0.420993  0.174674  0.347844
-0.420993  0.174674  0.347844
-0.420967  0.175764  0.348038
-0.420967  0.175764  0.348038
-0.420967  0.175764  0.348038
-0.42094  0.17685  0.348228
-0.42094  0.17685  0.348228
-0.420913  0.17793  0.348417
-0.420913  0.17793  0.348417
-0.420913  0.17793  0.348417
-0.420886  0.179007  0.348602
-0.420886  0.179007  0.348602
-0.420858  0.180079  0.348786
-0.420858  0.180079  0.348786
-0.420858  0.180079  0.348786
-0.42083  0.181148  0.348967
-0.42083  0.181148  0.348967
-0.420801  0.182212  0.349146
-0.420801  0.182212  0.349146
-0.420801  0.182212  0.349146
-0.420772  0.183273  0.349322
-0.420772  0.183273  0.349322
-0.420772  0.183273  0.349322
-0.420742  0.184329  0.349497
-0.420742  0.184329  0.349497
-0.420713  0.185381  0.349669
-0.420713  0.185381  0.349669
-0.420713  0.185381  0.349669
-0.420682  0.18643  0.349839
-0.420682  0.18643  0.349839
-0.420652  0.187473  0.350007
-0.420652  0.187473  0.350007
-0.420621  0.188513  0.350172
-0.420621  0.188513  0.350172
-0.420621  0.188513  0.350172
-0.420589  0.189548  0.350335
-0.420589  0.189548  0.350335
-0.420558  0.190578  0.350495
-0.420558  0.190578  0.350495
-0.420558  0.190578  0.350495
-0.420526  0.191604  0.350653
-0.420526  0.191604  0.350653
-0.420494  0.192624  0.350808
-0.420494  0.192624  0.350808
-0.420494  0.192624  0.350808
-0.420461  0.193639  0.350959
-0.420461  0.193639  0.350959
-0.420429  0.194649  0.351108
-0.420429  0.194649  0.351108
-0.420429  0.194649  0.351108
-0.420395  0.195655  0.351254
-0.420395  0.195655  0.351254
-0.420362  0.196655  0.351397
-0.420362  0.196655  0.351397
-0.420362  0.196655  0.351397
-0.420329  0.19765  0.351537
-0.420329  0.19765  0.351537
-0.420295  0.19864  0.351675
-0.420295  0.19864  0.351675
-0.420295  0.19864  0.351675
-0.420261  0.199626  0.35181
-0.420261  0.199626  0.35181
-0.420227  0.200607  0.351943
-0.420227  0.200607  0.351943
-0.420227  0.200607  0.351943
-0.420192  0.201584  0.352074
-0.420192  0.201584  0.352074
-0.420158  0.202556  0.352202
-0.420158  0.202556  0.352202
-0.420158  0.202556  0.352202
-0.420123  0.203524  0.352328
-0.420123  0.203524  0.352328
-0.420088  0.204487  0.352452
-0.420088  0.204487  0.352452
-0.420088  0.204487  0.352452
-0.420053  0.205445  0.352574
-0.420053  0.205445  0.352574
-0.420017  0.206399  0.352693
-0.420017  0.206399  0.352693
-0.420017  0.206399  0.352693
-0.419982  0.207349  0.35281
-0.419982  0.207349  0.35281
-0.419982  0.207349  0.35281
-0.419946  0.208295  0.352925
-0.419946  0.208295  0.352925
-0.41991  0.209236  0.353037
-0.41991  0.209236  0.353037
-0.41991  0.209236  0.353037
-0.419874  0.210173  0.353146
-0.419874  0.210173  0.353146
-0.419838  0.211105  0.353253
-0.419838  0.211105  0.353253
-0.419802  0.212033  0.353358
-0.419802  0.212033  0.353358
-0.419802  0.212033  0.353358
-0.419766  0.212956  0.353461
-0.419766  0.212956  0.353461
-0.419729  0.213875  0.353561
-0.419729  0.213875  0.353561
-0.419729  0.213875  0.353561
-0.419692  0.21479  0.353658
-0.419692  0.21479  0.353658
-0.419656  0.215701  0.353753
-0.419656  0.215701  0.353753
-0.419656  0.215701  0.353753
-0.419619  0.216607  0.353846
-0.419619  0.216607  0.353846
-0.419582  0.217508  0.353937
-0.419582  0.217508  0.353937
-0.419582  0.217508  0.353937
-0.419545  0.218406  0.354025
-0.419545  0.218406  0.354025
-0.419508  0.2193  0.35411
-0.419508  0.2193  0.35411
-0.419508  0.2193  0.35411
-0.419471  0.220189  0.354194
-0.419471  0.220189  0.354194
-0.419434  0.221075  0.354274
-0.419434  0.221075  0.354274
-0.419434  0.221075  0.354274
-0.419397  0.221956  0.354353
-0.419397  0.221956  0.354353
-0.41936  0.222834  0.354429
-0.41936  0.222834  0.354429
-0.41936  0.222834  0.354429
-0.419322  0.223707  0.354504
-0.419322  0.223707  0.354504
-0.419285  0.224577  0.354575
-0.419285  0.224577  0.354575
-0.419285  0.224577  0.354575
-0.419248  0.225443  0.354645
-0.419248  0.225443  0.354645
-0.41921  0.226305  0.354713
-0.41921  0.226305  0.354713
-0.41921  0.226305  0.354713
-0.419173  0.227163  0.354778
-0.419173  0.227163  0.354778
-0.419173  0.227163  0.354778
-0.419135  0.228017  0.354842
-0.419135  0.228017  0.354842
-0.419098  0.228867  0.354902
-0.419098  0.228867  0.354902
-0.419098  0.228867  0.354902
-0.41906  0.229712  0.354961
-0.41906  0.229712  0.354961
-0.419023  0.230554  0.355017
-0.419023  0.230554  0.355017
-0.419023  0.230554  0.355017
-0.418986  0.231391  0.355071
-0.418986  0.231391  0.355071
-0.418948  0.232224  0.355123
-0.418948  0.232224  0.355123
-0.418911  0.233053  0.355172
-0.418911  0.233053  0.355172
-0.418911  0.233053  0.355172
-0.418874  0.233878  0.35522
-0.418874  0.233878  0.35522
-0.418836  0.234699  0.355264
-0.418836  0.234699  0.355264
-0.418836  0.234699  0.355264
-0.418799  0.235515  0.355306
-0.418799  0.235515  0.355306
-0.418762  0.236327  0.355346
-0.418762  0.236327  0.355346
-0.418762  0.236327  0.355346
-0.418725  0.237135  0.355383
-0.418725  0.237135  0.355383
-0.418688  0.237938  0.355418
-0.418688  0.237938  0.355418
-0.418688  0.237938  0.355418
-0.418651  0.238737  0.35545
-0.418651  0.238737  0.35545
-0.418615  0.239532  0.35548
-0.418615  0.239532  0.35548
-0.418615  0.239532  0.35548
-0.418578  0.240323  0.355507
-0.418578  0.240323  0.355507
-0.418542  0.241109  0.355533
-0.418542  0.241109  0.355533
-0.418542  0.241109  0.355533
-0.418505  0.241891  0.355555
-0.418505  0.241891  0.355555
-0.418469  0.242669  0.355576
-0.418469  0.242669  0.355576
-0.418469  0.242669  0.355576
-0.418433  0.243442  0.355594
-0.418433  0.243442  0.355594
-0.418397  0.244212  0.355611
-0.418397  0.244212  0.355611
-0.418397  0.244212  0.355611
-0.418361  0.244977  0.355625
-0.418361  0.244977  0.355625
-0.418325  0.245738  0.355636
-0.418325  0.245738  0.355636
-0.418325  0.245738  0.355636
-0.418289  0.246494  0.355645
-0.418289  0.246494  0.355645
-0.418254  0.247247  0.355652
-0.418254  0.247247  0.355652
-0.418254  0.247247  0.355652
-0.418219  0.247996  0.355657
-0.418219  0.247996  0.355657
-0.418183  0.24874  0.35566
-0.418183  0.24874  0.35566
-0.418183  0.24874  0.35566
-0.418148  0.24948  0.35566
-0.418148  0.24948  0.35566
-0.418113  0.250217  0.355658
-0.418113  0.250217  0.355658
-0.418113  0.250217  0.355658
-0.418079  0.250949  0.355654
-0.418079  0.250949  0.355654
-0.418044  0.251677  0.355648
-0.418044  0.251677  0.355648
-0.418044  0.251677  0.355648
-0.41801  0.2524  0.355639
-0.41801  0.2524  0.355639
-0.417976  0.25312  0.355628
-0.417976  0.25312  0.355628
-0.417976  0.25312  0.355628
-0.417942  0.253835  0.355615
-0.417942  0.253835  0.355615
-0.417908  0.254545  0.3556
-0.417908  0.254545  0.3556
-0.417908  0.254545  0.3556
-0.417875  0.255252  0.355582
-0.417875  0.255252  0.355582
-0.417875  0.255252  0.355582
-0.417841  0.255954  0.355562
-0.417841  0.255954  0.355562
-0.417808  0.256653  0.35554
-0.417808  0.256653  0.35554
-0.417808  0.256653  0.35554
-0.417775  0.257347  0.355515
-0.417775  0.257347  0.355515
-0.417743  0.258037  0.355488
-0.417743  0.258037  0.355488
-0.41771  0.258723  0.355459
-0.41771  0.258723  0.355459
-0.41771  0.258723  0.355459
-0.417678  0.259406  0.355427
-0.417678  0.259406  0.355427
-0.417646  0.260085  0.355394
-0.417646  0.260085  0.355394
-0.417646  0.260085  0.355394
-0.417614  0.26076  0.355359
-0.417614  0.26076  0.355359
-0.417582  0.261432  0.355321
-0.417582  0.261432  0.355321
-0.417582  0.261432  0.355321
-0.41755  0.2621  0.355281
-0.41755  0.2621  0.355281
-0.417519  0.262765  0.35524
-0.417519  0.262765  0.35524
-0.417519  0.262765  0.35524
-0.417488  0.263426  0.355195
-0.417488  0.263426  0.355195
-0.417457  0.264084  0.355149
-0.417457  0.264084  0.355149
-0.417457  0.264084  0.355149
-0.417426  0.264738  0.355101
-0.417426  0.264738  0.355101
-0.417396  0.265389  0.35505
-0.417396  0.265389  0.35505
-0.417396  0.265389  0.35505
-0.417366  0.266037  0.354997
-0.417366  0.266037  0.354997
-0.417336  0.266681  0.354942
-0.417336  0.266681  0.354942
-0.417336  0.266681  0.354942
-0.417306  0.267321  0.354884
-0.417306  0.267321  0.354884
-0.417276  0.267958  0.354823
-0.417276  0.267958  0.354823
-0.417276  0.267958  0.354823
-0.417247  0.268592  0.35476
-0.417247  0.268592  0.35476
-0.417218  0.269221  0.354694
-0.417218  0.269221  0.354694
-0.417218  0.269221  0.354694
-0.417189  0.269847  0.354626
-0.417189  0.269847  0.354626
-0.41716  0.270469  0.354554
-0.41716  0.270469  0.354554
-0.41716  0.270469  0.354554
-0.417132  0.271088  0.354479
-0.417132  0.271088  0.354479
-0.417104  0.271702  0.354401
-0.417104  0.271702  0.354401
-0.417104  0.271702  0.354401
-0.417076  0.272314  0.354321
-0.417076  0.272314  0.354321
-0.417049  0.272921  0.354238
-0.417049  0.272921  0.354238
-0.417049  0.272921  0.354238
-0.417022  0.273526  0.354151
-0.417022  0.273526  0.354151
-0.416995  0.274128  0.354063
-0.416995  0.274128  0.354063
-0.416968  0.274726  0.353971
-0.416968  0.274726  0.353971
-0.416968  0.274726  0.353971
-0.416941  0.275321  0.353877
-0.416941  0.275321  0.353877
-0.416915  0.275913  0.353779
-0.416915  0.275913  0.353779
-0.416915  0.275913  0.353779
-0.416889  0.276502  0.35368
-0.416889  0.276502  0.35368
-0.416863  0.277088  0.353577
-0.416863  0.277088  0.353577
-0.416863  0.277088  0.353577
-0.416838  0.277672  0.353473
-0.416838  0.277672  0.353473
-0.416812  0.278252  0.353365
-0.416812  0.278252  0.353365
-0.416812  0.278252  0.353365
-0.416787  0.278831  0.353255
-0.416787  0.278831  0.353255
-0.416787  0.278831  0.353255
-0.416762  0.279406  0.353142
-0.416762  0.279406  0.353142
-0.416762  0.279406  0.353142
-0.416738  0.279979  0.353027
-0.416738  0.279979  0.353027
-0.416713  0.280549  0.352909
-0.416713  0.280549  0.352909
-0.416713  0.280549  0.352909
-0.416689  0.281116  0.352789
-0.416689  0.281116  0.352789
-0.416665  0.281681  0.352666
-0.416665  0.281681  0.352666
-0.416641  0.282242  0.35254
-0.416641  0.282242  0.35254
-0.416641  0.282242  0.35254
-0.416617  0.282802  0.352412
-0.416617  0.282802  0.352412
-0.416594  0.283358  0.35228
-0.416594  0.283358  0.35228
-0.416571  0.283912  0.352145
-0.416571  0.283912  0.352145
-0.416571  0.283912  0.352145
-0.416548  0.284463  0.352008
-0.416548  0.284463  0.352008
-0.416548  0.284463  0.352008
-0.416525  0.285012  0.351867
-0.416525  0.285012  0.351867
-0.416503  0.285558  0.351724
-0.416503  0.285558  0.351724
-0.416503  0.285558  0.351724
-0.416481  0.286102  0.351577
-0.416481  0.286102  0.351577
-0.416459  0.286643  0.351428
-0.416459  0.286643  0.351428
-0.416459  0.286643  0.351428
-0.416437  0.287182  0.351276
-0.416437  0.287182  0.351276
-0.416416  0.287718  0.351121
-0.416416  0.287718  0.351121
-0.416416  0.287718  0.351121
-0.416394  0.288253  0.350963
-0.416394  0.288253  0.350963
-0.416373  0.288785  0.350803
-0.416373  0.288785  0.350803
-0.416373  0.288785  0.350803
-0.416352  0.289315  0.350639
-0.416352  0.289315  0.350639
-0.416332  0.289842  0.350472
-0.416332  0.289842  0.350472
-0.416332  0.289842  0.350472
-0.416311  0.290368  0.350303
-0.416311  0.290368  0.350303
-0.416291  0.290891  0.350131
-0.416291  0.290891  0.350131
-0.416291  0.290891  0.350131
-0.416271  0.291413  0.349955
-0.416271  0.291413  0.349955
-0.416251  0.291933  0.349776
-0.416251  0.291933  0.349776
-0.416251  0.291933  0.349776
-0.416231  0.292451  0.349594
-0.416231  0.292451  0.349594
-0.416212  0.292966  0.349409
-0.416212  0.292966  0.349409
-0.416212  0.292966  0.349409
-0.416193  0.29348  0.349221
-0.416193  0.29348  0.349221
-0.416173  0.293993  0.349028
-0.416173  0.293993  0.349028
-0.416173  0.293993  0.349028
-0.416155  0.294503  0.348832
-0.416155  0.294503  0.348832
-0.416136  0.295012  0.348633
-0.416136  0.295012  0.348633
-0.416136  0.295012  0.348633
-0.416117  0.295519  0.348431
-0.416117  0.295519  0.348431
-0.416099  0.296024  0.348225
-0.416099  0.296024  0.348225
-0.416099  0.296024  0.348225
-0.416081  0.296528  0.348015
-0.416081  0.296528  0.348015
-0.416063  0.29703  0.347802
-0.416063  0.29703  0.347802
-0.416063  0.29703  0.347802
-0.416045  0.297531  0.347586
-0.416045  0.297531  0.347586
-0.416027  0.298031  0.347366
-0.416027  0.298031  0.347366
-0.416027  0.298031  0.347366
-0.41601  0.29853  0.347143
-0.41601  0.29853  0.347143
-0.415992  0.299027  0.346916
-0.415992  0.299027  0.346916
-0.415992  0.299027  0.346916
-0.415975  0.299522  0.346687
-0.415975  0.299522  0.346687
-0.415958  0.300017  0.346453
-0.415958  0.300017  0.346453
-0.415958  0.300017  0.346453
-0.415941  0.30051  0.346217
-0.415941  0.30051  0.346217
-0.415924  0.301002  0.345976
-0.415924  0.301002  0.345976
-0.415924  0.301002  0.345976
-0.415907  0.301493  0.345733
-0.415907  0.301493  0.345733
-0.41589  0.301982  0.345485
-0.41589  0.301982  0.345485
-0.41589  0.301982  0.345485
-0.415874  0.30247  0.345235
-0.415874  0.30247  0.345235
-0.415858  0.302957  0.34498
-0.415858  0.302957  0.34498
-0.415858  0.302957  0.34498
-0.415842  0.303443  0.344722
-0.415842  0.303443  0.344722
-0.415825  0.303928  0.34446
-0.415825  0.303928  0.34446
-0.415825  0.303928  0.34446
-0.41581  0.304412  0.344195
-0.41581  0.304412  0.344195
-0.41581  0.304412  0.344195
-0.415794  0.304895  0.343927
-0.415794  0.304895  0.343927
-0.415778  0.305377  0.343655
-0.415778  0.305377  0.343655
-0.415778  0.305377  0.343655
-0.415762  0.305858  0.34338
-0.415762  0.305858  0.34338
-0.415747  0.306339  0.343101
-0.415747  0.306339  0.343101
-0.415747  0.306339  0.343101
-0.415731  0.306818  0.34282
-0.415731  0.306818  0.34282
-0.415716  0.307297  0.342534
-0.415716  0.307297  0.342534
-0.415716  0.307297  0.342534
-0.415701  0.307775  0.342245
-0.415701  0.307775  0.342245
-0.415686  0.308252  0.341954
-0.415686  0.308252  0.341954
-0.415671  0.308728  0.341658
-0.415671  0.308728  0.341658
-0.415671  0.308728  0.341658
-0.415656  0.309203  0.341359
-0.415656  0.309203  0.341359
-0.415641  0.309678  0.341057
-0.415641  0.309678  0.341057
-0.415641  0.309678  0.341057
-0.415626  0.310152  0.340751
-0.415626  0.310152  0.340751
-0.415611  0.310625  0.340442
-0.415611  0.310625  0.340442
-0.415611  0.310625  0.340442
-0.415597  0.311097  0.34013
-0.415597  0.311097  0.34013
-0.415582  0.311568  0.339814
-0.415582  0.311568  0.339814
-0.415582  0.311568  0.339814
-0.415568  0.312039  0.339495
-0.415568  0.312039  0.339495
-0.415553  0.312509  0.339173
-0.415553  0.312509  0.339173
-0.415553  0.312509  0.339173
-0.415539  0.312978  0.338847
-0.415539  0.312978  0.338847
-0.415525  0.313447  0.338518
-0.415525  0.313447  0.338518
-0.415525  0.313447  0.338518
-0.41551  0.313915  0.338187
-0.41551  0.313915  0.338187
-0.415496  0.314382  0.337851
-0.415496  0.314382  0.337851
-0.415496  0.314382  0.337851
-0.415482  0.314848  0.337514
-0.415482  0.314848  0.337514
-0.415482  0.314848  0.337514
-0.415468  0.315314  0.337173
-0.415468  0.315314  0.337173
-0.415454  0.315779  0.336829
-0.415454  0.315779  0.336829
-0.415454  0.315779  0.336829
-0.41544  0.316243  0.336482
-0.41544  0.316243  0.336482
-0.415426  0.316706  0.336132
-0.415426  0.316706  0.336132
-0.415426  0.316706  0.336132
-0.415413  0.317169  0.335779
-0.415399  0.317632  0.335423
-0.415399  0.317632  0.335423
-0.415399  0.317632  0.335423
-0.415385  0.318093  0.335065
-0.415385  0.318093  0.335065
-0.415385  0.318093  0.335065
-0.415372  0.318553  0.334703
-0.415372  0.318553  0.334703
-0.415358  0.319013  0.334339
-0.415358  0.319013  0.334339
-0.415358  0.319013  0.334339
-0.415345  0.319472  0.333973
-0.415345  0.319472  0.333973
-0.415331  0.319931  0.333602
-0.415331  0.319931  0.333602
-0.415331  0.319931  0.333602
-0.415318  0.320388  0.33323
-0.415318  0.320388  0.33323
-0.415305  0.320845  0.332854
-0.415305  0.320845  0.332854
-0.415305  0.320845  0.332854
-0.415291  0.3213  0.332476
-0.415291  0.3213  0.332476
-0.415278  0.321756  0.332095
-0.415278  0.321756  0.332095
-0.415278  0.321756  0.332095
-0.415265  0.32221  0.331712
-0.415265  0.32221  0.331712
-0.415252  0.322663  0.331326
-0.415252  0.322663  0.331326
-0.415252  0.322663  0.331326
-0.415239  0.323116  0.330937
-0.415239  0.323116  0.330937
-0.415226  0.323568  0.330546
-0.415226  0.323568  0.330546
-0.415226  0.323568  0.330546
-0.415213  0.324019  0.330153
-0.415213  0.324019  0.330153
-0.4152  0.324469  0.329757
-0.4152  0.324469  0.329757
-0.4152  0.324469  0.329757
-0.415187  0.324918  0.32936
-0.415187  0.324918  0.32936
-0.415174  0.325366  0.328959
-0.415174  0.325366  0.328959
-0.415174  0.325366  0.328959
-0.415162  0.325813  0.328558
-0.415162  0.325813  0.328558
-0.415149  0.326259  0.328153
-0.415149  0.326259  0.328153
-0.415149  0.326259  0.328153
-0.415136  0.326704  0.327746
-0.415136  0.326704  0.327746
-0.415124  0.327148  0.327337
-0.415124  0.327148  0.327337
-0.415124  0.327148  0.327337
-0.415111  0.327591  0.326927
-0.415111  0.327591  0.326927
-0.415099  0.328033  0.326514
-0.415099  0.328033  0.326514
-0.415099  0.328033  0.326514
-0.415087  0.328473  0.3261
-0.415087  0.328473  0.3261
-0.415074  0.328913  0.325684
-0.415074  0.328913  0.325684
-0.415074  0.328913  0.325684
-0.415062  0.329351  0.325266
-0.415062  0.329351  0.325266
-0.41505  0.329788  0.324847
-0.41505  0.329788  0.324847
-0.41505  0.329788  0.324847
-0.415038  0.330224  0.324425
-0.415038  0.330224  0.324425
-0.415026  0.330659  0.324002
-0.415026  0.330659  0.324002
-0.415026  0.330659  0.324002
-0.415014  0.331092  0.323577
-0.415014  0.331092  0.323577
-0.415014  0.331092  0.323577
-0.415002  0.331524  0.32315
-0.415002  0.331524  0.32315
-0.414991  0.331955  0.322722
-0.414991  0.331955  0.322722
-0.414991  0.331955  0.322722
-0.414979  0.332385  0.322292
-0.414979  0.332385  0.322292
-0.414967  0.332813  0.321861
-0.414967  0.332813  0.321861
-0.414967  0.332813  0.321861
-0.414956  0.33324  0.321428
-0.414956  0.33324  0.321428
-0.414944  0.333666  0.320993
-0.414944  0.333666  0.320993
-0.414944  0.333666  0.320993
-0.414933  0.33409  0.320557
-0.414922  0.334513  0.32012
-0.414922  0.334513  0.32012
-0.414922  0.334513  0.32012
-0.414911  0.334934  0.319682
-0.414911  0.334934  0.319682
-0.414911  0.334934  0.319682
-0.414899  0.335354  0.319242
-0.414899  0.335354  0.319242
-0.414888  0.335772  0.318802
-0.414888  0.335772  0.318802
-0.414888  0.335772  0.318802
-0.414878  0.336189  0.31836
-0.414878  0.336189  0.31836
-0.414867  0.336605  0.317916
-0.414867  0.336605  0.317916
-0.414867  0.336605  0.317916
-0.414856  0.337019  0.317472
-0.414856  0.337019  0.317472
-0.414845  0.337431  0.317026
-0.414845  0.337431  0.317026
-0.414845  0.337431  0.317026
-0.414835  0.337842  0.316579
-0.414835  0.337842  0.316579
-0.414824  0.338251  0.316131
-0.414824  0.338251  0.316131
-0.414824  0.338251  0.316131
-0.414814  0.338659  0.315683
-0.414814  0.338659  0.315683
-0.414804  0.339065  0.315233
-0.414804  0.339065  0.315233
-0.414804  0.339065  0.315233
-0.414794  0.339469  0.314782
-0.414794  0.339469  0.314782
-0.414784  0.339871  0.31433
-0.414784  0.339871  0.31433
-0.414784  0.339871  0.31433
-0.414774  0.340272  0.313878
-0.414774  0.340272  0.313878
-0.414764  0.340671  0.313425
-0.414764  0.340671  0.313425
-0.414764  0.340671  0.313425
-0.414755  0.341069  0.312972
-0.414755  0.341069  0.312972
-0.414745  0.341465  0.312518
-0.414745  0.341465  0.312518
-0.414745  0.341465  0.312518
-0.414736  0.341859  0.312064
-0.414736  0.341859  0.312064
-0.414726  0.342252  0.311609
-0.414726  0.342252  0.311609
-0.414726  0.342252  0.311609
-0.414717  0.342643  0.311154
-0.414717  0.342643  0.311154
-0.414708  0.343032  0.310697
-0.414708  0.343032  0.310697
-0.414708  0.343032  0.310697
-0.414699  0.34342  0.310241
-0.414699  0.34342  0.310241
-0.41469  0.343806  0.309783
-0.41469  0.343806  0.309783
-0.41469  0.343806  0.309783
-0.414681  0.34419  0.309325
-0.414681  0.34419  0.309325
-0.414672  0.344573  0.308867
-0.414672  0.344573  0.308867
-0.414672  0.344573  0.308867
-0.414664  0.344954  0.308408
-0.414664  0.344954  0.308408
-0.414664  0.344954  0.308408
-0.414655  0.345333  0.307949
-0.414655  0.345333  0.307949
-0.414647  0.345711  0.30749
-0.414647  0.345711  0.30749
-0.414647  0.345711  0.30749
-0.414638  0.346087  0.30703
-0.414638  0.346087  0.30703
-0.41463  0.346462  0.30657
-0.41463  0.346462  0.30657
-0.414622  0.346835  0.306109
-0.414622  0.346835  0.306109
-0.414622  0.346835  0.306109
-0.414614  0.347207  0.305648
-0.414614  0.347207  0.305648
-0.414614  0.347207  0.305648
-0.414606  0.347577  0.305187
-0.414606  0.347577  0.305187
-0.414598  0.347945  0.304725
-0.414598  0.347945  0.304725
-0.414598  0.347945  0.304725
-0.41459  0.348312  0.304264
-0.41459  0.348312  0.304264
-0.414582  0.348677  0.303802
-0.414582  0.348677  0.303802
-0.414582  0.348677  0.303802
-0.414575  0.349041  0.30334
-0.414575  0.349041  0.30334
-0.414567  0.349403  0.302877
-0.414567  0.349403  0.302877
-0.414567  0.349403  0.302877
-0.41456  0.349764  0.302414
-0.41456  0.349764  0.302414
-0.414553  0.350122  0.30195
-0.414553  0.350122  0.30195
-0.414545  0.350479  0.301488
-0.414545  0.350479  0.301488
-0.414545  0.350479  0.301488
-0.414538  0.350835  0.301024
-0.414538  0.350835  0.301024
-0.414531  0.351189  0.300561
-0.414531  0.351189  0.300561
-0.414531  0.351189  0.300561
-0.414524  0.351541  0.300096
-0.414524  0.351541  0.300096
-0.414518  0.351892  0.299632
-0.414518  0.351892  0.299632
-0.414518  0.351892  0.299632
-0.414511  0.352241  0.299168
-0.414511  0.352241  0.299168
-0.414504  0.352588  0.298703
-0.414504  0.352588  0.298703
-0.414504  0.352588  0.298703
-0.414498  0.352934  0.298238
-0.414498  0.352934  0.298238
-0.414491  0.353278  0.297773
-0.414491  0.353278  0.297773
-0.414491  0.353278  0.297773
-0.414485  0.35362  0.297307
-0.414485  0.35362  0.297307
-0.414479  0.35396  0.29684
-0.414479  0.35396  0.29684
-0.414479  0.35396  0.29684
-0.414473  0.354299  0.296374
-0.414473  0.354299  0.296374
-0.414467  0.354636  0.295907
-0.414467  0.354636  0.295907
-0.414467  0.354636  0.295907
-0.414461  0.354971  0.29544
-0.414461  0.354971  0.29544
-0.414456  0.355305  0.294972
-0.414456  0.355305  0.294972
-0.414456  0.355305  0.294972
-0.41445  0.355636  0.294504
-0.41445  0.355636  0.294504
-0.414445  0.355966  0.294035
-0.414445  0.355966  0.294035
-0.414445  0.355966  0.294035
-0.41444  0.356294  0.293566
-0.41444  0.356294  0.293566
-0.414435  0.35662  0.293095
-0.414435  0.35662  0.293095
-0.414435  0.35662  0.293095
-0.41443  0.356945  0.292624
-0.41443  0.356945  0.292624
-0.41443  0.356945  0.292624
-0.414425  0.357267  0.292153
-0.414425  0.357267  0.292153
-0.41442  0.357589  0.291681
-0.41442  0.357589  0.291681
-0.41442  0.357589  0.291681
-0.414415  0.357908  0.291208
-0.414415  0.357908  0.291208
-0.414411  0.358225  0.290735
-0.414411  0.358225  0.290735
-0.414411  0.358225  0.290735
-0.414407  0.358541  0.290262
-0.414407  0.358541  0.290262
-0.414402  0.358855  0.289787
-0.414402  0.358855  0.289787
-0.414402  0.358855  0.289787
-0.414398  0.359168  0.289313
-0.414398  0.359168  0.289313
-0.414394  0.359478  0.288837
-0.414394  0.359478  0.288837
-0.414394  0.359478  0.288837
-0.41439  0.359787  0.288361
-0.41439  0.359787  0.288361
-0.414387  0.360094  0.287884
-0.414387  0.360094  0.287884
-0.414383  0.3604  0.287408
-0.414383  0.3604  0.287408
-0.414383  0.3604  0.287408
-0.414379  0.360704  0.28693
-0.414379  0.360704  0.28693
-0.414376  0.361006  0.286452
-0.414376  0.361006  0.286452
-0.414376  0.361006  0.286452
-0.414373  0.361307  0.285973
-0.414373  0.361307  0.285973
-0.414369  0.361607  0.285493
-0.414369  0.361607  0.285493
-0.414369  0.361607  0.285493
-0.414366  0.361904  0.285014
-0.414366  0.361904  0.285014
-0.414363  0.3622  0.284533
-0.414363  0.3622  0.284533
-0.414363  0.3622  0.284533
-0.41436  0.362495  0.284051
-0.41436  0.362495  0.284051
-0.414357  0.362788  0.283569
-0.414357  0.362788  0.283569
-0.414357  0.362788  0.283569
-0.414354  0.363079  0.283086
-0.414354  0.363079  0.283086
-0.414352  0.363369  0.282602
-0.414352  0.363369  0.282602
-0.414352  0.363369  0.282602
-0.414349  0.363657  0.282118
-0.414349  0.363657  0.282118
-0.414347  0.363944  0.281633
-0.414347  0.363944  0.281633
-0.414347  0.363944  0.281633
-0.414344  0.364228  0.281147
-0.414344  0.364228  0.281147
-0.414342  0.364511  0.280659
-0.414342  0.364511  0.280659
-0.414342  0.364511  0.280659
-0.41434  0.364793  0.280172
-0.41434  0.364793  0.280172
-0.414338  0.365073  0.279684
-0.414338  0.365073  0.279684
-0.414338  0.365073  0.279684
-0.414336  0.365351  0.279195
-0.414336  0.365351  0.279195
-0.414334  0.365628  0.278705
-0.414334  0.365628  0.278705
-0.414334  0.365628  0.278705
-0.414333  0.365903  0.278214
-0.414333  0.365903  0.278214
-0.414333  0.365903  0.278214
-0.414331  0.366176  0.277723
-0.414331  0.366176  0.277723
-0.41433  0.366448  0.277231
-0.41433  0.366448  0.277231
-0.41433  0.366448  0.277231
-0.414328  0.366719  0.276739
-0.414328  0.366719  0.276739
-0.414327  0.366988  0.276245
-0.414327  0.366988  0.276245
-0.414327  0.366988  0.276245
-0.414326  0.367255  0.275751
-0.414326  0.367255  0.275751
-0.414324  0.367521  0.275256
-0.414324  0.367521  0.275256
-0.414324  0.367521  0.275256
-0.414323  0.367785  0.27476
-0.414323  0.367785  0.27476
-0.414322  0.368048  0.274264
-0.414322  0.368048  0.274264
-0.414322  0.368048  0.274264
-0.414322  0.368309  0.273767
-0.414322  0.368309  0.273767
-0.414321  0.368569  0.273269
-0.414321  0.368569  0.273269
-0.414321  0.368569  0.273269
-0.41432  0.368827  0.272771
-0.41432  0.368827  0.272771
-0.414319  0.369084  0.272272
-0.414319  0.369084  0.272272
-0.414319  0.369339  0.271772
-0.414319  0.369339  0.271772
-0.414319  0.369339  0.271772
-0.414318  0.369592  0.271272
-0.414318  0.369592  0.271272
-0.414318  0.369844  0.270772
-0.414318  0.369844  0.270772
-0.414318  0.370095  0.27027
-0.414318  0.370095  0.27027
-0.414318  0.370095  0.27027
-0.414318  0.370343  0.269768
-0.414318  0.370343  0.269768
-0.414318  0.370343  0.269768
-0.414318  0.370591  0.269266
-0.414318  0.370591  0.269266
-0.414318  0.370591  0.269266
-0.414318  0.370836  0.268763
-0.414318  0.370836  0.268763
-0.414318  0.371081  0.268259
-0.414318  0.371081  0.268259
-0.414318  0.371081  0.268259
-0.414318  0.371323  0.267755
-0.414318  0.371323  0.267755
-0.414318  0.371565  0.26725
-0.414318  0.371565  0.26725
-0.414318  0.371565  0.26725
-0.414319  0.371804  0.266744
-0.414319  0.371804  0.266744
-0.414319  0.372042  0.266238
-0.414319  0.372042  0.266238
-0.414319  0.372042  0.266238
-0.41432  0.372279  0.265732
-0.41432  0.372279  0.265732
-0.41432  0.372514  0.265224
-0.41432  0.372514  0.265224
-0.41432  0.372514  0.265224
-0.414321  0.372747  0.264717
-0.414321  0.372747  0.264717
-0.414322  0.372979  0.264208
-0.414322  0.372979  0.264208
-0.414322  0.372979  0.264208
-0.414323  0.373209  0.2637
-0.414323  0.373209  0.2637
-0.414324  0.373438  0.263191
-0.414324  0.373438  0.263191
-0.414324  0.373438  0.263191
-0.414325  0.373665  0.262681
-0.414325  0.373665  0.262681
-0.414326  0.373891  0.262171
-0.414326  0.373891  0.262171
-0.414326  0.373891  0.262171
-0.414327  0.374116  0.261661
-0.414327  0.374116  0.261661
-0.414328  0.374339  0.26115
-0.414328  0.374339  0.26115
-0.414328  0.374339  0.26115
-0.41433  0.37456  0.26064
-0.41433  0.37456  0.26064
-0.414331  0.37478  0.260129
-0.414331  0.37478  0.260129
-0.414331  0.37478  0.260129
-0.414333  0.374998  0.259619
-0.414333  0.374998  0.259619
-0.414334  0.375215  0.259108
-0.414334  0.375215  0.259108
-0.414334  0.375215  0.259108
-0.414336  0.375431  0.258597
-0.414336  0.375431  0.258597
-0.414338  0.375645  0.258086
-0.414338  0.375645  0.258086
-0.414339  0.375858  0.257574
-0.414339  0.375858  0.257574
-0.414339  0.375858  0.257574
-0.414341  0.376069  0.257062
-0.414341  0.376069  0.257062
-0.414343  0.376279  0.256549
-0.414343  0.376279  0.256549
-0.414343  0.376279  0.256549
-0.414345  0.376488  0.256036
-0.414345  0.376488  0.256036
-0.414347  0.376695  0.255523
-0.414347  0.376695  0.255523
-0.414349  0.376901  0.255009
-0.414349  0.376901  0.255009
-0.414349  0.376901  0.255009
-0.414349  0.376901  0.255009
-0.414351  0.377106  0.254495
-0.414351  0.377106  0.254495
-0.414353  0.377309  0.253981
-0.414353  0.377309  0.253981
-0.414355  0.377512  0.253467
-0.414355  0.377512  0.253467
-0.414355  0.377512  0.253467
-0.414358  0.377713  0.252951
-0.414358  0.377713  0.252951
-0.41436  0.377913  0.252435
-0.41436  0.377913  0.252435
-0.41436  0.377913  0.252435
-0.414362  0.378112  0.251918
-0.414362  0.378112  0.251918
-0.414364  0.37831  0.251401
-0.414364  0.37831  0.251401
-0.414364  0.37831  0.251401
-0.414367  0.378507  0.250883
-0.414367  0.378507  0.250883
-0.414369  0.378702  0.250364
-0.414369  0.378702  0.250364
-0.414369  0.378702  0.250364
-0.414371  0.378897  0.249845
-0.414371  0.378897  0.249845
-0.414374  0.37909  0.249325
-0.414374  0.37909  0.249325
-0.414374  0.37909  0.249325
-0.414376  0.379282  0.248804
-0.414376  0.379282  0.248804
-0.414376  0.379282  0.248804
-0.414378  0.379473  0.248282
-0.414378  0.379473  0.248282
-0.414381  0.379663  0.247758
-0.414381  0.379663  0.247758
-0.414383  0.379851  0.247235
-0.414383  0.379851  0.247235
-0.414383  0.379851  0.247235
-0.414386  0.380038  0.24671
-0.414386  0.380038  0.24671
-0.414388  0.380224  0.246185
-0.414388  0.380224  0.246185
-0.414388  0.380224  0.246185
-0.414391  0.380409  0.245658
-0.414391  0.380409  0.245658
-0.414393  0.380592  0.245132
-0.414393  0.380592  0.245132
-0.414393  0.380592  0.245132
-0.414396  0.380775  0.244603
-0.414396  0.380775  0.244603
-0.414399  0.380956  0.244075
-0.414399  0.380956  0.244075
-0.414399  0.380956  0.244075
-0.414401  0.381136  0.243546
-0.414401  0.381136  0.243546
-0.414404  0.381315  0.243016
-0.414404  0.381315  0.243016
-0.414404  0.381315  0.243016
-0.414407  0.381493  0.242486
-0.414407  0.381493  0.242486
-0.414409  0.38167  0.241955
-0.414409  0.38167  0.241955
-0.414409  0.38167  0.241955
-0.414412  0.381845  0.241424
-0.414412  0.381845  0.241424
-0.414412  0.381845  0.241424
-0.414415  0.38202  0.240892
-0.414415  0.38202  0.240892
-0.414417  0.382194  0.240359
-0.414417  0.382194  0.240359
-0.41442  0.382366  0.239825
-0.41442  0.382366  0.239825
-0.41442  0.382366  0.239825
-0.414423  0.382537  0.239291
-0.414423  0.382537  0.239291
-0.414426  0.382708  0.238757
-0.414426  0.382708  0.238757
-0.414426  0.382708  0.238757
-0.414428  0.382877  0.238223
-0.414428  0.382877  0.238223
-0.414431  0.383046  0.237688
-0.414431  0.383046  0.237688
-0.414434  0.383213  0.237152
-0.414434  0.383213  0.237152
-0.414434  0.383213  0.237152
-0.414437  0.38338  0.236616
-0.414437  0.38338  0.236616
-0.414437  0.38338  0.236616
-0.414439  0.383545  0.236079
-0.414439  0.383545  0.236079
-0.414442  0.383709  0.235542
-0.414442  0.383709  0.235542
-0.414442  0.383709  0.235542
-0.414445  0.383872  0.235005
-0.414445  0.383872  0.235005
-0.414448  0.384034  0.234467
-0.414448  0.384034  0.234467
-0.414448  0.384034  0.234467
-0.414451  0.384195  0.23393
-0.414451  0.384195  0.23393
-0.414453  0.384355  0.233391
-0.414453  0.384355  0.233391
-0.414453  0.384355  0.233391
-0.414456  0.384514  0.232853
-0.414456  0.384514  0.232853
-0.414459  0.384672  0.232314
-0.414459  0.384672  0.232314
-0.414459  0.384672  0.232314
-0.414462  0.384828  0.231775
-0.414462  0.384828  0.231775
-0.414465  0.384984  0.231236
-0.414465  0.384984  0.231236
-0.414465  0.384984  0.231236
-0.414468  0.385138  0.230697
-0.414468  0.385138  0.230697
-0.41447  0.385292  0.230158
-0.41447  0.385292  0.230158
-0.41447  0.385292  0.230158
-0.414473  0.385444  0.229619
-0.414473  0.385444  0.229619
-0.414476  0.385596  0.22908
-0.414476  0.385596  0.22908
-0.414476  0.385596  0.22908
-0.414479  0.385746  0.228542
-0.414479  0.385746  0.228542
-0.414479  0.385746  0.228542
-0.414482  0.385895  0.228003
-0.414482  0.385895  0.228003
-0.414485  0.386043  0.227464
-0.414485  0.386043  0.227464
-0.414485  0.386043  0.227464
-0.414488  0.386191  0.226925
-0.414488  0.386191  0.226925
-0.414491  0.386337  0.226386
-0.414491  0.386337  0.226386
-0.414491  0.386337  0.226386
-0.414494  0.386483  0.225848
-0.414494  0.386483  0.225848
-0.414497  0.386627  0.22531
-0.414497  0.386627  0.22531
-0.414497  0.386627  0.22531
-0.4145  0.386771  0.224772
-0.4145  0.386771  0.224772
-0.414503  0.386913  0.224235
-0.414503  0.386913  0.224235
-0.414503  0.386913  0.224235
-0.414506  0.387055  0.223698
-0.414506  0.387055  0.223698
-0.414509  0.387196  0.223162
-0.414509  0.387196  0.223162
-0.414509  0.387196  0.223162
-0.414512  0.387336  0.222626
-0.414512  0.387336  0.222626
-0.414514  0.387475  0.22209
-0.414514  0.387475  0.22209
-0.414517  0.387613  0.221556
-0.414517  0.387613  0.221556
-0.41452  0.38775  0.221021
-0.41452  0.38775  0.221021
-0.41452  0.38775  0.221021
-0.41452  0.38775  0.221021
-0.414523  0.387886  0.220488
-0.414523  0.387886  0.220488
-0.414526  0.388022  0.219955
-0.414526  0.388022  0.219955
-0.414526  0.388022  0.219955
-0.414529  0.388156  0.219422
-0.414529  0.388156  0.219422
-0.414532  0.38829  0.218891
-0.414532  0.38829  0.218891
-0.414532  0.38829  0.218891
-0.414535  0.388422  0.21836
-0.414535  0.388422  0.21836
-0.414538  0.388554  0.21783
-0.414538  0.388554  0.21783
-0.414538  0.388554  0.21783
-0.414541  0.388685  0.217301
-0.414541  0.388685  0.217301
-0.414544  0.388815  0.216773
-0.414544  0.388815  0.216773
-0.414544  0.388815  0.216773
-0.414547  0.388944  0.216245
-0.414547  0.388944  0.216245
-0.41455  0.389072  0.215719
-0.41455  0.389072  0.215719
-0.41455  0.389072  0.215719
-0.414553  0.389199  0.215195
-0.414553  0.389199  0.215195
-0.414557  0.389325  0.214671
-0.414557  0.389325  0.214671
-0.414557  0.389325  0.214671
-0.41456  0.389451  0.214149
-0.414563  0.389575  0.213628
-0.414563  0.389575  0.213628
-0.414563  0.389575  0.213628
-0.414566  0.389699  0.213109
-0.414566  0.389699  0.213109
-0.414566  0.389699  0.213109
-0.414569  0.389821  0.21259
-0.414569  0.389821  0.21259
-0.414569  0.389821  0.21259
-0.414573  0.389943  0.212072
-0.414573  0.389943  0.212072
-0.414576  0.390064  0.211556
-0.414576  0.390064  0.211556
-0.414576  0.390064  0.211556
-0.414579  0.390184  0.211042
-0.414579  0.390184  0.211042
-0.414582  0.390302  0.210529
-0.414582  0.390302  0.210529
-0.414582  0.390302  0.210529
-0.414586  0.39042  0.210018
-0.414586  0.39042  0.210018
-0.414589  0.390538  0.209508
-0.414589  0.390538  0.209508
-0.414589  0.390538  0.209508
-0.414593  0.390654  0.209
-0.414593  0.390654  0.209
-0.414596  0.390769  0.208494
-0.414596  0.390769  0.208494
-0.4146  0.390883  0.20799
-0.4146  0.390883  0.20799
-0.4146  0.390883  0.20799
-0.414603  0.390997  0.207486
-0.414603  0.390997  0.207486
-0.414607  0.391109  0.206984
-0.414607  0.391109  0.206984
-0.414607  0.391109  0.206984
-0.414611  0.391221  0.206484
-0.414611  0.391221  0.206484
-0.414615  0.391331  0.205986
-0.414615  0.391331  0.205986
-0.414618  0.391441  0.205489
-0.414618  0.391441  0.205489
-0.414618  0.391441  0.205489
-0.414622  0.391549  0.204994
-0.414622  0.391549  0.204994
-0.414622  0.391549  0.204994
-0.414626  0.391657  0.2045
-0.414626  0.391657  0.2045
-0.41463  0.391764  0.204008
-0.41463  0.391764  0.204008
-0.41463  0.391764  0.204008
-0.414634  0.391869  0.203518
-0.414634  0.391869  0.203518
-0.414634  0.391869  0.203518
-0.414638  0.391974  0.203029
-0.414638  0.391974  0.203029
-0.414643  0.392078  0.202542
-0.414643  0.392078  0.202542
-0.414647  0.392181  0.202056
-0.414647  0.392181  0.202056
-0.414647  0.392181  0.202056
-0.414651  0.392283  0.201571
-0.414651  0.392283  0.201571
-0.414655  0.392384  0.201088
-0.414655  0.392384  0.201088
-0.414655  0.392384  0.201088
-0.41466  0.392483  0.200605
-0.41466  0.392483  0.200605
-0.414664  0.392582  0.200124
-0.414664  0.392582  0.200124
-0.414664  0.392582  0.200124
-0.414669  0.39268  0.199644
-0.414669  0.39268  0.199644
-0.414673  0.392776  0.199166
-0.414673  0.392776  0.199166
-0.414673  0.392776  0.199166
-0.414678  0.392872  0.198688
-0.414678  0.392872  0.198688
-0.414683  0.392966  0.198211
-0.414683  0.392966  0.198211
-0.414683  0.392966  0.198211
-0.414688  0.393059  0.197734
-0.414688  0.393059  0.197734
-0.414693  0.393151  0.197259
-0.414693  0.393151  0.197259
-0.414693  0.393151  0.197259
-0.414698  0.393243  0.196784
-0.414698  0.393243  0.196784
-0.414698  0.393243  0.196784
-0.414702  0.393333  0.196309
-0.414702  0.393333  0.196309
-0.414707  0.393423  0.195835
-0.414707  0.393423  0.195835
-0.414707  0.393423  0.195835
-0.414712  0.393512  0.195362
-0.414712  0.393512  0.195362
-0.414717  0.3936  0.19489
-0.414717  0.3936  0.19489
-0.414717  0.3936  0.19489
-0.414722  0.393687  0.194419
-0.414722  0.393687  0.194419
-0.414727  0.393774  0.193948
-0.414727  0.393774  0.193948
-0.414727  0.393774  0.193948
-0.414732  0.39386  0.193479
-0.414732  0.39386  0.193479
-0.414737  0.393946  0.193011
-0.414737  0.393946  0.193011
-0.414737  0.393946  0.193011
-0.414742  0.394031  0.192543
-0.414742  0.394031  0.192543
-0.414747  0.394115  0.192077
-0.414747  0.394115  0.192077
-0.414752  0.394199  0.191611
-0.414752  0.394199  0.191611
-0.414752  0.394199  0.191611
-0.414757  0.394282  0.191147
-0.414757  0.394282  0.191147
-0.414757  0.394282  0.191147
-0.414762  0.394365  0.190683
-0.414767  0.394448  0.190221
-0.414767  0.394448  0.190221
-0.414767  0.394448  0.190221
-0.414772  0.394529  0.18976
-0.414772  0.394529  0.18976
-0.414772  0.394529  0.18976
-0.414777  0.394611  0.189299
-0.414777  0.394611  0.189299
-0.414782  0.394692  0.188839
-0.414782  0.394692  0.188839
-0.414782  0.394692  0.188839
-0.414786  0.394772  0.18838
-0.414786  0.394772  0.18838
-0.414791  0.394851  0.187922
-0.414791  0.394851  0.187922
-0.414791  0.394851  0.187922
-0.414796  0.39493  0.187465
-0.414796  0.39493  0.187465
-0.414801  0.395009  0.187009
-0.414801  0.395009  0.187009
-0.414801  0.395009  0.187009
-0.414806  0.395087  0.186554
-0.414806  0.395087  0.186554
-0.41481  0.395165  0.1861
-0.41481  0.395165  0.1861
-0.41481  0.395165  0.1861
-0.414815  0.395242  0.185648
-0.414815  0.395242  0.185648
-0.41482  0.395319  0.185197
-0.41482  0.395319  0.185197
-0.41482  0.395319  0.185197
-0.414825  0.395395  0.184747
-0.414825  0.395395  0.184747
-0.41483  0.39547  0.184299
-0.41483  0.39547  0.184299
-0.41483  0.39547  0.184299
-0.414834  0.395546  0.183852
-0.414834  0.395546  0.183852
-0.414839  0.395621  0.183406
-0.414839  0.395621  0.183406
-0.414839  0.395621  0.183406
-0.414844  0.395695  0.182962
-0.414844  0.395695  0.182962
-0.414849  0.395769  0.182519
-0.414849  0.395769  0.182519
-0.414849  0.395769  0.182519
-0.414854  0.395842  0.182078
-0.414854  0.395842  0.182078
-0.414858  0.395915  0.181639
-0.414858  0.395915  0.181639
-0.414858  0.395915  0.181639
-0.414863  0.395987  0.181201
-0.414863  0.395987  0.181201
-0.414868  0.396059  0.180764
-0.414868  0.396059  0.180764
-0.414868  0.396059  0.180764
-0.414873  0.396131  0.180329
-0.414873  0.396131  0.180329
-0.414878  0.396202  0.179896
-0.414878  0.396202  0.179896
-0.414878  0.396202  0.179896
-0.414883  0.396273  0.179464
-0.414883  0.396273  0.179464
-0.414887  0.396343  0.179033
-0.414887  0.396343  0.179033
-0.414887  0.396343  0.179033
-0.414892  0.396413  0.178603
-0.414892  0.396413  0.178603
-0.414897  0.396482  0.178175
-0.414897  0.396482  0.178175
-0.414897  0.396482  0.178175
-0.414902  0.396551  0.177748
-0.414902  0.396551  0.177748
-0.414907  0.39662  0.177322
-0.414907  0.39662  0.177322
-0.414907  0.39662  0.177322
-0.414911  0.396688  0.176897
-0.414911  0.396688  0.176897
-0.414916  0.396756  0.176473
-0.414916  0.396756  0.176473
-0.414916  0.396756  0.176473
-0.414921  0.396824  0.176051
-0.414921  0.396824  0.176051
-0.414926  0.396891  0.17563
-0.414926  0.396891  0.17563
-0.414926  0.396891  0.17563
-0.414931  0.396957  0.17521
-0.414931  0.396957  0.17521
-0.414935  0.397024  0.174792
-0.414935  0.397024  0.174792
-0.414935  0.397024  0.174792
-0.41494  0.39709  0.174374
-0.41494  0.39709  0.174374
-0.414945  0.397156  0.173958
-0.414945  0.397156  0.173958
-0.414945  0.397156  0.173958
-0.414949  0.397222  0.173544
-0.414949  0.397222  0.173544
-0.414954  0.397287  0.17313
-0.414954  0.397287  0.17313
-0.414954  0.397287  0.17313
-0.414959  0.397352  0.172718
-0.414959  0.397352  0.172718
-0.414963  0.397417  0.172306
-0.414963  0.397417  0.172306
-0.414963  0.397417  0.172306
-0.414968  0.397482  0.171896
-0.414968  0.397482  0.171896
-0.414972  0.397547  0.171487
-0.414972  0.397547  0.171487
-0.414972  0.397547  0.171487
-0.414977  0.397611  0.171079
-0.414977  0.397611  0.171079
-0.414977  0.397611  0.171079
-0.414981  0.397675  0.170673
-0.414981  0.397675  0.170673
-0.414986  0.397739  0.170267
-0.414986  0.397739  0.170267
-0.41499  0.397803  0.169862
-0.41499  0.397803  0.169862
-0.41499  0.397803  0.169862
-0.414995  0.397867  0.169459
-0.414995  0.397867  0.169459
-0.414999  0.39793  0.169056
-0.414999  0.39793  0.169056
-0.414999  0.39793  0.169056
-0.415003  0.397993  0.168655
-0.415003  0.397993  0.168655
-0.415008  0.398056  0.168254
-0.415008  0.398056  0.168254
-0.415008  0.398056  0.168254
-0.415012  0.398118  0.167854
-0.415012  0.398118  0.167854
-0.415016  0.39818  0.167455
-0.415016  0.39818  0.167455
-0.415016  0.39818  0.167455
-0.41502  0.398242  0.167057
-0.41502  0.398242  0.167057
-0.415025  0.398304  0.166661
-0.415025  0.398304  0.166661
-0.415025  0.398304  0.166661
-0.415029  0.398365  0.166265
-0.415029  0.398365  0.166265
-0.415033  0.398426  0.16587
-0.415033  0.398426  0.16587
-0.415033  0.398426  0.16587
-0.415037  0.398487  0.165477
-0.415037  0.398487  0.165477
-0.415041  0.398548  0.165085
-0.415041  0.398548  0.165085
-0.415041  0.398548  0.165085
-0.415046  0.398608  0.164695
-0.415046  0.398608  0.164695
-0.41505  0.398668  0.164305
-0.41505  0.398668  0.164305
-0.415054  0.398728  0.163917
-0.415054  0.398728  0.163917
-0.415054  0.398728  0.163917
-0.415058  0.398787  0.16353
-0.415058  0.398787  0.16353
-0.415062  0.398846  0.163144
-0.415062  0.398846  0.163144
-0.415062  0.398846  0.163144
-0.415067  0.398905  0.16276
-0.415067  0.398905  0.16276
-0.415067  0.398905  0.16276
-0.415071  0.398963  0.162376
-0.415071  0.398963  0.162376
-0.415075  0.399021  0.161994
-0.415075  0.399021  0.161994
-0.415075  0.399021  0.161994
-0.41508  0.399078  0.161613
-0.41508  0.399078  0.161613
-0.415084  0.399135  0.161233
-0.415084  0.399135  0.161233
-0.415084  0.399135  0.161233
-0.415088  0.399192  0.160854
-0.415088  0.399192  0.160854
-0.415092  0.399249  0.160477
-0.415092  0.399249  0.160477
-0.415092  0.399249  0.160477
-0.415097  0.399305  0.160101
-0.415097  0.399305  0.160101
-0.415101  0.399361  0.159726
-0.415101  0.399361  0.159726
-0.415101  0.399361  0.159726
-0.415105  0.399417  0.159352
-0.415105  0.399417  0.159352
-0.41511  0.399472  0.158979
-0.41511  0.399472  0.158979
-0.41511  0.399472  0.158979
-0.415114  0.399527  0.158608
-0.415114  0.399527  0.158608
-0.415118  0.399582  0.158238
-0.415118  0.399582  0.158238
-0.415118  0.399582  0.158238
-0.415123  0.399637  0.157869
-0.415123  0.399637  0.157869
-0.415127  0.399692  0.157501
-0.415127  0.399692  0.157501
-0.415127  0.399692  0.157501
-0.415131  0.399746  0.157135
-0.415131  0.399746  0.157135
-0.415136  0.3998  0.156769
-0.415136  0.3998  0.156769
-0.415136  0.3998  0.156769
-0.41514  0.399854  0.156405
-0.41514  0.399854  0.156405
-0.415144  0.399909  0.156043
-0.415144  0.399909  0.156043
-0.415144  0.399909  0.156043
-0.415148  0.399962  0.155681
-0.415148  0.399962  0.155681
-0.415153  0.400016  0.155322
-0.415153  0.400016  0.155322
-0.415153  0.400016  0.155322
-0.415157  0.40007  0.154963
-0.415157  0.40007  0.154963
-0.415161  0.400123  0.154606
-0.415161  0.400123  0.154606
-0.415161  0.400123  0.154606
-0.415165  0.400176  0.15425
-0.415165  0.400176  0.15425
-0.41517  0.400229  0.153896
-0.41517  0.400229  0.153896
-0.41517  0.400229  0.153896
-0.415174  0.400282  0.153543
-0.415174  0.400282  0.153543
-0.415178  0.400334  0.153191
-0.415178  0.400334  0.153191
-0.415178  0.400334  0.153191
-0.415183  0.400387  0.15284
-0.415183  0.400387  0.15284
-0.415187  0.400439  0.152491
-0.415187  0.400439  0.152491
-0.415187  0.400439  0.152491
-0.415191  0.400491  0.152142
-0.415191  0.400491  0.152142
-0.415195  0.400542  0.151794
-0.415195  0.400542  0.151794
-0.415195  0.400542  0.151794
-0.4152  0.400593  0.151448
-0.4152  0.400593  0.151448
-0.415204  0.400644  0.151101
-0.415204  0.400644  0.151101
-0.415204  0.400644  0.151101
-0.415208  0.400695  0.150757
-0.415208  0.400695  0.150757
-0.415213  0.400745  0.150412
-0.415213  0.400745  0.150412
-0.415213  0.400745  0.150412
-0.415217  0.400796  0.150069
-0.415217  0.400796  0.150069
-0.415217  0.400796  0.150069
-0.415221  0.400846  0.149727
-0.415221  0.400846  0.149727
-0.415225  0.400896  0.149386
-0.415225  0.400896  0.149386
-0.41523  0.400945  0.149046
-0.41523  0.400945  0.149046
-0.41523  0.400945  0.149046
-0.415234  0.400995  0.148707
-0.415234  0.400995  0.148707
-0.415238  0.401044  0.148369
-0.415238  0.401044  0.148369
-0.415238  0.401044  0.148369
-0.415243  0.401094  0.148032
-0.415243  0.401094  0.148032
-0.415247  0.401143  0.147697
-0.415247  0.401143  0.147697
-0.415247  0.401143  0.147697
-0.415251  0.401192  0.147362
-0.415251  0.401192  0.147362
-0.415255  0.401241  0.147029
-0.415255  0.401241  0.147029
-0.415255  0.401241  0.147029
-0.41526  0.401289  0.146696
-0.41526  0.401289  0.146696
-0.415264  0.401337  0.146365
-0.415264  0.401337  0.146365
-0.415264  0.401337  0.146365
-0.415268  0.401385  0.146034
-0.415268  0.401385  0.146034
-0.415272  0.401433  0.145705
-0.415272  0.401433  0.145705
-0.415272  0.401433  0.145705
-0.415277  0.401481  0.145378
-0.415277  0.401481  0.145378
-0.415281  0.401528  0.145051
-0.415281  0.401528  0.145051
-0.415281  0.401528  0.145051
-0.415285  0.401576  0.144726
-0.415285  0.401576  0.144726
-0.41529  0.401623  0.144403
-0.41529  0.401623  0.144403
-0.415294  0.401669  0.14408
-0.415294  0.401669  0.14408
-0.415294  0.401669  0.14408
-0.415299  0.401716  0.14376
-0.415299  0.401716  0.14376
-0.415299  0.401716  0.14376
-0.415303  0.401762  0.14344
-0.415303  0.401762  0.14344
-0.415308  0.401808  0.143122
-0.415308  0.401808  0.143122
-0.415308  0.401808  0.143122
-0.415312  0.401854  0.142805
-0.415312  0.401854  0.142805
-0.415317  0.401899  0.142489
-0.415317  0.401899  0.142489
-0.415317  0.401899  0.142489
-0.415322  0.401944  0.142175
-0.415322  0.401944  0.142175
-0.415326  0.401989  0.141862
-0.415326  0.401989  0.141862
-0.415326  0.401989  0.141862
-0.415331  0.402034  0.141551
-0.415331  0.402034  0.141551
-0.415336  0.402079  0.141241
-0.415336  0.402079  0.141241
-0.415336  0.402079  0.141241
-0.41534  0.402123  0.140932
-0.41534  0.402123  0.140932
-0.415345  0.402167  0.140625
-0.415345  0.402167  0.140625
-0.415345  0.402167  0.140625
-0.41535  0.402211  0.140318
-0.41535  0.402211  0.140318
-0.415355  0.402255  0.140013
-0.415355  0.402255  0.140013
-0.415355  0.402255  0.140013
-0.415359  0.402299  0.13971
-0.415359  0.402299  0.13971
-0.415364  0.402343  0.139407
-0.415364  0.402343  0.139407
-0.415364  0.402343  0.139407
-0.415369  0.402386  0.139106
-0.415369  0.402386  0.139106
-0.415374  0.40243  0.138806
-0.415374  0.40243  0.138806
-0.415374  0.40243  0.138806
-0.415379  0.402473  0.138507
-0.415379  0.402473  0.138507
-0.415383  0.402516  0.13821
-0.415383  0.402516  0.13821
-0.415383  0.402516  0.13821
-0.415388  0.402559  0.137913
-0.415388  0.402559  0.137913
-0.415393  0.402601  0.137618
-0.415393  0.402601  0.137618
-0.415393  0.402601  0.137618
-0.415398  0.402644  0.137324
-0.415398  0.402644  0.137324
-0.415403  0.402686  0.137031
-0.415403  0.402686  0.137031
-0.415403  0.402686  0.137031
-0.415408  0.402728  0.136739
-0.415408  0.402728  0.136739
-0.415408  0.402728  0.136739
-0.415413  0.402769  0.136447
-0.415413  0.402769  0.136447
-0.415418  0.40281  0.136157
-0.415418  0.40281  0.136157
-0.415418  0.40281  0.136157
-0.415423  0.402851  0.135868
-0.415423  0.402851  0.135868
-0.415428  0.402892  0.135579
-0.415428  0.402892  0.135579
-0.415428  0.402892  0.135579
-0.415433  0.402933  0.135291
-0.415433  0.402933  0.135291
-0.415438  0.402973  0.135004
-0.415438  0.402973  0.135004
-0.415438  0.402973  0.135004
-0.415443  0.403013  0.134718
-0.415443  0.403013  0.134718
-0.415448  0.403053  0.134432
-0.415448  0.403053  0.134432
-0.415448  0.403053  0.134432
-0.415453  0.403093  0.134147
-0.415453  0.403093  0.134147
-0.415458  0.403132  0.133862
-0.415458  0.403132  0.133862
-0.415458  0.403132  0.133862
-0.415463  0.403171  0.133578
-0.415463  0.403171  0.133578
-0.415468  0.40321  0.133294
-0.415468  0.40321  0.133294
-0.415473  0.403249  0.133012
-0.415473  0.403249  0.133012
-0.415473  0.403249  0.133012
-0.415479  0.403287  0.132729
-0.415479  0.403287  0.132729
-0.415479  0.403287  0.132729
-0.415484  0.403326  0.132448
-0.415489  0.403364  0.132167
-0.415489  0.403364  0.132167
-0.415489  0.403364  0.132167
-0.415494  0.403401  0.131887
-0.415494  0.403401  0.131887
-0.415494  0.403401  0.131887
-0.415499  0.403439  0.131606
-0.415499  0.403439  0.131606
-0.415504  0.403477  0.131327
-0.415504  0.403477  0.131327
-0.415504  0.403477  0.131327
-0.415509  0.403515  0.131049
-0.415509  0.403515  0.131049
-0.415509  0.403515  0.131049
-0.415514  0.403552  0.130771
-0.415514  0.403552  0.130771
-0.415518  0.40359  0.130494
-0.415518  0.40359  0.130494
-0.415523  0.403628  0.130218
-0.415523  0.403628  0.130218
-0.415523  0.403628  0.130218
-0.415528  0.403665  0.129942
-0.415528  0.403665  0.129942
-0.415533  0.403703  0.129667
-0.415533  0.403703  0.129667
-0.415533  0.403703  0.129667
-0.415538  0.40374  0.129392
-0.415538  0.40374  0.129392
-0.415543  0.403778  0.129117
-0.415543  0.403778  0.129117
-0.415543  0.403778  0.129117
-0.415547  0.403815  0.128843
-0.415547  0.403815  0.128843
-0.415552  0.403852  0.12857
-0.415552  0.403852  0.12857
-0.415552  0.403852  0.12857
-0.415557  0.403889  0.128297
-0.415557  0.403889  0.128297
-0.415561  0.403926  0.128024
-0.415561  0.403926  0.128024
-0.415561  0.403926  0.128024
-0.415566  0.403963  0.127751
-0.415566  0.403963  0.127751
-0.41557  0.404  0.127479
-0.41557  0.404  0.127479
-0.41557  0.404  0.127479
-0.415575  0.404036  0.127207
-0.415575  0.404036  0.127207
-0.415579  0.404073  0.126935
-0.415579  0.404073  0.126935
-0.415579  0.404073  0.126935
-0.415584  0.404109  0.126664
-0.415584  0.404109  0.126664
-0.415588  0.404146  0.126392
-0.415588  0.404146  0.126392
-0.415588  0.404146  0.126392
-0.415593  0.404183  0.126121
-0.415593  0.404183  0.126121
-0.415597  0.404219  0.12585
-0.415597  0.404219  0.12585
-0.415597  0.404219  0.12585
-0.415601  0.404256  0.125579
-0.415601  0.404256  0.125579
-0.415605  0.404293  0.125309
-0.415605  0.404293  0.125309
-0.415605  0.404293  0.125309
-0.415609  0.404329  0.125038
-0.415609  0.404329  0.125038
-0.415609  0.404329  0.125038
-0.415613  0.404366  0.124768
-0.415613  0.404366  0.124768
-0.415617  0.404403  0.124497
-0.415617  0.404403  0.124497
-0.415621  0.40444  0.124227
-0.415621  0.40444  0.124227
-0.415625  0.404477  0.123956
-0.415625  0.404477  0.123956
-0.415625  0.404477  0.123956
-0.415628  0.404515  0.123686
-0.415628  0.404515  0.123686
-0.415628  0.404515  0.123686
-0.415632  0.404552  0.123415
-0.415632  0.404552  0.123415
-0.415635  0.404589  0.123143
-0.415635  0.404589  0.123143
-0.415635  0.404589  0.123143
-0.415639  0.404626  0.122871
-0.415639  0.404626  0.122871
-0.415642  0.404664  0.122599
-0.415642  0.404664  0.122599
-0.415642  0.404664  0.122599
-0.415645  0.404701  0.122327
-0.415645  0.404701  0.122327
-0.415648  0.404739  0.122055
-0.415648  0.404739  0.122055
-0.415648  0.404739  0.122055
-0.415651  0.404776  0.121783
-0.415651  0.404776  0.121783
-0.415654  0.404814  0.121511
-0.415654  0.404814  0.121511
-0.415654  0.404814  0.121511
-0.415657  0.404851  0.121239
-0.415657  0.404851  0.121239
-0.41566  0.404888  0.120967
-0.41566  0.404888  0.120967
-0.41566  0.404888  0.120967
-0.415663  0.404925  0.120696
-0.415663  0.404925  0.120696
-0.415666  0.404962  0.120425
-0.415666  0.404962  0.120425
-0.415666  0.404962  0.120425
-0.415669  0.404999  0.120154
-0.415669  0.404999  0.120154
-0.415672  0.405035  0.119884
-0.415672  0.405035  0.119884
-0.415672  0.405035  0.119884
-0.415675  0.405071  0.119615
-0.415675  0.405071  0.119615
-0.415675  0.405071  0.119615
-0.415678  0.405107  0.119346
-0.415678  0.405107  0.119346
-0.415682  0.405143  0.119078
-0.415682  0.405143  0.119078
-0.415682  0.405143  0.119078
-0.415685  0.405178  0.118812
-0.415685  0.405178  0.118812
-0.415688  0.405213  0.118546
-0.415688  0.405213  0.118546
-0.415688  0.405213  0.118546
-0.415691  0.405248  0.118282
-0.415691  0.405248  0.118282
-0.415695  0.405282  0.11802
-0.415695  0.405282  0.11802
-0.415695  0.405282  0.11802
-0.415698  0.405316  0.117759
-0.415698  0.405316  0.117759
-0.415702  0.40535  0.1175
-0.415702  0.40535  0.1175
-0.415702  0.40535  0.1175
-0.415706  0.405384  0.117242
-0.415706  0.405384  0.117242
-0.415709  0.405417  0.116986
-0.415709  0.405417  0.116986
-0.415709  0.405417  0.116986
-0.415713  0.40545  0.116731
-0.415713  0.40545  0.116731
-0.415717  0.405483  0.116479
-0.415717  0.405483  0.116479
-0.415717  0.405483  0.116479
-0.415721  0.405516  0.116227
-0.415721  0.405516  0.116227
-0.415725  0.405548  0.115978
-0.415725  0.405548  0.115978
-0.415725  0.405548  0.115978
-0.41573  0.405581  0.11573
-0.41573  0.405581  0.11573
-0.415734  0.405613  0.115484
-0.415734  0.405613  0.115484
-0.415734  0.405613  0.115484
-0.415738  0.405645  0.115239
-0.415743  0.405677  0.114996
-0.415743  0.405677  0.114996
-0.415743  0.405677  0.114996
-0.415747  0.405708  0.114754
-0.415747  0.405708  0.114754
-0.415747  0.405708  0.114754
-0.415752  0.40574  0.114514
-0.415752  0.40574  0.114514
-0.415752  0.40574  0.114514
-0.415756  0.405771  0.114276
-0.415756  0.405771  0.114276
-0.415761  0.405802  0.114039
-0.415761  0.405802  0.114039
-0.415766  0.405833  0.113803
-0.415766  0.405833  0.113803
-0.415766  0.405833  0.113803
-0.415771  0.405863  0.113569
-0.415771  0.405863  0.113569
-0.415775  0.405894  0.113337
-0.415775  0.405894  0.113337
-0.415775  0.405894  0.113337
-0.41578  0.405924  0.113105
-0.41578  0.405924  0.113105
-0.415785  0.405954  0.112875
-0.415785  0.405954  0.112875
-0.415785  0.405954  0.112875
-0.41579  0.405984  0.112647
-0.41579  0.405984  0.112647
-0.415796  0.406014  0.112419
-0.415796  0.406014  0.112419
-0.415796  0.406014  0.112419
-0.415801  0.406044  0.112193
-0.415801  0.406044  0.112193
-0.415806  0.406073  0.111968
-0.415806  0.406073  0.111968
-0.415806  0.406073  0.111968
-0.415811  0.406102  0.111745
-0.415811  0.406102  0.111745
-0.415817  0.406131  0.111523
-0.415817  0.406131  0.111523
-0.415817  0.406131  0.111523
-0.415822  0.40616  0.111303
-0.415822  0.40616  0.111303
-0.415828  0.406189  0.111084
-0.415828  0.406189  0.111084
-0.415828  0.406189  0.111084
-0.415833  0.406218  0.110867
-0.415833  0.406218  0.110867
-0.415839  0.406246  0.110651
-0.415839  0.406246  0.110651
-0.415839  0.406246  0.110651
-0.415844  0.406275  0.110436
-0.415844  0.406275  0.110436
-0.41585  0.406303  0.110223
-0.41585  0.406303  0.110223
-0.41585  0.406303  0.110223
-0.415856  0.406331  0.110011
-0.415856  0.406331  0.110011
-0.415862  0.406359  0.1098
-0.415862  0.406359  0.1098
-0.415862  0.406359  0.1098
-0.415868  0.406386  0.109591
-0.415868  0.406386  0.109591
-0.415873  0.406414  0.109382
-0.415873  0.406414  0.109382
-0.415873  0.406414  0.109382
-0.415879  0.406441  0.109175
-0.415879  0.406441  0.109175
-0.415885  0.406468  0.108968
-0.415885  0.406468  0.108968
-0.415885  0.406468  0.108968
-0.415891  0.406495  0.108763
-0.415891  0.406495  0.108763
-0.415898  0.406521  0.108558
-0.415898  0.406521  0.108558
-0.415898  0.406521  0.108558
-0.415904  0.406548  0.108354
-0.415904  0.406548  0.108354
-0.41591  0.406574  0.108151
-0.41591  0.406574  0.108151
-0.41591  0.406574  0.108151
-0.415916  0.4066  0.107948
-0.415916  0.4066  0.107948
-0.415922  0.406625  0.107747
-0.415922  0.406625  0.107747
-0.415922  0.406625  0.107747
-0.415928  0.406651  0.107546
-0.415928  0.406651  0.107546
-0.415935  0.406676  0.107346
-0.415935  0.406676  0.107346
